0.0 0.0 0.0 0.0 0.0 0.0 0.0 0.0 0.0 0.0 0.0 0.0 0.0 0.0 0.0 0.0 0.0 0.0 0.0 0.0 0.0 0.0 0.0 0.0 
0.0 0.0 0.0 0.0 0.0 0.0 0.0 0.0 0.0 0.0 0.0 0.0 -0.21879085097182274 -0.2111211348238582 -0.004191942126010373 0.14779533440974102 0.1734225499149633 0.12323019226614841 0.0735941350658739 0.0444961113410851 0.016112877194466375 -0.0187992422903235 -0.050230253985036104 -0.06163560123786475 
0.0 0.0 0.0 0.0 0.0 0.0 0.0 0.0 0.0 0.0 0.0 0.0 0.09007978761489754 0.0824316404105337 -0.0133154759404819 -0.08464088487244076 -0.0980222490860575 -0.07489534844002037 -0.04452730018616571 -0.019143664711110956 0.0014805317336709274 0.019791242175842234 0.032504000936397805 0.03518579711737562 
0.6563725529154683 0.6333634044715746 0.012575826378031119 -0.44338600322922306 -0.5202676497448899 -0.36969057679844525 -0.22078240519762168 -0.1334883340232553 -0.04833863158339913 0.0563977268709705 0.1506907619551083 0.18490680371359425 0.21307129653426138 0.20540079774378805 0.001540265922255359 -0.14962843732084583 -0.174192694841818 -0.12641384583879808 -0.08340394696710891 -0.05842078939737242 -0.02934266496156245 0.008206197042003099 0.04254751157252418 0.05772825229096257 
-0.5984256393024268 -0.5639766234673884 0.033658514632430137 0.4756156562319338 0.5542005721306175 0.40953133371928374 0.24397310315730794 0.12417516114496052 0.01972772059068678 -0.08757258996301195 -0.17285738378674756 -0.19801079320892398 0.24406959801523506 0.24114644286956965 0.023640660290552108 -0.13353325636540106 -0.1591068395129499 -0.10603708481474679 -0.06251974386926783 -0.049252906321186694 -0.029757643845327548 0.00553821376002063 0.044085898423371433 0.059799744886461496 
-0.34000106995157076 -0.33421408149766996 -0.021450055082981145 0.21107748384657055 0.2454777984601453 0.17447587065675238 0.1282252893226728 0.11317478761963702 0.07816413458934396 0.01916770385549668 -0.04121384282419875 -0.07417936026842573 0.19965407071934807 0.19614723543796622 0.025770746654447226 -0.10140514013769109 -0.12185931836852236 -0.077246548908032 -0.03508756263405877 -0.018614927021221434 -0.008394367519482063 0.009837169481016284 0.029603768257338483 0.03874567420645797 
-0.23402198261218565 -0.2396505856240867 -0.053909040141150194 0.07336802555830643 0.09444779443633212 0.046028030716641535 0.013055384347656213 0.02442715814211391 0.026021548449611104 0.002000370227675019 -0.03630539288046078 -0.049856152668374495 0.9764492490057114 0.9787736204734646 1.0556762944219633 0.5330830987888386 0.37093174207127894 0.16087814655552315 0.08712286835260247 0.1875702507683257 0.035400483976080636 0.11237367516898418 -0.08185782921011939 -0.005218851021764476 
-0.12479148758769654 -0.11724132076397492 -0.02095263619852039 0.061953232520663884 0.07518669420781982 0.04380072142697181 -6.0857890619506194E-5 -0.027769551458167688 -0.026302442954415098 -0.01790026166742184 -0.006396538270050531 -0.005407539176054403 0.1770452783048564 -0.3549914215585026 -0.08438724521463992 -0.2993272604644639 -0.04633571597354435 0.08133911813016642 0.008540198763513576 0.12735272716547777 -0.10096059352944782 -0.03523113978921605 -0.0874943095372644 -0.12105179167271203 
-3.635378177501498 -3.60878386525463 -3.1336190780756903 -1.049071514471629 -0.4734491019570567 -0.007765531332395451 0.046747571706146705 -0.3680634216211142 -0.0342404425656756 -0.4061596327085052 0.0553074515665365 -0.2167401506898162 -1.3795582310906311 -1.423903180502963 -1.21506593169591 -0.46738625806011447 -0.16076748282196604 -0.11476970643732616 0.07763138573400047 -0.4381315626441851 -0.09052301418653323 -0.23358192201626507 0.022318280261479983 -0.03755634363135952 
0.8295411925785163 2.4153268229931095 1.7715666995282087 1.67027903525493 0.6684333945774728 -0.04264470270922838 0.08575859935288682 -0.07263810399518222 0.4111769106853308 0.32894112469123493 0.17546266356409584 0.37241801376043127 -2.154007403037799 -1.7544095511604347 -1.5161033297177398 -0.029723419512393226 -0.008727384371363148 0.06429957893112988 0.007008351002108725 -0.14406467974791834 0.1906691271886378 -0.08192603846984771 0.15755404453441377 0.01940956049424481 
3.4274863705766005 2.7657748840062597 2.695029087083215 0.671363898371517 0.28012689271740376 0.4335598620967201 -0.26274850147609835 1.3612561223431765 0.07885091418933787 0.5293254430971419 -0.19418983458197392 -0.12609989824253878 -1.936951208555394 -1.3181454169541922 -1.2770120565136722 0.2865562207739409 -0.13542185688423666 0.35125090557880295 0.061083398120533046 -0.06891145951166323 0.39143288611710575 -0.18719280159930193 0.24999341518562646 0.07826182445270549 
2.8057984474866515 1.958707958086884 1.6130332703752455 -0.7090942153637294 -0.27541915001532097 -0.3697607120809756 0.13366212569417685 -0.46023528419655796 -0.6548555028978352 -0.23986468416070228 -0.3543100287990366 -0.10895634688242756 0.5514099041397055 1.2693835516978083 1.0427797307532485 0.7085750850256538 0.15469724741069188 0.11555698486227901 -0.0720400195517384 0.2984569243312088 0.10755233559894221 0.1511370520585116 -0.02593223706347701 -0.028329163615346747 
1.1873468207106157 0.5739618180610595 0.7766838060418078 -0.7190535514841219 0.40474274099205015 -0.8979602433829306 -0.16045438582609745 0.03246954701456334 -0.6755228941254099 0.4398216765153692 -0.4297864478087766 -0.2108384437265033 0.6833648552394521 1.1619603716811737 0.8015459681001383 0.20462175490565856 0.42790085586009213 -0.2899452991365898 -0.012226696235890705 0.6270014685176727 0.011495646294328346 0.3975988716413692 -0.23825644187824804 -0.20133010385916308 
0.29538125509239244 -0.29691729912771514 -0.39759985221083305 0.23976250510578812 0.14203372820807392 0.27644439544375987 0.2507316001831016 -0.303615589324502 0.46570680804587805 -0.07971814819341355 0.3710576813679282 0.49977477734845377 0.26741174822372393 0.7439414023671791 0.28240031818321637 -0.2575316404751595 0.3401491842691733 -0.3484641879905557 0.19385438729834523 -0.03237647429353224 -0.35651203965155104 0.28675031443576515 -0.22671107005302835 -0.026293877771008445 
2.632600401055374 0.40770639757003835 1.2957077440758393 -0.41692972658021743 -1.21230211397457 0.9802932057441216 -0.2846031500128886 -0.5980581306458697 -0.5159171801655038 -0.74354443981061 0.1578956359692878 0.1735248512195099 -0.22113650940056898 0.3031332005993628 0.4397012531556245 -0.21043157260804848 0.1033745578985905 -0.1564673282281548 0.16357351232485115 -0.20759878530259712 -0.20389385584515388 0.1257831645573149 -0.06404677731141056 0.07870485545528005 
1.2809364126431007 -0.18998853876914268 0.5063203468085806 -0.08756120639020315 -0.48734427533953073 -0.2634948726728347 -0.3858266541074633 -0.04784202248574476 0.3348777590768649 -0.508432569305008 0.03198213947101619 -0.2222563610424088 0.44170600082182165 0.04248775024562542 -0.057314615571066284 0.21228136039049147 -0.33297142826329446 0.30665247641760657 -0.06410140619358806 -0.34940778154549107 0.08509314853328616 -0.2515806118784261 0.15022316030394955 0.16394920141928868 
1.3579787701369685 -0.38890216391631505 -0.9943800529347726 0.07590302208801925 0.409308069070081 -0.15858862464016887 -0.33289579565536853 0.5273791195029761 0.0015731978945583425 0.27682939339922175 -0.06810834492608892 -0.08593744089691213 1.1292522352167882 0.30600159461923343 0.12318084635119912 0.106308087776251 -0.5525868816122622 0.29237272169319894 -0.20074028745153175 -0.42090639009682446 -0.04915171691831074 -0.36328459335442836 0.028795109273056323 0.02352373431767424 
-0.3924259319138699 -0.026076269121414697 0.9193878930076718 -0.6434979503998046 0.33014292147563173 -0.07407211861691465 0.46718214158510574 0.18188913023754827 -0.048317826584011514 0.16483677083694892 0.03339019090376788 0.13765831914879872 0.27504327622083213 0.074525468175579 -0.0774959971737464 -0.022155754489620372 0.12828904447709996 -0.35679970600019684 0.006677480257164174 -0.08831746743629244 0.015211512801532545 -0.011772908532116303 -0.11345577016578713 -0.006398606041110755 
0.08152486768349476 -0.592254521111526 0.7196314319226964 -0.4578856179041697 0.03671493245463564 0.0084636636365647 -0.10888668550457781 0.5497954632829571 -0.1768642365801334 0.009674670181696543 0.07080628243374298 -0.0770036918291166 -0.1393074906358868 -0.15045251674867663 -0.2257526087312748 -0.2761356794945175 0.7278409267702566 -0.32807399881314575 -0.13273344589647415 0.5358660769482989 -0.16137052604602875 0.11733522981326579 -0.032100086205918595 -0.001707215588699897 
1.0940335352073411 -0.3118887646982742 -0.11819740409891466 0.24580037707475244 -0.6859148404631079 0.723378101189389 -0.5178636499543512 0.20590220793314207 0.37846193790961313 -0.3395364820998965 0.3028921362884617 -0.20752741745297432 -0.5951516895156681 -0.4427012172894254 0.6139181795593954 -0.38685008953568545 0.2645669778135121 0.12501514043238646 -0.16828058462606865 0.5760377959315486 -0.16762385310693695 -0.06640487988452641 0.13050294478708432 -0.05467494358674191 
1.0326715084840234 0.20536163411814456 0.20167042181234507 0.45966089683429323 -1.2661858302713191 0.42690826189611664 0.5578274378037824 -1.0922256501897176 0.27229489378583227 0.17701033042784708 -0.10655905900068002 0.09177707417007408 0.3356578992124832 -0.707967468175994 0.1146416969034189 -0.07910844781017785 -0.18839783012969846 0.2861010731089068 -0.23848471930196227 0.2227303734707888 0.21145181317993175 -0.062427801510785697 0.2320913413784488 -0.2638021502099823 
0.9174558162328701 0.9032193051320263 -0.663386140615339 0.05827906083802026 0.18789236939807274 -0.65833983904385 0.6386668338091316 -0.7252137008207602 0.2299741675538165 0.28038358036745287 -0.2694359727402736 0.2172927669094291 1.2307724566971474 -0.44182168339951655 0.29143766850976 -0.05256622975452485 -0.6632525868780518 0.525215989837638 -0.06420003342860081 -0.08775695904664937 0.4865678929072795 -0.035322405781091304 0.16355307257357007 -0.045952408739901696 
-0.8371599704667192 0.9240938485013057 0.6483007094706519 -0.12679961635527004 0.1650048179131407 -0.15898058557353617 0.028302230519567706 0.3471622972475419 -0.7369757909420303 -0.11300195651962104 -0.3393036871872358 0.5019926666196286 1.7140055248279407 0.11743748946001364 0.40991174104822886 -0.32817813527338413 -0.6664612452357206 0.11064827096789583 0.44443371320341013 -0.40343772876202827 0.07858052450634619 0.13128458119226427 -0.18255947770014838 0.10673370678856949 
-1.66336809540873 0.6542101783086949 -1.215825553457348 0.6967293229331086 0.5882475960788176 -0.5593254445886986 -0.060500946026441405 -0.25052088864553956 -0.5766063984482939 -0.08856312128288854 -0.07139476733897065 -0.2747779874580465 2.1273800540854584 1.5917195712156988 0.5472457896424533 -0.2433935431865901 -0.6395217173278117 -0.740559751256456 -0.19679960319596 -0.6725256771536944 -0.5190049875260497 -0.13093405142125966 -0.3841034689586304 0.18395285383682425 
-2.8189331101789987 -0.022446270850230654 -0.7518450949113369 1.1249701716069014 0.5330202920954701 0.04545625176485346 -0.4258898118886614 -0.11925886999124324 0.4398436032678489 -0.03237006232377504 0.3420987713991136 0.017611330988103413 1.618493264461616 1.0630115772871915 -0.1481742239362108 -0.24116505359950638 -0.365286971901005 -0.3015376965951447 0.10475646977874209 -0.009448239206557851 -0.8813561535182802 -0.12715956679414525 -0.423361627352205 0.06263799204841058 
-4.473797776167364 -3.3986693488393014 -1.6050506073517044 0.1625747964167048 1.922449784290343 1.4611209960563234 1.4561616646011262 1.5255739142597158 1.198579433027026 0.6328697875333089 0.542173204842443 -0.09237512678528104 -0.8604872129447805 -0.2125506730924435 -0.9061108385518776 0.09192886571373766 0.5253113534602386 0.14938925098486058 0.1424729088299795 0.12002951686100878 0.1988284844432285 -0.0035775316494506917 0.12766658123014782 -0.04931643729076374 
-4.2874249234722495 -0.23850111978627098 1.2874359082264624 0.863772807701451 0.593764639510393 -0.264590716110613 -1.0442984841304424 -0.5125403865854122 1.0194997538751505 -0.09223971054528401 0.6239972087786723 0.22287726013801412 -3.5384056009931 -1.1540407285506142 -0.523458401418689 0.553258508099137 0.9751198926971578 0.6111590845202391 0.15785302434721435 0.46702712804743846 1.0059703950978316 0.0735132684841426 0.4648163340416443 0.04756173619116491 
1.6523394500722368 1.3998896220540455 0.4828664606293849 0.5515414077446208 -1.0180586380093595 -0.852469713605547 -0.1787153363954894 -0.41396868093148137 -1.4629199270816302 -0.04789570222378198 -0.5953437297191935 -0.22946164016071063 -4.245752312860818 -1.572974642444304 0.06880416692736313 0.6184099238965904 1.0802829095662283 0.5574340800559712 0.23576273739924983 0.5595504802645178 0.6903389505483037 0.2664099116497947 0.39886689543622555 0.06329793352496253 
4.733215079680502 1.0403964293549386 -0.22542842464581447 -0.7292886583544678 -0.922085174846152 -0.6312256469649288 -0.08201038443199654 -0.5505689565379601 -1.2473179019713179 0.08747287710234264 -0.4835917634450013 -0.05653062089767652 -2.6373365484993188 0.03408329444039341 0.9606686779500127 0.8024716356067612 0.3306170396391406 -0.3526708680431632 -0.4611548689111888 -0.431551559794971 -0.0606115555832755 -0.07066656818029253 0.19993116630614707 0.04108653166513062 
3.753139160838714 0.6808058039230058 -1.0550309416976553 -0.8961242422451071 -0.5604740372300698 -0.02786377868443224 0.2677294025541538 -0.13406324155756388 0.2609714093053491 -0.2562162412398886 -0.10063299535439685 -0.1425649868423233 0.37562842665370927 0.6187994011509715 0.5290105385248535 0.41163672282940716 -0.30859413770813743 -0.557700100225376 -0.048808295367372856 -0.4704488482596545 -0.8225952704882298 0.0034508246771527973 -0.32330925458661447 -0.029783021837992113 
2.5741848666424687 0.01879090595806865 -0.8256214244600553 -0.8198092741239686 -0.6268787797966735 0.3811189205583192 0.1159437531283023 0.642161573112542 0.33938875243148736 0.2239202635036469 -0.22315165732216724 0.05616933848342859 1.5258705536947001 0.4580114592294316 0.0787531636567927 -0.12148062237339946 -0.4228606719157124 -0.2545166298795946 -0.004437284041163382 -0.4108660979845303 -0.40095674027085687 -0.04206829233142654 -0.26870150756289274 0.020452254427506464 
1.6049692766301256 0.05429418029956601 -0.8040686550380551 -0.6381084528588503 -0.23987942240968652 0.3144583033089567 -0.13126751907352024 0.4010125990222311 0.2115125571816563 -0.1264718694558925 0.24436398097923281 -0.19646255433728685 1.35657021192897 0.1986550310922993 -0.3379228747751355 -0.1629194824714497 -0.34938385932366217 -0.0373961323851939 0.12225856924363095 -0.09748518126835698 0.015482420014130971 -0.19568252456304577 -0.010746554884475882 -0.02554187081393944 
1.2296883607006954 -0.02038213652163634 -0.5871690589459927 -0.4938546859273978 0.18619953349079355 -0.03883679832283948 0.13079992850533062 0.41449141712573323 -0.01971825509690095 0.1488055682046242 0.15001427107686216 -0.09093860043271415 0.9316796400837392 0.020945378584276437 -0.30546313642129314 -0.36814658551377466 -0.13764190127981246 0.19641443093874944 0.0010878112101814358 0.23939887362205745 0.15477717473424027 0.10729470498912237 -0.03727827465276875 -0.04076333040637866 
0.3556767780226906 0.10442723188596048 -0.16048850012928018 -0.5703430889290435 0.0811383840971831 0.2943024779117288 -0.1064743928652532 0.2722273802409114 0.39407765302715037 0.36838868009876 -0.2549762949004839 0.007614595057566398 0.7255963264855669 0.017530256575633157 -0.2918725442372779 -0.31029347760547193 -0.021580343683890318 0.16664679576131558 -0.021405266046972043 0.27860993084086644 0.2651308567452772 0.09277961474530155 0.11468472160658601 -0.16200943844248614 
0.4037921956949688 -0.0691117555879579 -0.2310220926505634 0.25074780045245193 -0.3744619792106709 -0.19804645955931516 0.10028375639362447 -0.01164243836297052 -0.2162253196939805 -0.3453941262410465 0.13835330457599737 0.07642075500513795 0.48870533050314613 -0.1252173378728815 -0.1162182715627143 -0.11917288497268837 0.18916792945048347 0.07985892709884389 0.0074515170258630204 0.10738013880471357 0.24336125385946952 0.2528863300221043 -0.06621238818518797 -0.04539099451328114 
-0.15887162032371194 0.026068220105827322 -0.10652450547393622 -0.07952926323235943 0.10519236499271667 -0.10587725335675224 -0.05179363487675104 -0.22175026575601642 -0.4856264807556354 -0.15771086646896182 -0.09385970059009285 0.20588608327124547 0.2651826257692142 -0.24035954792834868 -0.08614254377022096 0.016706652483244284 -0.04921875786584481 -0.014497715504037187 0.14578435453624392 0.11598644986232516 0.21246777584307197 0.1948083474755615 -0.12858298367256005 0.08999721925320191 
0.020846568364458307 0.39444938298707477 -0.26549624158552176 -0.3817429438576747 -0.39333124530842367 -0.0783237139851306 0.08110499843349048 0.33933982371005644 -0.30994994978391666 -0.34680364857782786 0.26809313847723054 -0.05390136099971027 0.6674562214866349 0.07173012585324301 -0.41070330596244187 -0.11232608390683126 -0.1558570068386015 -0.088374302878018 0.18655831728503489 -0.18047828489102724 -0.45691936996151 -0.23979779976020388 0.1604885972616083 0.029089942541357976 
-0.24839828561969668 0.5937253063834902 0.11517620564886188 -0.30421767422371304 0.2382292907435939 0.2779342516367481 -0.5342380774939179 -0.25122310038257756 -0.19646335945709742 -0.2153316011595338 0.06590273916657963 -0.1972160046996152 0.47906374628566856 -0.16948681085917006 -0.0429773479477904 -0.38068130276797585 -0.40045931106957355 -0.10729395889895497 -0.021997129842565324 0.16196205057186774 -0.4845482869833447 -0.2672573584331707 -0.0069778341509792174 -0.06083861205168528 
-1.5538131361169434 -0.5681306762865184 0.890237469675363 0.7000702576686225 0.026590578429694922 -0.12482930342201137 -0.2181689741528967 0.5445288336233918 1.0099512295412805 0.4028096403848511 -0.4229937070871638 0.19070197136649436 1.132025340701526 0.5120461685378045 -0.18425203070066354 -0.7328043713411893 -0.41284702387682426 0.039914299219932135 -0.2294681152576361 -0.1427556094978595 -0.5557864815522485 -0.3322340040152911 0.036537896237747086 0.07758276646734442 
-0.8087330069400167 1.015818682320134 -0.5554593172610074 0.5216080443084196 1.096609386332378 0.23925741805855305 0.16383474094413852 -0.8102309224282873 0.3080677905318001 0.2692545643492108 0.27261722464504196 0.266100253243199 0.8172208173442606 0.5723517796136219 -0.09704214530307025 -0.36464921421181756 -0.010737530446862506 -0.16874351617080238 -0.5830211970721598 -0.27874881058148926 -0.11021791508564721 -0.1571893334841921 -0.24935794930772573 0.001683517415112153 
-3.0950620930799597 -1.3527358105946607 0.6225776119714035 1.403757310899827 0.4160197785276569 -0.17872819485582947 0.4204729349873706 1.0471105632264899 1.1051439198783801 0.4076052807136731 0.05512220702475812 -0.5183077893731507 0.2572818771550008 0.38305138445193165 0.20550221588389073 0.637227459508094 0.5467505772491202 0.09757984939796459 0.001434947012610414 0.22993079146476772 0.597181440252338 0.3575413321733194 -0.0741714300977724 0.10017696868496155 
-1.9294362591709702 -0.7310274653033044 0.5401325704100524 0.43788644179613756 0.0757272820352004 0.8111142458660643 0.8955045591524282 0.33373246656034117 0.08659404063129439 0.25383857912863156 0.5749186300337958 0.15223832342487087 -0.40364163644482676 0.2574910314822965 -0.07964011237763424 0.703064946920534 0.7581299281825329 0.08211409955658629 0.3564834155812036 0.22819737199867754 0.6219618946608879 0.5513703183556433 0.1455123508026327 0.016063409982620524 
-1.765307141466469 -0.8438617558305941 -0.27406512181183906 -1.1697513195995184 -1.1032201011690772 -0.7034972655196607 -0.5883087242948728 -0.7172452352652257 -0.6708562162654805 -0.6621063635248174 -0.35163011948822354 -0.05289796977922617 -0.7264176504388943 -0.22907013786466987 0.34013883328282474 0.43948084349231015 -0.12600994536558877 -0.06921562289263976 0.285470298145766 0.5856067709880298 0.5237911246315395 0.21285486414930324 0.009648064161895545 -0.31399680236486444 
-0.26268557341228194 -0.01109143950878888 0.1317823867635166 -0.3008324812035098 -0.41816045836685367 0.2552996547207098 -0.40122467615835067 -0.6126451391784622 -0.6698178253789333 -0.8500005685984741 0.0394563354936347 -0.014794886501624804 -0.37851943072492844 -0.10313814350596477 0.06908506658587872 -0.2795482362298444 -0.4815489292996633 0.05604355465493897 1.2262827004139165E-4 -0.2670836928614097 -0.4057065866008311 -0.33781537461508315 0.034367881647685415 0.05038014083379597 
-1.7491844846426212 -1.025493409897909 -0.1936637960538028 0.45467424192272 1.0409934848254503 0.30682596939476703 0.21242665820546192 -0.23652094686819813 -0.08802352101112487 0.32096026212931617 0.29390916180915205 0.5071992226846903 -0.4812003628363229 -0.3334585013081772 -0.01304337789568255 -0.25753110212650543 -0.2706663388599453 0.021685111140083868 -0.3938195233723765 -0.6125870592148374 -0.628163724604592 -0.4933159221824837 0.040901753996706425 0.2037098200837668 
-0.8019392954081086 -0.3307972077517527 0.29267670777339805 0.46431836972455187 0.4482672769369266 0.1378219644440335 0.4947689830921367 0.8946214009460565 1.0122974528066098 0.7757513901468143 0.1490453444420518 -0.27895069530847527 -0.05331041819986345 0.01361897941624779 0.12895264703758444 -0.004079940176644685 -0.02144850268771507 0.22080117703236982 -0.12010243441966602 -0.21497449257576395 -0.2343938338172691 -0.23344320968336127 0.12198912672395995 0.10071181876477381 
-0.05207919195958688 0.3163666322154195 -0.31538214862973213 -0.7797334386840329 -0.7244349522411315 -0.7098137538015742 0.14515301619701315 0.36688267231702687 0.3725773184555241 0.004965423649989642 -0.5291298859525514 -0.5319495256271013 -0.28366114745801846 -0.031631219885670005 0.09825560683641137 0.11149691328541732 0.23192107390893213 0.13152707570371927 0.26686338856977265 0.31310798704698106 0.34534520872455593 0.336631992862094 0.16409183532330654 0.09953482253881497 
-0.9513069651542088 -0.7228783988141965 -0.194216378061272 0.3286111796298007 0.5288992682295824 0.101215985221771 -0.007280551895128218 -0.26942347104378284 -0.19693674366045044 0.008326479691272981 0.08500847920260657 0.2026440313599496 -0.049475616090939166 0.12840292876742812 0.08384648339943963 -0.08046277184559614 -0.12370201183192664 -0.11082883182908909 0.22552349535610872 0.46216783095752206 0.46215931362889595 0.2552340858817396 -0.07299796571612245 -0.24084333949128833 
