0.0 0.0 0.0 0.0 0.0 0.0 0.0 0.0 0.0 0.0 0.0 0.0 0.0 0.0 0.0 0.0 0.0 0.0 0.0 0.0 0.0 0.0 0.0 0.0 
0.0 0.0 0.0 0.0 0.0 0.0 0.0 0.0 0.0 0.0 0.0 0.0 0.01126024704465974 0.019312234813419926 0.0245207975926026 0.026588202711585258 0.024974936548579647 0.021339486958636578 0.017660641113606435 0.013749215634941673 0.008529618543401932 0.002875411526551269 -1.2011380628286032E-4 -4.995109911976418E-4 
0.0 0.0 0.0 0.0 0.0 0.0 0.0 0.0 0.0 0.0 0.0 0.0 -0.015041613336844803 -0.02191752329958252 -0.021990754168833865 -0.02035771407352689 -0.016408280380253114 -0.012787961157722544 -0.011649593123195578 -0.008912585489872199 -0.0032406923168482684 0.0011378731383394115 0.002466968674410037 0.0040343904767392675 
-0.03378074113397922 -0.05793670444025978 -0.0735623927778078 -0.07976460813475578 -0.07492480964573894 -0.06401846087590973 -0.052981923340819304 -0.04124764690482502 -0.025588855630205798 -0.008626234579653808 3.6034141884858095E-4 0.0014985329735929254 0.5303143987429785 0.6128058117779079 0.445006262654694 0.31483775061256325 0.20536179264067644 0.12300365991020686 0.07515043124983027 0.05681875594706919 0.06220431513532757 0.07842203196091058 0.09247204706735995 0.0932429809636207 
0.062015210577524016 0.09472092211887745 0.10275345889540549 0.10095544628795855 0.08668724596362881 0.0703731139111225 0.06143974103999639 0.04736157992202911 0.022516504765647705 8.99497874808669E-4 -0.0075810767326544015 -0.012852437917014264 1.0481240128670517 0.4251335911330498 0.3180560790510663 -0.2053356872579698 -0.3338291501575219 -0.20578352510748218 -0.21194650124795525 -0.05436894623860961 -0.10376689577433536 -0.07382098271686548 -0.16844077510368075 -0.0739662338124297 
-1.6219508015176975 -1.8857778963931624 -1.3863955174117848 -0.994990974981669 -0.6594290009038437 -0.40419753668618186 -0.256171164269489 -0.19413705780222212 -0.19787119778880657 -0.23571584482013608 -0.27362560283575266 -0.27330272393235494 0.23720179308865438 -1.080982669241976 -0.2641880312505966 -0.4839847069281404 -0.8682470269035413 0.24552841918516966 -0.09879261438352699 -0.30700561066818066 -0.25376313647845006 -0.23032430796076134 -0.17042163230652044 0.02282305270365735 
-2.350287008409296 -0.3614801774226981 -0.29775167483621034 1.073620245197366 1.2937395461016181 0.7874401132275826 0.7374341242082006 0.2395515441645274 0.39744185840230645 0.33500775327083754 0.6423152974383429 0.35929932989026303 -2.2818289989158718 -1.5052524953879647 -1.0999905278020894 -0.4016405470617233 0.432413501112015 -0.2080364044746247 0.0574543108315149 0.05202528504100943 0.06672519476649685 -0.022949875805162067 0.18463332311257266 -0.1635191768216332 
0.46076498909346775 3.4131118530564564 0.9192542678397899 0.8858571131949615 1.9262901209958898 -1.1591372180896486 -0.09460127177434047 0.7836742029784678 0.548237876986815 0.5152925616046158 0.1866770512529113 -0.2530465090410178 -3.3422795386113884 -0.9368785523034173 -1.448291104239498 -0.026910048166902605 0.7835504033981552 -0.3142415731708702 0.18218142828629777 0.36377892497821923 0.23385991750475144 0.1493244274294294 0.13357518067987914 -0.06832863532667595 
5.866144312019557 1.9610335335579618 2.249900149675886 0.3654530433848131 -2.503412818322283 1.07195216803673 -0.19170813770212258 -0.5976199055913441 -0.5507136169216537 -0.30575507792208106 -0.7916323731147044 0.4675769851022167 -1.9628821410162935 0.32213952147365915 -0.6797499024683504 0.8193041528818963 1.171351956316064 -0.08669503181463052 0.3613617831230365 0.40834108928220364 0.5257504444129764 0.38240380288248677 0.3072774500800107 -0.040969380487347384 
4.296672154102042 -0.2363990949732404 1.6846518830506607 -0.5601772295746847 -1.1115040288863582 0.396271155421855 -0.33814431817322077 -0.866888107858944 -0.42537321264108074 -0.36330771151196495 0.042622690401133645 -0.1224556455583039 0.3990422264727318 1.3712803737667982 0.43511999437623583 0.6587516688667364 0.10535724068139578 -0.06760920080481914 -0.016757729350064365 0.011110003067655047 0.10213837485135585 0.23960734263294922 -0.11281165374220536 -0.03171006259040898 
1.6204058321352974 0.49685673217117277 1.3587992249634055 -0.6612750420634997 -0.7014192479054495 0.26982102191572244 -0.2248797019614689 -0.1601905682633777 -0.6930039300226746 -0.3729035188183325 -0.2074898723758003 0.41691203961094825 2.2275786700299465 0.6811473399967167 1.0806390694699726 0.014723592180368136 -1.159795498595609 0.31755293320607564 0.0024085919125640953 -0.6978918228442684 -0.42781987664501747 -0.16348571562307865 -0.3361462638896613 0.13934427650524242 
1.3865075496174022 0.03135913244945687 0.05944474706732272 -0.5770338506810914 0.7092216137432859 -0.5552440426146874 -0.027742301594474217 0.5316295251115194 0.31296790898325794 -0.16995524584610616 0.23304076211007543 -0.1325838485241566 1.388323230448482 0.1760231413964853 0.5037891100907904 -0.35569701914326934 -0.288091807287623 -0.17882703474576736 -0.14282574957511887 -0.3795639578320471 -0.21490386202957765 -0.3279995639215651 -0.06434346460224717 0.06979353521608415 
0.6384906041720377 -0.21628760014353698 -0.17941349074236257 0.329710577396912 0.06561085614972173 0.5950509674367743 -0.35413492172918815 0.7967967464562293 0.36357545220122944 0.08802583611422543 0.12159738269980866 0.054608257069415744 0.37303672792023185 0.13837404203389778 0.19443458970565963 -0.6427245593331853 0.4521732640545135 -0.13677627336645495 0.028832877090439024 0.0930607148335404 -0.4587274499485415 -0.2090888446942554 0.0442352015372743 0.027853059626723464 
0.6226600767382262 -0.40789635300534144 0.9423909106311736 0.01142101812491747 -0.6307436590510749 0.7701372868986311 0.1549605404359955 -0.20668989172260616 -0.30895131766429984 0.3902263027864513 0.07110945667007071 -0.1506843599357901 0.008052939252520966 -0.5879231874898058 0.3151673792336478 -0.22953829720528918 0.3805733938538634 0.18516041368508232 -0.018811417977949347 0.2797527460628804 0.17814756647790184 -0.2714856662280456 0.1926782323994737 -0.013181073622845449 
0.8832193848141898 0.3013623487968786 0.3340223740645012 0.9726712015330516 -1.3879564036718097 0.01745917725842805 -0.4027297542480208 -0.07021300434693614 0.994138033146729 -0.02572775905184499 -0.25922982426762087 0.3424031164365946 0.5738223465821903 -0.5715739795065448 0.2923431174586457 -0.20523244420543021 -0.38015955508791194 0.31476213562801 -0.5373491347923465 0.3663588721298412 0.15020949652995183 0.034668908001429986 -0.09550313144016642 -0.08900107275524327 
1.2399843415387632 1.5363037204486663 -1.1427753230370525 -0.20989927113329365 0.2942850620924613 -0.8219293885807613 0.052989368598790165 0.12587616232446086 -0.5367560809231973 0.7013785504210658 -0.15458033160463097 -0.2369380573392097 1.5384374774801433 0.17853292836043977 0.6557665000253626 -0.040167474681768255 -0.9216919820737618 0.41795348251702075 -0.19953907413509767 0.25107512080443367 0.3161922840040779 0.29119128596486626 -0.025795294786727197 -0.017810826542465796 
-1.3916385679748018 0.5263343016490936 -0.013859726284186635 1.0560680546423082 0.7435751608416894 0.44679789829244054 1.308898068566454 -0.4685628969568276 0.026849344240822637 -0.17155701170737175 0.5209516711576588 0.36473832403685535 1.982038655337431 0.7899568196672252 0.19397763566480242 0.37422014648613094 -0.859731544888431 0.03156713478328529 -0.02391084061347352 -0.027333414377943278 0.1594003905529039 0.13694207010493656 -0.14919917032112032 0.11687936528747637 
-2.8552233793077075 -1.0559811145127682 -0.8509675392705702 0.09022501561559393 1.068566504913461 -0.6983925211694373 -0.10223614856594893 -0.7607403078309615 -0.7738838252235803 -0.4104329287803842 -0.24159540668238755 -0.10841948410852309 1.4167765880105534 0.8384184347651878 -0.1809006203196392 0.09028034152077491 -0.28187828452625513 -0.25187140871395686 0.1649360678338282 -0.29779438815734105 -0.29349567851214214 0.16766602155148544 -0.03748434372926914 0.09395413913113086 
-3.015292720774868 -0.7723656927240796 -0.3938144248131472 -0.3000513812997849 0.8040975095829835 -0.1390106607970898 -0.25338447382523077 0.45509547386460486 0.6345007336382089 0.11935177023407029 0.23187522423461837 -0.07249426604117781 0.21724284892763754 1.3219853051126613 0.029355495546739736 -0.03021949795338134 0.3301119791602008 -0.08172161963759261 0.3932310933741941 -0.10274302031385912 -0.11026205582757188 -0.1681980719844661 0.17478440550063837 0.020421317965174973 
-2.198518346092864 -0.3296015866603108 -0.41009611281365466 0.1973194222754282 1.1096587413005796 0.22658911710587448 0.33932243629314796 0.5574301413857679 0.039905259914536015 0.0529260947958885 0.10241092304469668 -0.3001841796935857 0.2129478396403289 -0.038214581418312354 -0.25730805171760246 -0.02397921098838555 0.469424474595445 -0.13752002759944124 -0.035319322682488635 -0.17593913118124646 -0.7381894644006751 -0.09165916576154959 -0.11620041125556548 -0.00820132548857618 
-2.371719631365136 -3.8028113776151193 -0.32236192615286363 1.0931793451725351 -0.26730689483247244 0.2294719380675625 -0.09157450398567672 -0.8194190606236149 -0.04925903084551986 0.10135769245789017 -0.17540471020779846 0.39935671793386174 -2.549231798976099 -1.6075153381371756 -0.5061612558302583 0.17314965296668053 0.9592460944401044 0.23065608537725382 0.14300171284273744 0.2600419116179032 0.4464762211347115 -0.060700487407407876 -0.01421687538836012 -0.07482637468410229 
-3.8158534429335607 0.5738854721876887 -0.1147696334479047 -0.5344527146554094 0.19599528333485394 -0.47007373780343975 -0.07718316543826004 0.4043343529568878 1.7825644502203095 -0.12645839260764535 0.3106457943055173 -0.3197409996303143 -3.6507049487226175 -1.7449404909711321 -0.2936479259024587 0.5729422590329442 0.5577738285186058 0.29566209270836413 0.19218908555566672 0.19514816455214623 0.5783579067012987 0.03420699931272506 0.12810820856962316 -0.06769718253042616 
5.441070224573776 3.5984367922634473 0.9770061029947525 -0.4536142717344077 -1.6168090447544672 -0.4826474894741942 -0.47413681148773906 -0.24848236677466476 -1.5762575249188124 0.39114547615806083 0.17040841476928845 0.16176326797949336 -3.3831771175475445 -1.4118206109741174 0.016494038683561474 0.6360140686534983 -0.038542934438800545 0.004088848160249514 -0.14678833071763114 -0.2456727622639507 0.4106039440876473 0.007868037481780887 0.150390863660577 0.12666260413263655 
4.847201572105531 1.2045958013138023 -0.17883634968008666 -0.7481105463699327 0.11108833070575974 -0.30433744724833955 -0.04596366662282103 -0.313482699195146 -0.9316692131527138 -0.19458879499237203 -0.45482026515271623 0.021704092874876957 -1.6946206323595794 0.724530939748087 0.567505888512618 -0.03289829942176564 0.02188293158499155 -0.3446194766388353 -0.16088149597408902 -0.21260219136185932 0.22197321708322656 0.02981967467335313 0.19172324784452863 0.037370181581255456 
3.446284213757952 0.11729529074417577 -0.33981068408745707 -0.708033944930698 -0.10922461520152371 0.13433724830926386 0.3331807387594972 0.27650775224425406 0.0760459685780499 0.11181878120491084 -0.2438442714604127 -0.15135364071664362 1.82578086036664 1.3263571521337159 0.78248260996663 -0.13228184381464994 -0.18347969420243068 -0.32699812088183866 -0.09432514067329462 -0.4475779360947794 -0.70226630055715 0.13245674498471657 0.015319642613806111 0.1320559050978312 
2.2654014595530896 0.14086340370306338 -1.1588789054446538 -0.30854797979196735 -0.6234457261965924 0.2552923232213371 0.0018025473603888453 0.7796458675330062 0.2904930522221987 -0.07625406915112976 -0.0573976061132179 -0.2752930900260122 1.7900983656317215 0.32512777942031895 0.20155854067735765 -0.33477603754629043 0.3188905615384919 -0.11418048457730878 -0.03089335100724035 -0.1623453232750077 -0.24675360726671514 0.11881596398890182 -0.33524573488764725 0.03751535198628141 
1.2546276997500776 0.15123153466766937 -0.8804204490228538 -0.27655002357944053 -0.6991029336959991 0.21853198793648343 -0.21504449645946017 0.5476871581455975 -0.08053975593481888 -0.06539212171670998 -0.07426184259187905 -0.08590585586355558 1.2968853261622229 0.047017751015096344 -0.06395805680168476 -0.16590811657016022 -0.05056185278735037 -0.061804775701685376 0.06541944768068503 0.26444402876263373 0.08478080127804734 0.12267574131082527 -0.1650763589741642 -0.10514890463282489 
0.5727347322143039 0.21224434109109858 -0.5132070892444612 0.04047560559330965 -0.5506441946624783 -0.003893363330022992 0.3208290040083787 0.03796356767920539 -0.11311552909613398 -0.46243123549826703 0.46612572507595873 -0.1235658555105113 1.1187934648237636 0.1406924519304408 -0.25422875216217167 -0.19468615650508259 -0.6547358773934578 0.2506306285209747 -0.14067249606885315 0.5168792428405088 -0.16187211254753295 -0.21762487449491094 0.05558987852077029 0.0066995724642320105 
0.4019615989406766 -0.05944843099513086 -0.4707724217824991 -0.3848213879128559 0.006060177393470312 0.44934441869 -0.022590832606552813 -0.1459831841167467 0.0235078554030742 -0.06311985955399635 -0.01037686013250845 0.0882294559240806 0.5784010055866288 -0.04686384464193131 -0.4562151985664249 0.10991376099740834 -0.8199378205819131 0.27006039136209264 0.14431370806501614 0.049723798331597825 0.012544941594348416 -0.26979484591227365 0.2462176780779308 -0.1273979182774054 
-0.6646458845135008 -0.17587396925685894 -0.6010166625783161 0.3296461718899881 0.9881803504390463 -0.6120057777183452 0.32759320364049466 -0.4241566898573481 0.724085584195851 0.5754844232522462 -0.25610973290521405 -0.38245946331252634 0.466060173691746 -0.3080878244708109 -0.2563366624021896 0.05750253306601871 -0.25740037142006056 -0.09084086419859132 0.06056562044320705 -0.06851183979098774 -0.21839563792828656 -0.002673817828909945 -0.019351244589314365 -0.25969456132983765 
0.13811499135409377 0.48588222376744206 0.5321299333433483 -0.7508765897200047 0.9912982554989781 -0.28759297895563346 -0.6513677204705666 0.6295758919190808 -0.5367751373638566 0.22503458664485432 -0.45179714783508507 0.4257347028696681 0.48482547272898974 -0.23266043877755274 -0.33603981257534105 -0.5892338857691076 0.06669401312935476 0.2764636537022407 0.16799266778721952 -0.029493493103765922 -0.12373826189164171 0.15431122319339127 -0.07746397538366784 -0.130463099200977 
-0.6935224850676427 0.8638424871222448 -0.24564827960081614 0.050995607298827905 -0.27106211945505054 0.6370979280885677 0.45352058661076444 -0.14428045096574516 0.822212881072191 -0.5984870051109625 0.7448896026951901 0.486765205006208 0.6310124011694929 0.06895173091739466 -0.46546906440316443 -0.02958482255849622 0.37804566660966926 -0.19405398200767 -0.33799308280308565 -0.2118071091656459 0.1163782702307904 0.0718977031118267 -0.09263106914355768 0.05503848354466475 
-1.0380765189692216 0.11867465714797554 0.35966282445477415 1.5222055516900468 0.43559937295245443 -1.0045983953201785 -0.5895325274533463 -0.19744082425125042 0.34565899263982924 0.06093218504743425 -0.27848460178170703 0.04500641936764449 1.69138076066762 1.2231058215387696 0.02779098880953168 -0.46723876563131334 -0.06334859360775502 -0.25166987615423947 -0.5511940968945016 -0.025519599719142822 -0.1298986912220695 -0.14978508442928862 -0.2051942151242073 0.1598297098169231 
-1.9695873328603217 -0.19912537869930969 0.8816240850754642 -0.718140431139549 0.13189279188330022 0.32865887648693726 1.3106548555411417 0.6247729957247552 -0.06626629149836316 0.4418425147154762 -0.06487279850123007 -0.3572107721955088 1.0240639500843027 0.9869904311745135 0.1109560216762212 0.30297756543099547 -0.04933629403317783 -0.17188960316509402 -0.08402844314183248 -0.0075228226197197046 0.38301475837724164 -0.19012407960273636 0.05527187432484867 0.0742897715418069 
-4.297994866752427 -2.6519513079380896 -0.11487921542338686 1.0354077263931238 0.9798665806530678 0.6216361753079003 0.5736474357477497 0.3216079677312591 0.29716052258762904 0.15422508001950075 0.5686666981357469 0.3682335620197572 -0.2319682146684381 -0.22656821714497744 0.0012505523925160356 0.5178758569664575 0.38561020192700984 -0.21945617177965238 0.0925428554282715 0.06592012454678649 0.0780380517421365 0.12877317011187064 -0.04711141721149296 0.03904184410168767 
-2.135755161428948 -0.711815823858263 -0.34124532469039925 -0.614538176345697 -0.3951868412058237 0.3396494522698104 0.1240159344357139 -0.3812363790978408 -0.3025821590334338 -0.07476121378878675 0.1554983297619172 0.10228231905473095 -1.0606504253304667 -0.6803727231744289 -0.12804898539009693 -0.25560117879006505 0.22451702630673367 0.4407156239846743 0.9427212679595313 0.5817215528503618 0.20695451204331974 0.2935586719511942 0.1416044761843685 7.059730145677808E-4 
-0.25908796067959416 1.0547245311623845 0.9673458721601578 -0.08322314660625185 -0.45769141628401333 -0.35172516787265795 -0.27384163318544685 0.1078034895196881 0.22970277118095506 -0.06708546103604618 -0.24733591427880178 -0.3018656585625384 -1.4314977524382855 -0.824975899966932 -0.051612952058519644 0.41481817684176514 0.5675791766718522 0.6731287782206371 0.6499006897962848 0.35577552995886697 0.25273293319387174 0.22032292898054226 0.39094476995567556 0.29905653533208537 
-0.8070895099053379 -0.011345128726260256 0.7246584974539827 0.607978541730334 0.17712071143163965 -0.5068073238768066 -1.0937644138708542 -1.0134894237205443 -0.6534009519249855 -0.3281782306103331 -0.08168492084706125 -0.02427908094806433 -0.3029706939049008 0.40874196440007554 0.4186912397730642 0.11932474500800683 0.04203862377887254 0.18320899925619982 0.005302252803038254 -0.207700550125284 -0.15960962891388142 -0.025743061592317262 0.12933957542821756 0.1608486365338951 
-0.6678344351993752 -0.5272589556032949 -0.4929922703200189 -0.820305163170187 -1.0090247256812208 -0.9745217712807026 -0.7671644594878206 -0.42959209983399016 -0.28562888054821045 -0.3800351985113528 -0.48557598642679045 -0.4656553439751013 0.1390845539375453 0.6978809760987481 0.5518249646586897 -0.025246949782405475 -0.3488962612443684 -0.4396381027313283 -0.46040540145978365 -0.2937526226130788 -0.1754352390567736 -0.1940626470759578 -0.17499861864945065 -0.12765689476835107 
-1.0224698424543552 -1.1470499736756499 -0.8671499727695036 -0.60397140308775 -0.24563605784383757 0.10142075620523328 0.35477058917778603 0.5105630659548503 0.43391255357279324 0.15894283972581835 -0.11340036044874113 -0.2983687478406729 -0.22788111463337035 0.0111538216786915 0.11552976637579704 -0.12332257720626068 -0.35947857077328305 -0.5831349299980103 -0.6939796473527048 -0.5999354086686219 -0.4576390336149106 -0.36754656844586897 -0.2783722691880354 -0.21360674553256065 
-0.5686514562177214 -0.4710659746591652 0.10777521329583184 0.5984926751500066 0.8003757520868304 0.663075100280307 0.38310706966958397 0.2270351125212271 0.21235173560238652 0.2715419450237515 0.29351766147039016 0.21814985918881913 -0.337032537163332 -0.35274500833431716 -0.4567208204291749 -0.6263147668147216 -0.6856249442333894 -0.5425024194786293 -0.33143705149525443 -0.09512315337854993 -0.03790270721864838 -0.1311164764088875 -0.24257181887136903 -0.25699104837906644 
