0.0 0.0 0.0 0.0 0.0 0.0 0.0 0.0 0.0 0.0 0.0 0.0 0.0 0.0 0.0 0.0 0.0 0.0 0.0 0.0 0.0 0.0 0.0 0.0 
0.0 0.0 0.0 0.0 0.0 0.0 0.0 0.0 0.0 0.0 0.0 0.0 -0.04328626036391666 -0.05457521216135882 -0.05655100781867859 -0.06551463257163946 -0.04212797990942078 -0.006909987278778525 0.0053543443388464436 -0.010605828422843891 -0.01500522847197261 -0.0012684718731382032 -0.0026443613034779303 -0.0029756231630717242 
0.0 0.0 0.0 0.0 0.0 0.0 0.0 0.0 0.0 0.0 0.0 0.0 0.03848740774779665 0.07824928119454455 0.14195631412539897 0.12485467925278027 0.054438816596128904 0.023915547609297427 -0.0036882584421266316 -0.018679236058420496 -0.04144429099757574 -0.024187951797896085 0.006805906794294325 -0.02089133902296005 
0.12985878109174998 0.16372563648407645 0.16965302345603578 0.19654389771491837 0.12638393972826234 0.020729961836335575 -0.01606303301653933 0.031817485268531676 0.04501568541591783 0.0038054156194146094 0.007933083910433791 0.008926869489215172 0.16556335003554037 0.2030696291976359 0.12218529655374484 0.08952969320605787 0.0692347183860989 0.03700791904758951 0.023771019654874864 0.042898732461746414 0.0721538304750932 0.01613458831284184 -0.03887850157490177 -0.026128484084259346 
-0.18039161378926494 -0.3166106618256719 -0.5106954541042148 -0.47283598661579995 -0.2265084196525179 -0.08211162374606007 0.01909629183464956 0.040128965540995654 0.1018250302847683 0.07066114758398095 -0.02438426233809987 0.058210582324272564 -0.1823497087503537 -0.2083008091921151 -0.15280538156838464 -0.09437780335555472 -0.06109382021377061 -0.030444558129806953 0.03257903463011764 0.023521778406617233 0.01468005215657242 0.050687172989753504 0.10069006902097209 0.1020812646101066 
-0.4064942432119887 -0.45090355668007176 -0.11120816260912714 -0.032171086310273656 -0.09444994533203777 -0.06996794526973849 -0.08086120488194937 -0.14876068015573707 -0.26737400656766375 -0.083734338730516 0.12882763589375523 0.04928016109064176 -0.07173161305749076 -0.15894045584073022 -0.20134223269365026 -0.1340221158434642 -0.06898369067519756 -0.10007534806635267 -0.1034626188203532 -0.028457487209335997 0.010458192855207715 -0.0034010725993703222 -0.01623342701944075 0.024310625904052214 
0.8152256384029304 0.9322170241584193 0.5988467377377354 0.3974909020792602 0.2936984031714619 0.1366826279424579 -0.0653380179576479 0.019723747492282673 0.11215468952207353 -0.10829164179429521 -0.362517483054577 -0.32642043963103307 0.00788060384028988 -0.07425068897621447 -0.18554853641392313 -0.13716338595238836 -0.04256991306517122 -0.0558348580618471 -0.051125317258237546 0.004503135085528316 0.028389404600938667 -0.014164126681460975 -0.05467312403717229 6.322319327627576E-4 
-0.1527550058318754 0.016133161014221464 0.21890862561601143 0.16344680089778096 0.07323160034186516 0.2115588801911346 0.336541978340669 0.12739255592089616 0.008476277231642071 0.10348502810666366 0.2256999753269946 0.12831050275471134 -0.08414668235223684 -0.10896517421920082 -0.07942849140373696 -0.07399954157224813 -0.05500058811310752 -0.06051170871783679 -0.07431138387821139 -0.03439540767914246 -0.025854752970787886 -0.016984702434705786 -0.010427639419869053 -0.026628660006178435 
-0.3309030440001912 -0.3273769537441751 -0.11910823897501466 -0.15915477236266218 -0.1826394532939557 -0.055370462290955325 -0.03622934800194699 -0.11145705775390591 -0.1212683254177006 0.01954384420977405 0.09119894005679732 0.0167987156939495 0.31375820970274654 0.37046541460225474 0.2760158657308784 0.24544930424247113 0.24009378738589304 0.20408876221800235 0.1267936481645933 0.12389325644422888 0.12268751343009181 0.009069540078622687 -0.09350916344410094 -0.09890594711409334 
0.41901014504628264 0.5057889549288279 0.4860547999584588 0.4681503756274319 0.3087207472399936 0.20759372600047848 0.1275186117748343 0.02001594550478461 -0.07309824018541303 -0.09669797442843328 -0.06674765740232476 -0.04244343655331423 0.3184413351484839 0.45559790881044737 0.4381653584208453 0.3263339147570221 0.1922990317127906 0.16533880324775171 0.1411610529377498 0.045765898928243176 -0.00566813915417604 0.013354504913577009 0.05101485129995755 0.02217698585026111 
-0.4119315661443883 -0.42400711660564816 -0.3627739466261234 -0.4912087980129787 -0.5443275324352814 -0.47360108161622116 -0.34120727916851046 -0.2982677166323482 -0.21512059205967438 -0.0354087607626148 0.06423382364238556 0.05567437136525974 0.4807258060319312 0.4062459722058856 0.28309704540750236 -0.07142817835127684 -0.108353500080409 -0.13506555037657822 0.009890858109562722 -0.04493886618208207 -0.03107865030249561 -0.09270071561471188 -0.06705671795397573 -0.07161676925687692 
-1.0675647502052286 -1.3023454839863842 -0.9737545958209699 -0.6495279305481272 -0.32282145522584377 -0.07534221988948755 0.06554778511070136 0.08350018857538777 0.07240682801515708 0.09089781585212706 0.08613797963432784 0.042341717368272885 1.0641974391399163 0.8811557799809936 0.08205127165790976 -0.27627253935369955 -0.18757462978966433 0.12682131065064275 0.1081712336974029 -0.14124537840323736 -0.1941988762891258 -0.05974446620676641 -0.05608886894091956 0.03258889738510031 
-1.0297930144702292 -0.6420476509042259 -0.23849467730780738 0.6139689157789479 0.45819214818018994 0.49129416178376234 -0.034916508998568685 -0.008382580742961276 -0.10078490861049882 0.2038480959136295 0.21592627540039816 0.1892564465037867 -1.0525340593560424 -1.8124089751322938 -1.1800086545984483 -0.20489657426577892 -0.042193212416474744 0.0035179844277564523 -0.29006819287227165 -0.4094950765873176 0.07634894753713865 -0.048536632277891484 0.034112388798514505 0.1447375806845763 
-2.4646514482105455 -2.0286581178648637 0.1777613503255715 0.7443791367925674 0.3701847963012509 -0.6553178276514415 -0.3501404744023453 0.2988095127698033 0.4523305469573766 -0.03709300414625619 0.025672723541427633 -0.20700116627787862 -2.683068939228486 -2.386724562147534 -1.2112496090533131 0.40294586501815854 0.056563772367009935 0.22977163584379387 -0.025745537416046554 0.23092582086500843 -0.03727893198981077 0.1075977749535089 0.14643548883143534 0.10001867726568665 
3.4442139609263975 5.376376125730474 2.6014940440959506 -0.5734726088859892 -0.7642510209494044 -0.19416723101851358 0.7368414292048278 0.8225628510323968 -0.6341292941422001 0.17419654607025126 -0.00787071470670786 -0.25386692886539336 -2.511473109538302 -1.7267396781644984 -0.013194608377769127 0.23632279934577594 0.5057276949583555 -0.02894315520600671 -0.1628857207916722 0.3692760754076492 -0.2540523765907212 0.1119848944415866 0.3770238308567961 0.10006493987117454 
4.744638579781917 2.8486163141388676 1.2399998706370905 -1.2646447632701343 0.11870881223792362 -0.4219264310197312 -0.2430945717428572 -1.0247499899073165 0.45091581675044 -0.2170697340867105 -0.24126999180642517 -0.036152626744197114 -1.375002766733705 -0.08588100887614096 0.6063787311704595 -0.0846683220324655 0.17935421683867792 -0.5478335094761003 -0.13659755981070618 0.4204788919705587 0.023774338166705822 0.10877009211307183 0.023769451307551686 -0.09358499012061787 
2.899981300148445 2.0995341675874037 -0.7300301123302595 0.9095124677729709 -0.9332529446632127 0.46142792908592734 0.4002177020467039 -0.45443105562734876 0.6620795862651331 -0.04211822244090313 -0.7816738594960637 -0.19636264287657768 1.495045158440961 2.229556020179366 0.9914172279531889 -0.24497397485433725 -0.3091412501385637 -0.3967597514683645 0.07302213091351588 0.040553614956928365 -0.12227822512102098 0.2905840725781105 -0.08425730540084057 -0.09455895158818921 
1.932473182379546 -0.1325941121649059 0.024387235027298004 0.2568915645604839 -0.0833768923578787 0.660385120724639 0.2279640686088351 -0.32413020981200025 -0.26709690774640743 -0.25524589622989446 0.3412659420134505 0.045001661089567165 1.9999282352796042 1.077442265741355 0.44375191339738923 0.1017962881860961 -0.13207849683796055 -0.26487741021148387 -0.4796091747616567 -0.4798364394015535 0.266369920872867 0.18618480847778082 0.0202960975526707 -0.3426449126501039 
0.3651611843047 0.17831327834426247 0.23504867804128038 -0.5993188482382865 0.26421558176418786 0.4549562475143949 0.282245716288434 0.3505921161139536 0.09171174346928651 -0.6784675905924882 -0.04636676541412399 -0.010767218017707914 0.9806762227735767 0.77332663496608 -0.12385688209670713 0.19163157170894154 -0.37277342239895234 -0.04459649352282261 0.1599939685154791 -0.06940246340820573 0.4128124691290662 -0.07453610164601854 -0.11753868541344319 -0.3267944036426011 
0.012263931864977096 0.5768999615363732 -0.5737952647408471 -0.8156179698227938 -0.08378996046189502 0.3759416404004865 1.254718945421248 0.01224774242669291 -0.06301002447023768 -0.4574494754442604 -0.6698118315054071 0.8989843987766796 -0.8553358303707164 0.1783019435123041 0.42705254049367897 -0.5128802159426885 -0.4613205867669799 0.5173840021842219 0.7003005128720489 0.15263212251331817 0.17848682603090574 -0.5711897950146698 0.06914852240708554 0.3458215368618327 
0.9180572570849996 -0.5751927741614757 -0.05936821615606558 0.8708725198377851 0.18527385658565243 0.7374391498164714 -0.5931416419059398 -0.41441264152207813 -0.6784012627601504 0.28259187210433545 0.07648108350369465 0.3570291992076693 -0.08814060346522161 0.15862396950046018 0.1093082505622504 -0.4053230720107292 -0.0565624067769823 0.2027727628060454 0.776599405570796 0.035263828823343314 -0.03624611103082073 -0.3465281655115758 -0.2128754184117659 0.3262378016994214 
4.222032637101545 -0.2907469164489491 -1.109561939355066 1.0604365283505137 1.3400557305323288 -1.0330083369790648 -1.4352437909101248 -0.39952419853393895 -0.41750088272440633 0.9777937574657032 0.07239645033328457 -1.1763611581086195 0.43867089761192773 0.38417175594367386 -0.2192874091405633 -0.032655265515011266 0.360105382752201 0.14218150280435596 0.5765258324282231 -0.2318095300536953 -0.2578601178181144 0.1583469889365948 -0.3335008268111321 0.15239479235290174 
-1.4753013579179193 0.13626480883554315 0.17500726366163866 -0.32137688129275266 -0.27802004340197717 0.5511129477860344 -0.7025711322582675 0.45068660012423956 0.37769550568883303 -0.3565047105127426 0.2211553489018279 0.048192155326677394 0.8616706198704165 0.13943412054807483 -0.08531298266351876 0.43867220063207296 0.3851779686774646 0.2227121791379675 -0.4982424388350782 -0.5155578979343455 -0.2489279806867999 0.32239782274926454 -0.27671914216206267 -0.1805281229277019 
-0.1070694534693466 -0.9313440977931577 -0.033120777228009324 -0.12152747271249109 -0.9324591587246833 0.042560233002637116 -0.4201438066872576 0.27512671176462 0.18252194475961386 -0.6129421509455057 0.25835351622892255 0.5962185436584704 0.8933218257228696 0.10160069921579733 -0.4127941520428584 0.35523454035369006 0.41468522297275484 -0.6484895863219198 -0.7218629560878537 -0.04641438284451956 -0.0643056531408067 -0.014197919952853985 -0.08707230646430246 -0.3691475349039128 
0.4975964427591961 -0.673196545133596 -0.3416498492290376 0.14583791847306848 0.1659973951817646 -0.4684816725882821 0.39403568248786125 0.7949355971316787 -0.2316287344417609 0.11076635806214624 0.8136599770420636 0.012323717107230035 -0.8388359849465997 -0.03927507136721431 -0.06163909652419227 -0.15650886535803457 -0.29706578794824184 -0.08014785992757363 -0.26058388545340805 0.28215190206601676 0.042374610154261284 -0.5112414062894958 0.06577503744379072 0.20629085723444726 
0.5556182595943788 -0.19081833711177154 0.3871490732188474 -0.23887449259346694 -0.12600865767780645 1.4222577321738528 0.18204166998037175 -0.43240554850409985 0.08007819676331077 0.7867519830368206 0.03736105565607406 -0.05098433428715768 0.32712889893016445 -0.7460364591006003 -0.3461289519539102 -0.19001456752325951 -0.26382852712278176 -0.26206367289078325 0.01387035219605337 0.18095805992517247 0.18141297187042857 0.014973384128147674 0.07429330758926993 0.29112009190929017 
0.7098627403900171 -0.11617285740350702 0.1497896280107871 0.206823224721839 0.20995206991931004 0.10170777798314745 -0.22191221423185803 -0.04200297593945085 0.3017935492242007 0.47737244136458157 0.13432646685688 -0.24707897740385032 1.2734943083965788 -0.3437352773601556 -0.1671245287259683 0.29281470966879247 0.32169294036092794 0.29710095431477695 0.08452633265296187 0.08903995328241172 0.031673690876050375 0.3998863246392584 0.30712622609134926 0.07555253786488135 
-1.1945892990752505 1.0282534356435988 0.7595463400138089 0.4180235767329022 -0.1629509147251107 0.5436565263892721 -0.15378091491555806 0.15072181852466737 -0.6284281126846526 -0.8411653449811664 0.3751403485537046 -0.14744038481386001 1.627652468352813 0.18181036406433027 0.3108871404447248 0.3803136957282605 0.3105760476650147 0.9891293246845159 -0.06900398364622695 -0.2105150720360138 -0.06803486971516366 0.149393465330015 0.027239241038236623 -0.038415469011212657 
-2.4477827030957258 -0.25152659943081446 -0.02647489644861345 -1.0610552451964934 -0.7806102973773671 -0.9204839326403227 0.3083679769769405 0.23625205377005992 0.027603347654069632 -0.2749339518466355 -0.27660834768079945 -0.16610587122406284 1.3317265355573615 0.4378036184809962 0.08604497833743974 -0.16377729188783133 -0.3837588892558073 0.2512026234344562 -0.266910861154521 0.08757297547134517 0.026163181165560778 0.002850304430137914 0.25430098018254615 -0.1351442788063857 
-2.748516423721189 -0.6685725582911086 -0.45738008588562673 -0.7458763448190823 -0.5624556170245119 -1.03403438656796 0.12391352531465333 0.06001215274918617 0.4212779066938673 0.7147247836523842 0.1611107398102039 0.023775519656586558 2.71700630162139 0.024866798949342368 0.3047447692786012 -0.33307886840345663 -1.4342824700631116 0.024096202467832544 -0.2036221973380845 0.13787992745312835 -0.16987695367512357 -0.09900027844833004 0.2764870852646065 -0.12903403334011895 
-2.508353303959098 -0.5811707158791419 0.5001179059481857 1.2801050611613252 1.5609810888364326 0.13694536415839487 0.43997314911659935 -0.2593670694657457 -0.30154900396174156 -0.30912353624260747 -0.521561669319008 0.07274590678008344 -1.9475034867134535 0.16844478920582015 -0.06933219687261268 -0.6890082940502822 0.15865504032135827 -0.41675847126406956 -0.004869323821967734 0.0343424449986837 0.20786179576471744 -0.0024222767274441246 -0.0991857643605855 -0.1625816388670611 
-9.315322903507735 1.1184750970197355 -0.4179843690203944 0.24668002876436268 2.9691008023573238 -0.05734672941358432 0.39128309102886594 -0.015108402216814837 0.04577892414862372 -0.5270697174381903 -0.3318442464210106 0.12023582620442369 -4.245577377090082 0.24555498564739894 0.2638402083458112 0.4336031668321361 1.1822226580048085 -0.36773275001476846 0.23729038647052084 0.10980708387067006 0.13754404953130037 -0.10517486207109616 0.01795114547372627 0.15870500730433357 
6.678130996937908 -1.650384794703697 0.1618238357366084 0.5096914501626306 -3.0223536280323597 -0.1585523474253019 0.18929116558573744 0.17078499625700932 -0.4082325483674609 0.35323012888098415 0.2674264385165643 0.27340889210320185 -3.5894522186816946 1.3266097412863003 -0.3470762756829478 0.2190992824459982 1.0013081937633121 0.334598709426621 0.4210610567428881 0.04172316744976571 -0.09232118106715419 -0.2725358301602466 -0.05527089283271782 0.03887514273387033 
5.3949735571005535 -0.870630475821028 -1.0797536758172717 -1.6614790398161436 -1.817456232604541 0.21691271926819383 -0.4626166423314783 -0.4844851317242016 0.06198753030282589 0.6990725373038771 -0.2872367505287611 -0.5526709949179733 -2.101683957646722 0.650219305189683 -0.49707147114458244 -0.045471816577622746 0.09811408403377975 0.3096584818625564 0.28172056305849735 0.0413069537000846 7.732431604409543E-4 0.05491691403506127 -0.10015172238946168 -0.030193296328094293 
0.9048551217818428 -3.566447153317661 1.8722313863954678 1.5768867481135838 0.9503350250274287 -1.0039804884623573 -0.39626015443189255 -0.1498482070613495 -0.03268976383738009 -0.10458717313290145 -0.3780527387669794 0.292573889139671 3.331328189197354 -0.9677728283315542 -0.053299839988081445 0.0553862763327421 -1.3029343435162513 -0.056934424759264086 -0.15691103768137685 -0.22297068203870132 -0.39285027060439787 0.21152690145550335 -0.15397361996080375 -0.10681952884050087 
-0.12363309298953595 0.1258483607576686 0.2180262690839232 -0.15050217047824566 0.6884142237260903 -0.5636081044827257 -0.16110293813781118 0.021287338342110773 -0.14431219759773956 -0.46291180853643127 0.2913505093891463 0.201233216670472 2.1312226938512278 -1.4095606588978795 0.03459195235567961 -0.24548666713447864 -0.313621485187548 -0.30108874354212883 -0.43356877935456106 -0.35766188330767285 -0.2312756903312406 0.18485902136735063 -0.32557959085545457 -0.19752289843188534 
-0.5565502456091096 0.7546942720016174 -0.3271666167497447 -0.4119558135045447 -0.3664858256489214 0.40251133872795014 0.5092674265330345 0.586810807339957 0.8734681273960154 0.2996415974346283 0.4400536684400218 0.2169153728304818 0.7878263452459616 -1.4792557756390565 1.078378544887106 0.6905488004661057 0.5616747712208224 -0.14169141130065555 -0.06746049203677261 -0.11217896823858609 0.12645549691545635 -0.06630817852181 -0.22769903585301968 0.1505163774443327 
-0.2679918407576527 1.1974807882129719 -0.08383053131170426 0.0694022423963565 -0.21818135170372188 0.4169330362994266 0.3853259052497414 0.22017101099816383 0.30273565567985 -0.05761891208193966 0.2804488184341021 0.07772695853227729 0.5558301435510672 7.783021391209269E-4 0.18796634825549985 -0.21546348056307793 0.16727673954511743 -0.08804627987866298 0.014766516824961154 0.06834677195037765 0.03555599854846334 -0.19160970869673807 0.21277631808082112 0.1271033577966245 
-1.3864445400719838 0.33550395987185677 -1.211975848068036 -0.6047118597220345 -0.28139150092013243 -1.0691768249514668 -0.46709310001535104 0.08724686132638226 -0.6355801812225439 -0.10830908579471729 0.3104952142696017 -0.09722211412422976 0.49764651284120437 0.40301164866886524 -0.10091359696194917 -0.25597629273964584 -0.23086511571388987 0.21612307557753874 0.31179055904831054 0.41162392563270717 0.3248780380203695 0.04465718034693647 0.2660851582203076 0.017449298639407668 
-1.3761763764113004 0.33310861040518613 0.09653183997656933 0.592266294319733 0.14403684272634354 0.43637481699297176 0.2827777746614981 0.0660289954977652 0.5035439610661501 0.31589265916845577 -0.282199217768107 -0.023008113242045714 -0.06461569954589656 -0.09620124209745473 -0.7447448785531806 -0.4680316029528992 -0.5534294724493266 -0.1579319956969533 0.08874049581360921 0.14183427625649683 -0.03786356830155909 -0.13192297654718926 0.1536828902026424 0.05240354835740226 
-1.4953975163058988 -0.022154585101085367 -0.11460701150803398 0.09454103875270459 0.14500042427771548 -0.2555787783514386 -0.37483018531777546 -0.5709899618079652 -0.2015701393582432 -0.021085729231378803 -0.07687778811979634 0.2149350127994203 -0.5123973144914508 -0.09307999739041461 -0.5073997654204614 0.010398106928886097 -0.035985896632423485 -0.11691448407927885 0.061038306567032 0.09284817032922138 -0.12955296032846741 -0.008567364823873472 0.10791829840180515 0.030890807498335216 
-0.019668254003005536 1.6649137869918071 1.6017196860678364 1.1238706020176845 1.228911103045334 0.4839300000902723 0.07297296046012597 0.12378659379584708 0.19932133965237692 0.2945383392779589 0.013086649020873864 -0.23556225000175451 -0.4805810138598175 0.1736994561145475 0.15413341586702356 0.43510570531491116 0.1659078991694989 0.18773612298742912 0.09816352371563077 -0.028576892814790044 0.21239836401542692 0.1977895870657996 4.081433128756233E-4 0.07760296054209881 
-0.5275066578017791 -0.05115863625020989 -0.4423704748522854 -0.9017083343576685 -0.7158709411823572 -0.7422109642622805 -0.5453056126157609 -0.22017644881032283 -0.09480998953025507 -0.07192983137784845 -0.16090261433030423 -0.08361746823938102 -0.054687438220517214 0.6824052539257132 0.4613345033302972 0.2795561203046413 0.1352344475409322 -0.125886897909451 -0.16837842966713634 -0.15858476631495635 0.028289798264932903 0.10834684824554276 0.036966593152088355 0.06817237373614514 
-0.41837876408390784 -0.17348773236389414 -0.20198667595237563 -0.21492613506981395 0.07674882794788312 0.11648254098610539 0.07352491716359855 -0.023647082556685878 -0.1870312058941248 -0.2520540509557082 -0.24141123460147995 -0.10654075434894147 0.3239633443983652 0.9669834164998719 0.6499453243828938 0.19440110319680404 0.09885535847892628 -0.16621068004635242 -0.20723706619341783 -0.06571923289433342 0.026578828086323305 0.07478052520927347 -0.016785301297573857 -0.06652436014563173 
-1.131979946603896 -1.150169587200374 -0.5967573404888196 -0.07472895361747 0.3153782192036443 0.30580564492899787 0.1300291253318973 -0.02151882468682964 -0.09326326137979107 -0.07283007885117357 -0.0605286257648845 -0.05409285623542162 -0.047128889892501004 0.14158656742426393 -0.11925685720101102 -0.3827017338764287 -0.33908544697363535 -0.32882287408749966 -0.22721352894234656 -0.09266057416422109 -0.04905267787611641 -0.04116520130551449 -0.05338780307239705 0.012417424949497163 
-0.6893216427970428 -0.6865309870327261 -0.2709228542625777 0.1271776020571731 0.41672044741555436 0.4585537356336904 0.3570167900665503 0.22161548041710072 0.118811491318175 0.07064688738680107 0.013255558630885577 -0.05075147556683901 -0.20521281860948504 -0.13121413246651367 -0.12985047600299862 -0.12067125515041428 -0.01487058822819152 -0.02600605267773624 -0.07506254614512468 -0.12841117563405724 -0.1890938422019418 -0.2077282518549939 -0.19366662075957883 -0.12726732376949046 
-0.2506485487677086 -0.21939671118858572 -0.05013181409415135 0.07534499870812406 0.13139959000471335 0.073222060676426 -0.005410962240197104 -0.06482600780455283 -0.10057330450805574 -0.10978469663255963 -0.12807260172929583 -0.14876438247892373 -0.3592561525555989 -0.3393340793411732 -0.13348282121388425 0.0526645605635739 0.17935177229778052 0.15255682169958823 0.06270788920958675 -0.0148440750390282 -0.05627636420104748 -0.06134645200345316 -0.06820367248692237 -0.07015080934108579 
-0.24340600717354643 -0.24523177297024734 -0.08574801114071384 0.07205065421863188 0.21334990723192315 0.31079249114560004 0.3664325993850198 0.38324003590434746 0.383905342275833 0.3896080134999666 0.3733606156594621 0.322596980081281 -0.0919007144565412 -0.023086659838717345 0.11916592036955258 0.23377650605117184 0.2993338448493106 0.27849245867938216 0.2127042893375156 0.13473409558030383 0.07273165302985087 0.04044815829972132 0.007393567241309692 -0.029622360689526537 
-0.27716930674884743 -0.3528169562080937 -0.2888962984080987 -0.2051591613889211 -0.12099182759788163 -0.07798419792572164 -0.06280244695609771 -0.05779887731336841 -0.05698109425547765 -0.04827128589739685 -0.03597013681840565 -0.03031465603622427 0.029792993260091105 0.09801020439781298 0.16526469743077388 0.2050562729457098 0.21866850416247183 0.19667167673374086 0.16317600024674223 0.12527158854129591 0.09220097614168293 0.0771548573811579 0.05859505063205431 0.02796964982253733 
-0.40035912043684974 -0.5505608850068201 -0.5090383732142617 -0.4338998360478199 -0.3550853783310799 -0.30132051110338215 -0.2524003355880462 -0.186100371569403 -0.12117957289766665 -0.0814542928799443 -0.05497637554848858 -0.02110925671960913 -0.15855724078522737 -0.18589084821823074 -0.12159593034659881 -0.053067179247514085 0.015934339292405453 0.07211133115393285 0.10976789434736622 0.12863794181057092 0.1389357332982514 0.1513292024841143 0.15357460801477898 0.13636696524037978 
-0.26155097191633025 -0.3607627683637382 -0.3342807253496991 -0.2868485749957794 -0.24038827970120058 -0.21073646840030558 -0.18552249549389077 -0.1559705696915653 -0.12463377534635472 -0.1057181155860779 -0.08968925802148338 -0.060820213546090636 -0.29472166478018885 -0.40134250759339274 -0.3656624840199821 -0.3054155183053076 -0.23709910340839435 -0.186517282671348 -0.14681383683868068 -0.1079135963558147 -0.07487081895079756 -0.04904606470587337 -0.02699219739711604 -0.007833083935989978 
0.2244565477658771 0.31641367776226703 0.30173199336988277 0.2720968987646033 0.22524511540636627 0.16083463292109346 0.09848894061181768 0.04641205666173315 9.244829265173393E-4 -0.03565617910803576 -0.06050364778333595 -0.07125113688492515 -0.12917534431338643 -0.179558545972488 -0.16742549151603345 -0.14025317630941467 -0.11668506064166133 -0.11002751263482981 -0.1051567211787404 -0.08755002742853484 -0.06576411817660595 -0.055569944249365316 -0.04907988286979245 -0.032322299547668014 
0.29458785349035566 0.41772328518754076 0.4027059703597754 0.3580890261207902 0.30014023575857834 0.2504900780760846 0.20219442546001246 0.1496856976385076 0.10657933468482304 0.07596785133426899 0.04777009149036615 0.018255535854403676 0.02874644965059847 0.0418187364277679 0.041776462674869674 0.04036258538535 0.03162198487377985 0.013469291718803586 -0.004584786685687163 -0.018099464764188663 -0.028389507004408013 -0.03812255734638479 -0.04321329704416432 -0.03988021251925275 
