0.0 0.0 0.0 0.0 0.0 0.0 0.0 0.0 0.0 0.0 0.0 0.0 0.0 0.0 0.0 0.0 0.0 0.0 0.0 0.0 0.0 0.0 0.0 0.0 
0.0 0.0 0.0 0.0 0.0 0.0 0.0 0.0 0.0 0.0 0.0 0.0 -0.2826636728526395 -0.14665029385813444 0.06370439699142749 -0.10599723271590644 -0.44305547783099763 -0.26029899624303104 -0.012002408925157434 0.09326992633621285 -0.049970633069306936 0.004656855874776933 0.12840629763913458 0.14536500713678344 
0.0 0.0 0.0 0.0 0.0 0.0 0.0 0.0 0.0 0.0 0.0 0.0 -0.31907887790088807 0.06058408870987897 0.1758486455757758 0.27716791540555125 0.09250578080560974 -0.03864649395803754 0.024442015321836808 -0.05065653442317397 -0.06363089014930327 -0.09678497620533645 -0.022782945273234916 -0.01888094789688673 
0.8479910185579185 0.4399508815744033 -0.19111319097428248 0.3179916981477193 1.329166433492993 0.7808969887290931 0.0360072267754723 -0.27980977900863857 0.1499118992079208 -0.013970567624330799 -0.38521889291740374 -0.4360950214103503 0.6948310760254796 0.24771259946781746 -0.10750806606876963 0.09123919861789458 0.6156658763514007 0.49801896701749565 0.07016420980917783 -0.03671892931991116 0.12804141337008523 0.0026075193135345807 -0.15721470219178754 -0.15085777851384505 
0.533241124423705 -0.40172770691683857 -0.4319893412401862 -0.9904995952905133 -0.9421005591633257 -0.2745090124904339 -0.09132965935324658 0.2918744927738412 0.1159367208439494 0.29734021242817477 0.2609582822784066 0.27469035439583533 0.6618628548070568 0.07106819951534504 -0.41076870364073886 -0.2441462077427281 0.6055092902333362 0.3550716489073349 -0.09042990855226406 -0.24022297995979533 0.09055687275236046 0.16571116035787856 -0.14392604981081558 -0.27278443953875814 
-2.3511137902882915 -0.5422739449450331 0.538518868826402 0.22153220179157296 -1.3759473494725392 -1.35680239480727 -0.16482779975091022 -0.035780458427187134 -0.44209260053223043 -0.15649266415469112 0.3411649654361593 0.3152281583436175 0.9327393164316972 0.8981247757712696 0.6112484771172481 0.431411669827012 0.4357949862992678 0.09876936097307003 -0.10330396859183262 0.027432284410697522 0.1539630207624365 0.10096924208225593 -0.2014059125703962 -0.16319355018483306 
-0.3860361599980653 0.2779078147136831 0.8674900810218744 0.7806683714062576 -0.4639709792172424 0.0036347450461768904 0.3717072389199834 0.5986542795886601 0.02433163161299423 -0.42587243280845555 0.06858622025566524 0.4426917287392905 0.14052155004978553 -0.11799465515075314 -0.36537405900150377 -0.7858232677374605 -0.8101240865812925 -0.2908636849409052 0.03088984993906534 0.18496472257494445 0.0454866913270577 0.15799600609255143 0.2535956147987823 0.2681035579000925 
-1.490588288526288 -2.594241206554666 -2.674598333457057 -1.861827294681702 -0.21728331537785195 0.3455170270415776 0.11440068341435519 -0.5154965256481406 -0.2661746184639111 0.04472802874721658 0.31518487580515553 -0.0305150580275787 -0.8899469515695827 -0.9549542627407397 -0.9347213605799235 -0.6399390955212839 -0.34637744671547654 0.1048061374150578 0.22266366070463206 -0.06836471725582972 -0.28615445658461536 -0.2570420309875983 0.022784149022847328 0.09686349060413006 
-0.3185862766066534 0.9782398893402373 2.2706914369060547 2.4086499561585057 0.9089396835332082 -0.2530776685921421 -0.3236134507530753 -0.02316164134051535 -0.10848234417138335 -0.2772581523004334 -0.4868385173024383 -0.3567487111188441 -1.4022026929894462 -1.4348779197167223 -0.11534891795235473 0.3824660472757411 -0.2916734956548844 -0.37390507199091044 -0.20251226334411299 0.009452352769091473 -0.13288967645923885 -0.2903854394050534 -0.07363097229626259 0.009422350355497081 
0.2850021227247507 1.9724228059639088 2.641082272624083 1.3273586959793007 -1.0232703407013348 -1.5428646002332842 -0.4851584370282771 0.4802216538048898 0.48277775711380444 0.5403262885540927 0.5505248871466691 0.42435790646029464 -0.90987868072413 -1.3365215947151725 -0.7026249279319368 -0.23844146279328396 -0.08004565632895096 -0.11021315040201991 -0.09998925691520111 -0.13901012070641397 -0.05571056406536637 0.08391605336776842 0.09886058344298619 -0.10953444093246577 
2.9327767133447535 2.299209567604562 -1.4443034681616314 -1.9613227657514671 0.8140430204091522 2.069540774656339 1.2790235891736386 0.07243813155487044 0.04852447320185299 0.19748475550326658 0.17180913147369617 0.18698819542886264 -0.7385508201207928 0.33490744979030485 0.9515377458248487 0.6298997955908877 -0.09235167960680098 -0.3024166799628816 -0.05084202101366173 0.294452530411278 0.2551257227961094 0.0555570716008895 -0.04272421078510839 -0.0017751739454080113 
-0.38663374132960104 0.7548387384586892 1.290773902872596 1.0384834546531363 0.07030198517102892 -0.4851527433766032 -0.38695006580339847 -0.14626604997659165 -0.17754633495443017 -0.44439158525793865 -0.31072069891187026 0.026219811495965223 -0.28960574713750764 0.8221901284631062 0.16514307949674553 -0.05329514228711559 -0.14165618298071092 -0.34620384485600936 -0.006515913103718278 0.03527963201347665 0.37119265484687275 0.31309502924791804 0.24229213895456883 0.42103877914895665 
2.232884115782901 0.5823095737219326 0.09123238430725156 0.6633881900489249 0.6392085594174293 0.12531644286816213 -0.22019157332452943 -0.5932753806836085 -0.5436974665255943 0.0484295698029138 0.07195690808215655 -0.15235414180045537 -0.04515397712210693 0.4492239688136464 -0.36190745143177655 -0.5711833613820537 0.3713640999776111 0.5681798235263296 0.4305130636551909 0.13416511815783647 -0.22477149486960202 -0.14639386347151037 0.13970622922361806 0.24447924775826388 
1.5037656629182 0.36430241751590486 1.377885107899405 0.17488864494045142 -0.5108845612633406 0.46785910022883237 0.28399688353196173 0.7072395138836993 -0.3346892375630903 -0.32443120633948513 -0.12642541802126755 -0.6690872623719164 -0.5857905558421114 -0.7009085068553581 0.9208069196971788 0.5327693367420977 0.029663504541932745 -0.21467946069310284 0.24139674853998416 -0.020005907064649015 -0.27182923752593025 -0.13794826339312719 0.1708724485445572 -0.13131229573073921 
2.123038942587174 1.1468058216350148 -0.40213671637970627 0.18402472325103636 -0.009456006306496345 -0.11150461772536746 -0.3479890764596143 -0.7568100048487845 0.8014104091149892 0.5766861564585709 -0.3394571966424593 -0.19879601091198817 0.7333579911847051 0.9104100846606166 0.46496729610554466 0.1115926109702307 -0.23875236437069228 0.6955446539476728 0.07275982977457433 -0.058183702917508816 -0.5065268751294492 0.25787180075391253 -0.0556476295606779 -0.24628772423582734 
1.4256605127945967 2.5753161350682223 -1.2249623058754615 -0.3201428221742124 0.3056437544071935 0.27729616899947007 -1.0472415598558085 -0.004481016700056628 -0.03461256019693115 -0.2946750884063857 -0.6176309921832339 0.4433776332439493 1.0853244640275364 0.9503539772395669 0.20765730682037256 0.24501848524271144 0.21078294314302126 0.6454954333478887 -0.08143578994360919 0.2665232491698773 0.07195679635744139 0.10911933883839925 -0.38093869188208646 -0.2935833138286573 
0.07186271729058724 -3.254427539036076 -0.002245797121949167 0.5761260906955648 0.9472014946942391 -1.8660360533601756 0.22714815904563268 -0.0628640066392041 0.8258448201796736 -0.7400638914253735 0.4845025838451734 0.030276583099093868 1.505349659364794 0.9698002687872158 -0.7275156876264811 0.07819739045432199 0.1797974605102092 -0.055949729839287 -0.49710981817224886 -0.2868542993247489 0.5366085113431991 -0.02987001543217031 -0.3635519848837962 6.727688449473431E-4 
-0.7266196165161158 -0.2861428338672507 0.5549677278094087 -0.7562174945099471 -1.621562141192772 -0.5913614819974297 0.24073563561016587 -0.4393032327307227 -0.5627768321677566 0.0065858010872894 0.6044107673811755 0.09712638210851454 1.1579557986852242 0.6744498865908488 -0.4123592589791946 -0.33229619749796746 -0.11927572265633761 -0.40670288635262564 -0.46638080275584376 -0.2540837453781672 0.05217290250717036 -0.24527054097809153 0.03626729790356357 0.2966046954660256 
-1.3168699708518514 -0.33186550025889616 0.890445329657302 0.16746988805593777 0.4147545599628588 0.4906733972909434 0.49935178032414507 0.32116400114079513 -0.5443329889291955 0.5156657580082442 0.14017787822672448 -0.027688691879112826 0.3825405968651146 -0.7065141958163476 0.33985395169974364 0.14813235722666365 0.16113563326550398 -0.7350135038004088 -0.03591266309958394 -0.09257747635855906 0.15607691537120338 -0.34007008073628125 0.3770644724263283 0.07192719223610079 
-1.3538405391898565 -0.909314544092914 -0.4342300923275033 0.8810738716395035 0.9296943897418966 0.31905010273178747 0.21579903777246656 0.5657562155444452 0.4939576368359923 -0.18672829018891998 -0.5542705330847002 -0.41745381566502404 -0.4912848749072792 0.19667392196656572 0.44848171155193234 0.11115430492286398 -0.2689470136697105 -0.2423215287078768 0.14375538440436514 -0.18810574878763164 -0.23502741023233517 0.01947781364411975 0.3257170773105082 0.022912809811982682 
-0.7621486119678862 -0.8232990964742015 -0.5272087421527241 -0.6869166640591515 -0.8118336705696072 -0.11620133432355795 0.34735444726323417 -0.28766130170111087 -0.170753160435811 0.37680339642157495 -0.06735018320087371 0.07178510527756077 -0.2852342286918158 0.023201570381706338 0.453333353018934 0.18190486364353778 0.3049880652997687 0.12174219127943907 0.07902259276485907 -0.0029045259300922166 -0.005964668760490621 0.24382217600206366 0.03897541994838715 -0.06865041603402601 
0.46987432876373925 -0.6304478016592951 -0.08165037094137517 -0.6624871332209943 -0.20142698491740751 0.43904046993345136 -0.1145318510724741 0.42942666505312516 -0.04448451571744333 0.01758354094826478 -0.26897643383655 -0.0213489459057703 0.2795596392722763 -0.18337542792158557 -9.979817963730782E-4 0.20109080551683534 0.26128603050278526 0.06839223775138342 0.11611494413561559 0.07556490228838901 0.0812834231079768 -0.07069774766138383 -0.3216105137863111 -0.1701315231012057 
-1.3730247187532019 -0.5409035826208246 -0.645844590092564 0.3935357995555733 0.06535105139320485 0.06545163985179425 0.4274494464520382 0.3980423541767318 -0.2572179063710057 -0.31795668556653905 -0.11939543124251206 -0.019789878656661652 2.148856241918108 1.0963862935913422 0.26131890576136163 -0.03335816304134298 -0.09263181421272267 -0.13685844384663218 0.18392753533902542 0.1339197458915902 -0.11464818036546931 -0.10226004982164226 -0.21633018307736565 -0.08409027869356595 
-1.8870814036140273 -0.5003860172548458 -0.3719182229684641 -0.26242477671836495 -0.29275606274786514 0.0230469023899611 -0.17259329422878222 -0.003790319259643099 0.29333974047965927 0.3727449937892885 0.4365836322950523 0.1387282456057042 1.578209360144637 -0.1468479608977072 -0.6122535169270781 0.08527282724467034 0.07772883965371534 0.17867409349867294 0.042795326850713133 0.28154315317482603 -0.04190914801946636 0.01725719818765679 -0.0641865611648456 -0.06860503712325403 
-6.030239471533327 -4.177488869450453 -1.1660315334232645 -0.7868733531864373 -0.4882736890162104 0.5023707809880837 -0.175397437175688 -0.4728120472194973 0.004279252562045616 0.5060028194659898 0.22886033296542205 0.24401734560252133 -3.4001286858172164 -2.088763845091997 0.02248210120299173 -0.22877233042064912 -0.1892073131449281 0.2243880420427915 0.18509506044538582 0.09280203237179101 -0.08780360267228739 0.18351784851735484 0.07289886157687346 0.15659287471228306 
-1.9361463752801082 1.6283887244486408 2.0152036515052094 -0.32810103858399997 -0.1578011336738459 -0.3154413811307123 0.0585056101892496 0.020224406226761693 -0.04950565112556993 -0.44616780613097 -0.2505446324459803 0.0525625533344003 -4.856366860416544 -1.8451822601002519 -0.05581059858335524 -0.5125629405552158 -0.3566037836394604 0.3646876476518732 0.34408708685674566 -0.27638312689416367 0.19137680050320674 0.4462586166859868 0.07042814438835959 0.012824160714302956 
8.851893824531487 4.661000581803423 -1.906851830938376 1.112690921750338 0.5654955262909795 -0.4384683445162436 -0.24338518709313517 0.10762889431815637 0.17761559744847105 -0.4590538311584742 0.005472116397383847 -0.4464856566578589 -4.382498369960594 -1.1608441978396504 -0.42951911334912385 -0.38242486589814223 0.06366578575079603 0.37633328156358914 0.3085391914923246 -0.33731113350830083 0.08769620724487832 0.06901438841191206 0.049549586318436534 -0.08548424037409075 
5.240952529603195 0.6159160374189714 0.16592372153915735 0.3254819074788948 0.2501706805169211 -0.6005964778134949 -1.1708606798402956 0.535138590654021 -0.36745883347317365 -0.4835025309564402 0.33699330741399264 0.44550726459298545 0.24574279760240358 0.5414218687166293 0.5228251464960887 0.11687603858736999 0.20816244854458818 0.055261567278543845 -0.001603741347842987 0.06679841082133543 0.028201859973002074 -0.33273568353044175 -0.09945037461137739 -0.06831953122932082 
3.5287061859068025 -0.1887199324166673 1.0471657716071332 0.03360977147654198 -0.8832569533639819 -0.4840515153612923 -0.4863318666378893 0.28166426109177545 -0.09983277799878754 0.3176270166429887 -0.21355739591987402 0.30399771109550094 3.7128457140945077 1.1404001469724732 -0.5245253053462344 0.6236802871114802 0.2738068855039763 -0.1786281288675927 -0.3147367422207706 0.2544445486228684 -0.03245511826743872 -0.3851727570300055 0.07449821493606403 0.004897607918339856 
-0.011780948774976707 2.428983375408798 -1.0302805892558111 -0.1391885792092119 -0.05791223948012958 -0.4584344975438195 0.18479017400515563 -0.26718850962405416 0.0046129566790531484 0.1636988205596237 0.15732124754678078 -0.11772053685431719 2.397784608465393 -0.23859410081213994 0.4199217826908417 0.290616289035054 -0.10800733191885242 -0.2272504960388678 -0.5902908587092763 0.42804012088572296 -0.3566362787154427 -0.14932207921480736 0.07787778448259934 0.19661275327842898 
0.3397234214370499 0.3332664718910898 0.2648262404978116 -0.5260146962400489 -0.10188367022242395 0.02633505195169672 0.022999612646450895 -0.25454120141141134 0.08894505717467382 0.3728637641735102 -0.12818649847720232 -0.17956457968922718 1.064395960735449 0.22353804560989884 0.3502778284953661 0.11459870706117294 -0.28238027776669566 -0.27838000749148845 -0.2110273936852144 0.08372463030094612 -0.10015021215307314 0.10384226891373975 -0.14936503016303873 0.05753545592270285 
-0.35790991355810675 1.0707051377015127 -0.7026718609787068 -0.2665547257679717 0.18350603470269933 -0.17403827335338606 0.3453461566453633 -0.48087904075155447 0.6080610850864239 -0.06315466707727879 0.06067450524485878 0.09745015015006264 -0.5616333375248566 1.0144008597055283 -0.24143602533068953 0.03220853387930511 0.07478296629818641 -0.4180670955006727 0.21715320144183567 -0.1403545357352046 -0.04757873420996104 -0.05194403538912947 0.0755606151108011 -0.07835820006036019 
0.5085827860920205 -0.18019495039272115 -0.1674720780175174 -0.24650327642759695 -0.15682525715530948 0.20889039501795637 0.06647232309765005 0.13733563575268726 -0.10110620574325346 0.11952695372022071 0.2828610657202032 0.023805999825202484 -1.095682325611394 0.054042027957409054 0.38466302479061515 -0.2134828259121185 0.077026714669248 -0.22946704098783186 -0.043727576303045135 0.013517138255258873 -0.15610512216050607 0.30606880321357083 0.032526313245293405 -0.1355800348210698 
1.5886893814721077 -0.35748849256588144 -0.089823354006078 -0.37556989075335323 -0.25479034490824604 0.7044891174250689 -0.48840578554595093 -0.042063321000489706 0.24237479076789992 0.44619933195365685 -0.2748843798843253 0.015668773569548544 -0.10966332751050405 0.024574848369236218 0.01624931216800163 -0.10243486545432752 -0.06917300946490108 -0.39997850742851426 -0.13813456094826773 0.023610974655365935 -0.006519537747725364 0.134048340355674 0.2933369256753506 0.04173563795572419 
2.6534707507561244 0.8852372031525597 -1.1955870873603485 0.1689413639889974 -0.11381562442469528 0.27547247952596476 0.5710583126512434 -0.5145004760527203 0.740103570815454 -0.8000196449826701 -0.057985995648490496 0.2680662130642393 1.7137363434541923 0.018759138896424332 -0.28476388582309115 0.07057736766340773 0.02337708097953654 0.2889592228692556 -3.188726306407874E-4 -0.03750066508253178 0.08892951852213338 0.03388816949937656 0.057703455699202495 0.07786679166551295 
-1.1013639133586466 0.46426451582116357 -0.23736229281129623 -0.16697244961328628 0.3695202467320955 0.9926062066781525 0.5074568447133698 -0.22579390881494843 0.20701481005024625 -0.005526388792855386 -0.6489127410968462 -0.14988687033662834 2.457941940521291 0.37731186166212094 -0.7540891574881755 -0.00695053827506172 0.3860855458038424 0.8266538846041384 0.03750050226708287 -0.2563547869001172 0.3472425199078632 -0.15379519737913344 -0.15866727397953503 0.09886065700067508 
-3.2875995968551797 -0.6473488712755167 0.7605890488543652 -0.5625340999878536 -0.5391117959140899 -0.8020458182163523 -0.43050237414008796 0.341702924907512 -0.35021477095082676 0.24372530559534716 0.29676487922885614 -0.12701655321824792 2.3270519799275555 1.2466388890515938 -0.7638877590384953 -0.27321028918028695 -0.27957785620197767 0.15493533837068596 0.17484745966064028 -0.41588310077538493 0.2844888358313926 -0.23449020477144142 -0.16439234189721239 0.14957702273765108 
-2.8146012662861133 -0.7231310403382061 1.1943560503510922 0.011019456060257449 -1.200398896575076 -1.2367133875161875 -0.10012694895153385 0.29889933921974565 -0.25419359807254926 0.3857124488020486 0.023742004615606438 -0.08337181429123307 0.08754682975801235 0.9865748287841032 0.1615141263021285 -0.3269775658412163 -0.5652654089662167 -0.1250128956622223 0.20197284506991972 0.13473041403081665 0.20227742566650717 0.1741615008474738 -0.038300261569323236 -0.0868476982263366 
-3.4710665125628086 -2.2609816859225367 0.38021701817394304 0.8995762786930863 1.5098775158348234 0.9253262615110769 0.3503078305017745 0.47080220225608743 0.11724126738267382 -0.29216844946579784 0.09886365718692036 -0.21392238317141166 -0.9736243166556844 0.18487439261664562 0.3751617892468218 -0.16090435067746064 -0.34434387535459754 -0.3987097129975301 -0.05463681974256431 0.31088926127366795 -0.05356170096445876 -0.04901852264125898 -0.05948193267728188 -0.18211722591347643 
-1.2722709447788692 -1.688643563207636 -0.5317186563774706 0.08290505856989255 1.040821817756289 0.5039588538011046 -0.4888667928173206 -0.694534789581686 -0.6335454861160255 -0.26006401380470423 -0.4350613453679085 0.15410913931896336 -1.1927070304729293 -0.33615279645068147 0.5144053110592335 0.22517470990971356 -0.06561285370442656 -0.32754333900257604 -0.2863460888117647 -0.0889351346535507 0.01773597836355319 0.0608242823295 -0.15939606196700268 -0.0041574914168169596 
-1.1378918076417486 -0.7192157876907386 0.49814103447818103 -0.11576384921028926 -0.6266905270159797 -0.4762527998824082 -0.07222199297950166 -0.09424779451277596 1.4627596428762324E-4 0.7136691048225006 0.7046123522524592 0.3005946477170831 -1.2174583681811557 -0.5637980841920723 0.22874141602288697 0.3986850464190897 0.9980519459104841 0.428678270448034 -0.18664293604063642 0.014066936518366916 0.013876445383504318 0.030099782906281385 0.111572676790978 0.06514709616257837 
-0.40306752732785567 -0.48555560010206067 -0.40782189097872723 -0.15683460971719546 0.06472368596360512 0.44670616018828313 0.9701762292243984 0.8482297415648294 -0.24885403745401571 -0.2996791753306006 0.19905584298384502 -0.32815785548502957 -0.5735347896587873 -0.6219674671779448 -0.17276388244205984 -0.03209802043267976 0.36873887076865214 0.13396699484618577 0.03723361427776258 -0.1260131025485116 -0.38775495952428213 0.051957914928301374 0.014082619929332518 0.06458621999283362 
-0.2532931167448482 -1.1711314148991074 -0.3679556125940896 -0.1766090264206387 -0.9962292560002867 -0.3320822030266143 0.18071512760282432 -0.34278087287227105 -0.11673379309884402 -0.3626602174216938 -0.5529129673618904 -0.16823017425715037 -0.25477196881874636 -0.5129573793388279 -0.19046910855572616 -0.33522512507011726 -0.41266181244955286 0.1131264366056897 0.39532711432873335 0.29267140481062315 0.1462785459854916 0.14510849995642458 0.21241192086474772 0.10202663332402655 
0.006034078749042937 0.40321665193038303 0.4196213144848442 0.20962170847310654 0.11937456994248596 0.029972570834650325 -0.7270361959417713 -0.19222894275640368 0.5881594269883866 0.12222690253248883 0.15145345465126875 0.19476289032757924 0.04395528975793406 -0.16515008414582844 -0.1164710682140841 0.061972152380963645 -0.24181834667747362 -0.16455444297339414 0.09636355936861747 0.09670010263687334 -2.0073068875331446E-5 -0.09449623598610728 -0.1809703366321582 -0.3267955267801008 
