0.0 0.0 0.0 0.0 0.0 0.0 0.0 0.0 0.0 0.0 0.0 0.0 0.0 0.0 0.0 0.0 0.0 0.0 0.0 0.0 0.0 0.0 0.0 0.0 
0.0 0.0 0.0 0.0 0.0 0.0 0.0 0.0 0.0 0.0 0.0 0.0 0.08335700190829994 0.09408886926431397 0.055776245949977134 0.055919326319367614 0.07681948081605085 0.07486875916883722 0.05029085550552261 0.03122664823167931 0.02046295037977462 0.004803056553276054 -0.017731972353829617 -0.026254928123505106 
0.0 0.0 0.0 0.0 0.0 0.0 0.0 0.0 0.0 0.0 0.0 0.0 -0.09349100633975442 -0.0977564291673811 -0.04616994799910281 -0.06370416355903347 -0.12310055533737747 -0.13381690794601772 -0.08817645482133969 -0.05192417469237239 -0.03732058939870576 -0.004479770801257864 0.06350595634766215 0.1110487987678918 
-0.2500710057248998 -0.2822666077929419 -0.1673287378499314 -0.16775797895810285 -0.23045844244815256 -0.22460627750651163 -0.15087256651656783 -0.09367994469503793 -0.06138885113932385 -0.014409169659828164 0.05319591706148885 0.07876478437051532 -0.04233583078769051 -0.06858593607565255 -0.07457817110261374 -0.05231966250146127 -0.018443701341317092 -0.004727287441248136 -0.00820848930653382 0.011330245845056588 0.03872999337618818 0.029424047828379093 -0.01958241662838849 -0.08221452744363773 
0.40550852188171316 0.43440259139861426 0.22217421292227413 0.2749914801561518 0.48453088723620874 0.513753862591309 0.33996564772230303 0.20261249642463613 0.1426561937657792 0.020643897233687675 -0.21711582757373088 -0.37252878848893306 -0.030075043714148524 -0.016375537241395805 0.029106051033904106 0.05377065003599087 0.08982038517945116 0.12766129710213914 0.12052450438763633 0.0567227165584727 -0.0013080803386437273 -0.029577275377956843 -0.05310063985798211 -0.054390914359324326 
-0.07574676857778506 -0.011443487472349467 0.11264740684670416 0.019463247426307895 -0.1869343395941531 -0.24269506897191007 -0.14535735594155005 -0.13529698574748783 -0.18751807701145415 -0.09859409210198111 0.1673051636720309 0.4329079765753797 -0.03521014703240155 -0.05969119793524654 -0.08595835330590645 -0.11058565028434347 -0.11790163075554978 -0.11637026753651837 -0.11933386917501898 -0.13064303321860762 -0.12309163559694902 -0.06420318009120489 -2.433595825022857E-4 0.031096794524399774 
0.0030630125688881904 -0.08628494843610879 -0.2273062254500301 -0.254922563300178 -0.29122320696535325 -0.3739394955737182 -0.3643311184504179 -0.14935962914919315 0.06698885395199633 0.130824287354947 0.10224729626867529 -0.013898853024459229 0.17444959718584027 0.21302138255141226 0.1537412803064919 0.1261277785790146 0.09722767316627917 0.050621829312111344 0.014565368297099127 0.014025220853110032 0.023666828854820784 0.0015861510944570588 -0.04511645088805746 -0.0624950515178718 
0.056782190028717316 0.15715075593015926 0.31528654125394007 0.42895599362309245 0.5111234969192778 0.5683512041855571 0.5592774240948496 0.47423521774769956 0.3457197255584147 0.12311017555315686 -0.10575556611220738 -0.1938405669349209 -0.0301207094641045 0.008665854398437478 0.09036670025096886 0.08170058585509914 -0.029913439387481883 -0.11735540069997374 -0.08551781318358546 -2.3473724795533557E-4 0.04106820043878457 0.03978093297738756 0.07560492017346565 0.12758441829214126 
-0.18410474897905882 -0.2889586779568769 -0.34036919520081954 -0.3081382286792843 -0.15618105051934425 -0.04363476192375862 -0.0560478471871942 -0.14422926788228765 -0.19496319408361756 -0.09496668987725249 0.054763889982560654 0.12833063781983264 -0.08295315315751406 -0.1350760363968113 -0.15529208869859815 -0.09978290728143567 0.012978641750048684 0.06212761059294806 0.04335031162663903 0.060812984893583756 0.08472721557191058 0.049481905351019505 -0.018234804552760497 -0.08529787910784435 
0.10819924058850194 0.06389581409272216 -0.1019212090308077 -0.19903067744943637 -0.16471509965471193 -0.05578123369696865 -0.04294555202240553 -0.1371579546370746 -0.17974665431000092 -0.10504140241804405 -0.03576789370530872 -0.020960023723190002 -0.11848853281065012 -0.15108480984014902 -0.10047731703991691 -0.03772090588796254 0.034702929646708736 0.10941725016003774 0.1614112889457254 0.17236223445680673 0.14584742015813867 0.09437639043414098 0.040031921269217646 0.02333125447727759 
0.22621394676153805 0.3655706316730436 0.44717391578813825 0.3584194940803934 0.0077601660714955445 -0.24825610841129953 -0.1932705652717074 -0.026101997637557356 0.07554039717047242 0.09645436028748894 0.12195787372350747 0.15555451269320836 0.04743623035372805 0.008635440082421638 -0.09586006543221633 -0.15592441820482203 -0.13958297192274405 -0.0949558202773876 -0.07593079726928714 -0.11276221223907316 -0.1588848449427138 -0.13828770207228766 -0.07690696768972012 -0.035045658550050214 
0.20708844059036924 0.28314053063564604 0.22294693687921185 0.20883984990714122 0.3250440996837317 0.3424101269492143 0.14365491629993 -0.10191512074508578 -0.2270743305430463 -0.2557295208316368 -0.2594483217903337 -0.27744626780344156 0.49790438363343564 0.6968542442342195 0.627368654359923 0.44066022799743676 0.20041846495967616 0.02743601956647286 -0.05767659296322999 -0.08709513931274061 -0.06457334562868887 -0.007582295420043776 0.016750195877398205 0.006387103105979767 
-0.3758580400411766 -0.42448735647560376 -0.21522307185918033 -0.044300237743106985 0.017688265579666074 0.04213701858531271 0.07844431045949948 0.1764359518889374 0.30535517886104646 0.3952404755464069 0.3973250070942335 0.36171073551010907 0.2825323621199396 0.25195991263632406 0.110539937191464 0.01930894449630351 -0.061620882975034284 -0.0852739248618483 -0.04523121166064644 0.011979024832405323 0.05351705512486641 0.06590201339688162 0.07610951713122378 0.0820906420439532 
-1.0844779169104477 -1.6316379245356125 -1.6528286782869173 -1.3196514955299965 -0.7709345442878258 -0.28328585589469335 -0.005773210998319012 0.022858488537899874 -0.10093400826922133 -0.2316875737873717 -0.22370204802286636 -0.14319944444957966 -0.5945140439349762 -0.6255217461936731 -0.4536989060929495 -0.2991580039867662 -0.08986546014925283 0.03653655868484135 0.01328987998118506 -0.055507723751854976 -0.0631782765310041 -0.029728332743737346 -0.007076814255121605 -0.018557098376418512 
0.02440003915212774 0.5670801213497008 1.0534419117968108 1.0647383333100517 0.7406121369823772 0.3204136575961992 0.017137133359356405 -0.12442587677626615 -0.14808092934103928 -0.11327265342528847 -0.12424381455389755 -0.15784082511558217 -0.22248898949905857 -1.0953793325591974 -1.3228493714360183 -0.7811879293133955 -0.025246910535824008 0.3634777793900488 0.24777652406387077 -0.04264348818246971 -0.18133042199367846 -0.11523621301515231 0.008036852677301717 0.06166801857623517 
1.7905015327986455 1.663922030304013 0.9497111633300648 0.5517945763408605 0.23317854443013464 0.093662131389247 0.13443886490644635 0.21503896484308094 0.18917855315100884 0.08771204188542292 0.022566531799096623 0.038000807638659595 -0.7708615259413439 -0.3637251919548435 -0.2047422060452846 -0.29412424693271894 -0.32113171454360034 -0.258001873905577 -0.23031831724600682 -0.299521689665007 -0.2701843623694418 -0.16987049131593301 -0.09164233150884894 -0.07920064063261734 
-1.1458807963985476 1.213870663782176 2.452055121640384 1.3635405142616508 -0.40862754717184213 -1.236770313226804 -0.7349912996844955 0.208276178283756 0.7042901641319668 0.5812493067554665 0.25008015915134685 0.08610655373728393 -0.8009477816991106 -0.2317283862428677 0.9145219055578155 1.018074523250048 0.12161173096408524 -0.5040892843922121 -0.32121268324748514 0.15900509502595994 0.3764855908476927 0.10763163028235971 -0.22430571507329888 -0.1883256429738467 
1.8132470786889219 -0.8638576198873196 -1.7379086650728501 -0.5866798452076392 0.7670804414200849 1.2693117512335392 1.0612459572616273 0.7550725300029097 0.28343353210260125 -0.06933707992995014 -0.13593704034894172 -0.027571211978160703 0.032711132642007236 -0.27811029620405875 0.4115197328516991 0.6379478267527342 0.27583446939711725 -0.24497473652484084 -0.19014673871306154 0.33753207370938326 0.4459716083021425 0.19427921472435794 0.0016822632577484693 -0.025496488994449524 
2.4158706113043213 2.52615510517397 -0.34631389067517837 -1.420248025665843 0.10882599559514627 1.2448567008506894 0.5173716369242214 -0.8714579444340604 -1.3246651913599135 -0.3576429833646811 0.6279251167400183 0.43992211361436817 -0.8965746696667708 0.02969940283444572 0.1999015737487119 0.1253559353489381 0.029627738264018138 -0.09006246700464111 0.1328871838043516 0.4396687233928467 0.4041948382349179 0.2083493405608027 0.09462638330461115 0.0725265619484205 
-0.08850756897881062 1.8421106982202922 1.1143364709327486 0.029845366046404642 -0.8530516351447113 -0.4122271660749772 0.07869761274127257 -0.25769019492616074 -0.13425859400947848 -0.025679457227577057 -0.1714027367684845 -0.06241750531653395 0.573137308520566 -0.27596405385064315 -0.7716407158009796 -0.6411102734695339 0.037530816398672874 0.7259222329181944 0.7578122746611579 0.28667439803447625 -0.21252507669244428 -0.13513798264880558 0.22774482133361595 0.1943978467297587 
2.494720536435631 -0.22821170377496713 0.426227832391449 0.6792101025878146 0.31255527631850155 -0.1258134535586224 -0.6423786788373731 -0.6043486294302487 -0.29944828751674724 -0.0656275262781282 -0.01606614255271524 -0.11404998543879094 -0.03744014190582486 0.8659631956542123 0.2276326986626039 -0.594045031826352 -0.2998642847725423 0.34680414547394706 0.38746790108889445 -0.4118881534415704 -0.5712980948781143 -0.14675226460888874 0.31861023667274163 0.2595017256512249 
0.05441019056156904 1.3412179461390785 0.19074262079677506 0.28692191107413345 0.5526233518623886 -0.2231198703163879 -0.6323157088410494 -0.23850532160242488 0.408400310258351 0.19006913947319015 -0.4971758747034227 -0.33377870264085735 -0.3759129347922909 0.12840103345320544 0.45592053132326466 -0.3983094264294182 -0.3159965271953322 -0.17262074858525359 0.1504333289453847 -0.12336409288224864 -0.20803307135748758 -0.014688111846094407 0.17242104416423146 -0.08069401154671445 
2.456732157251606 0.1787118942519399 -0.5674150615950033 0.23334879729934865 0.3055813564092231 0.10989061654955351 -0.2895254055513009 0.35461407922878296 0.11789964114051488 -0.025260487888398464 -0.16501902431073745 -0.20290246467714493 0.6345042252466132 0.3107930104800145 0.14603608601363197 0.0896258636883674 0.3783797626267021 0.36953986425561824 -0.28261109152994635 -0.27636922155575316 0.018647764903997794 0.25375059227498103 -0.1955341018345533 -0.16373729653606053 
1.0582254249900744 1.2534457988472223 0.24339632395618072 1.447704297978892 0.0984249063959246 -0.012216955373304361 -0.5490290107379177 -0.36707927060893064 0.2811666557343532 -0.0017986408841587087 -0.6141894283821678 0.2240907689427864 0.9847723871429044 1.2917475906953773 -0.09667647511139303 0.48003955659509606 0.15138963447276713 0.16863795096199577 -0.6323858084451839 -0.18395884784866365 0.15373494305307758 0.10854122135822297 -0.2462613350904147 -0.08839144776248307 
0.08930024348153864 -1.1167046615690825 -0.03820727722914974 -0.170058681929667 -0.5954847888283727 -1.3398845037970188 0.16381124670090008 0.2890460097402636 -0.2917747549667417 -0.7309454129243969 0.6290429397903172 0.09822716837756879 1.8451557608986189 1.280718339697627 -0.11796308035603713 0.5794145818016175 -0.08440862870020593 0.07490295584813662 -0.3837749393979593 0.16576325666024866 -0.03822197469859558 -0.04778759440637792 -0.21106799540084453 0.14716374957615572 
-1.7161910139821104 -1.8863165480365423 0.21616815394802735 -0.9514930190966469 0.5489875210628852 -0.0041461630290891005 1.0381733903684018 0.34615525668782565 0.15203267915274649 0.21728793791652046 -0.15542285148270596 -0.219169175880765 0.926782404067359 0.9293593667814498 0.2450607565511246 0.7344322799425697 -0.13934628413994998 -0.17355074073492613 -0.34336754144281195 -0.2174460151201568 0.06546511453572212 0.04907436871604457 -0.17935850356830615 0.09627443074030728 
-1.6915269059581575 -2.0935619513990584 -0.19991173552281527 -0.30529628956773436 0.33352593517636064 -0.118853647166964 0.06819821208941734 -0.49929295440034116 0.297132553527105 0.008559005930395713 0.23880167344206527 -0.4227637409938363 -0.014120027037847796 -0.49030902246325736 0.07378212680757852 0.10128548939425741 0.11719728113934998 -0.3845287871288043 0.12166508728736625 0.1646845145866611 0.0748585901227406 -0.23536098207954584 0.19541938236795184 -0.03959128825540703 
-0.8317082124921549 -1.046203656582139 -0.4109337165503604 -0.6879737380297832 0.05195839681340786 -0.10208016148355348 0.5288801308962596 0.6794282568218422 -0.20968234211973655 -0.5187739564596887 0.11900671549687658 0.19576293140756706 -0.35156995617113324 -0.7128513463946838 0.27058447449004736 -0.4568323706586641 0.31417144327908325 -0.1350993753148966 0.2278825234682389 -0.2139028874714397 -0.019608979072817 -0.004077913710553697 0.1484182406888652 -0.1220033869061039 
-0.3105810761498957 -0.06583403990651204 0.053997277597308546 -0.605674790645871 -0.698562070121684 -0.13733114318337386 0.05346261457487245 -0.37164403408672797 -0.33549301469872195 0.3431684805023453 -0.09442999080332948 0.009534979499623841 0.08189918497636284 -0.4821239495468573 0.3288938092749592 -0.11407104176407111 0.3538267525903834 -0.1771677618681625 0.22793973375529641 -0.058749450453644714 0.04339810117931492 -0.2114501328662011 0.04035933056711097 -0.2138835495200753 
-1.3519540603728415 -0.761626464598764 -0.7225397760821766 0.5691933434184139 0.12251719387465765 0.4103907109238056 0.3618936187209576 0.9240394589453381 0.527172400484111 0.06221694176220677 -0.4340617414266041 -0.06930837540918339 0.19914684912706573 -0.32366498166763197 -0.030121479056733458 -0.28335236135214575 0.06945770039864602 -0.110342679354874 0.427035246436357 0.33762689050499756 -0.03832309805854414 -0.15568533867164647 -0.07173983330993355 -0.04418477842049292 
-1.6771015369469024 -0.7894786987501741 -1.0307901335817848 -0.5916667049996196 -0.7632337211254145 0.1564142022338439 -0.5321277330888209 -0.445350204101155 -0.2014891213127635 0.35241395541805126 0.3942579102024727 0.3514225609747648 1.7480156748652569 0.4126216359428319 -0.3158874906104723 -0.44928355404643766 -0.389960782529121 -0.16771509048806887 0.02575660740774575 -0.11173923108156093 -0.04177580613624276 0.1864268656910034 0.01314659691184806 0.15659094522868328 
-0.7458885294748487 0.28661361784258776 0.2218244262093867 0.15507930320352825 -0.12407887888066493 0.08207520387245965 -0.4594304345809648 -0.29659932968593705 -0.16171499463708333 -0.05634067790260233 0.08988226492377616 0.15737347593147533 0.3167733818656015 0.2244225871489427 -0.6422870188430568 0.4110664105264883 0.0018859804024867384 -0.25242036344791186 0.003892520918076866 0.4010778370084533 0.18385607955768635 -0.013429444508719255 -0.068434886430186 0.05892237306614017 
-5.857660866194664 -1.8278189889556837 0.5294776482829437 0.9492328916008849 0.5946183138433403 0.5299718818065057 0.3868548190025964 0.5738930534735924 0.13427810127060347 -0.15683330673826026 -0.3958417847140638 -0.5735787818567554 -3.0207953206498495 -1.515082292996155 0.06330383171803329 -0.37630289976047376 -0.47706894281729695 0.2828330044554322 -0.18000518692527998 -0.12300527118719125 -0.04821826625971845 0.13769391617636687 0.19446477993607006 0.19442238471650267 
-0.21199454134576534 -0.9157240809428373 0.42418738951462953 -1.4344556864613034 -0.56206676481718 0.9808729614812102 -0.1092752200789816 -0.7888156808673954 -0.19227944948063153 0.3571289063665203 0.16629276532222215 0.2164251768081562 -3.8776239667000847 -1.7781173417309344 0.17030715849565806 0.029472183997404644 0.10286987169723101 0.5193393537620631 0.033933596602773765 -0.10953388009828337 0.016038139784406658 0.05469579824101756 -0.12322999665226408 -0.166255941023037 
7.118337430938103 4.356937029631004 -1.321883110388506 1.3320094891142173 0.8869670502947338 -1.141483689936828 -0.16718977956397252 0.1697737850511479 -0.04155209511183405 -0.26740258524561067 -0.22734167980496056 -0.2613704436130837 -3.9233917240635505 -1.207965209257734 -0.13119547373239618 -0.11811417833416345 0.5390890948815926 0.7888596379679814 0.40913165125738543 -0.18964427591809838 0.0025583117766003563 0.028139927546577043 -0.2034489349915952 -0.2719813812289781 
4.3989842220590205 2.528587633742047 0.6365833300581374 -0.12472554754535192 -0.5788628621980547 -0.6402150715420629 -0.2842089251060016 0.23406194482013531 -0.12191431579908454 -0.1651434333719798 0.37532220242601677 0.5000371298787505 -0.2711977796735073 0.29463024692226786 -0.024004627487631363 -0.267292455986734 0.15681031476785323 0.32717921061145566 0.24104303475607083 -0.32879895134916576 -0.1109901495106732 -0.030901413336492007 0.08299471287800193 -0.037215130156816455 
3.6070249242935937 0.07392078147507597 0.8168660992083783 0.6487103571453994 -1.014250922111 -1.0260630155858017 -0.7530732822560497 0.6313870683841222 0.09142059910002892 0.019883080491258642 0.10999030170882437 0.10055938529488173 2.440417672709737 1.4160680220369875 0.2632315614454222 0.47996388261116163 0.17071864096070713 -0.4138273675112423 -0.061479432400297886 0.17139841596600322 -0.15659469375147358 -0.11902874846912377 -0.03789638451605735 -0.05058972772796803 
2.3572550509970114 0.34189330236832305 -0.5731733328209185 -0.29092875251669237 -0.08188872291787264 -0.058375007528669975 -0.5394625730011555 -0.03322546848638536 0.07420465194545656 0.30619031350756165 -0.25135736406867615 0.14710565282462285 1.664090149065751 0.6201555933625608 0.7548606175821195 0.22114048996952584 -0.4406360958504992 -0.4495862628169445 -0.2646562487575382 0.35905472150357615 -0.1873946074407246 -0.07634748847978846 0.1131863313896266 0.1600823531869729 
0.8179489983398973 1.2020801292069034 -1.5066994632852446 -0.024780556233597206 0.12632405777252131 -0.19092161940979757 0.1448753415844981 -0.2107777561936014 0.33017250227031614 -0.14598321327801003 0.19968725699055795 0.0668644780978842 0.9521640734043894 0.1373760531866847 0.40457795888122633 0.4326308004205224 -0.4899328132596152 -0.4571675072647296 -0.3794485388559871 0.3924376305316874 -0.13527992301024272 0.04048376094689473 -0.04105285421788188 0.08651772499146038 
0.8012517378386157 0.10404117978845129 -0.46621574144140965 -0.45140156076443116 0.17275793541168213 0.29097301882076865 0.060785509246338965 -0.4220198074017313 0.3208935549379457 0.14683217895201994 -0.009085269383729833 0.03663752391633057 0.1537243154827479 0.009480919065390836 -0.14778302885289518 0.053146977885311864 -0.003345252978869543 -0.24996460362862016 -0.28095030702356544 0.2659264874663625 -0.19966819327199084 0.09942326783472537 0.05861382879026037 0.09765314653837791 
1.5285343606596236 -0.21928131679504226 -0.4503465731250551 -0.5689456399922985 0.328224188503068 0.17076549303366773 0.08514829318816441 -0.3515286537532669 0.3739159166345125 -0.021889135071654686 0.11201281701999687 -0.10375972522535326 0.7911521818045687 0.13112223819292565 -0.5954318791283982 0.029971235713215676 0.369318960164865 -0.14335843985013827 -0.29162503581414684 -0.36892168017830224 0.04835442294952327 0.07046890230399441 0.10446028839944989 -0.19911698577671047 
1.5407894233889046 1.0241312681731234 -0.6580006913423277 -0.1782871442932773 -0.17280302934653735 0.5106752471354579 0.3332518722677076 -0.7606294821056401 0.6513375245793309 -0.0541265290997921 -0.3833616304541767 -0.06054168512889213 2.1831258849072688 0.14005484142934557 -0.44272540481795547 -0.0806951190999166 0.023666684855255814 0.012429502732282568 -0.12596585708129926 -0.4889236861570378 0.43354809268560385 0.06920602715249081 -0.01624913024998152 0.11200427888014743 
-1.9252763898489533 0.34866837043579046 0.37548864905040913 -0.25125147160882116 -0.8088523403429639 0.1293025859832726 0.8835172675162544 1.0652921216932598 0.01988724860105373 -0.25691056616408725 0.07344457232743169 0.712805039950627 2.044464500373256 0.45196638682166235 -0.4948473608785588 -0.3482779015842059 0.02147467514495725 0.10109279701351369 0.17006909437705373 -0.23687259381139528 0.38517393402201683 -0.06446351730817568 -0.033660376955745315 0.12392488722731426 
-4.021220541628902 -0.6000981881150018 0.44904286192472465 -0.36816328765642004 0.6702961452689307 0.2744159641491185 0.03949859332619177 0.3363408633461188 -0.8027363891021363 0.056724813040763794 0.05894624371249732 -0.7076576953121019 1.3319514774044612 0.9382401434776302 -0.5517338649265799 -0.19983774892109807 -0.15533105737469785 0.24347156927812805 0.3162279457437602 0.08688577493479917 0.43683387962678794 -0.2568719850735169 -0.3027057922237111 0.06156762607140862 
-1.8238541579512417 -0.7630657491159667 0.48067373287709503 0.5708261364418905 -0.15774942423953775 -0.014383256513703646 -0.2781823504722388 -0.18939604504496055 -0.05456892859080431 0.11607574578259439 -0.008159989196104223 -0.15197638181569117 -0.4830705850013432 0.44680936958163125 -0.07587507160700069 -0.21362524835796295 -0.23957848820357477 0.07833696853830953 0.47192398318487977 0.6890216065919139 -0.08721703538205676 -0.16556425117101028 0.05700414010253548 0.17544626717569253 
-2.505776124773335 -1.2347221024838886 0.9446083615240692 0.010187298444661097 -0.032361315274156865 -0.14789653945043812 -0.034582155969326234 -0.3939427235409274 -0.621936025705104 0.5299962701474178 0.5655580269787245 0.1871461475400411 -0.9925312602576053 0.1488009358780782 0.40811217244852144 0.0816573875416741 0.19277032994336374 0.14542575024054508 0.012789779325237208 -0.06345598461290898 -0.2539892254643641 0.11335674739137196 -0.020860558571730182 -0.29834478633567013 
-1.2337868432727075 -0.6744477811246599 0.3553311140717389 0.2004489804145272 0.2612118545393042 0.10544793216812232 -0.495214307390626 -0.6366309046389589 0.19113817304870784 0.0031464587956165913 -0.3508737396132883 -0.260935683002522 -0.743325417432457 -0.012673401590631498 0.47343295351894943 0.507583305916252 0.015373873323207535 0.013190205429266891 -0.10265891634930878 -0.24618274898683482 -0.03953948035319552 0.1397863833045717 0.12381440509549858 -0.09663167428137899 
-1.3386604181953534 -1.0908099797448898 -0.7126223460181617 -0.4279468722677606 -0.11749548395058151 -0.22177688091342973 0.10964523380967373 0.7503262469818449 -0.16362226352880016 -0.22688078563986314 0.2928847946362799 0.241856314288324 -0.9452445201437323 -0.3757301673554587 0.3764831087895623 0.10164085648629773 0.39926180022484375 0.14714329695320796 -0.009308298491422859 -0.18585825234175127 -0.19807058080707798 0.19156847106062339 0.2770994742398506 0.0038952106101589425 
-0.17743575894286168 -0.7970016057135716 -0.11100977390863787 -0.7328566959506546 -0.16130395987094803 -0.01701370207000852 -0.04231929631381248 -0.02298228334584229 -0.16510736861936964 0.07515512376251984 -0.24326658831137773 0.11056355765430437 -0.4238600154037451 -0.4512849063043444 -0.25947262472662735 -0.04272221839136292 0.2155872553712408 0.10143715600072838 -0.1469060462159296 -0.003880411373196576 0.16071873610247225 0.023628235206376396 -0.08172067299286392 -0.04925585106201552 
-0.19821810650706095 -0.04625468812305655 0.04832947914557062 0.17191756716835882 -1.018888808743562 -0.5280956131909966 -0.23310476603346442 -0.14319227716223182 0.1503984875501687 -0.08071347551790402 -0.31954397139178264 -0.01028910461884891 -0.04025569704689843 -0.28679315826048973 -0.2575151009526843 -0.34985306590798776 -0.14845319212245311 -6.236765208879799E-4 0.15161641210111218 0.23798701604622616 -0.11719067506492153 -0.02958762728325212 -0.05373985831371586 0.08197206834967245 
-0.5324279529056182 0.15712929197745673 0.7532730756697548 0.028683415870556228 0.065146750822072 -0.04570416969527935 0.11687883117873188 -0.17823040844733073 -0.4480284107981934 -0.14082190188449215 0.20050266237933473 0.012904579637111002 0.3905616389418143 0.07388690851615953 0.10065363587012409 -0.3334771161919788 -0.3951080452075526 -0.21106142121257976 -0.13789150767921057 -0.16431926393630886 -0.1562238500602893 -0.06769268738780196 -0.235361805504782 0.009781384985044947 
-1.04039723007328 -0.7074959538089347 -0.37221846794930513 0.24084226954559737 0.21463873707026782 -0.20556061753813037 -0.42480306623993497 0.11398926139391075 0.3294102827553763 -0.030129390966600778 0.23221974423207128 0.04476959824790333 0.017798877116659062 0.1558308203520243 0.018360978994867033 -0.18675212076125414 -0.6358859679447592 -0.5010720981481397 -0.3468781147339908 -0.23339510346986195 -0.13673653100802843 -0.18257404213676742 0.03654507146660826 0.14746981227881384 
-0.9280311139851949 -0.6880416984191111 -0.20269670797157224 0.23311230143666262 0.40725640284479486 0.45490306374129763 0.46720437682705457 0.341384739185013 0.21405828395889448 0.2529411436502741 0.1869369703910413 0.053690051265793404 -0.4093346199085035 -0.08932452542924858 0.24068476333428693 0.10900948504901659 0.038848755573504846 -0.19371115022691074 -0.2492236890122361 -0.1453765390952859 -0.014116741318692838 0.10897041229946842 0.3330288037554898 0.14417302636198584 
-0.05381315731724978 -0.09116165398084553 0.47123143398163303 0.6299594866690681 0.717714269079354 0.7248170645351342 0.6323668053443467 0.29718545943118213 0.22956473319571008 0.27012712812501516 -0.42239633979746066 -0.4730912772696316 -0.2027298128017466 -0.051562382576734324 0.11677655027969647 0.2507907142678252 0.10949861843372188 -0.07001018646191663 -0.07607765081975856 0.04982401278617752 0.19278537102395296 0.15266889525063418 0.12535269309691033 0.004403102934703103 
0.20228387044187723 0.1169357183511579 -0.39050616529857507 -0.4929036478382289 -0.30293728190298563 0.07024043994882057 0.3359649624232993 0.1663011098198913 -0.3557554120622818 -0.6178613983287055 -0.47127570687236875 -0.1606840616900791 -0.16182569474959832 -0.15837511900791476 -0.1367019996690195 -0.046688944104145626 0.2106260185471119 0.3766538035443985 0.46047540513056595 0.31935925981553287 0.15349331331786056 0.092570057338404 -0.0940970322203815 -0.15662473670006674 
-0.9973652838815763 -0.9552975144638662 -0.6286433901248931 -0.14852189862043236 0.24123972414299238 0.19680125374385804 -0.13095040657878165 0.052059037717939016 0.035961017694105576 -0.052734805729013484 0.18526800357304535 0.13874734592173027 0.18215587973340241 0.07686167413814848 0.07354066419868388 0.12463807659641106 0.28773725348274015 0.45075412486037475 0.4286655372379606 0.22173100661210685 -0.04444620250411826 -0.17946041831891069 -0.3780127943165625 -0.23919640474011397 
0.02922203354576336 0.2191515888461435 0.7573467030887493 0.7624198263938498 0.013615619671639934 -0.4110504414962598 -0.532563232603079 -0.4941298294049641 -0.14961979824388502 0.13666193856207642 0.1653958953669328 0.21764494977031268 -0.20829741067248783 -0.2653618072002299 -0.30044392884195714 -0.10420430262689047 -0.08869015709737275 -0.12186822428932277 -0.05653516884888284 -0.015778429116094967 -0.18029856915796316 -0.23632073628334951 -0.11710426751879566 -0.045748807700709444 
-0.5137498780694001 -0.3728546116427838 -0.3233169928080808 -0.3716164802362044 -0.30377394215617926 -0.3867998693234499 -0.21936570885634582 -0.03779209079271065 0.2598355337988665 0.4312467146363562 0.393306242032576 0.055333431220514484 -0.4285423567034255 -0.35090168903473984 -0.06779308566721971 0.03938082162388581 0.024891442625012083 -0.014195764508440567 -0.10434035914478652 -0.048934197394524294 0.0012206946355913795 -0.02968152485684947 -0.001494418996175621 -0.031402801184559015 
0.5853683995532526 0.6217996885413064 0.3581624225688902 -0.06874344914967145 0.23564002253871844 0.7276456743504429 0.54977812010873 0.258561961423501 0.07320303735922729 -0.1508899496613417 -0.2239820235457471 0.01826931876265714 -0.017381052038085116 0.015040573492309436 0.14355484187832104 0.050252221793989506 -0.21089778072777335 -0.39302902824492136 -0.33802286265738185 -0.14118091780692288 0.18745987292679245 0.36398746092987827 0.27106482790663383 0.15783195656981402 
0.010188603224955628 -0.10391649720722818 -0.22567199286330442 0.14891727427967083 0.05555319483441688 -0.3299595106541716 -0.35910000550032656 -0.17748426551272065 -0.07911248401422472 0.180085712953244 0.38444022001791217 0.3326435649792351 -0.1789974485405826 -0.1572032929677735 -0.0126774661245365 0.042788880703938714 0.15773418807524983 0.0851954105185178 -0.04925447826027416 -0.06111138192304871 0.09442505682976192 0.16941815454955086 0.14797175849392527 0.13729452281488067 
-0.18060405098715915 0.03956081115143739 0.27785967748139795 0.3513962837539436 0.466645393359662 0.739616463903865 0.551372503691057 -7.409886241904334E-4 -0.5425254081177168 -0.8297199433860023 -0.6433655773456368 -0.3945059868184897 0.36317813474614 0.30221978859707427 0.1481325290579174 0.08438411116056183 0.16377665744253575 0.2659582923658114 0.1718763487078546 0.008152821900728005 -0.09614018569023038 -0.10740273439123854 -0.02749931145234887 0.09396067585737115 
