0.0 0.0 0.0 0.0 0.0 0.0 0.0 0.0 0.0 0.0 0.0 0.0 0.0 0.0 0.0 0.0 0.0 0.0 0.0 0.0 0.0 0.0 0.0 0.0 
0.0 0.0 0.0 0.0 0.0 0.0 0.0 0.0 0.0 0.0 0.0 0.0 0.05265796487645661 0.07857996119352324 0.08193591796056077 0.1008039385616547 0.1355080663307072 0.10488720890226592 0.026387721702979965 -0.006374192347660318 -0.024305863869781102 -0.030644479180779356 -0.011582080533422042 -0.010750278132119493 
0.0 0.0 0.0 0.0 0.0 0.0 0.0 0.0 0.0 0.0 0.0 0.0 -0.09102394299914411 -0.09039209205249528 -0.0443388641026771 -0.06603636998474953 -0.11461828293027405 -0.09864813531688492 -0.02522392211292963 0.010429707901612245 0.01596944755389205 0.006960476452608287 -0.006508604144048978 -0.0037880883111353117 
-0.15797389462936984 -0.23573988358056974 -0.2458077538816823 -0.3024118156849641 -0.40652419899212155 -0.31466162670679776 -0.07916316510893989 0.019122577042980954 0.0729175916093433 0.09193343754233807 0.034746241600266126 0.03225083439635848 0.01637529870307401 0.0024827152971859854 -0.01581843984943822 -0.021785503526390627 -0.06605102606220697 -0.07571660350456029 -0.028325237776294993 0.0027552190456402773 0.03380716035323689 0.04437353719582985 0.016762372505037305 0.01929204520808848 
0.35205877631211724 0.3890462179477707 0.25592046924887246 0.34931501779673063 0.547116948286883 0.4532752193040536 0.11525334889325883 -0.04085041222632721 -0.0843671384663478 -0.0668481481289939 0.00215269163201387 -0.004761152264773305 0.04509772735513214 2.070170941239624E-4 -0.12035537098260975 -0.20423560079669642 -0.19690608068157092 -0.09211757575670299 -0.021958636870096013 -0.04490765030593189 -0.05217758861891591 0.008467162690892602 0.0588536235792455 0.059990997162459536 
-0.22515528426528064 -0.20197125486544332 -0.08050491507612156 -0.10930099831919343 -0.07540539595682055 5.122008616540441E-4 0.027349038882255566 0.012159548976242773 -0.05923791182653676 -0.0996965375229926 -0.05136346333111885 -0.05549555949187879 -0.07894796089756095 -0.09942972519929694 -0.03356136495790061 0.03511839017556514 0.024754079010488834 -0.008362391131053507 -0.0012885145405808947 0.026205627350356767 0.04789959982536048 0.03695576934365972 9.308740170664113E-4 -0.013325773182314335 
-0.10170248724744102 -0.0175053656399351 0.2784146935450489 0.516151393707204 0.42515884052706227 0.11876581348588305 0.012619808614690309 0.13820446495116478 0.22261051757468775 0.07041349945998752 -0.133506018272044 -0.13609979454326 0.03912645812823534 0.011932609111618827 -0.0207742866813647 0.061167177650452126 0.18692589435940762 0.18289078464509187 0.09610997155804417 0.10306795222861224 0.11986620146996123 0.06359955137041957 -0.0069640662660366325 -0.061546661333245156 
0.30575061984309215 0.265825083811174 -0.15637077115606868 -0.4911851741668962 -0.41980738214367774 -0.12231975040455195 -0.023980851347912946 -0.14902174359683534 -0.22427003588725591 -0.0875646942831318 0.09978297450109583 0.13789747508254482 -0.05921245310175719 -0.07046994999992151 -0.03428198269738181 -0.012578073140676308 0.012320910888880487 0.04080872486574363 0.036112577062756814 -0.010052112734611596 -0.053969632073918326 -0.08847006888744775 -0.1035226105004214 -0.0753127528211908 
-0.030773550126775184 0.1193502212746056 0.3561762573329401 0.35675557276922565 0.15854025830208868 -0.03398115899811899 -0.1474116206657894 -0.26946362262562495 -0.3614496808458719 -0.26371272386018296 -0.05252832848598357 0.08318231444775037 -0.012293794865241589 -0.020373265884376046 -0.0368069068932797 -0.05220214257859923 -0.05479724253505086 -0.07171839763475035 -0.07989481922338958 -0.05061653549868574 -0.03339045950702907 -0.051172812046033 -0.04469800744137228 2.835892437262159E-5 
-0.08298239352034198 -0.05898919832294913 -0.016539748877921756 0.008131131571824657 0.02094116248902478 -0.04554048749357581 -9.729776657750322E-4 0.24614993096847243 0.39470108360549805 0.3327767807994359 0.21871552327711513 0.060801644476188466 0.0663129976330669 0.030031782982302618 -0.14181918202557578 -0.25310688209763366 -0.19862878171046824 -0.06303538955192853 0.017651431895616815 -0.017930782335210366 -0.09227460903799889 -0.06660010988703353 0.0343241464102805 0.10797685866574014 
0.1295454040300008 0.2060215730802546 0.3189199030858145 0.42309966857364123 0.36917629581586364 0.2955313749346461 0.24080032944379004 0.09246823416456812 0.013296336349397975 0.013761198056802676 -0.058878270335936816 -0.09763695601319966 0.0028791488571280333 0.09039605585800614 0.2399870047586956 0.2933314180672334 0.1867022915155521 -0.002257495036867609 -0.11584266106156049 -0.12842810338276936 -0.08382388387323308 -0.017296443163409208 0.02093352526347324 0.0027792588300789567 
0.02665214986550346 0.13239405896144163 0.2877149520442215 0.2349634242237969 0.07076094423083953 -0.09796984871514891 -0.2710411220895531 -0.2761953249863008 -0.1348192173708942 -0.02650132558052401 -1.4493804769033503E-5 -0.0956234656842006 0.031611922600633204 0.108539726553965 0.23637622575277342 0.3458538453189545 0.3450111891037569 0.19078858939055846 0.016665826779167076 -0.029198625916379135 0.03159143720845107 0.11066487128346734 0.12002306813677184 0.007901015525344418 
-0.094228268391082 -0.2475295749416082 -0.5159121074042183 -0.6366548277584606 -0.426476507115475 -9.9399327672961E-4 0.3351504347307811 0.37699331550006976 0.15478212126202345 -0.03218434117997539 -0.0059638957354612165 0.15305709303770804 0.0909964488986074 0.13049904763389666 0.15218242261657114 0.1351222897420081 0.0832234796039173 0.07400836296415983 0.06665548045344137 0.026821934915292917 -0.0024003578724857096 -0.01756231667672191 -0.022286257288452627 8.058318074410283E-4 
-0.06593132511170019 -0.15783280397391275 -0.3082524208912256 -0.4995531562189881 -0.6162660033565766 -0.46964357155956343 -0.0981455106467718 0.19148326804985905 0.2291838795238321 0.023754936567422925 -0.16781086843343823 -0.08824842662529864 0.02989784619285037 0.03277658050107098 -0.030764392391706957 -0.15892709170246222 -0.21761670860681384 -0.1595621905644449 -0.07443633524166084 0.009137874531274903 0.0577828526502829 0.04693648259411041 0.003065148986046285 -0.042478495015484924 
-0.09715220517721956 -0.04036213835375824 0.16035632170382463 0.38499108956900946 0.4630193307978198 0.25934314746437387 -0.04561391763792472 -0.22183686709939054 -0.16150413848050804 0.04132001701299494 0.09187868884375566 -0.10374197096497373 -0.15676962365487576 -0.2565671757967172 -0.33484005111159115 -0.36531578710734564 -0.2895682433007035 -0.1023504019661431 0.09883267634673575 0.16605345124226487 0.08849933887390937 0.0012342497564680338 -0.0034758728787405804 0.06630144732650148 
-0.06157942031997887 -0.0695194008356963 0.041873914665320866 0.2009217406674486 0.27886315109463367 0.2505481526076341 0.1426500598197823 -0.004193857280395341 -0.15002464545047717 -0.2040629524593404 -0.05813123305251633 0.16021155136359505 -0.021924488842525847 -0.04132727911064168 -0.05375358265684008 -0.06298597775248116 -0.08271906421614861 -0.07536087928514261 -0.004249225500635408 0.06169482358641503 0.0551357165867614 -0.008084337817525197 -0.05299248673459287 -0.01767163212373306 
0.3739046501776846 0.4780152508794351 0.3135448781522818 0.10905508512035789 -0.0053363544389695705 -0.05403864946189907 -0.08174537954270317 -0.023328475561597617 0.07888836712744998 0.07802185406400217 -0.050376094789700426 -0.17007723793624324 0.060104839751986994 0.10626564122309701 0.16583344813591286 0.23714188178762685 0.23372768710842382 0.10296057623323264 -0.059272834620131394 -0.14740931120941766 -0.12742237578190155 -0.0650563515153667 -0.023247611236379234 -0.03131020888295957 
-0.23568628626157473 -0.2930396612585844 -0.22358595114493396 -0.1726272207372188 -0.13393096808973604 -0.08687003524099912 -0.06733210319247634 -0.0928553984782825 -0.05641952304043113 0.029657031494494904 0.06229398358706845 -0.0020658967684646923 -0.059886610242840366 -0.04316955998381711 0.04288013058530615 0.11243154687227552 0.14825990109841533 0.14801112326422672 0.09293698182796269 0.008912083370684748 -0.051160593177032025 -0.06100255165147964 -0.02388168590949333 0.01338283176671265 
-0.19041329146238262 -0.24739893181160522 -0.2044140897987865 -0.13966007509153738 -0.031766670935266805 0.11917051268899254 0.2371956677285988 0.26472183712780606 0.17396042766017358 0.11962907958217739 0.10140891423310097 0.07132737974993486 1.2250120861818936 0.8928338283694827 -0.43152204616484907 -0.7150488234917683 -0.1555319101854459 0.10448448455429231 -0.1156106828226048 -0.18736302891497955 0.020888141515682763 0.10243766473752271 -0.024244250866406913 -0.08736048081539877 
0.40023938122857583 0.4226963704612752 0.17221300688493657 -0.012015319843430294 -0.15270139395246368 -0.28008979826049185 -0.29563140929975673 -0.17495526373715142 -0.0440788961857429 -0.041858910263989066 -0.06237867983543703 -6.392527796319492E-4 -0.14599799903783572 -0.18121669422320222 -0.0019634242285394565 0.1247558741234784 0.026623614213148118 -0.07204389158296397 -0.009868535537550238 0.027740196029388726 0.018594424600921075 0.020023511540593463 0.0012579297844103516 -0.02034968314339498 
-3.6190944421130715 -2.5583542500889425 1.410211537631894 2.173895605148769 0.47064458904873196 -0.2708822216150296 0.37923632197875146 0.5798105438127754 0.010053629153057575 -0.19353316926932398 0.08469298952077306 0.09129088251553669 -1.248177484579684 -0.6786351431846933 0.8341760146398104 0.7940122289961925 -0.029443243826274872 -0.1908923224015 0.120162210161004 0.169012657673674 -0.013751820723587271 0.03929001668092591 0.1884848585146156 0.09926475797558791 
1.916648286177277 1.406088080549691 -1.0250084921746558 -1.703672683227807 -0.4650074407211798 0.32428800665990387 -0.10874682370490196 -0.33362033990893336 -0.03024939758963635 0.1261676212984652 0.06687815659000135 0.04900140127891933 -1.5008109953219961 -0.9329215399892027 0.639022091402492 0.7785933689429524 -0.016183455315629102 -0.2549790931403444 0.16479364788560588 0.4814511653384561 0.23155932823602468 -0.11614992650056151 -0.09502683662689039 -0.02244942536738065 
2.795914709802319 1.2968106426982668 -2.1083313841884213 -1.6758680803879265 0.21271608392791586 0.3896585774332948 -0.21673325555184056 -0.16298359780732485 0.20830114053288212 -0.08225423624182748 -0.528674079523465 -0.2512872212061045 -1.9959333299674586 -1.4483686745139093 0.6485090179483304 1.0927310522238625 0.246331296256011 -0.11637142444002731 0.2668297617805238 0.3477937674017164 -0.029861273261340388 -0.16497055987991927 0.022278644733749225 0.03874786193605156 
1.6951677912368694 1.2938785440352785 0.0144181935876182 -0.42291358390393974 0.024813224554831675 0.15457708163637918 -0.4920275641912784 -1.2479116889424697 -0.8378806365837292 0.2509514027239472 0.5293853645673532 0.2379980751833306 1.7564872756267897 0.9514083740039645 -0.9743863248463319 -1.108407125741112 -0.08343546225167674 0.2379973892344134 -0.09530383601300536 -0.3748898641983803 -0.07827852529486627 -9.066974428554309E-4 -0.14015819506281216 -5.162126326469693E-4 
2.4794457952595077 1.8428565417099918 -1.0550288590942343 -1.744677101184752 -0.5132596323573066 0.16308751421681467 -0.22961259311963186 -0.006425083875605697 0.5034530684341252 0.23898661965769286 -0.21339654866915053 -0.11945104024482361 1.5058719099213411 0.4750598982553506 -1.3657044007561634 -1.2045096248035927 -0.13623138035865523 0.0871110335239809 -0.3954348654354001 -0.36896347198034246 -0.06300653911592015 0.10865276524343186 0.07048057714283056 0.0548785686048112 
-3.1945790834316865 -1.721159990968065 1.3714992198172462 1.655953204393942 0.14828680417646167 -0.2764186294350963 0.18360435311800982 0.7127699957203479 0.05701021434434095 -0.03173271432272867 0.3297139763512806 -0.015368051303780217 0.423884503137866 0.29911641322398125 -0.8640965289798143 -0.9180613703200914 -0.0710931499856475 0.06773648205543059 -0.4060833191038787 -0.4790679242062648 -0.03747043539520889 0.28948433132401424 0.1480491426815355 -0.08513626226170808 
0.7231724173725733 1.3791502154338868 1.3102413049652544 0.8982273998739105 0.5596734351930666 0.34382333239708984 0.6317553820997156 -0.03643402419770647 -0.05012466758339251 -0.2668704734487851 -0.6402801168439204 -0.2892398637769827 0.4087050152857155 -0.46428469116645105 -0.5102591529987902 -0.35424474802171996 -0.2648014383974766 -0.01565131512387759 -0.1798155627026633 0.15486675320512555 0.2427258770708869 0.14686890161731994 0.011723995633783854 -0.08908704075690466 
1.3016509707667385 0.6283824675013872 1.4240726984973167 1.0098182765270032 -0.2983738592634124 -0.13900027362005019 0.295538405510684 0.2042965538373751 -0.44868046238934367 -0.3645730446948565 0.29867972061013165 0.5783012737345343 -2.003126516327687 -0.38127035188931596 0.6550189883486935 0.60471306172471 0.24233339989780053 -0.10281495493701125 0.02341032522803706 0.2644588614238095 0.20325656822588392 -0.017621617289710123 -0.16078687499266633 -0.11596273505513631 
-0.9947842776968514 2.060939385974619 0.449461860562101 -0.35887539318612255 0.5044750145550603 0.14133228168092438 0.2538670687920209 -0.21678862254949594 0.028120775588306834 -0.035199920008203045 -0.23305140769992763 -0.1490245804932669 -0.31188616876143166 0.17120432889465556 0.6384110621744067 0.6080902613548838 0.2707847353416862 0.0527337564965021 0.20672608459507055 0.10414119973659124 0.024061762943691667 -0.18346952164737174 -0.31230036372508374 -0.07072446148875904 
3.673778813086086 -0.9182435205704831 -0.16316802302725764 0.4703654157498289 -0.5511141851979368 0.13327176073402014 0.302317534087746 0.009570710624814183 -0.5918822119191605 -0.09470313917388934 0.6084602467572832 0.2624125122197708 -1.01303766269117 0.3353138117415619 0.6652722249837085 0.48692645007587626 -0.40338596374077484 0.09652421871007862 0.5435274535442386 0.2850668926295014 -0.4543510363266991 -0.24953030258529507 0.1420695262478989 0.4371420300927052 
0.4727670024971946 1.6388502227858552 0.18862847920432158 -0.6563169538021536 -0.1263106078647298 0.04948604573054838 0.008187564025972954 -0.2514947018011997 -0.05070908164955909 0.14860313873284647 0.1417307112577551 0.08087790144667617 -0.2935035994768693 -0.15781360928641033 0.2810804249839922 0.10751775877216609 -0.22190372414764617 -0.21700990136113807 0.4374432181695697 -0.22613895922796048 -0.34426855567505726 0.26226994818187505 0.25702632682127946 0.12003159882667563 
3.606988318743225 -0.16651438612891667 -0.4413272857749191 -0.30224029339261 1.2271768431688073 -0.38264981177509805 -1.2122042027390076 -0.6335510844252772 0.9537875752096865 0.29211633369050394 -0.31491991761240645 -0.8480760575135528 2.2303717181051623 0.2500634926386181 0.09701823963736962 -0.28618140044591284 -0.09318992702809482 0.1685845524478569 0.14256354196482782 0.016278111938039668 -0.1699290156181478 -0.0063312997117531316 0.44087996963382686 -0.026293393272358745 
-0.08087823209481293 2.1585156466130666 -0.2546997830160449 -0.29512581493140133 0.28104067281462686 1.0503227720188977 -0.3012017173033113 0.7831891526594312 0.2880915490490551 -1.0154195009860247 -0.5424403059789212 0.04612490789336793 1.44894248602298 1.495615820931001 -0.0790583579499972 -0.742561358587389 0.6604645796858857 0.05500632681644165 -0.036968084009381647 -0.44709420068846684 -0.05573488888493578 -0.11689711344014686 -0.36361686110746577 -0.07069299036497594 
-2.7405137239333976 -1.9282667103999431 -0.23255861082918328 1.1483140476521911 -0.4752200444533306 -0.8729002597537252 0.02932154885790461 -0.5566055524196203 -0.2514954804140241 0.5063020798208057 -0.3720941535258593 0.3586691888135012 1.8372696872733616 1.461307581657983 -0.3617735300840961 -0.6524272616123808 0.32456596214199945 0.5136385016770623 -0.8445414591813766 -0.29692085364358695 0.3439223153883077 -0.34919295539726475 -0.270958251048143 -0.2794366193635987 
-0.7003094342334348 -1.9671210778716341 0.32141921558144526 0.846089951437613 -1.256505903111318 0.129592289270537 -0.5016710597443382 1.0513151342613722 0.7191371128171036 0.39220160598813614 1.261168412536879 -0.310415750621923 0.07755274035102995 1.3814801751963124 -0.5528617451242842 0.2582389429177785 -0.16739183697279283 0.30050131227751437 -0.3549163068608172 0.2903825142861838 0.3562321195921969 -0.27153151621499183 -0.12402760665183621 -0.04513165298025984 
-1.595105142007549 -2.487618768860516 0.35593380517862405 1.0844336082600252 1.0222522447057814 -1.4632000754321044 1.421654846025636 0.12314848570451326 -0.29350215283926084 0.6358846463952177 -0.4038495237258777 0.16850412983488877 -1.5351933958358852 -0.8672643025793124 0.332461408281797 1.01923551631892 -0.4552263200487389 -0.2759526950515559 0.12807705700864588 0.04627190254917113 0.1810074860571731 0.2958011284318763 0.22984770113590214 0.058360272892405786 
-0.8862407441108271 -1.7062488497455837 1.1096392443529042 -1.0379024239886538 0.03448003915344944 0.4439687430255441 0.06738055469527465 -0.4278354092611869 -0.7596014735149174 -0.2656162356282553 -0.1544798009234034 0.2766023963234537 -1.5539274853711682 -0.8335283930958454 0.8210404512512289 0.7383033335246706 0.15435886065015278 -0.26700816650005965 0.0928280610175735 0.3574133561592596 0.3595888063569015 0.394141283592287 0.2742464789040147 -0.1792133792342058 
1.9580321185129534 0.543090083274969 -1.6240528500603038 -0.9673963135914349 0.24496594456050252 -0.20223040147656104 -0.6394354293878395 0.0441540116941459 -0.055148645419532905 -0.052192384666627456 -0.3538131502034245 -0.10992070333640452 -2.488135138850467 -0.7656537026813846 0.7849983015639298 0.3184972806800485 0.6181090669089203 -0.28040332693858283 0.4451997336940628 0.05717695051172983 -0.22787801037749764 0.10890683502301497 -0.06442706716718778 0.1433729708702401 
2.1849043916198188 -0.9818903246518409 -1.1517088105527777 -0.3429050882106688 -1.3309393349891367 0.3001319517929443 0.250389894909679 0.01857230278877703 -0.4788060599634648 -0.4461837292578022 0.41341078906360823 0.366436803666341 0.46627390551320963 -0.33683159961733544 0.24061708199681173 -0.3768914030045949 -0.08798953898522573 0.02125025052581153 -0.12185818497443501 -0.2212452654931134 -0.47033286525168655 -0.33823857833151294 -0.1310422894221697 0.1398692969715821 
4.333727706678529 -0.5528369233632335 -0.8683870720603247 -0.21855690166911274 -0.1493652689496865 -0.550071699000056 -0.005449025163754562 -0.2715862218556582 0.2497341715175057 0.39944788814094623 -0.49451361721782017 -0.30653198644727514 2.781614090459609 -0.4926563566829277 -1.0532966581699776 -0.549334925733013 -0.2338267038938416 -0.17563512555902136 -0.28989635754493487 -0.05677535622565707 -0.1561955755307369 -0.0493291118312409 -0.1052279072881576 0.049694105378102905 
-3.4729102547332436 -0.14779054757447607 0.009955109362479453 -0.2816479209360302 0.4956142628642211 0.554138640209857 0.11596190750653723 0.39377050399305535 0.498955713771623 0.5232793629624968 0.3089973008503035 -0.04469985303585727 2.693789136972858 -1.042676053576449 -1.075071545550582 -0.5945963330872838 -0.6069977472787966 0.04194619591369662 0.16344882712538658 -0.06426475570917516 -0.17253629721186625 -0.015235902042010882 -0.03449618332979374 0.07151377466097131 
-3.557902829689342 1.6040092647850699 0.9550051644920003 0.649979879970285 0.03316925731534848 0.19767163099204665 0.29746763694853595 0.026880979768977936 -0.07544280569486617 -0.38893659528305424 0.01407731576770066 -0.05343469111961413 3.92597816442404 0.07037758250942512 -0.66687554190128 -0.45357566415586303 -0.3356297342545577 -0.20519384404999533 -0.020414441170095315 -0.29439673033560526 -0.02210752664515216 0.5305518401402008 -0.12262033235042873 -0.03608983453208802 
-1.9506477511148193 1.0677147420033544 1.1618097078228056 1.006615520231484 0.3987866437147357 -0.19957830094419693 -0.391414917522626 0.062132969103984415 0.20139132027831988 -0.006283781419769291 0.26260387256022905 0.025346832019596588 -1.1475553496066089 0.33777638870616816 0.5035739000907226 0.14827597266360423 0.4764818111137879 0.1365044554749679 -0.008301485322697774 0.31300290616064647 0.35891726589001616 0.156902859112342 0.21544801401448002 -0.06791823312170983 
-8.205338038402804 -1.3717223156804241 0.5563122544133521 0.49803837021471953 0.9059377433887292 0.442368303726957 0.309482710861113 0.7774227365956932 0.46483894819961374 -0.9274260600885231 -0.10345590602149679 -0.23328582537873802 -2.830100877797095 1.344517416722417 1.1570972190524034 0.8072189780220022 0.2651580819315796 -0.10969874512110249 -0.380630215042828 0.39949838179692093 0.15969053475137082 -0.6084073766982195 -0.009837744515977307 -0.1978484822556578 
2.2934733984433135 0.3267460765397665 -1.3014201358703643 -0.6505050840490602 -1.3702154135138331 0.022276937417498144 0.13485882651834202 -0.9205090929022417 -0.8479369608456655 0.32181551802820524 -0.2785801302985379 0.24898041345883415 -4.675833698212698 0.340042911862345 0.6776860262711293 0.4766524224899682 -0.17630884942791294 0.0190551654121926 0.33435027005429174 -0.20537610010859697 0.1480025975939131 -0.13377405786053154 0.12015811438426775 -0.09736149632139897 
2.810339228922876 -2.0590586526503865 -1.2846715708186252 -0.9431167519554495 0.12219604013489413 0.4158402471745066 1.1762214100565358 -0.680293134618672 -0.029850269386985873 1.2722358850876172 0.31418255074501605 0.42829396492774047 -3.5444162370039933 -1.7273433994000926 -0.5512915753734584 -0.06384207749727715 0.32520612238475927 0.38141913079727857 0.6103106621357139 0.058693148651541814 -0.06826491072395796 0.06576279222701469 -0.05378451921210792 0.20843994209708638 
6.569014709860436 0.39125417490130054 0.04924354162540645 0.2972358138466639 1.319584043625392 -0.24347976890454953 -1.8278350772832126 1.4071192050369579 0.004728136289880391 -0.7047925804262448 -0.30668969897583065 -0.013358574169445747 0.42473330150053396 -1.3075088464276294 -1.0315903717185482 -0.457296655972159 0.07791287198595016 0.35432653550533644 0.33074196547326545 -0.20996786089524544 -0.21714321870265005 0.4754102974235345 -0.17884345553546468 0.19806711218379824 
0.2901400169006152 3.7780538333390865 1.534855141785842 0.21569415375868883 -1.4145803523351612 -0.569010735503855 -0.5401023236452516 -0.562470858328532 0.2433011318037147 -0.6114103875423422 0.07195243595347332 -0.7274361578558572 1.2033302472780558 -1.0058484456599341 -0.5649146905318162 -0.12194087598782939 0.49407967734093905 0.18500345149498543 0.27028249781680413 -0.0433226071154024 -0.015378400923675123 0.40222859376183123 -0.0040645798658328625 0.0823091271656868 
2.279373099952842 1.3307163728279185 0.3835876229830468 0.14197943101034793 -0.835565833236656 -0.5482771777593305 7.947969494392915E-4 -0.34951664836157537 -0.3330830053330657 -0.16259223792741861 0.3790652937036275 0.2326441382992383 1.9595662532235683 0.4222166439324025 -0.003752569890666043 0.5984740255704483 0.3685397493198807 -0.3432448057330115 -0.5748164902358097 0.3691894101863767 -0.07518548500390597 -0.4446991377516924 0.025369515813070953 0.043699430929839224 
1.345169292042506 0.48875558536610697 0.24290046009800337 -0.4996659325738033 -0.28246805345689907 0.013228597116940771 -0.5489410205102025 0.32799261342680186 0.18519050419551253 -0.20555006744728954 -0.016501205997214427 0.058365227196338076 0.14849906099489196 1.392326501711466 0.8411026898275885 0.5843471947879432 -0.7140312436690804 -0.4092281384827963 0.027530591903382213 -0.3120810614165293 -0.19522055890357504 -0.3229910376969818 0.020471096271967096 -0.1749603673195068 
0.16280131261878594 0.7692533670905828 0.7064785921413239 -1.1405062196984348 -0.3520913537733812 0.49513498198408723 -0.09896625814330795 -0.1456807613998392 0.2593399051056994 0.4263746727813058 -0.33857142543969965 -0.5373575594850611 0.2489801314546701 0.7902526956649926 0.6565126096297129 0.05864696288743687 -0.44945958605859593 -0.05428644328321471 -0.09322624678213261 -0.05769295470439877 -0.14102677140382333 -0.10717480788874238 0.07257880551476736 0.02638849461410378 
0.9029287275829674 -0.11819416892664414 -1.149898412276062 -0.8961046052507493 0.4857761389404429 0.1369676000728252 -0.5728135718090246 0.27185438244018784 0.5327513532950572 0.06307927019424092 0.3693575067092356 0.18244579299481284 0.26543610784229027 0.12389766534260953 0.5459275696014426 -0.49595516856000216 0.07910502792381476 0.012129306262688377 -0.35369633952219615 0.14178654229588053 0.14039137384775208 -0.003095319207302568 -0.11382733145790246 -0.12176119348372876 
1.7535529878186011 -0.7365668370206837 -0.8895507697190591 0.16425787868651032 0.1286908287404609 -0.44728734938762854 0.29240981294524815 -0.14836866875507204 -0.08378311567136798 0.02461751691804326 -0.031600479193899605 0.09143837155768958 0.11349562683681806 -0.026338596376859574 0.11493376686285843 -0.5010187787408285 -0.19893188105148876 0.3525610367398686 -0.12074431167347062 0.07616543507264972 0.20496660729122085 0.06840979534387612 -0.04308009545632948 -0.2017019817653427 
-0.24651486908427245 0.8699726913939116 -0.596867567776133 0.33581752391373065 -0.7601742284852644 0.4480518440147335 0.31645996251210784 -0.09602305978322334 -0.06442210695921002 0.004614468106249436 0.1714953152535929 0.10925084212614894 0.19260362031925857 -0.9129718183215857 -0.43688369493455786 0.15319585009146683 -0.2898211870198089 -0.09848115374996785 0.2947693356596664 0.41710436554051394 0.0477695669873453 0.1407116789507883 0.11230486982715175 0.03872292745487431 
0.3970362304419517 0.3541857260608836 0.08516186930278413 -0.2534109480581894 0.8676794730939388 -0.7180902502064727 -0.1813700902834623 -0.19023834550608276 -0.05697318664082951 0.2503776877936732 -0.11040004334288984 0.1043458612452989 0.8939973495420453 -0.1854976009416299 -0.28148712879971455 0.012411859981076153 -0.2329588082056134 -0.4348537475590973 -0.25559639084211533 -0.24220501383827608 -0.10454261249742193 0.18977040758261932 0.1608797622370981 0.16619503805963046 
1.0033762453135164 2.075345004497329 -0.32660364698331007 -1.1468577421528 0.9857453778231308 0.5678125117321509 -1.2202316271736686 -0.9585238758058485 0.37603768781775204 -0.4719358520959389 0.07184267930227549 0.05982326578638525 1.83948399637522 0.6335366604866041 -0.6072407221319388 -0.24580135073829248 -0.04301677857362022 0.07848185350617559 -0.1523859177747793 -0.15564451875012855 0.062168303738231366 -0.04994849026338166 -0.030676205456319272 -0.11284021987735758 
-1.5533846180064295 -0.7827601907475028 -0.18022134371632692 0.8683599317765471 -0.04539254979689655 0.7973935594309547 1.8275447803144824 1.0094967807710689 0.00961482443241679 -0.30641854572872046 -0.46441344792953526 -0.38243295445132 1.7568097602497392 1.2151030230880409 -0.37246247133415417 -0.5188904359715045 0.8035717923380924 0.1771821496632079 -0.42832282030420776 -0.31888133001338564 0.16277379453971663 -0.3642839836533868 -0.15563908752173458 -0.15429119147637296 
-4.789756433985742 -0.46216433166170745 1.357546205129239 0.5123361362112397 -0.17458788131898606 -0.5451356213225069 -0.23083971946252657 -0.22895706667141352 -0.28422102371052727 0.4328580556575913 0.44053063391587344 0.6911609096065311 0.8383305719587747 1.156863622602944 -0.20719962810436177 -0.4984878897695779 0.21419971315566558 0.14428580193600357 -0.1507962496103276 -0.30535235906382224 -0.020181883021050284 -0.26273117125890094 0.024090171937366126 0.1140101009945526 
-1.9768267106576367 -2.0223686751237206 0.36047435724897214 0.4736634206743042 -0.9628692743492804 -0.6931626326687675 0.6089024167735899 0.40162223996685675 -0.2151652144958398 0.8908326848770685 0.17217324191551495 0.2515506137643449 -0.7491265027043669 0.3700627883738605 0.6845582695848823 0.8435507312616958 0.048893061180271445 0.26805177549817866 0.4181955880312351 0.2070926680430538 -0.08921808642182212 -0.11200098665911064 -0.08945672409184985 -0.048898968302931 
-1.2998944242372041 -0.7754416211233943 0.024647386847125752 0.5459541827070553 0.8018846006323259 0.8802332019740013 -0.15852169657223952 0.2614704717877243 0.5489733563450312 -0.2823679536221305 -0.318721181432348 -0.5991988213051049 -1.9041000331905196 -0.07201993133611939 0.5715467874297567 0.17408025309310926 -0.007821682255653198 -0.23170480554165995 0.049339355706325784 0.10409553289479873 0.14864276709255844 0.33555331071842787 0.25248560445045315 0.40205298401532863 
-1.0509361147675982 -1.7363099111382407 -1.567446743329917 -1.679101285256448 -0.6803079743133669 -0.7194461787118354 0.5367990047756337 0.14300500741233857 -0.13932810632989606 0.38719741888847237 0.183582632020125 0.40944381591329104 -0.6490338574511237 -0.4153105172568332 -0.026529313383877078 -0.08928085858066985 -0.2518550012060043 -0.07793664691901364 0.3852248330924886 0.049087882683024775 -0.11299190328474905 0.23641004186369755 -0.0782941626234283 0.06388869496507238 
0.45959836764079753 -0.38913391964608923 0.6068663931294136 1.066477729897288 -0.2924034845699832 0.1631205683240068 -0.3428060805825258 -0.41193504907855055 -0.7680678790711745 -0.32198424350339416 -0.32263087448779115 -0.5939446435139277 -0.5495615036073976 -0.28350626478372926 -0.20727490267619286 -0.07029423857365125 0.2768009790218539 0.3359268224352405 -0.22198743720219608 0.038195307477540776 0.1547850991783953 -0.21643661446182974 -0.14716126849179342 -0.0747881303180924 
-0.9094715342432663 -0.9695909740918736 0.14895279425945945 0.4812442228211975 0.3398397718698871 -0.10079637508672934 -0.4546298904987328 0.5910613523509198 0.7823311130665102 0.20141070422660756 0.40901057631352145 0.05725743997353916 -0.008512130135741073 -0.7007822084727486 -0.4138254632484242 -0.41385641898856473 -0.25052236769320035 -0.10768453447809966 0.12182407515211463 0.09402218911089426 -0.14368986752999285 0.12042111600758909 0.13292118801499228 0.0717146000453242 
0.2780577963228229 -0.3082822952953901 -0.2117276739189839 -0.3233358556108137 -0.5385922095248628 -0.43687216714427324 1.003155062671532 -0.07714362311418865 -0.3762115508883578 0.45983524709429113 0.010048651896334082 -0.1987412423809518 0.1903436400594903 -0.3401096899404288 0.5474394460901052 0.6249797734954913 -0.1005042705529358 0.09950842635711198 0.04217953559147627 0.0640324023041954 -0.20313016633880665 0.04065085323466292 0.04560655350141916 -0.356816864979656 
-0.9346294387013877 0.3256109021046556 0.08332667993955423 0.2573747644632971 0.19435349124367396 -0.0963962075433964 -0.5016537923077391 -0.30645727290252517 0.09581333216867413 -0.36497567443313755 -0.38152069521691445 -0.0033016847891695345 0.25678242194512463 -0.09220326047235416 0.06131802609425074 0.25268927374072897 -0.13618970396798782 -0.38605467525857606 -0.26118801558240623 -0.006082314395858157 0.27660346521708606 0.3454965555193867 0.17019778309139347 0.10156767371586577 
-0.09885360030861268 -0.01640578792306746 -1.0026388879809496 -0.6965268614102353 0.08185246740193075 -0.1376047945189956 -0.4458327364524515 -0.15527294336441427 0.18458151039416348 -0.16074361387751038 -0.06418489922683068 0.5067855138063946 0.08404546598242683 0.1747797964013779 -0.12522988236457597 -0.1796280898803689 -0.06002369915010627 -0.37660630231414255 -0.17681723612683778 -0.07319537544352331 0.16090849678808516 0.25547977127550475 -0.03047854700286019 -0.054977949590540316 
-1.4913631017629225 -0.8389194463609724 0.3604543230076901 -0.09022809550127864 0.43818654531045387 0.90773396437636 1.0534280558104776 0.6483729556636071 -0.3278758132260086 -0.5247895318456517 -0.0644659973990766 -0.6002089592677313 0.042862153983723915 0.056596971462221424 0.019801024880427714 -0.08914501838754081 -0.2375295042030041 0.18977025442279302 -0.2599718046288593 -0.03260253555470343 -0.07573048403062503 -0.6183184570741646 -0.18538097905958043 -0.2552082815920589 
0.3042882299063098 -0.2503565102667098 0.025398151640676048 0.3893498440125809 -0.4804376391079339 0.1908816538382762 0.7560658469929369 -0.33497261106668486 -0.6470924685552719 -0.22669713802596614 -0.05704305600400428 0.26464624362995004 -0.888856300272666 -0.032662563228046095 -0.24403743954383747 -0.6882548198600996 0.03320398079580419 0.10324777764686376 0.6130765553823528 0.12721483045223905 -0.12006906390908896 0.10767359298898065 0.024175609798735193 0.10203032791829858 
-1.2647868157600206 0.2727953488898125 -0.4900949145125417 -0.018128533085488563 1.1880870571076185 -0.8299501949904113 -0.32268767014385535 -0.11879983238727959 0.7388417737352669 1.522956458863584 0.17105132035041365 0.8833927950752294 -1.2326665801646675 -0.7969010651266394 0.07111689729531923 0.30337891451852245 0.3359394330831254 0.3071290355002953 0.606846856165768 0.15357752697233448 -0.07676631641747322 0.2675416289510843 -0.03799682470664354 -0.01676366904135092 
2.4544271575079346 -0.4742754958643216 0.15474804941067877 1.3321878169621686 -0.39270973088406413 0.4214939522237988 -1.5970045396223438 -0.1533310406956881 0.01142990864079263 -1.5076373881990701 -0.2544703874977814 -0.5411063471199815 -0.3061683449599059 -0.16510022854132034 -0.2372282109537359 0.5469322289343558 0.21803598871516602 -0.35344468852520355 0.05227144845625439 -0.23806543991793735 0.13584179486802986 0.16053712260630373 0.0316040105547452 0.2827554968282178 
1.1315671749302672 1.6637432418177518 0.08242868223673105 -1.4717838255316398 -0.6134957080508574 -0.12895929131728723 0.4094226806208143 0.09681958956110523 -0.4268380525716212 -0.6869442936123524 0.14823814246774258 -0.14704165676871284 -0.11903648550027406 0.04368172483823921 -0.3269958844904753 -0.2928445918433779 0.20498737609425166 -0.20419220071241218 0.04133950392810818 0.27969775713485606 0.4267555767257762 0.23054278136943251 -6.560232969900677E-5 0.219778167111667 
0.024616269440883798 -0.45052977110671844 0.4508209861272473 -0.524619196567411 -0.233754222674194 0.9007202675773249 0.23319632624183884 0.2714139977129348 -0.47177794000591744 0.39664187039309085 -0.14044849872690435 -0.06840302093273226 0.6996392764892264 -0.12948186944839776 0.47188467623762076 0.4469092735340723 -0.20101261576165289 0.005125276006080186 -0.5870463611861164 -0.10112017342604175 -0.090911395545816 -0.5419478062985087 0.06181184575189652 -0.14647807895459972 
0.30722808477432695 0.12987731199629327 0.3428562706006 1.788808749209435 0.49364717471992847 -0.4569867505299378 -1.3618066148602712 -1.1702656229961592 -0.29982103211870637 -0.12081151454079397 0.11423718295407215 -0.012293369353396255 0.581459261948293 0.3837128834744192 0.3152945822533317 -0.5713369459417491 -0.28032851400912295 0.41459548941507113 0.2166063863760295 0.005513353354316686 -0.5320049840206348 -0.4742257465299637 -0.0757858682016518 -0.06288463282219392 
0.7676788731182256 0.6811030773916009 -1.3911197734841179 -1.6388362910105856 -0.3432433249844984 0.5701318538118836 1.0497491916765482 0.7835720858610694 0.22065558505178318 -0.16486035883932315 -0.42290544499663574 -0.16904625396384063 0.7214268990587595 -0.006389103689160199 0.2471610945497602 0.20490640482939168 0.014645579681727769 0.24036434185691843 -0.4066548478799665 -0.1448831724290983 -0.2523796669877684 0.12776834251956173 -0.024744378408090795 -0.09726892464194614 
-0.9843419127532826 -0.05321183285466535 0.0575153152824186 0.7993355595151947 0.28223438513166366 -1.20745155267978 -0.6486729112246289 -0.17579951457591214 0.8229601369614327 1.0164840605937455 0.5168242202075637 0.09193385821342312 0.7118320270124557 0.09141171969039918 -0.30037637496742464 0.43779889952832124 0.09835509653681875 -0.30582090334633993 -0.7182226135878628 -0.3938072158585389 -0.0038209819342733264 0.07536722757694447 0.032988310015046186 -0.06413625069828321 
-1.4938794289715895 -0.33981788761375853 -0.14799181986294263 -0.6446018162084659 -0.17198456692524489 0.5548596430814907 1.096594018063917 0.20883046079010611 -0.27602952358268174 -0.5553109447328641 -0.26750888212937773 0.1712901392096965 0.3799187230932192 0.14245840438501647 -0.7242094588440824 -0.5412209430827217 -0.1632322878256017 -0.06655245476938994 0.14250878161413794 0.2236409285240364 0.28922441348415806 0.20514571545148985 -0.08095902083556712 -0.1152654062501397 
-0.6974888452181327 0.36610263542777544 0.6224214186922863 -0.021705186776588503 0.11295250607984547 0.46811206487427837 0.7694388127096328 0.29852683711493916 -0.04001553199865393 -0.1516879043248569 -0.06242602852469542 0.009947186154684817 -0.15372243886186174 0.16396063371990235 -0.09705053334226567 -0.02082456845485048 -0.06691919839673782 -0.27750836465787815 0.061482200937814535 0.06291160254636213 0.24101039789104575 0.18240268347037478 -0.021283258287835616 -0.08013472425743864 
-0.5155038299290071 0.044070630095331076 0.49905555134319557 0.39534691138347133 0.2310944780182158 -0.06799259065697583 -0.08683301513299635 -0.12451387555646537 -0.2155298209206477 -0.1962115227344915 0.1095967418761952 0.21774330081594767 -0.05093095881034252 0.36350264726053805 -0.02531896177459252 -0.4809145169695029 -0.21157399238639976 0.2839099601102032 0.5682344177828046 0.12343546189771704 -0.1843179086254287 -0.2882856192192299 -0.114361129402889 0.13602180536288921 
-1.0123623956889887 -0.7370379928689172 0.02514322970614652 0.34183490108377756 0.2814524578501468 -0.06350034183691233 -0.24140599743961583 -0.19786215404171278 0.0696790919572784 0.2897262991834349 0.3921211830682841 0.3091114501826135 -0.18850186692074514 0.19401227417092337 0.23453442683678485 -0.014092949348842568 0.06962315619920671 0.22042235463974827 0.3425370753370139 0.1307477448458067 -0.11319108136705201 -0.19104953303347702 -0.02800854354878182 0.11941878904244814 
-1.183649777305134 -0.8787555152470263 0.22660415995390482 0.6163716907698598 0.37848743434880383 -0.031064033893523524 -0.10268683020987224 0.08671857067528095 0.22207689031563824 0.08883881117067965 -0.15169909971720047 -0.38635740889293546 -0.09243613572168756 0.12840381478086857 0.2408236888792866 0.19876843638417055 0.1459606106212543 -0.005228452385649507 -0.05675947352943822 -0.05040002593901127 -0.039216220741686576 -0.016244958626514826 0.08348278571596916 0.10066556284898322 
0.20208972923216617 0.24547888558618403 0.055043833876577075 -0.08993872842325501 -0.16961344068306866 -0.21161927742669262 -0.250245505762971 -0.1993326205383541 0.08075435648435912 0.2789355278229885 0.15224752291834787 -0.04625882611821802 -0.459936742065228 -0.3542638540435687 0.013112143831106315 0.19783867889701898 0.15231728555376636 -0.021377126367672823 -0.10172329177304439 -0.09116083823141974 0.02778442898775881 0.11108616321783064 0.10096587040317094 0.01719329248555725 
-0.8454214852245219 -0.8323992534748252 -0.2383658173798795 0.01492841698447589 0.01874559542106069 0.021752234294862838 0.0878651596169959 0.02742143550888912 -0.10341879095912834 -0.14208126117472383 -0.02091478519674414 0.09343175041941378 -0.34069160776067414 -0.278495687398105 -0.02229980389517655 0.07055561620969832 0.03567426706941964 -0.029963836824805506 -0.04454028586421379 -0.024036069694573146 0.008605961153038392 0.006814472676691348 0.0027359317867326483 -0.020083882813411152 
0.19833368446638922 0.30257543837568823 0.21829178687971973 0.0490405012854126 0.004371520652719202 -0.025777096828087043 -0.031512117033916764 0.10526892823574235 0.14907364563138525 0.07192784570264471 0.023831414598543127 0.017636993069767154 -0.11523951313156762 -0.09963383148965359 -0.0335432271223823 -0.034271706671426976 -0.07610530932082052 -0.149209167978108 -0.19987071870213483 -0.14421930695444177 0.005916631995618806 0.10726244204879971 0.09691913854092533 0.04597681944656048 
-0.15969693164022303 -0.07181672944746342 0.21187959513786314 0.335215227286431 0.18447215247265103 -0.0340936137184098 -0.07843266698175799 0.006526005371952165 0.16209936228301 0.17189923420077752 -0.09569884091749603 -0.3580536700466946 -0.3902035793398054 -0.3901207166885521 -0.11733559617776589 0.005833433792353053 0.051552429001567014 0.09817480994351085 0.11942580302626442 0.06903501831432417 -0.020429484305451294 -0.07292721717079827 -0.046417819067654686 -0.021832478248142786 
0.20494599183471962 0.16408911804146387 -0.06944919101514735 -0.14726701355995164 -0.024160791246402274 0.26393115051426763 0.4325155636428104 0.24377301539343968 -0.06975461612356647 -0.1998420460111613 -0.10111786484405219 0.04155342577515472 -0.04188927940632873 1.8287051003299895E-4 0.06219359266138521 0.06138158509576058 0.0272756552401044 -0.03764726092405075 -0.03475336215213124 0.04991809060524438 0.10406515213049693 0.08530413096453776 -0.006300147924097735 -0.08497930268220326 
0.3218830991107291 0.4072060567579432 0.2575114601008517 0.09558187303009885 -0.12164553563407965 -0.41762631920684706 -0.5024260898001609 -0.24893566301293202 0.0672837928347014 0.21258533619457395 0.1808133117275176 0.14697096881114835 0.1380369657646101 0.17788038779866078 0.1511599861529488 0.15222606688497767 0.1127364608169838 0.06959894530506522 0.07283460161587807 0.05766273509508372 0.05295669006908559 0.029304405001946466 -0.057851504989282966 -0.13114514580291609 
