0.0 0.0 0.0 0.0 0.0 0.0 0.0 0.0 0.0 0.0 0.0 0.0 0.0 0.0 0.0 0.0 0.0 0.0 0.0 0.0 0.0 0.0 0.0 0.0 
0.0 0.0 0.0 0.0 0.0 0.0 0.0 0.0 0.0 0.0 0.0 0.0 0.0156076248812278 0.010565396935228103 -0.010486942637928154 -0.008917604089543896 0.007065686236515008 0.015326312111787718 0.011457666195516433 -0.00812251738019896 -0.027726289554649914 -0.024806405549772693 -0.0019420066508605283 0.012193039292285915 
0.0 0.0 0.0 0.0 0.0 0.0 0.0 0.0 0.0 0.0 0.0 0.0 0.03991272056598261 0.02820790615481646 -0.025632906397023203 -0.060241679638687116 -0.05636820226113887 -0.03541004998819076 -0.008528428036651048 0.01814024083908991 0.026148396213341613 0.0010477861477703788 -0.04552699566765214 -0.06723909721988244 
-0.0468228746436834 -0.03169619080568431 0.03146082791378446 0.026752812268631687 -0.021197058709545025 -0.04597893633536315 -0.0343729985865493 0.024367552140596882 0.08317886866394975 0.07441921664931808 0.005826019952581585 -0.03657911787685775 0.001942886599541153 0.05753909563104124 0.16685594635793802 0.20536815890356286 0.1545378223781084 0.09091129870152821 0.04910598233012715 0.043608281167249185 0.06950775575744354 0.09621043532874578 0.09830728704210057 0.07127847407793832 
-0.09632672437610612 -0.06877562306160723 0.06116830523417738 0.1673486327817455 0.1797031361381891 0.12921961813225386 0.04277178340322779 -0.06660449858756817 -0.12003462297199971 -0.04035296676797018 0.13366797702666564 0.2200068505980762 -0.13212943364997334 -0.14027418436944084 -0.07881531911790295 -0.08279687563160144 -0.11371555976441505 -0.1216707403337552 -0.10027591233631222 -0.053806431574274345 -0.011802336069685096 0.0030046857783186157 -4.3683580949814095E-5 0.012688128601263482 
0.0423347023894296 -0.1382294753623201 -0.5311519916909028 -0.6997787931015613 -0.5534650352034197 -0.33734370517071155 -0.16870383869199534 -0.09752259420796347 -0.14850595578633075 -0.26845482260225223 -0.36175584963963453 -0.3238388475328531 -0.10347616559022359 -0.12511100965605726 -0.07553273224727557 -0.027937349314930287 1.4594016468059504E-4 0.02517419852034426 0.02593540938112877 -0.0034351237768033005 -0.04538154699629617 -0.06464506103162328 -0.032313401623109354 0.010058799500765834 
0.35180951243336356 0.4740891953866404 0.5177523671560524 0.6116564295799009 0.6072806675401825 0.5106946054189399 0.3679931570616597 0.22236436789710323 0.15124942043419554 0.1624229622908293 0.1839219855389575 0.10556547902420722 0.00414145858567716 -0.042615738427350815 -0.09097642967492316 -0.06794759444888888 0.0020106960348063676 0.009858338930043897 -0.035309745521247514 -0.09873180595689453 -0.10721978671819694 -0.07711383265886838 -0.03720560793099876 -0.02358717530759884 
0.03953750372225251 0.07220442893836365 0.029766993694673616 -0.11158903818565513 -0.2354236449045835 -0.3122390255397389 -0.27478991355915156 -0.10981150977132892 0.08368148794974062 0.16696643521478816 0.07763922056576372 -0.009534830592220767 0.016380515857627564 -0.06469734401601183 -0.23615033807507926 -0.25602617951180756 -0.1575764127482638 -0.036796234581211916 0.02037853708583287 0.028800396261671024 -0.021539207344947794 -0.0719899227370404 -0.08619133820741626 -0.06500762578123287 
-0.10735250079954906 -0.04614535992989666 0.05363810156615867 0.07709653867045907 0.014650352884351903 0.08709226152663585 0.20174405740054843 0.23573537706479814 0.08553101531455543 -0.026722097699885206 0.025587265716962793 0.13361636805055654 0.2251882391922182 0.3347533636993448 0.3519925488717337 0.305988742759973 0.1785542445731535 0.047898061917453584 -0.00642688358740956 0.028518060040186144 0.09667082572295177 0.1439197490369181 0.12082417201735278 0.06844649799331093 
0.22277416143300321 0.3159798343439839 0.40935615532928193 0.3355796908885822 0.21557936036928704 -0.015153829480923808 -0.14671490011893834 -0.190609287576824 -0.05102913119166731 0.04208747560422621 -0.02401447510638839 -0.14284141470232914 0.061660928160101935 0.09225870985251754 0.06571314300855093 -0.01844136939731363 -0.10484103343623734 -0.10882956073299314 -0.027147322727790968 0.05857572266693104 0.07893380565369713 0.05979045332466434 0.03106341631438167 0.01735722006518817 
-0.4153735339986664 -0.6520585984142042 -0.7280198602764528 -0.5298941632371369 -0.1538835688162133 0.21845782163717153 0.32323630110378176 0.17720907667929234 -0.07140774716395581 -0.20689680501464397 -0.12772368267702475 -0.033120722900671376 -1.7427598647164662E-6 0.050865203708813166 0.1130390867239847 0.11056760329847747 0.07056507050643863 0.0349247194063396 0.024212627383705554 0.029189313392564965 0.03295070463191297 0.028235710423700256 0.021829021718796627 0.014039623487447028 
0.00856523584150537 0.09838491862296483 0.22345654559032657 0.24723042096008374 0.16336641625441112 -0.05143312339602735 -0.2540940672273953 -0.2562755275793691 -0.07465054777209518 0.07768242889817455 0.06110444581961248 0.02176205468782868 0.06037265997966834 0.06348513729705522 0.07565206888026811 0.09153149845092871 0.10528302887225054 0.06537388013746086 0.03272510183481755 -0.014869507975519466 -0.03286568822295612 -0.04472943168935913 -0.042094667567641665 -0.038696072526373436 
-2.4280972420598346E-4 -0.08994351319582661 -0.19252935373631774 -0.2104316362607241 -0.17093838657752602 4.5775026516881034E-4 0.18279575880366025 0.1810005568883758 -0.0015103902909695682 -0.12922670561796015 -0.08245925990242753 0.009195762893136544 -0.08492366652281975 -0.14388892676018647 -0.1884570531894035 -0.16270961678097362 -0.05379454619134533 0.03234600259749654 -0.008205513175123488 -0.08449958666259265 -0.1081882195719542 -0.08058620310873095 -0.0413356119177122 -0.014369437212238633 
-0.165909180643232 -0.15553312015637055 -0.08534530458158995 -0.09874606795241037 -0.09174231736680821 -0.102275434207305 -0.17466993447333024 -0.14789650375480734 0.012619255040707933 0.1374407209739617 0.07963731620923799 -0.047911440020112786 -0.16668865265492952 -0.1879359266288109 -0.08803379500246984 -0.004792176275885611 0.03664668235495103 0.03021059053458371 -0.02000518679496338 -0.0649163634691485 -0.06445767195121858 -0.05359586370819702 -0.06279840291175003 -0.06845531270381434 
-0.07336532618783842 -0.09343279874397714 -0.00824777562228407 0.13122293156203102 0.13505443656843236 0.14684096925032075 0.3081407742521197 0.37651832475478936 0.20952201014550523 0.00498265827365528 -0.012983282118700895 0.04482433609001525 0.0696396459468042 0.07387944028919131 0.00730210044053244 -0.06775446133461756 -0.10459789637322425 -0.0362028145116284 0.09637348261789976 0.1612494067737039 0.10310692556474021 0.022733532283776475 0.001070759876217825 0.01472935530087006 
0.5451924520381102 0.6639373412834728 0.3954171415407193 0.09077966587636299 -0.09957004238342115 -0.21525650449235445 -0.2567510145667349 -0.15928532110513038 0.013206267863323198 0.17136533807695792 0.21476166566299926 0.2093137062008324 0.19568702502047866 0.21686916808362589 0.16022286741014766 0.12504994015479778 0.11745817532398496 0.09728315071612019 0.06911715131756285 0.0766593789200436 0.09201349024378641 0.0922927942565775 0.06210115279342504 0.018318601393767134 
-0.5647125639052897 -0.7213170647833222 -0.4548168781190697 -0.10193111917125808 0.14676916505045323 0.16555672894257872 -0.06528414900333668 -0.2970532547575744 -0.31112467339649785 -0.21438961102078768 -0.15323371425796165 -0.16360487611994623 0.4855468371035981 0.5604433944074874 0.2925306375824681 0.050165962454363645 -0.14206278749749926 -0.21628081056808837 -0.15421119071759418 -0.05661291603507137 0.005588705801330455 0.0519326418722055 0.1231627697734528 0.16310017430287224 
-0.5072966368459424 -0.49219849138757565 -0.34272935556364015 -0.35731886305015914 -0.4499742075797736 -0.4034827662017946 -0.1953089267982906 -0.04108885075875629 -0.003097873919649774 -0.02975152714854931 -0.03654092610140676 0.0013473619035665463 0.08226874924687937 -0.221873966416686 -0.6535753501174683 -0.6060031248464263 -0.17295648711826583 0.11275172361325037 0.03860048990761696 -0.1586593139687194 -0.16831027305128712 -0.03286145917900248 0.017656643204700895 -0.026262368917306805 
-1.0037612930566064 -1.196695065630915 -0.5167664398175087 0.20477430866220114 0.7364448816591063 0.889796531809306 0.7400533025206801 0.48725883768681644 0.20090796363300034 -0.05025683473020759 -0.2568202955568562 -0.3404930146699685 -1.2612499348304957 -1.1316637921465778 -0.1589960259400084 0.32443014173087203 0.17096183000830764 -0.07524589185111212 -0.20938501152428537 -0.29758294431437327 -0.23435171387272513 -0.23904461341298824 -0.2854647912076383 -0.1861873462685808 
0.5179105688731305 1.5672482409573272 2.3871179727423435 1.7554363264989121 0.12446156066704983 -0.9156315767654691 -0.7752212100515942 -0.07546342542116757 0.2621207685024356 0.1878833274686753 0.21358502669834384 0.37654488222776394 -0.45083559474905677 -1.1290393201467073 -0.4931473769683932 -0.06355071448682503 -0.15118071557257567 -0.22625217980338455 -0.04035906368287723 0.20297554612146862 0.10978525691906348 -0.0647050806469896 -0.04552139577211004 0.017632136873958332 
2.7064336377266613 1.6439509454839598 -1.3427524644520363 -2.1315991391384097 -0.6533342090978814 0.6473688097777524 0.8528270271961713 0.612882865516751 0.2593211470106349 0.3939268019095648 0.5780976829650779 0.20735840252369742 -1.1755841311064013 -0.44672200777396026 -0.23501394828478483 -0.13095780716206915 0.11289305481814416 0.1721369785946624 0.2784183041963082 0.3118637330426363 0.29576230817580845 0.09575174603364356 0.003874673634572482 -0.02168317098509513 
-1.009887317990406 1.474596463495109 1.5497057876588034 1.0015200043106214 0.6984574845164473 0.3964876342241359 -0.1306185980874045 -0.7128275030381294 -0.3616602363656575 -0.05772810352746671 -0.3174357280460437 -0.3254747573151414 -0.04067086152482865 -0.062104529373222604 0.2747483484517899 0.20782757420301987 -0.15245456737195107 -0.2670090150074099 -0.05702825731989344 0.32014820862858195 0.2212994725576495 0.17544800900326385 0.23032132593014568 0.1756199379234876 
3.286890043694366 0.18979684642207495 0.6069814975786159 0.9746058912425539 0.11076775527997507 -0.28267400946948373 -0.41750291605033923 -0.12965032263261156 -0.37448845846037837 -0.21470635733306723 -0.002933939088379911 0.07556631805676958 -0.31205523257217244 0.10478481809226607 -0.1636205011470532 -0.5042940518236664 -0.11315615155559666 0.13225676694987712 0.318967735616786 0.1669848767454675 0.07543892964685853 0.04715363301853152 0.30411881514626765 0.114811837614805 
0.3496949504637641 2.4806388786079374 0.5880059463716476 -0.42114891130062926 0.19977428059397484 0.3504168778803787 0.031028533531341364 -0.6646414572322321 -0.08487284643500637 -0.034144119919800237 -0.18686314006536425 -0.08441888930923491 -1.2169372351502208 -0.22312338085218789 0.8778447397361777 0.4624008409032901 0.4570827058252987 0.06909009605773063 -0.05467863941114531 -0.2865802564948478 -0.31533691187725565 0.03939950216599212 -0.06848211712490189 -0.16378927713339506 
2.9628082012160935 0.8265752836507474 -0.3710410403672988 0.09261747413821464 -0.06452415246985521 0.2736338870999996 -0.18489974546355964 0.08783521237739977 -0.10538933689526622 0.240673911050137 -0.39954505646406474 -0.2576050443236708 0.9434881829696636 0.41467641713836506 0.3810820345973694 0.13786224777912084 0.09087240809835107 0.3445430005526098 -0.12343935413602368 -0.13768866797327395 -0.19478403042869208 0.08158396924931785 -0.2116659034420235 -0.0514464166959974 
2.8029653086993926 1.8255773874373364 -0.5948171625767724 0.0553116901529207 -0.5851446790845338 -0.08893660223379762 -0.08288426514735836 0.03817049894140845 0.4498009384835534 -0.4036167442170452 0.08631618201650437 0.332478755275264 0.9329710396798238 1.2940121413762153 -0.07677464124781445 0.020219184183273804 -0.11629093237581067 0.5384262919257481 0.04697407795284378 -0.20608463185309708 -4.878810284797882E-5 0.11418441818364489 -0.15125689650471577 -0.022922720184466245 
-0.7702096843324391 -0.7267016594077198 0.05514694826071764 0.3227888471784164 0.2306100108241762 -1.096626271070225 0.009771545697081663 -0.06799029679961 -0.05747325963358199 -0.2747219529323983 0.49547411019675625 0.021456745852512338 1.8847935877456268 1.5174907883676374 -0.5174616637970808 0.1570224303544195 -0.2696093996808459 0.3536085569987056 -0.2313840727291067 0.12132992973007546 -0.05984038073014389 -0.03857027849740403 -0.124387941219726 0.052784535913962226 
-0.582709225801441 -0.6247590739914752 0.6052358758010827 -0.5968921503705515 0.40107999607439115 -0.5797319188117532 -0.20722934590751063 0.03152519291556399 -0.10868452075730456 -0.1189994424794672 -0.18060203388162743 -0.15518162384392775 1.3003463677953042 1.2475203142061955 -0.3551989547200365 0.23978267673863196 -0.39125407093268444 -0.45411611613418984 -0.3901491226191249 -0.10243120542243167 0.1611044512482119 -0.21322173018282098 0.17655055407116757 0.26185379465508857 
-0.9987352947703703 -2.500728850737759 0.581317431835016 -0.05234789666330775 0.2511917089932201 -0.5417941256071395 0.5714250131038365 -0.2728319237999044 0.3533745349155944 0.21407609567356012 0.10707787514417916 -0.1721284625059616 0.061036123981062396 0.15683326070199 0.30976053928033104 -0.11030233787753341 0.11164342065850381 -0.680871081529081 -0.16800837873938682 -0.20508385736353096 -0.062198163483690234 -0.03982214100805675 0.3682737144650683 -0.09166832177979944 
-0.9838109894675544 -1.0299699595162304 0.20769445979618784 -0.4764679681421131 0.5783266846289976 0.9959956734372293 0.8067363690066385 0.44788492870885066 -0.23893631253567046 -0.008350577971561468 -0.24913736267070974 -0.3562900245107647 0.3557227525129693 -0.13713284439916387 0.7822594394786432 -0.08098565251318675 0.4462406611594308 -0.24926494277583747 0.1307993342487206 0.11700893280859677 0.09778882876671623 0.056819699348384135 -0.10938684664999432 -0.11595855266292009 
-0.7527671744425697 -0.9945959987513122 -0.675363961577828 0.5934837696967974 -0.19294359542863848 0.15812317739252715 0.006813824458167694 0.33908140739433956 0.19424712670667166 -0.21057996216218094 -0.5750793688039074 0.3970159115253291 -0.08558192570383649 -0.7698351891091898 0.6178890283237296 -0.026887381688496064 0.32314589335003274 -0.027593616915555324 0.45360227122598773 0.05210990970962737 0.12726151287132142 -0.13440311449106104 -0.1672903512572926 -0.18863683630903816 
-1.7728615435042494 -0.966426966787207 -1.113201745928425 -0.6768510260110439 -0.715574335192972 -0.18189574198407404 -0.317321754330838 -0.6254582711073483 -0.32248730295299183 -0.07713051160674908 0.4886371280423988 -0.09187815287081286 -0.021823474629431832 -0.5219505504556008 -0.038411473052402036 -0.1511726406747799 0.18630206263007076 0.2406662539911046 0.23616184999149936 0.024606601958690428 -0.0701931944786598 -0.045702963015911695 -0.12748819964451866 -0.04935120504777815 
-0.3474642406405133 -0.22299477977470117 -0.6119015502738665 0.1285057773366458 -0.07129546114589336 0.1299324328501782 -0.22735273890538843 0.10750994697931299 0.013365491510290789 0.651675405964337 0.2400616835595027 0.26157611060117697 0.8648287006277314 -0.05570032825839218 -0.3216652163499148 0.14402404832927004 -0.1922505962390234 -0.22742069159768863 0.20414574254253007 0.2019177848738163 0.03609234271706336 -0.12041555031831273 0.007160539476082195 0.13256608801234393 
-1.1209920324802871 0.15008108236226647 0.2911976733014132 0.2095389500623024 -0.04140357040258724 0.28809228373508994 0.21533410071391845 0.4898508530402927 0.06208408849849939 -0.3023693729870854 -0.2742432899188588 -0.14051650890535416 1.5313607826503182 0.9334883271395974 -0.1236602742466623 0.2756688038067545 -0.042368985329425644 -0.10207035194390741 -0.7203131563298021 -0.6404551199463038 -0.08229317615844292 0.06534230046950366 0.09722102240616688 0.06031808774968841 
-3.6731880318377446 -1.3857490385508724 -0.4125680221430026 -0.28178336332768583 0.046722810893239375 0.605391239326011 -0.8719513306918008 -0.8243265093009298 -0.10631559717026404 0.2632861194829254 -0.2151207782515252 0.02363682550556795 -1.4592713484956512 -1.0413934877628062 -0.3025992342870297 -0.30455973428374644 -0.14162550168739488 0.22292016918804014 0.10036830283574183 0.04598241824765645 0.026549763519196943 0.27777810018983806 -0.07151832006884258 0.04886157742142375 
-4.704081995856588 -3.1855148188179134 -0.8418876872538701 -1.2987128670991417 -0.6474765152242614 -0.1134140893902682 2.1659170105517744 1.7618253168716846 -0.01576723013738565 -0.0789627697745543 0.42456529172941204 -0.15386277357207354 -4.179588085938968 -1.5699498772929228 -0.15238591406994592 -0.4238462136856973 0.028731061666984654 0.4666478753796168 0.38982837235482126 0.19640153337395247 -0.05445099368670057 0.06354758686768301 -0.1293475100145158 -0.01820904675382441 
5.821894786534591 4.568983634103807 0.8624388328648642 1.796310888768607 0.6566175163271284 -0.3380748881512632 -1.503749102331542 -0.6664245396793523 -0.027358139729357522 -0.29336219621144266 0.10521235294189504 0.1216645106702654 -3.7891065617723068 -2.257277574653459 -0.08276457460322077 -0.3089651987095478 0.0032995617864552593 0.5082256644445079 0.24189527516885811 -0.06672858197568021 -0.020876724380367136 0.15886986222949126 0.019526334777255943 -0.19380519548639197 
6.670230816150447 1.8825643779136954 0.11085198800731755 0.44203046507124766 -0.4325441081204857 -0.6401182786651236 -0.6382521305306748 -0.17830473189235352 0.18595834083814783 -0.2146879757429504 -0.04636732547202149 -0.13490321122622967 -1.9719002567173767 -0.4263034752594974 -0.5134877135310026 0.0014197155834151005 0.10203998902850915 0.24919882770388438 0.5835045227266275 0.38418718166615545 0.03119091802924437 -0.10437865269670217 0.10128128154856965 -0.15179311037876067 
2.0069752474756584 2.8520440870436996 -0.6406441359639341 -0.22525943328423703 -0.07064207801801425 -0.6559336593700849 -0.1955525856571505 0.3459242610081299 -0.14454820951692937 -0.1454608642213503 -0.03823347398257626 0.5955726307918219 2.353593880703009 1.605940559028192 0.35008294950422963 0.5395583210925988 0.4631219841628799 -0.06356991626289266 -0.46108202439188783 -0.29643564675427236 0.009956659009108934 -0.20970002081947337 -0.00859820438352187 0.039134075669813334 
3.119078543825008 -1.0481346195093675 1.4501169377535368 -0.29218685282296497 -0.5899666851372176 -0.7020811868925105 -0.2386948159653035 0.10308937152947725 -0.050744949331332834 0.16022252232050602 0.19244436054593872 0.06456249750343024 1.963168588333912 1.0635946710556787 0.016267153312290932 0.25755122148197623 -0.04461234822759232 -0.3588587746399297 -0.1833377432991001 0.07880120438892933 -0.026114792195912395 -0.2610100393384886 0.06970171283220572 0.1050576453646208 
0.5366892805882841 1.2165114557307621 -0.8574424905209344 0.5447445844379167 -0.6540371476531452 -0.11638368524889176 -0.32028168643856403 0.08218534887254936 0.06112352832805601 0.1482826172152492 0.011601123083480547 -0.09547057070400455 0.7423319472526302 0.5858975467279327 0.18814472282827324 0.08613481346754552 -0.07670242320810583 -0.5036575435217806 -0.030635439203281784 0.329976229206983 -0.1815577996011087 -0.20348142421525003 0.06951560504139191 0.26408734966808894 
1.5158680345923976 -0.4904533195968721 0.17044970534894488 -0.7156252082357579 -0.007009528620143257 0.16668305819406903 -0.02587435024266771 -0.28283888899135123 0.16146684850339232 0.42147040155421567 -0.28038976250166703 -0.1045545465721788 0.4816092028855283 -0.4344859345679595 0.7465347430507263 0.15150984588111158 -0.43043895188419556 -0.3148767245414001 -0.1678589668805217 0.1978875166236431 -0.1928820065461494 0.058152431818152266 0.03914048647998419 -0.07119239946651407 
0.5815846603340731 0.8155107969036539 -0.5652446882464579 -0.27194469598047705 -0.13201338665223394 0.42065684865196706 -0.21005650090862305 -0.45104029635240495 0.2940192903690342 0.334359468807545 -0.010363227582949108 -0.11213089617464056 -0.5803495490877554 -0.12324820975606698 0.4827522926312808 0.35760000914248913 -0.49459276263243296 -0.36823115881432383 -0.24906077389306536 0.046915646082791064 -0.2383822945548361 0.231363112610011 0.13710318721585268 -0.011947389024926985 
1.651803245295529 0.45582351360806506 -0.9355861925358802 -0.33837175025710287 0.4403382900149134 -0.025971280218739734 0.20976949191129113 -0.22396035572897488 0.4114531892866262 -0.10727319893009868 0.08600507643920097 0.28646985863829044 1.6139844043330338 0.011997921535794672 0.15423288306373753 -0.14638541651952852 -0.06023527398716366 -0.08516244358922276 -0.13417850873355183 -0.03707421088232935 0.1279276229937962 0.2364412945726628 -0.1981436730132492 -0.09359515144050597 
2.2097703224999847 1.1131176683964945 -1.7526814194723639 -0.7166821719788781 0.6060672309266253 1.084636960400484 0.3090787141636526 -0.08800085600701202 0.6512772416009474 -0.28143492037262674 -0.5829058580345116 -0.2551406062344582 2.1715800344357983 0.5751429090884056 -0.8540775388072414 -0.0938372647966692 0.31743649797817447 0.2534616392230569 -0.0824142579918284 -0.1482244735866275 0.31799004248317414 0.07866411189295879 -0.040412927968006496 -0.07200545659867118 
-4.140178009489659 -0.6752505199506764 0.30146942177068525 -0.05410022067797188 -0.1953440154480819 0.09018033308747886 0.11709356842184993 -0.35313597651705964 -0.40094499609395284 0.0200437124263132 0.6003125717638618 0.24773576277924791 2.292100000263955 0.8638349814830658 -1.2001175996134013 -0.6758275274646603 0.0829988757718609 0.28048743038823565 0.28348622573230164 -0.044561201928627114 0.4906476654640411 -0.0452194787147036 0.070851463519845 0.06627865414891874 
-3.037164815580727 -0.34438091358219225 1.3784601210219833 -0.13256866638003495 -0.7664817278552596 -0.39780387567031306 0.08352423481158278 0.05822093480151991 -0.2537517443901987 0.034708677450462744 -0.14627819134126002 0.12325252155089422 0.8905444072974996 0.774123165108647 -0.7222146135824592 -0.31389135425421893 -0.01808921295262896 0.3952313348211894 0.15880777031645854 -0.13139792937676076 0.3778473473269628 -0.06240789207199377 -0.24430579469288238 0.04472324646320164 
-2.601029186455981 -1.406932139851789 1.0991958360571499 1.3970540793374566 0.8776161420902732 -0.12621315334804817 -0.5279119456095789 -0.1633876453473595 -0.607975314109924 -0.12968656169753262 -0.3448631474669598 -0.10156266770114203 -1.3483914789779299 0.2103185942936565 0.539166035207674 0.26018817215331186 -0.058367442898638135 -0.12037336518785631 -0.07359986047431444 -0.25071137734482923 -0.3242894295459768 -0.07389363783552191 0.11995645272208429 0.0872198714083356 
-1.2314373109093535 -0.84341101697889 0.015099214131781391 -0.5005852592239356 0.12385479101533459 0.007139699154679269 0.1551581602299914 0.2113187665384202 -0.37874964137195544 -0.01934610709472251 0.6225993856595464 -0.21466113038386814 -0.8136860359798784 0.13857897615871848 0.7337804207251035 0.17562460860839857 -0.08975544622987931 -0.2162428544600673 -0.20713407676219506 -0.15844470762350102 -0.16660258173581216 -0.05922823686137893 -0.10580143454513373 0.01827902118889088 
-0.9978673248915567 -1.056691251133297 -0.6343482304072356 -0.650656440715957 -0.46540994618746456 0.24882864123855164 0.3020761871355889 0.3224492396489778 0.6344222410348559 0.26875201820547157 -0.14399557490279435 0.15503297452162224 -0.47454880781775305 -0.09506371953408355 0.3710627692583908 0.2772931549414603 0.30337685471332276 0.24961492989044554 -0.024063565893409893 -0.056868227671800685 -0.3095701341993171 -0.23197240585293785 -0.07311837197341874 0.012586491852775624 
-1.397687638423304 -0.9352382864175937 0.04389089207886565 0.36441276782147614 0.17429765497324723 0.06340379041658895 0.28993239872558396 0.2906366151738543 -0.3751427767551522 0.01317409808309744 0.07069232601205841 -0.059882363127160554 -0.32465139723469005 -0.33017406533457944 -0.19268874307190442 -0.1707761257447572 0.1519314882805762 0.01708328443421821 0.1786241926383887 0.3457694124263371 0.053688629245421206 0.15900911800366818 0.24604621676413171 -0.0751185562930966 
-1.0942575992457466 -1.0758273465301866 -0.028388310691564667 0.13267560099036996 -0.057735854028651445 -0.9031899886503396 -0.5231083671771455 -0.03244188664967451 0.31893165617962577 0.5499705532723709 0.1504454982770404 -0.2167115268878227 -0.5827570755606067 -0.5177350842604206 -0.2121997271056216 -0.15319333865828585 -0.07576331953316434 0.10867017783617294 0.0347144303127935 0.024837816755297837 0.126261968166502 0.3257011733353499 -0.024715800606401137 -0.12989359870799522 
-0.20928798202818844 0.15667922672329304 0.2901854834896592 -0.3799229028428274 -0.5357767199058006 0.5318991607964703 0.03187785947119248 -0.6485439075912649 -0.38207023668060397 -0.6369827286391767 -0.2627598012227661 0.19656678920014414 -0.6482366835706849 -0.2763086202323341 0.3329474295652733 0.15853204382884836 0.08363544569719739 0.0015005413690676688 -0.09365906953399754 0.09201574947158103 -0.12471190572989092 -0.034074767689779205 -0.08443934848849562 -0.07468137407773699 
0.15620407359270594 -0.04944475492247857 -0.12089634479576772 0.18109141059105238 0.11691719985155236 -0.31142957745990785 0.3269601658244042 0.7175260507656439 0.2591000664980758 -0.3832730884394411 0.09687789053382131 0.41648919448195554 0.04971797262093439 0.15839097940107072 0.11456163906811102 -0.18207747505083063 -0.40579899494801136 -0.5116841977116456 -0.25493507442158564 -0.25788774775363815 0.06321252408601653 -0.0383252223201254 0.044762844237211004 0.13931448253109927 
-0.07820842413047568 -0.6195037215244454 -0.9086973795648527 -0.13539126846541016 -0.16393520905844683 -0.23697803928582994 0.14587534082680176 -0.360394601948548 0.028908735275295527 0.582020222008341 0.35079417534915486 -0.1524386015788387 0.12341131207077587 0.09495574022160132 -0.08919342338018472 -0.19886210202166196 -0.17730435694488011 -0.029773076096442457 -0.13818376237613006 -0.12406437742413413 -0.036296696404853834 -0.13258919468029867 0.1730423850479651 0.2624604199434674 
-1.3089512960574061 -1.1629088106095296 0.22736820363135823 0.5566422089541532 0.9737403753917058 1.0163012045257473 0.18469811540980677 0.5971467037898814 -0.07619540205637358 0.055444744908988236 -0.2906200227205531 -0.46015227909162904 0.02475126834821717 -0.42754363341712004 -0.5444639737557151 -0.04590024005870456 0.23101788922062658 0.16699104832144704 0.19620049502910022 0.24846329829473732 0.09396662856835158 -0.01664899856847783 0.14230653854366868 0.05469243869114404 
0.15305576658454 0.42854403390201457 0.3836334794166505 0.028888004040607984 -0.4322752368412369 -0.04264700190702997 0.5175601718068813 -0.21616110183098125 -0.10553241318881779 -0.45857406127249534 -0.5881379997394742 -0.15249373384346576 -0.010015259444254557 -0.20815154434030422 -0.1587531419628957 0.19294609056663903 0.22310667063677367 0.2170134378149413 0.26692910805909453 0.14493288766583357 0.14871441145911649 0.1740066383495348 -0.08611228182625731 -0.25720943895864695 
-0.03368182680945342 0.7091622676156515 0.8663301469806259 0.23665249451415699 -0.4419664539189323 -0.909568241113649 -0.44748373475293624 -0.09998059417735139 0.044420755025077696 0.18697104890641061 0.13942436244712983 0.25243944454083694 -0.47246793065148035 -0.5083964715799533 0.12066753317096052 0.2399615541319682 0.16095096159065628 0.19733917118965902 0.2219826264274156 0.18668251464631505 -0.05145833769744903 -0.11327471629460573 -0.32235966481735023 -0.2283305905678986 
-0.6857973804216884 -0.9310846276161233 -0.7519189253507995 -0.5542346829453292 -0.12540180631344877 0.07491637008904428 -0.3388210582691103 -0.4466296159624322 -0.4775425776427795 -0.005762845038974673 0.3941088282440853 0.26289385348086924 0.7542588946792615 0.8411120915445847 0.3469874023058313 -0.4234308625663263 -0.8906756504929964 -0.5965842444290235 -0.11245629983275833 -0.15673300362959794 0.04367906506427303 -0.10889328667162777 -0.3037621965517818 -0.06882296482080985 
0.5278790694001492 1.0420949348893993 0.4331418065022017 0.1283188900512171 0.33745077535584284 0.3655020049587332 -0.05305914883444415 0.1523334169166618 0.26418469326295435 0.16886328567604506 0.18533555773971788 0.017145698949899202 -0.20268684233578002 0.016216991216534343 0.4454436781604049 0.4475564599966004 0.1413301285034725 -0.29951582209959976 -0.35002110523592705 -0.21230693120452415 -0.060800351673852816 0.1340798903065563 0.15058601686563358 0.1516230093701182 
-2.390501365558046 -2.2612585743686133 -0.44073455726163135 1.353347393971057 1.8500431000003643 1.1095706083438492 0.6577167783459102 0.12788090351080594 -0.3464515775005752 -0.12284031964242927 0.3001929922695773 0.17162203341443266 -0.8534585768081451 -1.095769176501052 -0.5631100463012607 0.1175159996823919 0.5039746596015334 0.46469128358110695 0.1037243583099246 -0.14896030101923666 -0.14203691846817815 0.19261802218862223 0.40538175668409676 0.34292535861740275 
1.4267306927660655 1.3255982673422935 -0.6255930715451727 -2.059807923933837 -1.8536792925862564 -0.5283478939422521 0.10431066264733468 0.24968493969960193 0.161276309975534 -0.156729884711531 -0.26537577016251696 -0.1567936735362993 -0.28496520517826257 -0.25664174369876885 -0.18738357208936426 0.060983193609680596 0.4793525319764865 0.5768194655311333 0.28098649403725806 0.08599407993964525 -0.03330174013272299 -0.03236939806345735 0.15575669800376943 0.1419944536490664 
1.4251525383197885 2.214471235660586 1.4667786525766697 0.18728072500002224 -0.5417607511469997 -0.872232531203784 -0.7286790389397735 -0.04842447429619236 2.2369405465155756E-5 -0.42082032641105327 -0.5966807778570876 -0.6789125361282398 -0.395166503350941 -0.3656104495532346 -0.1968019632156758 -0.04963172051754753 0.10350483250325022 0.14696493869132507 0.23335923729433308 0.09485537344135647 -0.15687938843914065 -0.17179989915520869 -0.11087917571835681 -0.17677006631117695 
-0.5250522670039803 -0.42584473902889375 0.041535917851143855 0.5284026437076926 0.09529510500006544 -0.37405482186085004 -0.20282072230337655 -0.017496133998774838 0.19085294020810312 0.4149614832507291 0.16650234879174206 0.016429622774036257 0.7968899085909577 0.8351870903774868 -0.01567995554508661 -0.7468554064234464 -0.8139935954459164 -0.43761208724893946 -0.18301289234361784 -0.03648571660062092 -0.08126973780342005 -0.19224385029784008 -0.19498044266213177 -0.21124026267197382 
-0.2291103756202002 -0.28870572252331606 -0.1838931623127622 0.20813727170293467 0.5650414036974527 0.591529256229173 0.11120475893826659 -0.023094679964075104 0.10939827270056224 0.10671369384206675 0.4168914599475182 0.6153205841927957 0.4342394913960998 0.710477180104117 0.6732697026966563 0.436600059929978 -0.03660044023069925 -0.4172565817444233 -0.395561063302832 -0.10808652768755662 0.03501682118425503 0.005436814095356753 -0.061689680621099474 -0.12520690168659204 
-0.13680757603681304 0.07162547530178376 0.24678270253480306 0.17033002198504588 0.03490041632926644 0.05260747408808786 0.23340744073916814 0.3464771923354061 0.3503975717382456 0.15623465605542924 -0.18722056107842464 -0.17018944568089564 0.06171709566978878 0.11981612234610162 0.1960573270229263 0.2633864262973546 -0.051142838088355326 -0.281970480257341 -0.2050872339742745 -0.03530588169297169 0.14368068253382835 0.19652847242683258 0.07729197605588502 0.02318956551548146 
-0.07168828135209449 -0.1656954118171039 -0.6556538478551287 -0.9434831439285885 -0.4017620861195025 0.16620606605501698 0.23989006944745012 0.0938484455993871 -0.18480040991237118 -0.3077673550994736 -0.23475028105870582 -0.20998229684099767 0.03516695160102046 0.02341280277920858 0.024018920878728218 0.16514452861341047 0.2525237921743716 0.21180569736325658 0.0017009517680168877 -0.0902863635240237 -0.019643331918941426 0.04690696329404407 0.18178231045192508 0.26828164625778544 
-0.7889146011473995 -0.8467982614203047 -0.3107557204464517 0.31405357263139044 0.7321253641736091 0.6845182139982511 0.3480983243648551 0.029949948298409135 -0.09308976608691522 0.03261659044100156 0.260447291127199 0.35951236674448855 -9.770807139828364E-4 -0.012053825969502663 -0.1294035685063518 -0.18790886431493256 -0.10280095185815973 0.05307482431758709 0.1707089371065222 0.18347606253252283 0.11032987941137389 -0.014865861970560631 -0.12147735499178751 -0.08582084870298916 
-0.008557717867968329 0.10026773750010243 0.022819286541680528 -0.359158089460469 -0.5411424467478334 -0.3598432058156783 0.04875646182137244 0.40602803262649445 0.3900719373699669 0.027801836767148383 -0.35228939751106897 -0.45437526079325286 0.055865820434086576 0.021452849975420445 -0.200372591316179 -0.28996096477387523 -0.07317868918711272 0.1424949690336703 0.1743511752994288 0.0773845554319498 -0.08144842067604685 -0.14964449325601462 -0.10991940616557772 -0.07546714685901067 
-0.1654416156369276 -0.025194621448311416 0.29575684085545373 0.44189408769578387 0.41299345221791106 0.15640763707067423 -0.18315256676735964 -0.36004078877571605 -0.26802824013704507 0.03304764603380012 0.23598106212311942 0.20946958240419938 -0.11813694894828315 -0.10871284077193126 -0.03920761861000518 0.02228016719005423 0.10251262317732085 0.17613230947877365 0.22750093574744523 0.22327057874678544 0.17058783689503976 0.1136102666124653 0.07116605870376609 0.05938351314970732 
-0.5510222354095902 -0.6408557817293619 -0.35779235455754455 -0.13752050713915942 -0.022660062580315304 0.0027764474177945364 -0.017538010884728922 0.05669014784060028 0.1470140891408343 0.14095059687217099 0.1072410519400671 0.09144053590617893 0.04017362326208825 0.05837174330646455 -0.0495405227284042 -0.22496407139047223 -0.24821495731285448 -0.11969957444082102 0.03640916021439233 0.1295804683794423 0.11958547404167987 0.038534489643780485 -0.04701171686100761 -0.06746663262530905 
-0.16327149553173914 -0.15009797948977877 -0.0028270440668236585 0.13639427990057296 0.16534630255788746 -0.02518854105480628 -0.3012572465244299 -0.46519284554900003 -0.4833243526574681 -0.3647885894489056 -0.18281610970966733 -0.09154607105434928 -0.20112907897861096 -0.2006854702882627 -0.03713837486967978 0.08864733139835067 0.11148602368064593 0.005703917237574148 -0.10668118034895814 -0.10047847324747848 -0.024329111788443148 0.05054581694967209 0.07764121458555799 0.06711944884754235 
-0.1301636477068273 -0.012395813398557554 0.3207327971880318 0.4684840286085531 0.32732600002074186 0.09005360656952505 -0.0014186789432694136 0.06986265587480953 0.13896357150513883 0.11111648557715977 -0.0018556610116527705 -0.10146753618805138 -0.30724530105328274 -0.3503319263486149 -0.18944355578615968 -0.08414481677312058 -0.045836888967032086 -0.08063602537277499 -0.14313131617338348 -0.10601041492548474 -0.03850333817258087 -0.015875152836396105 0.025367401297685 0.054280656288424455 
0.22751632744752381 0.26263180525107455 0.0679093895917049 -0.12705017437312438 -0.09645765012455532 0.09565730578208653 0.12883130830878503 -0.06519162305038523 -0.19101564595386789 -0.10367274916771055 0.057605774842305404 0.10456527190868747 0.029195382587059743 0.08227002384262298 0.14179153640046038 0.14674481657080982 0.09161477693221003 -0.018758901410598633 -0.1500288695725544 -0.2294915315530491 -0.23549490210302038 -0.18461566440732757 -0.13817964964581483 -0.13394351898465373 
0.17531975626062657 0.2037751049460561 0.17517009597167021 0.24663617031705098 0.24575258066200234 0.18426160011767312 0.19681166021881402 0.17472078136774713 0.11636975030677682 0.05801813524076177 -0.08907209422897427 -0.1694571044406128 0.018507464891034314 0.05501014956320464 0.10303162153725143 0.14441356078169862 0.16190142977782043 0.1552957113607584 0.13849441093109668 0.07327903238121705 -0.004594178870586912 -0.051612079630874975 -0.09882700091218855 -0.11465965672316213 
-0.4035993452766453 -0.5049935101899545 -0.355420302660024 -0.1929162406661054 -0.06871131855937285 -0.016015833597084417 0.049714192612191566 0.1708526863636785 0.23445726425077396 0.21560757894127613 0.2753310558364379 0.34427927002589265 0.06372820619797848 0.09347768233957014 0.10315895591351465 0.1179777188992231 0.11870327934879031 0.10792182268629559 0.07133604194091293 -0.0011438925595142618 -0.01400781861193449 0.05812644599119002 0.12246106293316371 0.11661293672280719 
