0.0 0.0 0.0 0.0 0.0 0.0 0.0 0.0 0.0 0.0 0.0 0.0 0.0 0.0 0.0 0.0 0.0 0.0 0.0 0.0 0.0 0.0 0.0 0.0 
0.0 0.0 0.0 0.0 0.0 0.0 0.0 0.0 0.0 0.0 0.0 0.0 -0.005456825641307598 -0.02422403010387934 -0.06187331537990415 -0.08073033619860825 -0.07179744699694306 -0.03894763664962655 0.00734337589263125 0.05095171259975979 0.07091858715402474 0.05869842649262811 0.03798547733961093 0.015078467631741041 
0.0 0.0 0.0 0.0 0.0 0.0 0.0 0.0 0.0 0.0 0.0 0.0 -0.08073314454211851 -0.06000967390274692 0.042824581668114516 0.12786024940866647 0.16497425912344155 0.11772120825619337 0.012663904530939823 -0.07488633760557013 -0.10337506718561135 -0.07321802841757251 -0.03586330392138333 -0.005370194128659332 
0.016370476923922794 0.07267209031163802 0.18561994613971244 0.24219100859582476 0.21539234099082916 0.11684290994887964 -0.02203012767789375 -0.15285513779927937 -0.21275576146207423 -0.17609527947788434 -0.11395643201883279 -0.045235402895223126 0.12642274673330597 0.1802208309227058 0.1772300692474178 0.11892235246381873 0.02728414968798748 -0.024092790586782764 -0.03435951968496765 -0.035114045678384435 -0.03344806699411805 -0.02560808053198249 -0.00778107964908802 0.004348877839946021 
0.23401419516439415 0.14369297655242175 -0.22128371807419978 -0.5046762525239118 -0.6026189478657392 -0.41158507974301994 -0.026976649753872595 0.3010865817163501 0.41650308228787114 0.3077017249916597 0.16456812777356639 0.03872828383358956 0.07744315403054314 0.050264647670092644 -0.036752079018734694 -0.07556114066871655 -0.05675460359773384 -0.002804426150926062 0.05156719960060303 0.042383086704067874 -0.015642029654349826 -0.06384200486518946 -0.08568996452572826 -0.07503534620222567 
-0.49627533778211497 -0.6125089810443283 -0.4210483487051535 -0.1044289311295003 0.21945702486890717 0.27807091163185826 0.11656688393183925 -0.04520115382302174 -0.10790734016158142 -0.07702662089988238 -0.05894082493951913 -0.032410775436632844 -0.04339115573321969 -0.07699430354147759 -0.09000135283168005 -0.10418009235998471 -0.13800815741573644 -0.15792607394493569 -0.11680673316501176 -0.026446017650649727 0.05236964960168536 0.06867831603358977 0.03629511181809158 0.016921051958524586 
0.023993445261389468 0.1917965926677052 0.41359038447863705 0.39999339186881216 0.1682314688541625 -0.07220072238871113 -0.22400010460667558 -0.1809762521003324 -0.005498121687196926 0.1419916853065674 0.22956209003752798 0.21869372487738187 0.02303824884316145 -0.020007529208234714 -0.1334134404811642 -0.21032251037728053 -0.20196536519497701 -0.1077877394113086 0.006090179792310353 0.08489481911636614 0.12265981246392403 0.09657222820655913 0.04845447493568167 -0.0035278525900872826 
0.2515543190750842 0.27960319287842905 0.1381869533583342 0.102396463479417 0.24399160487808763 0.4209289531065322 0.42690179924354305 0.16751433206101107 -0.1588641082795963 -0.2992752077361075 -0.2553387486050883 -0.18598127929269304 -0.2267717786398594 -0.26170670511635685 -0.13030162020458272 0.0315893717780626 0.1505530593134454 0.1501142229158994 0.05053955234851615 -0.052460645013795326 -0.08188524098380962 -0.029491104534635684 0.031970048321801975 0.06027544365749723 
-0.20901537979368978 -0.24234052278425278 -0.10066104766245099 0.02287858130347109 -0.00899014228539835 -0.1596508822464311 -0.20041464678665555 -0.05995561857476466 0.07400202895510652 0.12910933379009487 0.11740366479930596 0.1260970935318815 0.04134872713862103 0.09180458148916266 0.1444253625976608 0.15437297279524856 0.13541426941890258 0.08809791441729424 0.02659279263648619 -2.932088964005634E-4 -0.00905042399893904 0.0014610222245238225 0.03836848968917211 0.049401553375327534 
0.3005444106650028 0.3896796920307213 0.2269822279791387 -0.010639641181017567 -0.1435913475016486 -0.12854667718698 -0.0468445020237192 0.05167046445558038 0.09799830746869569 0.017887868462260925 -0.09877175728581405 -0.16693879073637435 0.48056759294004453 0.6359680230794603 0.5389121586597622 0.4063221867375942 0.2944037311971645 0.23650922285053758 0.18977316668846989 0.08321379163906249 -0.06985947821152803 -0.15855680032327113 -0.1452248453634874 -0.07346719083532215 
-0.12454778194943295 -0.1386554013759289 -0.06408334062474763 -0.006607474186716256 -0.04421986321267715 -0.06175665049383769 -0.06690533188250303 -0.12217469160841538 -0.1067780575645258 -0.02097291946618829 0.03617312531037453 0.060967820473239925 0.11308176328706725 0.08393614065714645 -0.06382085780271107 -0.2177055258373076 -0.3279436848638811 -0.3215066040204801 -0.20155336681513358 -0.029864124018045012 0.09298896234596321 0.11609332644932539 0.08977369893965574 0.09179022371336915 
-1.2323822586671778 -1.680143437064114 -1.496838376139804 -1.1018270689882719 -0.6216047282497664 -0.33754583132137717 -0.20917235827394293 -0.051017506339351065 0.14110436961480394 0.25143631986184745 0.2209510572298396 0.0669849297425942 0.22973701947253758 -0.06251586490489218 -0.5765396080702234 -0.673342011927306 -0.35131665618511027 1.6205828037898124E-5 0.09762771496058693 -0.010521234860342316 -0.07719336215766465 -0.06071976577344732 -0.02197144146234716 -0.04123016743255458 
0.21820266501119878 0.5407626197917255 0.9527118278051536 1.221588872719021 1.2138476026803038 0.9093685068822077 0.48540938178385706 0.0809807388768361 -0.22651788915583726 -0.3359448712576746 -0.31177883927748806 -0.2662354378477102 -0.8231216608363092 -0.9542513340687724 -0.3345297694240119 0.05606264531746796 0.0010255182745930458 -0.19111845049340614 -0.2513600568554228 -0.20040928955364753 -0.12712588422571117 -0.07218963513691788 -0.051255898988249865 -0.04648424150180656 
-0.5600418712329258 0.23751827616157062 1.4482034679748583 1.3952882211480317 0.2813248881071919 -0.6141578733591164 -0.6158850037386601 -0.018343546206018413 0.38944830973734534 0.35753314167834604 0.14111854939515872 0.12035334072176446 -0.7983105683995824 -1.4628270984587257 -0.6306912580520508 0.03204124063617164 0.09922843428986132 -0.10726372258356937 -0.23283874719071787 -0.10442544367302446 0.06006649474350954 0.09240100974631442 -0.005305048601509386 -0.10495255943759874 
2.0086470068423687 1.765267744217546 -0.5330149544100431 -1.423353055207272 -0.49876122621493546 0.6499047220052504 0.8905311614161239 0.46271619698586086 0.150427625051337 0.14254757503631604 0.22985707619246457 0.17373633948907447 -1.37382824993887 -0.012109912350472948 0.3374216080878479 0.378030657369884 0.47346515112253834 0.3548029475776115 0.0771342065929052 -0.09587387870659632 0.05832616147070848 0.12865558419604795 0.0032560378844226356 -0.10110474913195495 
0.26732727561598413 2.0960852960991527 1.138098789123947 0.12452017306635965 -0.06298561667173075 0.11397722886780959 0.28678299348207736 0.07139109562520995 -0.2275678717193118 -0.2650129325240911 -0.03395175470060856 0.16185671938699803 -0.4173187547668325 -0.3969294363219209 0.11570445846006194 0.23340942201943948 0.026756360012299862 -0.20324626382420963 -0.029307241360094993 0.42342493896835615 0.48988584584782074 0.244817839503371 0.006754941231647045 -0.045961189332502574 
3.9260028414033545 -0.35219115312564675 0.09549934296706564 0.7228809246502048 -0.03439259829784991 -0.5191078869640897 -0.19732723660522722 0.3237350540810109 -0.09298828283963412 -0.41063858674459985 -0.23401180088287238 0.016327120215537866 0.3819018772596845 0.3397032348260316 -0.13412863097999747 -0.3159942087290187 -0.32128755097199296 -0.19417041286350492 0.13060501133606364 0.3768464228322113 0.1934517026810895 -0.04756427548937695 0.13115989292224264 0.286105513779215 
-0.26676352421292115 2.4870360337989297 0.7868329439061181 -0.3780570348390251 -0.031128505888250446 0.5800872225981826 0.015965919352300406 -1.2191277916586618 -0.9585012738606313 -0.10032729594130896 0.35278816423788606 0.3369415183560405 -0.5282358251384466 0.34742709894249774 0.6247485734904435 0.23183446059855717 -0.21397436127659183 -0.11454294422690348 0.2639908796096008 -0.057566663461039114 -0.3317398385667748 -0.3533577193504069 0.17992047702307776 0.37767031556666963 
1.129986774977768 0.5506826708895627 0.04500386113886368 -0.2240818250675236 0.4491728713093033 0.9993609637305787 0.6341246644728213 -0.022563627868837255 -0.06446078192127172 0.20289758321305584 -0.3569925620435107 -0.7721226013330917 0.24641709801576953 -0.2074198973550668 0.34839424447401185 -0.1784654015509893 -0.07056233126624463 0.14410511032235293 0.3519190856468943 -0.14200476386154284 -0.5224037266021145 -0.020456142641042358 0.17050721154444526 0.021864257660791437 
3.2500427842441173 0.6023670872640547 -0.7108991904332829 -0.09750183387044764 0.33715473235446813 -0.3016283637988142 -0.9209155958857494 0.41724042698325137 0.7533878935218313 0.4882921405483018 -0.5122228051895226 -0.5769293665386961 0.14017034636938716 1.08477780498544 0.1738032076820244 -0.5001336696096613 -0.09251172822903542 0.7020466364386563 0.4763716512507816 0.03302788224525344 -0.28473411420215705 0.13610528952793077 -0.14614622400295127 -0.2723005816287038 
1.4283483931275267 1.212403012206991 -0.20081732328526947 1.117999528818884 -0.006847223620475296 -0.5105654247326501 -0.784643735926885 -0.06843476365531709 0.6182783132754781 -0.6435798770662782 -0.3130279508025038 0.40766978968053186 1.4869511771519148 0.7565945117206677 -0.169800120361689 -0.017679390421549684 0.23560004221397055 0.6034628696209869 -0.1788232815060061 0.02554073964423163 0.18716140751436716 0.22887295202707772 -0.2908800298440192 -0.3271100458118259 
-0.836455372395962 -1.0981575518161044 0.3883339130721115 0.451303297046755 0.4744167262637451 -0.771089492486172 -0.7037648342001912 -1.2952758705011822 -0.44566847885253513 -0.08540443438543432 0.7692445306262363 0.56394706773534 1.6153018711103229 0.74936249910712 -0.4194396422992391 0.4624873703554255 0.42097414184906556 -0.02867990805518657 -0.6204474508243146 0.09212554709568077 0.21898149286571655 -0.024030744578512342 -0.266068429636371 -0.048377989202147365 
-1.287617678157937 -0.8688385447323608 0.004787670471233518 -0.4454462192614759 -0.3262582522872468 -0.5762970807887032 1.0620191281480604 0.7570723019406846 -0.026416818277189946 -0.19687298540130926 -0.12508614041933264 -0.36123068103463213 0.5855172584821214 0.5391287354859209 0.02928680626741853 0.4295488669468733 0.0477954511229414 -0.5830961628897642 -0.4748933652740274 -0.46510406026411216 0.17738247267268684 -0.05941522619468639 0.09259365104051535 0.22469550968552135 
-0.2378797934441197 -0.6050996315876294 0.44461723958618293 -0.703241070896544 -0.7660621788593429 -0.1827228116052279 0.017095324549721513 -0.2718897471017918 0.41879098070101567 0.3370309284513543 0.19201157852800485 -0.047345163574672 -0.1973280517620307 -0.03460276288037608 0.22055966018222128 0.03859703472755218 0.11149412886552862 -0.22192635119050008 -0.029181449611509258 -0.4850123667065458 0.005803776252426267 -0.26181409568736963 0.07917357892083125 0.20187572757518402 
-0.6274911717947589 -0.6515121543650091 -0.31681940534456077 0.4066251119499136 0.4700058755722445 0.9445397234961704 0.27960628052024084 0.8151843554373243 -0.34609883451935786 -0.6765518799006133 -0.3021924278749341 0.039229376278973827 -0.6143192228578999 0.3019366605853187 0.5580202973802927 0.19869743741381515 -0.005573192598929337 -0.25220256743216557 0.1092014699529255 0.18664159891497833 -0.058513904469495 -0.039964478628225386 -0.010490853949099732 -0.10507660638218551 
-0.574534470291459 -1.103012458358652 -0.1125415295666552 -0.09052347274159628 -0.2581977242625864 -0.8657288410571086 -0.22501406155175363 0.13070520287013526 -0.30323879948873 0.9398772999263266 0.6202769375915433 -0.24191014364701502 0.17875538911641767 0.1840283808646331 0.5224316230755225 0.06948285809205439 -0.021561938095518467 0.06722459718738329 -0.13743999335076204 -0.031214180715389627 -0.05062553032796411 0.10103502676314241 0.13570700943860833 -0.027907298189329893 
0.7236673288394322 -1.5256921131028056 -1.3906938370932256 -1.3478973305803952 -0.5634709017888371 0.5218136362337339 0.8554694113400216 -0.004149969790213925 0.5101397852261679 -0.37840273525411927 -0.3077462581038027 0.051281628148095885 0.5770866466344847 -0.12772349484284393 -0.07471302245715479 0.01805826189713189 0.07937243501639783 0.22896027261439875 0.1740009218502264 0.2918745209192209 -0.07443770855679999 -0.07414362720174121 0.11885852155083308 -0.12391351651117745 
-1.4497252111104681 -0.7200947948126304 -0.5857404137660522 -0.03442842390755274 -0.1846379758922468 -0.1730335595361595 0.1414837391921172 0.23141995765814616 0.14254826181214514 -0.11514872416131994 -0.2123325346733858 0.03035060505875664 0.6406691741993132 -0.6715088836097257 -0.3633000405317353 -0.39836088958208454 -0.3188290827459182 -0.26379820093139966 0.27229550532479363 0.18950025445211974 0.07329949001918819 0.08432373474157473 0.029717743189054995 -0.23419581474355267 
-1.9211557412887084 -0.45980050160948815 0.14391910412660214 0.32440280184149617 0.1951086963378812 -0.08868873510750025 -0.4256453854023737 -0.1107965847143439 -0.3456792394993955 0.07339201374843363 -0.24246325639496877 0.27483955145962036 0.9803405974679752 -0.5298999430734024 -0.5900635028157765 -0.5231588058195431 -0.2689282062300092 0.10960972887921931 0.39925068800918795 0.03668247563436452 0.2196959699713986 -0.17771816873436466 -0.19143269477580946 0.0578632812322225 
-1.1741304578253287 0.3785683867238667 0.21005212141863705 0.2684091297937119 0.31899972491180906 0.23091694740770743 -0.4013431791549368 -0.3844722530241589 -0.09522775718351295 0.461008721200326 0.4984822071699614 0.34889833892788075 1.2562891274071535 1.543662408558099 0.5112399717089421 0.40118115640836277 0.07556135691094192 -0.46061403357475267 -0.36161403997897174 0.11693604310023525 0.16586386484391374 -0.13318613671486626 -0.11125333797991781 0.15102387094073874 
-2.3551518402070633 -0.48532387465084703 -0.018399596238240612 0.0701603100276017 -0.008505133500837536 -0.00899080387585749 -0.07086919351401527 0.19374870864784505 -0.0300601151901988 -0.13332695173184816 -0.088855544698048 -0.28158208248313366 -0.5513827226271899 -1.0154721544616325 -0.21455613817908126 0.045784533327897926 -0.16870373084800372 -0.02218294095867179 -0.2195357105738803 -0.02026481137313067 -0.22233320035013784 0.06254197144863509 0.05070065497188519 0.17614871487641412 
-5.00159454387275 -5.338320333966248 -2.038300978710457 -1.1108506472256938 -0.3095151317057132 1.1689595755722773 1.048937763184853 -0.2716608183236541 -0.5128528948741945 0.3877691687234197 0.04462362341790721 -0.1445101907920826 -3.084501153183158 -1.7199145731571608 -0.6379756457551425 -0.18906505226285875 -0.008405703384758175 0.3073711526556091 0.3260249575537348 -0.11901423897529102 -0.20027711973094378 0.4279093223923777 0.2171603632976228 -0.012437753709773828 
1.6467244696165722 5.445060322120467 1.911764068728393 0.8766790903675052 1.0154773171906535 -0.4911612263137698 -0.49217872485062775 -0.10640786794520429 0.5301329303963588 -0.07761412435901849 -0.16763592943459726 -0.006902328309640354 -4.229351921362658 -1.6638408797365962 -0.8371336385842204 -0.49264561260279366 0.4127344190977622 0.4585524795824658 0.6166943677673519 -0.16902864251025304 -0.0023977884430391727 0.19316135123902414 -0.04830933157513525 -0.11228176495267668 
6.078434846812327 2.573120007809692 1.1588972262007475 0.4323448964123364 -0.1677743902796619 -0.4501112993401637 -1.168763286147835 0.1226487521982389 0.2255070792160397 -0.8505756596632219 -0.11360869035463245 0.24887172297045557 -2.7832090136666694 -1.585374670082351 -0.2621208839859617 -0.3555140046863538 0.3714952926659644 0.6325957219400499 0.3605962906365591 -0.14054686041176945 -0.0047326486527540235 0.15052423158568762 -0.09868675159673863 -0.05475230879465359 
4.792889228538373 0.550478593670972 0.8944022170588184 0.7764993760169678 -1.3175787615071497 -0.5751128051670344 -0.812101772149727 0.5036798509176577 -0.3920467369061984 -0.09363859125559981 0.13518860691362758 -0.1414277445063727 0.7710981050323283 1.9107027723718766 1.0593892805163447 0.5056126777312189 0.3449165774315018 -0.13376173636974656 -0.47774490694588617 -0.020435863429370513 0.25831303620255053 -0.29505731410045144 -0.1249584001031523 0.01881465164779153 
1.7749501176663571 1.8650945405055523 -0.7432574009177848 0.005781224008636232 -0.25747297035470473 -0.6868518008212401 0.12711041492472552 -0.15506409651977673 -0.03756511526465384 -0.05579129258535248 0.1892716100340107 0.08700944369024433 2.350802128504623 0.7671350245681644 0.7519726474143403 0.607686802343116 -0.37639925036664285 -0.19265642378194106 -0.6532647069894723 0.1385886476704182 -0.02958848739381099 -0.4079282439172908 0.035266400295803024 0.0631654620894716 
1.485172519092572 0.06696473865690677 -0.3153264592613749 -0.42687710662430123 0.025576874933669558 0.028494233536008107 0.2931191454507507 0.09375614670191507 -0.11327008097094604 0.41016563440340115 0.05579912068053809 0.017584856387090675 1.8009351082899325 0.0027727264825975575 0.6156522282785056 0.4204558325960632 -0.4625009043852788 -0.3012300066395543 -0.42114824761466013 0.29377747829811607 -0.320502404139771 -0.09506547549503593 0.08955703951097609 -0.017258297141799512 
0.6798868160213587 0.5134718616122314 -0.4921563778821768 -0.7890272692963769 0.28984554259985695 -0.17394554734586176 0.23842037602034305 -0.08815533870514436 0.1748842134298465 0.12130695925914996 -0.17971314812549677 -0.020130963744690922 0.6254642483369454 0.3904448572503115 -0.033573839038521514 0.1606335171485765 0.029532588956726575 -0.3341112994996635 0.07994832797953737 0.010244244794475499 -0.15379717069215906 -0.007654473260151691 0.07706935349800932 0.03559722405814673 
-0.06238444550892552 1.2179717536698398 -1.0781049792945026 -0.08746387511871512 -0.20373530482859414 0.07212408801393932 0.39568799014644473 -0.4111069628840067 0.46323581116586443 0.10300870930725678 0.05100986746045311 -0.036082649363506525 -0.23678684042941534 0.1375193106067473 -0.1682598336048228 -0.06598739320312004 0.129280211024134 -0.11628806097433514 0.23977536775458486 -0.03630151847598869 0.04963043187928765 0.0510234589516565 -0.029728545340097088 -0.046492496728025356 
0.6723358549562697 0.11825646124815137 -0.26114662378565645 -0.6458259431898863 -0.2314146473437526 0.29366717043878465 -0.1640189913617336 0.06663472388975766 0.1355734507434181 0.12075058974317479 -0.03954182384997479 0.007051524391102737 -1.047172852049491 0.042857227967857035 -0.00940399015242103 -0.4241086668803265 -0.03700015672750723 -0.24521962365132413 0.16634074791660278 0.22614422291279215 -0.17525065529564654 0.16869645781609788 0.07280485204274174 -0.0012433154862768008 
2.1993085209133625 -0.14798549298129515 0.07394816450483332 -0.3005155900681864 -0.10163366316692768 0.14355205756669032 -0.2249872741219655 0.12526567083243012 -0.2425059952655948 0.25737344230641923 0.07489909456306837 0.14347110250326991 0.4527954938757688 0.15086682103961704 -0.3088314398959162 0.11844380729145217 -0.26108515797787946 -0.2838937680236326 -0.2461553035975653 -0.20215577575131408 0.11946434037548281 0.05172625146644255 -0.03269236167543222 0.02314410219540482 
2.6905588889586873 1.0678788010342277 -1.0399709793245817 0.5898245888193383 0.3497951919515454 0.5259993388317352 0.04973576440473987 -1.0347743243017393 1.0535070825325157 -0.46196478068872493 -0.4100723178050296 -0.10617789321924874 2.4248124143766816 0.6570533713174124 -0.3252314798749475 -0.15074225733777888 0.18156895090471747 0.3045982078388066 -0.182476556816373 -0.27663057510401085 0.09678326647020581 0.06613509687741598 0.12820541038905536 0.1225465367556942 
-2.4298824441374407 0.29056012065795045 0.23780151816270878 -1.060620562997684 0.2889152494573952 0.8076393078883617 1.0272765230559038 0.746064888465684 -0.3541240258551328 0.239187640123879 0.3343521994642772 -0.048900247144545245 3.0294765979695826 1.2053570749547493 -0.2448843481225006 -0.18194310415922946 -0.028864738390009175 0.35992313588885266 0.14392248083292933 -0.0950159321719181 0.09707098897538043 -0.07080362762781962 -0.05178018003558482 -0.08883991654372732 
-4.2875059056483735 -2.0721764595237087 0.6326211390102483 0.18645331528819908 -0.9713959563700665 -0.9521710782384707 -0.24272121950154912 0.5861268403851632 -0.09896733337243035 -0.06856179979780302 -0.5538846074677453 -0.2644024110520723 1.3753392211729223 0.9126873890949355 -0.4580819592684309 -0.012830731845335045 0.308637944218272 0.5614875786656744 0.3794996382369545 -0.04725652341850228 0.49710537001053323 -0.10108202848951871 -0.16393965758955567 0.054448838598630034 
-3.400088875691856 -2.194029087566575 -0.027694850295079898 0.4469993591750716 0.6455561261639058 -0.19713214156476488 -0.510526224667609 -0.40013711499526683 0.04251824576073693 0.2730828347444172 0.30214577950118066 0.4891031110508637 -1.2199823854968417 0.2546178371897649 0.03212912935867105 -0.23230726777284436 -0.07552440631498374 0.06721273667130405 0.3905023286188721 0.45355350695206315 -0.031167591162260904 -0.10403343456088955 -0.05166487013800606 -0.032260069111438285 
-0.9503555587828723 -0.4278887621383163 0.46702308270960546 -0.12549317673103433 -0.7544390790565259 -0.656077672438725 -0.3198617764443672 -0.3199037523157571 -0.6361301633070189 -0.17566629253043786 0.09784986494518572 -0.5385260881128433 -1.5430515656898007 -0.520911865892436 0.15230480957921985 -0.02475129291703045 -0.3541206748727462 -0.4782455553010525 -0.10254280732987746 0.055564808985396064 0.004847913635194864 -0.08906115273886307 -0.25286395506940523 -0.1168829841879077 
-0.4385104610796663 -1.2954372396040403 0.22421315823701704 -0.20772551366953418 0.4070100297455761 0.4579543949745767 -0.10566018432930335 -0.1615803360400455 0.007960162598944137 0.604840190172865 0.16347957367182986 0.18494179872015512 -0.8636312495302677 -0.49334224423630363 0.016249844505185334 -0.03716757445577423 0.12419448190522175 -0.04219261259995538 -0.43616960691724316 -0.41948818467931476 -0.09355583138774437 0.03889971366020076 0.16881290785619643 0.02945226236954616 
-1.1391404158850666 -0.9587367858276679 0.04975270600654025 0.5880696304615933 0.21023911645733695 0.15502231939501598 -0.13752581768106958 0.3001540239513643 -0.09623203269711855 0.032742980704562274 0.2740403606551458 0.23832719767700505 0.11312007218996767 0.04031959833970541 0.35865520394371736 -0.18858831563660347 -0.4277200955482323 -0.36735666093192926 -0.2470676694806518 -0.30751547104062654 -0.1685206379921802 0.35611362915080386 0.18415556971088096 -0.11249176723138195 
-0.7148026985499558 -0.44857834301298816 0.1321908045408967 0.20172067894608053 -0.20936641730869088 -0.4761042996817692 0.7068146167024716 0.5482985509091167 0.0532366746190199 0.05217905714631485 -0.29238819192238874 0.012319681047300995 -0.1234869401335698 -0.4584852030441802 0.41559649042479685 0.1591292680939758 0.06593350958662231 -0.1728410356402457 -0.3123054326718113 0.09867894906109913 -0.009753831244128744 0.279334807218335 0.09984255549965071 0.13514503935629593 
-1.1515696566176306 -0.9722770054529586 -0.5629313522734863 0.23554867387096873 0.8369094311153046 0.9130216576852359 0.015103831481700691 0.24770321733154146 -0.15320650534051622 -0.9676766134695745 -0.22668296139034783 -0.11473972758227041 -0.449997520726449 -0.4968175698631064 -0.2006936241652063 0.011785025723028456 0.048554690492899955 0.010624468254344053 0.06471239755927054 0.3175022635471572 -0.14192016788736952 -0.10073613283703692 0.06225225377181676 0.11551695026388531 
-0.06183502031267496 0.08678847934114575 -0.7162342838973602 -0.5088528396561492 -0.10412565634327464 0.5974778327502039 0.7549412891047454 -0.4313917799134314 0.0657088926530292 0.2670455656049284 0.11431356819562458 -0.04395985671909487 -0.23204227941900257 -0.40528258343229195 -0.2673235018165298 3.417675366151063E-4 0.0953330441852872 0.11771137077911197 0.23793672941719493 0.1124597471332285 0.007693782817959784 -0.20940700230935486 -0.3105662272537471 -0.0814120440039746 
-0.11563169282436014 0.2640325125845844 1.0760461227212876 0.9080013125936229 0.011954664495928968 -0.41364215158400275 -0.3557263465600181 -0.16250760127883326 0.32329236194798533 0.22751812498636623 -0.1160672807193111 -0.08008388423145296 -0.3120615735844367 -0.2905926944524005 -0.2885558390895038 0.04494789538630276 0.20199380861978203 0.34017347901766204 0.15880612899222998 0.064870568419738 0.024363918927589517 -0.17899040013519732 -0.022723989151947344 0.05811949614673001 
-0.5366448421895833 0.14911464826511622 0.11467257249309926 -0.1355309430250919 -0.08288816655486464 -0.16590650738448576 0.17841951747174623 0.41602471881461855 -0.20809410747911022 0.08280269484640909 0.5840026495033341 0.2392278913838161 0.13092977528115268 0.16203461581166154 0.0868345770925315 0.1625896421130966 0.13003068541855242 0.37015388493217277 0.3662159665286799 -0.07382687351729987 0.11329016682066555 0.1772259029406166 0.07704295620184175 -0.08529275344835612 
0.02201997507413367 -0.1316620065577423 -0.11271726320020481 -0.08595596060346825 0.22030926036175347 0.2741933906995946 -0.17305366967848965 -0.37061673729169753 -0.08939676205721507 -0.3385839776847228 -0.3933555345883606 -0.4306920900739159 0.07973892720915665 0.19843152731501648 0.33621802191798195 0.327058195248058 0.012089859946144052 -0.12934837403917127 -0.020712852288104117 -0.0238212930919962 0.0037981255857505634 -0.0456573721842869 -0.09864184668695958 -0.07057751860821793 
-0.5234501801053799 -0.2014681085226755 -0.38235632221420857 -0.49964312939689337 -0.5983950105318442 -0.856901593188113 -0.4350429489220583 -0.10585659135509967 -0.06781704580636722 0.01841890811862318 0.02182882652462409 0.3872225065472049 -0.23533705541926034 -0.03299380125600567 -0.07198900898311705 -0.22458025439032045 -0.16541983783301425 -0.13694996319226505 -0.06956957898329119 -0.0549864757616475 -0.06471009985433858 0.08095605076118352 0.17231491148981293 0.08856137893319517 
-0.3614458054939318 -0.15597069096656924 0.31590650432099565 0.1088828200353496 0.2334385066459866 0.31990051343532466 0.013143443501196506 0.16989693308201445 0.24175945435436214 0.3966821349031199 0.4609451708309227 0.057651364011506404 0.19925660883925214 0.20886934154753942 0.11895878168653466 -0.08415168321745996 -0.017148388537264303 -0.11971139033917604 -0.2007883482483567 -0.05390404369068746 0.09660064666304823 0.01982822639589606 0.010380167756896172 -0.03274992966095741 
