0.0 0.0 0.0 0.0 0.0 0.0 0.0 0.0 0.0 0.0 0.0 0.0 0.0 0.0 0.0 0.0 0.0 0.0 0.0 0.0 0.0 0.0 0.0 0.0 
0.0 0.0 0.0 0.0 0.0 0.0 0.0 0.0 0.0 0.0 0.0 0.0 -0.011174594383569788 -0.06093918148535371 -0.1315240448639853 -0.14216647102334737 -0.1179183388241185 -0.09472146091132845 -0.07582566952252708 -0.060443857111257736 -0.033897257757376696 -0.0069385465172120036 0.007004098965782228 0.0282589218682399 
0.0 0.0 0.0 0.0 0.0 0.0 0.0 0.0 0.0 0.0 0.0 0.0 -0.038444713076129844 0.0132367310280872 0.13738524994120116 0.18441680450059925 0.13055083877504522 0.06547469683017475 0.033682254355328824 0.028593186299668782 0.03383899087843508 0.0245507783057158 0.003630856174676613 -0.03393909343082321 
0.03352378315070936 0.18281754445606113 0.39457213459195595 0.42649941307004213 0.35375501647235547 0.28416438273398537 0.22747700856758124 0.1813315713337732 0.10169177327213008 0.02081563955163601 -0.021012296897346683 -0.0847767656047197 -0.002694830425387688 0.021930113648725325 0.04761974166233255 0.03178432442842636 0.036481828332835614 0.05669543162331811 0.0630592934377782 0.05194254113512578 0.0069064599236462465 -0.02252165876244507 -0.004574554351902275 0.01287994791195928 
0.09857224765303485 -0.13111896531229217 -0.6094418171195815 -0.7665001200368188 -0.5685300245613134 -0.3385062818575169 -0.2147852673497771 -0.17644534456589295 -0.15236285927137028 -0.0840601546929654 -3.8642007535649725E-4 0.14420566309482946 0.046033138086293945 0.08372573494396891 0.09410088807643428 0.06698931434100315 0.06701549156897858 0.06512742321858143 0.04027313407268953 0.029190711359766152 0.0026966022169212602 -0.01547649349085115 -0.008717543607392186 0.0023633132238877566 
-0.04120163255035436 -2.3085829002988945E-4 0.16186168357279307 0.2878970867331303 0.17481952728214986 -8.331539411958744E-4 -0.08178524663844605 -0.06760495112243087 0.0554620498647464 0.10959505363381791 0.013916873093385074 -0.11074267528329257 0.14122877386559876 0.179994367372716 0.15293435807810055 0.15520548602618722 0.1851863935402276 0.16824440752056238 0.10412659610386475 0.03537524862415068 -5.120763230496705E-4 -0.016778181418698943 -0.04985187977085024 -0.07982374144630326 
-0.10073670640834997 -0.15965300345886124 -0.1659474387197214 -0.13166677985455355 -0.11157873011183293 -0.05288350131815367 0.03381172538494506 0.03689612714880358 0.01502505505292806 0.0020397734314624993 0.00868804582681068 0.005893015167623167 0.1200215961552562 0.045286407513015714 -0.18442370674389696 -0.29067061653151754 -0.24206739564738392 -0.09026605396685505 0.043761610397176263 0.05794393022899249 0.045630754348012004 0.058118740010324244 0.061656611729122186 0.07385562721111895 
-0.29050806141539454 -0.34289853858880237 -0.2859781288422757 -0.35653371509965215 -0.43027981137306753 -0.3633802300973834 -0.20920127611137407 -0.03146491039602711 0.019534045079129925 0.028100219745518892 0.12400610946412044 0.22385078269779324 -0.1615774548023028 -0.22234543686485364 -0.16822142553115085 -0.10552067394744842 -0.1300871231612001 -0.13644367630438037 -0.08052803868094523 -0.012109969186657271 0.03539092424070878 0.0067790731090854595 -0.07265079795337946 -0.12247093748066118 
-0.13683932638021368 -0.09564434770195307 0.16774920931964377 0.42772713047412503 0.46022183170844705 0.11356541812114201 -0.28236208380484185 -0.36834715561607223 -0.271291119922598 -0.21766895777978862 -0.24040087344809075 -0.24465794752907027 -0.10422468077790296 -0.12121690942747117 -0.10344919861559193 -0.09216778966417462 -0.059693889767953645 -0.014800842766750607 0.036777225559907874 0.08206290668705658 0.07997745575189204 0.051030271141762784 0.03229748951691974 0.005643306917113229 
0.46158204184248586 0.634801124426077 0.49967763614656313 0.32476215341113623 0.2791806158556102 0.32527341525229736 0.3178857739992831 0.17134659781997885 0.0924473646303831 0.1991121999121871 0.35641372659097414 0.3819456185070377 0.028370983286391354 0.058592542880178934 0.07500838128175769 0.04433601717746294 -0.051183864319369575 -0.1665038917937676 -0.19622585130555137 -0.11647681679405227 -0.05163314837858075 -0.025208163750069332 0.017594498729514806 0.06300703023988506 
-0.1641077157035813 -0.2848521066838874 -0.24842772536736502 -0.19581134511742387 -0.2872272744223109 -0.35280779569274223 -0.34006347635010714 -0.31069834702036914 -0.26136397197837463 -0.23655703007715995 -0.2044082312873754 -0.09008432348833874 0.01302222289125273 0.025026456344409736 0.08368300418903013 0.18368355431001882 0.21661810580671223 0.08510063456517188 -0.09529289474815282 -0.18300466742776203 -0.15932595664872648 -0.08355911966004853 -0.012351691364524853 0.03510633430210238 
-0.3619868166128848 -0.424072287738372 -0.30291480534404436 -0.17777252883626654 0.09699633465042017 0.3693180521908615 0.4083269740779127 0.28914113568827815 0.16946991624276048 0.11316874714441255 0.05322629219521835 -0.04245712004222771 0.1147605681573376 0.16616263055928826 0.16775620114924047 0.15575282431996526 0.17210781437098147 0.21109683644258215 0.18513465048858638 0.0808602450045278 0.01800574906685363 0.034172980768672846 0.08569070230954311 0.09004930912534564 
0.23587843417371346 0.3587129893470422 0.3179964174978571 0.12794380866777 -0.09854034510909457 -0.16375880404365573 -0.0417039995996982 0.12176957773306424 0.16817547421739268 0.07598012758424426 -0.05175208215663829 -0.13777558116074473 -0.28151001264361586 -0.3457084625162803 -0.18655506666353092 -0.042501634315290554 0.013870666781452915 -0.01732648614360714 -0.1240268855473281 -0.18817952947657957 -0.1433148960224164 -0.06016776375231653 -0.01739376683529841 -0.005072200181230317 
-0.0826927375681743 -0.18546931526725263 -0.28680303873376933 -0.3043738964413565 -0.3314862919139423 -0.40254158989999234 -0.38669791584168056 -0.28746809957032127 -0.17633960566806145 -0.05967532122453356 0.023013545096976284 0.13564331996720375 -0.006522276542420584 -0.0028059944886419017 -0.023729940665429588 -0.07365077009165136 -0.0764152770919241 0.00246512360455751 0.09773761764111101 0.14587642147258909 0.11571234696615958 0.050575004035929794 -0.018910348965796894 -0.07449454836012688 
0.540775282704911 0.6329717946293938 0.3031815913180902 -0.0050057583690072405 -0.11459796148448839 0.08510148378350607 0.42952962525167376 0.5421448590386693 0.3414854770442855 0.030368295364262693 -0.13712055723235914 -0.16391794294936352 1.5719439809902749 1.207566444859247 -0.37275161580659993 -0.721591236584444 -0.1846349325544497 0.015531136979474336 -0.18821636689368249 -0.19874158165175593 0.037347462020216805 0.09561298373728101 -0.023964799699138627 -0.005886402932878315 
-0.49486841125122183 -0.5527837069136221 -0.22431757025787213 0.10965456495707615 0.3342709741138894 0.23749253746360807 -0.12050269127110635 -0.3586757693822916 -0.26432212606916466 -0.015750348853386054 0.15264157663046946 0.19409770593246234 -0.4496322677882816 -0.29514910233667013 0.16116624169421842 0.14024660337740236 -0.17564949806471572 -0.20445508540589416 0.06144965951548953 0.1648080225915887 -0.0027581087265681945 -0.09813028454435745 -0.007693939743432072 0.08162208856615502 
-4.273865671955587 -3.080329149407514 1.4050085306797082 2.0857032877218855 0.12248581954033871 -0.530369278663879 0.3898474887960621 0.7535981575943171 0.10012434835729386 -0.23282130981317256 -0.044671698825969 -0.14934356534473908 -1.6518423593250107 -1.141220678080592 0.6347305044502098 0.795189109507111 0.0034289479540779294 -0.09116140483462137 0.3641277516874957 0.3927483898639808 0.061407994839926094 -0.04382713022703202 0.06670996458971724 0.01759553527902748 
3.6735245431269195 2.5566284637612116 -1.3212152334972336 -1.77046822961901 0.07692031176779127 0.5185590475413826 -0.5512058261603433 -0.8876188166229113 -0.04738471514486105 0.3663103349972564 -1.2906487592256877E-4 -0.11651013453357353 -1.6737554420506366 -1.0833055370095181 0.9630692649519986 1.2132770023303157 0.25426805101798183 -0.21890088421009576 -0.01503764680278106 0.04042681160853351 -0.10028033933981446 -0.1259724632783903 -0.027894118769047793 -0.02703601405751266 
3.4121058834908724 2.501927743533753 -1.0525610904128586 -1.4505116896022967 0.003790525826326885 0.21805244324848294 -0.44750206236619483 -0.3716287869329634 0.0487927870623554 -0.029180655879962505 -0.2608651302483148 -0.06140062855342801 -0.6755602098681882 -0.6907730161830945 0.03663206901273212 0.18781849935357156 -0.0470128005440387 -0.32608731818247816 -0.1780208742201681 0.06259643659275753 0.18298617431883324 0.04306343603835966 -0.05326148456314517 -0.09968916891740387 
0.6834121371774577 -0.09399554235570129 -1.8847405545675846 -1.7620689533717797 -0.36918553208305027 0.5199843291377144 0.3432850247183653 0.08265726805574813 0.06218467259774796 0.2603467140151798 0.34442064864878574 0.23123427970934474 1.4588144728133414 0.7454283144823264 -1.3732177389798519 -1.3433803202837904 -0.02401239300100011 0.17525734145385394 -0.3954345420539904 -0.375455848279958 0.11974665626303947 0.24361076534773987 -0.030394901500703463 -0.08145937763334488 
-0.7521288393762915 0.31730190220022614 1.5768749841766874 1.5180481515375557 0.4865771430978756 0.4471800350853896 0.4766646860172121 0.08067080547671482 -0.5036188684705104 -0.3090298074372132 -0.05716210189888765 -0.024148265713986622 0.8392946591727505 0.05350861273645613 -1.354893788092362 -0.7811002575537515 0.19676472769970435 0.31069555517463404 -0.28474899070817566 -0.24729314696138602 0.03468716771309897 0.16824862574553204 -0.007144542877731835 -0.0027117018198310936 
1.379198486120477 1.4126564409809959 1.4837199461475494 0.7753928106624354 -0.09243581786498276 -0.12177677273863252 0.17301442580992465 0.012598932012123601 -0.13041885616754656 -0.22459738526733797 -0.010795874548525763 0.1092418169467404 -0.3489753562670124 -0.26020051690677687 -0.7415379253198745 -0.5349017421469243 0.06434792848717778 0.5246886419153056 0.12293710112788137 -0.1375855649517315 -0.04572815845925191 0.15122995540612297 0.15400811354270752 -0.009070599274211666 
0.5463287315011112 1.588075913656036 1.3278900235066606 -0.37594179895814983 -0.7248785143818199 -0.39315367133724566 0.4918802092125525 0.40527982197300694 0.041033048305705755 -0.2914544834752998 -0.061823240016463554 0.007730708287367438 -0.01595762323220784 -0.08564869572754101 0.4885568100029696 0.7905695288885365 0.12953017660945282 0.09022416746680943 0.20705867413462006 0.06634635626255468 -0.2888311293527181 -0.11567858040545316 -0.024929531559969898 -0.07020581158418189 
1.0811094205397938 0.0512190026367243 0.4643657017270524 0.789631248316846 0.04349851119526421 -0.6339147433968848 -0.03313404026294897 0.3331094546627965 -0.07295681041260438 -0.2021308141841458 -0.11527312292054893 0.2425065905313027 -0.039868615765814276 0.6423599942016086 0.6148453142077237 0.123228148169671 -0.1387548923539238 -0.11734812834067813 -0.04288045055799894 0.3386348492538249 0.22036309388095598 -0.272767338473723 -0.2714032323519069 0.014916820618014082 
-0.5552114368893264 1.254966708554985 0.6208816763780272 -0.860779653955259 0.03001944873939366 0.4325765180140875 -0.041437103350211224 -0.2786235246362857 0.33414349671017274 0.02677264823755021 0.06986511696703362 0.11983678224627792 -0.4220841133246836 0.19247520337377763 0.6992578745353922 -0.06336034630969291 -0.7058493397806517 -0.5792622398149524 0.46871546994606933 0.46683874631662564 -0.032583936373654754 -0.18212975316605404 -0.07795987926400394 0.20877230798135873 
2.0495744176131385 -0.3478689390733045 -0.007311822911304944 0.648127293651977 -0.05362012236381819 -0.1825974823922647 0.5683144337653033 -0.661353942444705 -0.938063362012648 0.43459106429740585 0.7375696440154462 0.008438318113242915 0.5961456653014355 0.153063919311478 0.39446130608044766 0.05088320465595005 -0.13907895730621797 -0.1743528685678988 0.003139743568871848 0.12080541275891526 -0.18945942271727736 -0.10287036767605841 0.21391645681735091 0.258351692129213 
1.3283485729384896 1.2101942743897176 -0.5340448377803373 -0.1151087826966366 1.4412288217396765 1.1189744176053016 -1.2149904376397815 -0.4980047184231191 0.5713381332266918 -0.06342616321791358 -0.2543649856924493 -0.5015520794476789 0.5221648677820139 1.0405520082183648 0.9185784629072183 -0.30126484096689093 -0.6985853480843186 -0.06335697003269432 0.5593945514347062 -0.10202755611816335 -0.3511098450806083 -0.0016712393310509277 0.16416966768835398 0.06978894397332742 
-1.6491075802784207 -0.38558653821507605 -0.14155495943510843 0.26414619871968453 -0.24486930338622326 -0.4540550874887954 0.5442233961752206 0.08038381327946742 0.37682413948096827 0.15157969457176135 -0.5949074420428602 -0.22185405500935784 0.06010205651242062 0.6433739664809323 -0.12142234717105722 0.4160456600335742 0.5375180517901982 0.2326201301836217 0.2746695737369328 -0.4510889743842861 -0.4488504617738675 0.2305084121569664 0.37398869541187435 -0.0068708770560792125 
-0.2723650412895884 -1.847830516529224 -2.067732144081726 0.23500541641155986 2.221400083503552 0.7583762306604358 -1.7075752388592886 -0.3434097341438819 0.7300292812051893 0.17329205109352525 0.24359465693112492 0.025616136887596008 0.2956478347182851 1.4696828066386454 -0.6411599820729464 -0.13653457749019837 0.8642008720486438 0.6539148505254008 -0.4822205602972079 -0.3290274159391166 0.4244629764408359 -0.042955898191977974 -0.05573345535582123 -0.37910123959655656 
2.6696250551899157 -0.7489784430566306 1.123798871752561 -0.7750667860028437 -2.0562599086163504 -0.7001587794706969 -0.009401886835741446 0.6146154885685347 0.32914244931970577 -0.37529327932921275 -0.633376263531964 -0.2345331588861569 0.0688065135741538 0.006516758193079841 -0.22141763537816894 0.2694214851398058 0.43744040931602846 0.00847644129629164 -0.19747702858854022 -0.07680062245210849 0.5611418474520152 -0.04207772884635349 -0.45067547122915724 -0.1627350800115521 
-1.7179612489505338 -3.017158193105441 0.7567581928446673 0.8141014421352226 -0.24567849179119142 -0.71971828797995 0.5084838847573232 0.22196169174969718 -0.6782099510151847 0.3288780183085074 -0.06793020888043372 0.6420911912803903 0.41259737287072945 -0.4308127743853636 0.24158163232038707 -0.0040237927285431225 0.5174076866229056 0.23065959548455275 -0.9755195998400671 -0.20004793522435038 0.3958274451260834 0.07454169504038179 0.018057598725176316 0.1322445923166073 
-1.1327290171704094 0.17952702549379307 -0.8895472217637982 -0.8336662695615642 -0.3236512436869369 0.25956284794252255 0.02862492013253537 0.028099967689003358 -0.6024817867648903 0.2000198975033307 0.912881404550391 -0.04188634217109871 -0.1692942200708285 -0.4241757242193224 0.9673069900113086 -0.2327500764546694 -0.5470772144326504 -0.3360199409996505 0.09192898446116839 0.20796363446938426 -0.019652145009581883 -0.25093105662730525 -0.32365041627594554 0.0822710475057352 
0.39101987627838586 -1.019644927648345 -1.7858039942847075 0.27637653637654946 -0.1971273088298713 -0.4134633694998322 1.1999701571767742 0.549991831968935 0.008359063869237071 -0.33798962244389186 -0.5837069732855815 -0.4674410484197549 -0.29961848466427243 -0.896326895458444 -0.1702298029121265 0.14890439219198495 -0.11900213606060205 -0.1615554193885547 0.27195285756245724 0.09267926813786935 -0.2921976290825233 0.056978917759259284 0.1638358895107914 0.15893623608443028 
2.1230171527879413 -0.4752079031272114 -0.5068410047166773 0.19204589624050114 -0.4393038567990592 0.15477358428819565 -0.6309319764289721 -0.173290484949237 0.04481437690624057 0.7109337109289026 0.5954633674984466 0.07341981844671011 1.0137824872805175 -0.2560559747994868 -0.9740424946163776 -0.43692150425271215 -0.2980301610553548 -0.03376180176359742 0.10281225195242309 -0.04785355102680339 -0.4169065882113254 -0.05791660819764055 0.1296363416773724 -0.17967306099341288 
-2.446978879936892 -8.100424196069156E-4 1.0760944930574863 -0.1454678173417649 0.16915422294667587 -0.18265739798712238 0.022403760350705237 0.04461911365520932 -0.1252651456031802 -0.0975156416820564 -0.40072885888683574 0.1076294027181951 1.493289238867326 -0.4859843290880364 -0.7391669305576157 -0.006551067097378238 -0.23217660569122353 -0.08177844674672123 0.391769745866682 0.2594914883748527 0.054079836791424675 0.14456113472737778 -0.15451696733078094 -0.2114650938119416 
-2.755077100904323 0.4382775072778844 0.6016310184142377 0.6880204200557295 0.3872984735908539 0.24544526747695994 0.3089713626883006 0.42434697992627635 0.7150500826052946 0.25353273171533464 0.43248332231890096 0.20959761524016496 2.012648453348577 -0.060862150195879115 0.0638881126215353 0.06977684642218855 -0.09378453180034024 0.10737581703345737 -0.19314629358172877 -0.1751380182208786 -0.18653290254220692 0.5861083015503921 0.3004327105869273 0.08551546650278312 
-1.6498007134774602 -0.01843464558678365 -0.12253921417731806 0.048042475761070014 0.0861013430488427 -0.21346387085405066 -0.4452907499819081 -0.5273013655933798 -0.48899829935456396 -0.5429725370192413 -0.03866604870346585 0.09886533461934244 -0.6531538921771236 0.937464223949358 0.7965071093942261 0.3139184093335911 0.3301579406161164 -0.1794557104873986 -0.18964062986603833 0.18147347907349962 0.15995878214235612 -0.2313645876918515 -0.1491155208253501 0.04340680023448964 
-4.313517290487505 -0.2838091509559857 -0.099188488963881 -0.11403978957748195 -0.11642382144912189 -0.15195063037871237 0.18235415948252087 0.6380838093376934 0.7862796614085532 -0.8246627460536811 -0.48686616935402016 -0.17874454701221287 -0.8949970741525628 0.16196944818825001 0.1511764331196104 -0.28107010149082007 -0.004987341332868748 0.11314631595610465 -0.15471821416578876 0.08433525598070234 0.4064478501051902 -0.5727401121127004 0.17370781814934 0.23023794177620274 
0.29170289138607 -2.452159385150746 -0.9630170814361327 -0.6861929405259324 -0.5694584513816855 0.5544076824029096 0.6546342515517101 -0.606669738270998 -0.6407562814318779 1.135675860278006 0.5062924494256751 0.1715800831409151 -3.0856990451331825 -0.9124683399505552 -0.4011509759353238 -0.023892534736178122 -0.5452856687791423 -0.1307295048394995 0.3695231822320609 -0.06431002041599214 -0.09436620601490504 -0.057225688477061366 -0.059617575374457554 0.10069113606300807 
-1.0408376808783997 1.1692315324951155 0.5683406526848138 1.898348432671691 0.7300403948047243 -0.4779294570198342 0.2231635044188578 0.21102539832297845 -0.42841447667161886 1.1324288694048121 -0.36111938119368947 -0.5174735843492296 -3.72910118060312 -1.5568831956816886 -0.7119494661882039 0.1429697983660098 0.0636815167130199 0.2461838505456875 0.43306830403318064 0.1490894643370642 0.18483950906573512 0.35931870917539205 -0.008580353993107895 -0.2173368456044904 
5.970956617117535 1.992450032539331 0.747149142804306 -0.8864740311549821 1.2987262412593465 0.34171405698500873 -1.5742649691462594 -0.12084209883804592 0.4014473877302372 -1.3498412793173038 0.07731328333974148 -0.03384355490117341 -1.911697884386598 -1.2271627475578577 -0.47918845602524596 0.039952237425314806 0.5324106717724683 0.3673673544993113 0.39927768658326085 -0.03730866253525104 -0.19937807531334295 0.7525132355352365 0.04980507362084189 -0.019695514944544006 
4.034159388456121 2.1645357272440418 1.1815767974805111 -0.44280863936098647 -1.2415607179086976 -0.7841553693068245 -0.002401142268036338 -0.05209840338997529 -0.2893407003697097 -0.6598603037822022 -0.2466355243317297 0.5759778088223027 -0.5184741518092153 0.4836224956234725 0.07210313339351886 0.751366284270584 0.8450063479749627 -0.2255652950934558 0.10765693698006251 0.013501760612258579 -0.18618790350849754 0.28211190472166053 -0.2023748434585152 0.02610381378288784 
3.4892980098786026 0.731676760148364 0.16793021424175647 0.364528883214462 -1.180889910342379 -0.39458142495152937 -0.43041648485462547 -0.363181849808768 -0.11215894364280368 -0.22571925973419615 0.29963530013216955 -0.316059068611219 2.063986156707608 0.924501600858408 0.8047731983504788 -0.29435893025569754 0.42126257785744775 0.0387993982140181 -0.4496368384010705 -0.12387292088682011 -0.030774618939874227 -0.6315422617913083 -0.09194567273147768 0.10586394054730659 
1.7554140781687124 0.34875068182018154 0.641640716785532 -0.9812518773247834 -0.5651705733193011 0.5669141692288022 -0.6717315486671467 0.29168999197156376 0.3869523995403941 -0.27596785455172324 0.1348441407856421 -0.4546772688428704 1.4239587763845052 0.7306703036790904 0.8932856906934271 -0.09504225415511487 -0.643077797302335 -0.2789703818868919 -0.14120524285993205 0.05720075449645775 -0.15420723720352417 -0.3718923062883254 -0.07961009291183019 0.1498261011493662 
0.9183708021384156 0.12683775267603714 -1.3972024118996411 0.26582437859400887 -0.303256564607695 -0.45021890692485894 0.1093107492565073 0.0788824661416449 0.155624694594808 0.3528392814413819 0.1624104689754886 0.16389216228949333 1.6283328987004406 0.02866515947081864 -0.008049407204158587 0.5285026240914807 -0.6518422873645789 -0.20438839241230697 -0.3350144482925029 -0.03674870555481589 -0.02166984538245691 -0.20809385120766957 0.04385058928252744 -0.28115270546008514 
1.047746663172699 0.274944319942934 -0.7157139615290715 -0.10832962458541529 0.2488560011309655 0.08057451734051602 0.1513509692561934 -0.444732824854555 0.03938919212205699 0.16653734449498497 0.06080716998210134 -0.1134761100761521 0.7254517727386105 0.08259968559292179 -0.20929164503330777 -4.0986203139192767E-4 -0.1662760028132826 0.04467070719061291 -0.39958846429377903 0.054401764830976224 0.22607135113608842 -0.08974833711406072 -0.010840296207717981 -0.17404982568003788 
-1.0418669787247126 0.6825844626745319 0.870755775011534 -1.6574401154296643 0.36762366452622475 0.46175357822953467 0.16308560106121317 0.11527567526873905 0.12663219621373561 0.17730969436545851 0.2051020176863576 0.35679846838567736 0.4543301306547593 -0.0905303675965925 -0.5712174637679882 0.04070505104213947 0.177588271223691 -0.1795995574661141 -0.03647680998715112 -0.10503069121041873 0.07720938390442639 0.19580189286074404 1.5644644895849527E-4 -0.025811901867441756 
0.559177650384445 -0.17692172995783118 0.13553655842986778 -0.018390044218770996 -0.4017826794464132 -0.023084194920233336 0.5001464183118374 0.11028809291508801 -0.27676540467733485 0.0810419503284206 0.14601925505336155 -0.02898094485084876 -0.11932845056675667 0.021946933166145044 0.05571059160632282 -0.410819852927514 0.028581348342318142 0.4135006581354232 0.09283480722435167 -0.08354001375134912 0.006686446891770327 0.04038724325300227 0.15540006024628641 -0.07963440757870206 
-0.20033508343173523 0.6243618804161972 -0.10917528057514625 0.09873943528426832 -0.5107020379900786 0.1404091216038581 0.04434345469013867 0.11646408088807958 0.08207384128122475 -0.19181870005756807 0.11933508709298302 0.19908028527916694 -0.6773277286646925 -0.23216806697879347 0.5668477160376955 -0.30592212863154494 -0.27215141459807435 0.035825148164325915 0.5705781122246293 0.3471687985520338 -0.09525999061263644 0.1802105896689873 0.10113924682686999 0.11050914358302272 
0.9849660672264804 0.2382148115736662 -0.39288020855469985 0.2460401588401604 0.6022748073621628 -0.9992552287529153 -0.06778237923132435 -0.19470698641017792 0.041609028913001445 0.22993981194749147 -0.36250954546007064 0.2042862042132093 0.731073032137655 -0.3126784045481257 -0.020956853587032958 -0.12064361723253063 -0.4948212936031448 -0.3404730152037215 -0.07998263357421957 -0.022663331745082598 -0.14439424687320682 0.07549622594714446 0.2739664877810355 0.16318369054751003 
0.7772219988483471 1.1715203928451636 -0.5655789896092687 -0.8718888310644952 0.6820491649161597 0.8423636506528979 -1.264684336841094 -0.7737331807247294 0.2532249512564768 -0.4377710054510388 0.1559486774624637 -0.09136253689541984 1.9443056342599014 0.5899565819646151 -0.28250341127839335 -0.2641450826787995 0.06256823953859862 -0.0182166221550281 -0.19532580506937358 -0.32315837424113913 -0.09445016854513216 -0.11291138007251339 0.018858798794161264 0.005513938442446298 
-2.122819987168561 0.48753422747206265 0.42660897370802786 0.8288549406532026 0.48630559990990196 0.6473575861664111 1.3946082148001124 0.6233767189567403 0.07084178095465954 -0.022470574816277428 -0.6941870034744853 -0.37331060540608546 1.568965415076839 0.7520863505910104 -0.2428752742946673 -0.21111182784720114 0.5315299525484786 -0.09244705995293774 -0.41828656514093415 -0.31896565785861514 0.1335168708539721 -0.20418379536754291 -0.18210122506464607 -0.05716377092773791 
-4.4793589590139185 -1.2701675734268463 0.3285903621286699 0.5997672924141457 -0.640422152879744 -0.6282474193907208 -0.10087442711745898 0.6768973509280378 0.3508079708957922 0.27312063354185656 0.22859741971770653 0.47133687476147546 0.9477309877631509 1.0281846431251058 -0.1728740407193788 -0.24848893246651316 0.24226694052797085 0.6012726107019053 -0.2989501428518759 -0.16531213932347846 0.20977329149967341 -0.15927234430643336 -0.04362416447086432 0.02064870058744688 
-1.093639699072904 -0.7972002570633601 -0.11133906153966722 0.14354758064244333 -0.33107939138532094 0.013391486127707353 0.6051723613296605 0.03687472133928377 -0.4077330934685725 0.48704537855367247 0.14746975860624612 0.09442781116797536 -1.031708654343279 0.7757301290665546 0.40998870411919447 0.4357324051756469 -0.06070930073453262 0.18854712098325635 0.8322412875743855 0.4574453727331225 0.15685128160855552 0.012827581510688005 -0.10322837209028862 -0.11457846722659996 
-2.580561108488934 -1.2706662942624423 0.22201715017271528 0.2162316463404239 0.3639408389798586 -0.644471131433466 0.026884018449759517 0.015454236054434245 -0.1368074860309274 -0.21471194921671372 -0.13400721016530903 -0.3871778469447909 -1.427168055463901 0.2614806277544151 0.45845342230688924 0.1365110306716912 -0.058008453008761084 -0.2570875046035746 0.0346055982634178 0.2388553634967656 0.05680797943856391 0.04548392061274823 0.04812934632215873 0.27143330647409597 
0.022907050598784062 -1.839406799309803 -0.7500705326715782 -0.28657445183687724 0.1662520061836985 0.08982807923801467 -1.1659948707066534 -0.41823784180582557 -0.15590433540764725 0.1829629720309437 -0.2031995722621116 0.39968215712684757 -0.44749566182246925 -0.04361190948614772 0.11291251884293713 0.006430822658182715 -0.30918401086468966 -0.4430446425177972 -0.014068715761373326 0.10879388769224364 -0.056338349039850244 0.056023910672792665 0.024364301377495668 -0.04148170753404582 
-0.7561281674580598 -1.5335061855668704 -0.7274041692260423 0.40529521663873236 -0.7150624926379705 0.10479679786484927 0.6808923941104446 0.18788754201029578 0.05446965354963784 0.28871007496497625 0.2595440461854092 -0.4955902176402487 -0.5389039217140908 -0.5843581354538943 -0.014397154891369815 -0.17214226719226833 -0.04427427153752095 -0.1296386956078017 -0.22356365632614808 -0.08935949225415914 -0.03258831701138735 0.06344575373738259 0.04130427918642963 -0.004634455482628419 
-0.6633691841209335 -0.5349445829527029 0.024634041630900216 0.02972332751874096 1.1359743070176627 0.9678914490319412 0.3203743207834379 -0.375723594715378 -0.3343566161393044 0.06726263444444952 -0.12239877370160002 0.2730791191178417 -0.11457515824833704 -0.819520585294755 -0.38206699187064336 0.09097291177362928 0.13232198972089737 0.16180046266629755 -0.2480546116196065 -0.2652392719509027 -0.1142813080352485 0.21067257431861408 0.03217489237786723 0.12072916028464947 
-0.6207112259868026 -0.16982299607930962 -0.12214367230441446 0.5745095582394198 0.011902503175439394 -0.6945867295070243 -0.04560960831684191 0.26227558927168787 0.05018360536906322 -0.34719904163561444 -0.2983204470048537 -0.3099729614924027 -0.30575922335264366 -0.5932130638086373 -0.4649733299389001 0.009682802769228801 0.040849125621489714 0.29902143346604904 0.31479251617457044 -0.055897978904534275 -0.08413833762262317 0.05292981645676609 -0.010015101397774876 -0.2606618601467501 
0.2989240546081666 -0.06268663816931852 0.09350019447953783 -0.6441003579581088 -0.5941964608856986 0.004118454925058801 -0.058580034634190675 0.34028595041618637 0.18908261278838556 -0.1311001926246032 -0.0207920028005818 -0.05531395180102383 -0.2557677772105094 -0.19992187939866848 0.05074696432484197 0.07802656410367459 0.2921619499805452 0.3315087975430106 0.18908012566488527 0.18739418361965524 -0.03645401428004249 -0.12941024268567455 -0.29124887589716014 -0.05098646860265541 
-0.3199971167646788 0.010004033467349238 0.6330827441663391 0.7131586510694709 0.0274755144492409 -0.3103810054798566 -0.07400797670445247 -0.002423293841883556 0.04516505195366238 0.22910203912920435 0.23878596492822474 0.4505918982594343 -0.3785133766935003 -0.4270529020226006 0.21356900196752782 0.022789996692948972 -0.07939225346467399 -0.16705829906137948 -0.21407903438562267 0.4277108189118952 0.33885071010682893 -0.14409111351701054 -0.04944966575269127 -0.07042383090694769 
-0.04642290710046715 -0.02509245953002681 -0.5052200595790025 -0.2736809112073083 0.2517019514391263 -0.2187378056106744 -0.2326668720174126 -0.805556704017558 -0.22248529659147653 0.16734282211906376 0.4827946480233412 0.04575609504988948 -0.22612533246907107 0.16981153257718162 0.6507339513672457 0.35097868908761504 -0.09282317110102632 -0.4960327842824128 -0.3157203479211454 -0.06660482082425434 -0.07648071987860598 0.13783686127255776 0.3667971718350634 0.28005011222805765 
0.6875023849480153 1.0925386206688463 -0.46349055117772764 0.3209298447851727 -0.17286994259295108 -0.08198370205501926 0.683670913531637 -0.44793554024712545 -0.7605845702614924 -0.0641472084564163 -0.4017647751587414 -0.1492364921970163 -0.6094176732437463 -0.32663458722896405 0.11181999980137848 0.28050986267161454 -0.31621777599624584 -0.30330835566233766 0.07725486067095504 -0.4323130689672123 -0.2758077951812484 0.060886518070632695 0.14931722912801212 0.1964127665095429 
0.47355030115903274 -1.113388529501612 -1.3104150119501656 -1.5009220220788049 -0.2155542190615236 1.3780181560598785 0.5097415640112007 0.7628565360915703 0.8213995835317809 -0.39798615264946624 -0.8009081482622888 -0.5955500932569715 0.16644616966610415 -0.0695650136447395 -0.7300394060111993 -0.3644790692284689 0.43670634352489723 0.11960140753521763 0.1443201542664079 -0.38048513173097914 -0.0553651412904426 0.0963910893644907 -0.20693729225828186 -0.10175590564439581 
1.2482692988368103 1.534055830140034 0.7002202209477852 0.4852496184903754 1.2097569276883033 -0.19883391932812 -0.6769767767316243 0.5103092930051892 0.35064599743577896 0.32910697230157127 0.43268567568700345 0.1820066928842361 0.19264537760925193 0.3934059081767056 -0.3183385771897929 0.01717129293844107 -0.033640856379233676 0.04880658476138461 -0.07493108713258871 -0.021880274620243816 0.022830955015015936 -0.10300839147987338 0.01716195779719672 -0.21313104539979824 
-0.8261448730431771 -0.03715602333140211 1.1030427723918388 0.737596409625497 -1.7497305142761925 -0.5191169195797768 0.014696510314994332 -0.1432237254507779 -0.6120051565687844 -0.3184575363534021 0.6863812993753142 0.18540221944245072 0.4646633078842191 0.26093554384110207 -0.26243117225958873 -0.41273805809687314 0.01833610255626981 0.37180228756243955 0.28455668294119146 0.693620676778445 0.38221927988417 -0.18432348789089184 -0.20973738021584587 -0.09048578947710754 
0.7594138392213644 -0.6257953569463754 -0.715203711779351 -0.8498432498823014 0.6951407741520844 0.7201640814806546 1.1559867017775063 0.0707454143847801 -0.11237506525625762 0.20511365783517177 -1.1968953723691331 0.0996804876526674 0.3937012717265474 1.0072343864831301 0.41817504919123144 0.07956405035242027 -0.002752694233366807 -0.08621391945938539 0.28291827239433237 0.26375072135729116 -0.04172459596048487 0.11841886405248904 0.17052241274213056 0.07424845608580187 
-0.6760118926859018 -0.8162695674817133 0.18459047119216865 0.404838586398153 -0.01325444996222358 -0.1968877070318274 -1.260410224066939 -1.09822355493356 -0.09374772477471077 0.21698096825640908 0.643094516413317 -0.2829296222098645 0.2824230900619158 -0.23856411866096836 0.24787787384399085 -0.010836708630146444 -0.726054302666634 -0.0282122500621379 0.3378441569691493 -0.19104747445976503 -0.5240655267754254 -0.09644496263558566 0.08064543096770743 0.07342662072488444 
-0.007901006521469522 -1.098090557234201 -0.09507877602607409 0.4129363790467866 0.34977697823141923 -0.10130676722393855 -0.8881782267236545 0.19655704367470683 0.21669106942019678 -0.2938688721608015 -0.057238171058389686 0.19342724545298812 0.6684743788488481 -0.6878487297290762 -0.30654495234061047 -0.14597996739219563 0.26331878537061204 0.24356789963610045 -0.03556303223480942 -0.26318667681012003 -0.06383317298036802 0.21338996338406546 -0.22909722042011146 -0.020459546675140394 
-1.2897567203575075 0.9146839327954157 0.049346682983227835 0.13871672105139235 0.6011142916840421 -0.02374474504106655 0.02324650365812675 0.36701288328355386 0.7956583564192644 0.2203686165513415 -0.1253835941831798 -0.08175102163236297 0.39747269897528154 -0.34710567622079286 0.04117776307284497 0.2239964148985972 0.024791620807846127 -0.13919859382786495 -0.7684220046880235 -0.3944559929998667 0.01961731256698031 0.021264035590187996 0.14304940264786173 -0.08942665917953718 
-0.9391368834893772 0.5722740821022887 0.27205303934695063 -0.2788424150323342 -0.4019999527828846 -0.09711109842302723 0.6208474346194017 0.1276872257065832 -0.3655785869121412 -0.4367500564644909 -0.12536465581055029 0.060469827389337816 0.1847098999882415 -0.16273097671887418 -0.19988650031772204 -0.01776338144352139 0.10579048668194195 -0.06928308473264803 -0.36033927215514727 0.12338697304438924 0.2530922017117404 -0.03245041886509897 -0.0991395297204722 0.028978554234881975 
-1.4028120511277926 -0.6101348584875796 -0.12250872571287863 0.07873873874192183 0.28825915312138994 0.2186102400513118 0.29034295932560333 0.11957933305010189 0.13853516569051727 0.2246294536376898 0.24800955084581217 0.05182906436057222 -0.3773612170765781 0.4069369937937204 -0.08922746812202172 -0.13969209507988511 0.06938094052531936 -0.07194111455845816 -0.018550056155618406 0.04484986575782329 0.19206293794554297 0.01538520650685409 -0.08736034381616122 -0.014882196312542381 
-0.5055030411010515 0.15251176856391924 0.5905084292751452 0.496215514532086 0.18883308746691946 -0.014635005572183613 0.05929136190804901 -0.04988710034173488 -0.21402394035065092 -0.19864803410867873 0.05348384558853092 0.0397015397518746 -0.5755888862885598 -0.059710730239459275 -0.04744079190239573 -0.08207082109049128 0.006383082774091294 0.1237800822233533 0.31870338382204555 0.10419731097802347 -0.06104982425542107 -0.08776809311584403 -0.018821849149835725 -0.029973094387974592 
-0.3744899903219361 -0.09624589181656074 0.15780139238519575 0.17026404150883756 0.09755494998318198 0.1508405522088861 0.3596747084806583 0.321250449034243 0.1436922193018904 0.055161985852873144 0.047273186565763264 -0.026720288876004222 -0.4871644214256235 -0.11540190851922283 0.14359851092826462 0.21679941369029296 0.2428546000117581 0.1852591549582958 0.19400341590986572 0.08097512658585569 0.018157622644738237 0.00913874648918613 0.033589737054495326 -0.03767172221909939 
0.2734687449733739 0.49446178948515707 0.27422035600510064 -0.07839260314431823 -0.3257970995360545 -0.43456650117187423 -0.3699285914242624 -0.28574026521955775 -0.18500764095156455 -0.08871204322455048 0.03146907377898134 0.1896637871715498 -0.19006901146881786 0.04891802617899751 0.1819939218307015 0.11089667752203652 -0.017542887746575208 -0.08836752197207604 -0.022139665007804066 -0.019882374194997648 -0.05515794303574767 -0.023931403234270798 0.07395488547914515 0.07493898890188437 
-0.3308046798881348 -0.4349041433905301 -0.3951602218626502 -0.2843554434907549 -0.18298955341239742 -0.1272014770237303 -0.07705731173783825 -0.00541946426855372 0.06955414805675937 0.14224521872806728 0.15824772558710098 0.08986310730803276 -0.12448293756175828 -0.011276464488191232 0.06532883842026634 0.0037802263868577566 -0.10895397610418234 -0.12912879270660796 -0.008354367080884625 0.048462047142526644 0.022793807602145735 0.013594682977700862 0.05297287846393658 0.09010532301994652 
0.042861338088501455 0.1750868158139114 0.3210074709069637 0.3908352244657727 0.3817340024044348 0.38948857496035266 0.3440763670407095 0.17309497889465641 -0.011481075620842385 -0.17039544084346342 -0.22386808035957342 -0.243407125045797 0.07592913854429668 0.1105974009481081 -0.0074056083895175 -0.09880964525157009 -0.11734035148432591 -0.12196035727533354 -0.10527511664066179 -0.08827041628298636 -0.061109381096190074 -0.044488069528242725 -0.016214680685878984 0.04058033369583173 
0.114262525805775 0.0972709884836358 -0.061578680326534796 -0.07569055145678116 0.07065132732548435 0.12619939226259647 0.027735330490826215 -0.053553314450444034 -0.011452486169907877 0.05521963572922703 0.016023128243230933 -0.0805008018271704 -0.030856040990885642 -0.05319745607859675 -0.05787319085753188 0.018895521186189757 0.09907067515213776 0.13184738901020673 0.09034288387761007 0.024709537316466173 -0.0013382068994540798 -0.0014191576393602172 0.011192256550394977 0.0011755539993005225 
-0.17685227350647104 -0.10341797929625018 0.12964641040559544 0.11370388659340513 -0.10059648545201766 -0.195385863989037 -0.10649956261660926 0.0031379087203464717 0.0388238194503393 0.08826495685959784 0.1512254145085533 0.1531047406516562 0.042845576863011825 0.08585734075826605 0.11326431406354602 0.11615105111207973 0.0968187990078299 0.07563256026483813 0.022516141136471195 -0.03236233949775119 -0.023933975911744117 -0.004275127437669409 -0.02438419432305793 -0.08285213288277227 
