0.0 0.0 0.0 0.0 0.0 0.0 0.0 0.0 0.0 0.0 0.0 0.0 0.0 0.0 0.0 0.0 0.0 0.0 0.0 0.0 0.0 0.0 0.0 0.0 
0.0 0.0 0.0 0.0 0.0 0.0 0.0 0.0 0.0 0.0 0.0 0.0 0.7047782132408845 0.12631186380571044 0.2977670558639814 0.06006728442927841 -0.2574314097717252 -0.2116749516767871 -0.010477291955746279 -0.05412101137460634 -0.0623745268142211 -0.03190744679045455 -0.008112127058953422 -0.039224178305345636 
0.0 0.0 0.0 0.0 0.0 0.0 0.0 0.0 0.0 0.0 0.0 0.0 -0.2994418076404894 0.026382380432426616 -0.14787875635071776 -0.05479999116744357 0.34319752782216034 0.3695444972050255 0.04358321537177843 0.10704828280546735 0.06499172760251269 0.13476415362349167 0.05934685178108398 0.03421091760788927 
-2.1143346397226535 -0.3789355914171313 -0.8933011675919441 -0.18020185328783522 0.7722942293151756 0.6350248550303613 0.031431875867238834 0.16236303412381903 0.1871235804426633 0.09572234037136364 0.024336381176860267 0.11767253491603691 -0.5433353577049865 -0.41873742514498574 -0.3218279040019791 -0.18503947424320924 0.008990186609127168 0.02670214452283981 -0.20186025073579672 -0.09267479962677821 0.02315318547245075 -0.07188342164012139 0.046124938995535464 0.04979259026644183 
1.9554927427827948 0.1103206544112858 0.8902868528481254 0.2545009001462483 -1.4157396981240689 -1.4261459191302572 -0.1464655840489547 -0.4023263654783116 -0.2885369730288697 -0.4521536310561568 -0.19020874593168208 -0.16146902028168625 -0.9808002349693803 -0.028301806094817732 -0.24928608322377901 -0.0013523980980977568 0.19853950415012425 -0.20898732129788353 0.21942921192562728 0.04524739343896586 -0.045254313829299224 -0.15024033751638308 -0.12899581797647572 0.17102942493994852 
0.6522597017235622 1.2010519482293143 0.5203402855818746 0.4278679726565036 0.6808992892346529 0.6329665259966092 0.6788135442318675 0.47918758161949043 0.07480893009708262 0.44172708044844256 -0.04327044402076535 -0.06864326065848236 -0.794909383215655 -0.06723391999335915 -0.19644229205048205 0.40296973204832137 -0.0072556665487617895 0.1705707174643248 0.05432152759581773 0.10245416411260393 0.04139956231246077 -0.0335791944035694 -0.12355664876343936 -0.1782139722600662 
1.559103534185033 -0.7050883515387696 0.04103752308442776 -0.29997771867787615 -0.5499210424101115 0.6279911284105266 -0.9819784699591962 -0.2941544540647333 0.191920266660688 0.2777186425106098 0.42079086652823994 -0.41993037703258584 0.8896167757832757 0.20823608115759773 0.15716764872051134 -0.14416253776446747 -0.6436630336932629 -0.23128493129715588 -0.009531832839469484 0.030206733683648346 -0.06692065944508105 0.052759488346360496 -0.002222141961491018 -0.2388707316254491 
0.4685881142231922 0.23047067153797385 0.12065037344135088 -1.1118717400207372 0.36115190110448225 -0.903755821133005 0.2862237360349064 -0.1990854139207819 -0.17730372633949787 -0.16847621320131145 0.08950652123721733 0.7815451300716854 0.5551217746816358 0.6085048541656999 0.4353574683060358 0.1665876712730201 0.577552461905015 0.3666977648254289 -0.008305628554697483 0.08288181401271333 0.21147936121914568 0.1964031062116295 0.06047528718531053 0.014129646268870255 
-0.6215217908168477 -0.029096950715837178 0.6186288627568532 1.456858369778271 0.6751230970208053 0.03607004832601751 0.07842481856793426 -0.1538100687591204 0.038281333524663674 -0.30533044927036124 -0.24993080267620038 0.13004897922957726 0.25015327577360663 0.2952461359418324 0.08643893912697957 -0.03655931439038181 0.3404947603598967 -0.1792779935690275 -0.06086813977254294 -0.2994499786372924 0.408218046759256 0.21248986186336194 0.12413803393148616 -2.959578543384467E-4 
0.07720704017959512 -0.9624583146792515 -1.0745277891724454 -0.9503130853906303 -1.6642801661958504 -0.1711662284374229 0.1735287856323947 0.160369946928544 -0.48280968699234217 0.14404230770403945 0.11066452902552322 -0.3860218775961747 0.31228354655747803 0.3943667737104815 0.2100433180724778 -0.09560254375671891 0.12591921489561597 -0.3404250005930584 -0.004047910521463305 -0.40839450819203504 -0.1689859218382075 -0.17454552363871287 0.06337564335482314 0.2318828209112207 
1.0043342438860117 -0.9943622662556544 0.3793097870103872 -0.2710791028217841 -0.5586892898396352 0.799530312769818 -0.7430265754403115 0.424467801422481 -0.8799808932906579 -0.5160102035321514 0.03779776083962852 0.1647410003643595 0.37774525653930624 -0.5880184884424667 -0.19219971777549358 -0.19087722701930124 -0.4583900551611723 0.15172793332761153 -0.05482549373035502 0.006496082666432923 -0.2984193178134434 -0.13734168978265435 -0.07164999659417581 -0.0367245744706353 
-1.2811905428006716 -0.469996991823562 -0.38982004290284955 0.038904627549447124 0.6003004498478546 -0.26421095157573005 0.7090931646034192 0.7369591755645225 0.7887851525827854 0.4605002348457222 -0.24448469058516656 0.06855065677063218 1.0648796611379965 -1.209672269474578 -0.8152106332986416 -0.7987984426842868 -1.1007232184495344 -0.05405532934577806 0.04407000442743183 0.4971344973468023 -0.43643738304245644 -0.1284449754424264 -0.14003547365440666 -0.052287453701681884 
-1.0755587689446329 1.4887278531837183 0.852874142948536 1.5348811943661362 0.9180029544824697 -0.3725913900876635 -0.024880889726512923 -0.4615929310764084 0.29774186717743 -0.051534343493239626 0.14259379691167196 0.01293643545807971 -0.5198470281638039 -1.1833714196797895 -0.05470044641271151 -0.26421629170299815 -0.23451095136115196 0.11985980766912785 -0.2286120075270391 0.5206632718171692 -0.08781488846096264 -0.04022257112669495 -0.04095665931218879 0.22279523659838008 
-2.077485436819072 1.4250134340247964 1.1343219327544052 0.5431020940682696 0.8995433669917006 0.577060611028652 -0.31775407050680005 -0.8880031788624181 0.2376410819009832 0.2971393040118627 0.4783729319527214 -0.15325723403798913 -2.356469503429722 -0.9373681551881212 -0.0788739002933742 0.6180071926478016 0.7680556370067645 -0.2653161091994618 0.5348572495666519 0.17604476593449472 0.38714385645882093 0.27130638809176555 -0.0014931263241983 0.014779115733828266 
2.9620227753866235 1.6082467798595346 -0.21865986158010564 0.269471039027799 -0.004777894328102272 0.019315108460243424 0.4562330646959154 -0.3250408368155563 -0.34096419256686883 -0.3136620247351368 -0.20076107249274908 -0.39274076402646996 -2.577284544351834 0.18434514834955884 0.3485360624637048 1.1146785209729304 0.8327481794050398 0.04572341254521998 0.17844699599787683 -0.27144435070686235 0.12608243600894622 -0.0334748136953107 0.07617768712601934 -0.04542646560995305 
3.7694271953228657 2.2823480104028935 0.38256866024159386 -1.182411872724789 -1.2424760367671532 0.33578412674870195 -1.1360355613077506 0.14054883063061224 -0.053293386921527935 -0.22235508880862578 -0.06832787691036113 0.22705190931142222 -1.8701843960659101 0.9360527651866336 0.48591340340161476 0.6192328214010722 0.40623865137332454 0.28073861140304635 0.05135243510121897 -0.4072234398816838 0.010137920694546812 -0.07445921560969553 0.13807351001284338 -0.18374486767391898 
3.7328385480399007 0.5070251199459932 0.18314259181382742 -0.9463973851561258 -0.5092318818532227 -0.38912338558334836 -0.15108113231966813 -0.16153588370233657 0.06496179356184686 0.3086372940029367 0.18741113996515518 -0.040938739386766815 0.8683789841734928 0.9343131785707923 0.2969263123984711 0.2815084262262084 -0.28112895722960335 0.011742612736158084 0.04437235557179727 -0.3654045694123098 -0.09201130136099217 -0.09650301674204857 -0.1305430549544836 -0.08551353798296886 
3.1476598650520202 -0.8325340315783336 -0.5243195041474056 -0.7066621580429846 -0.06694559336571304 -0.06093597615869106 -0.1681542773026652 0.2519146642260235 0.004264326752984923 0.20936729147191255 -0.1299337043147608 0.22207635666391629 1.8048150196129609 0.5688567424220624 0.551755255776378 -0.550525966777554 -0.40286788961598446 0.12126609204289378 -0.39744571418793956 -0.17371476641329298 -0.09066853335926495 0.047998552716859294 0.019683602484513663 0.05652052977956371 
0.6677694880015679 0.36274826513777114 -0.6559947165810193 -0.8129290969917284 0.2508437556599876 0.18244732170546568 -0.16082464402201913 0.7154899546236675 -0.09370914532114874 -0.24001416464926026 0.22167100607290158 -0.1337123737538104 1.4087554251197603 0.22187385643376345 0.006970882769442892 -0.3626067931945158 -0.15715768442464775 -0.09866077659035917 -0.09378972443275228 -0.0832274607239139 -0.03386568484462951 0.15207718139490997 0.019594973734303356 0.048223235998622875 
-0.11248333349685069 0.6479162105408172 -0.8531284528901167 0.4024318835256744 -0.41391018667580504 -0.3137995030243864 0.0611733371072436 0.22318021070748917 0.2980476825977647 -0.0920250176331052 -0.14450861741777532 0.10387713715625285 0.6433715912125736 0.2263160340625611 -0.23776920101917418 -0.3129769524006023 -0.07860710130797262 0.06271314206114928 -0.19101352008926187 0.22410942243409213 -0.024745819436698707 -0.08541367075134983 0.07481858986023682 0.14537325518791647 
1.1366438719550551 -0.8988215704148725 0.3266344178768543 -0.41312402635690804 0.13572346807576663 0.033290707620576815 0.01562423377363431 0.1025137252286723 0.019667170173345516 0.003101904370715669 0.13591367531375237 -0.12650883762880372 0.028933162646632482 0.27150549058088674 -0.012696168993195145 -0.3746206386588973 0.09676666662684585 0.03950000139658161 -0.24799851024871714 0.4123236425540842 -0.030576821393965253 -0.1752114385843554 0.14137824144688235 0.10110385749542705 
0.9831078994375559 -0.8806972159896951 -0.3023264683188199 0.03236616384141211 0.22643585435031532 -0.17449709529969448 0.3166618440672937 -0.11392548837875527 0.021813627315833917 0.34405026921597404 -0.31151080851589663 -0.21764517696233643 0.12135602774770504 -0.1854596460426642 0.16729273819202006 -0.23538031331966014 0.10100877999911906 -0.0402728922999779 -0.1804804249107311 0.09131054522266036 -0.0038177952679400162 0.11899623454134352 0.021184130392268824 0.06010135167821216 
0.033174383594467116 0.312538506660367 -0.8933072018870822 0.4959656788270945 -0.3596292647336101 -0.005703886346625109 0.45542663324410726 -0.3529281234954631 0.13613834650171242 0.06758250767926627 -0.1189626227186848 -0.27626278918079694 0.2973108522154912 -0.464858027069055 0.16778465114512367 -0.11718749789130205 -0.017703916882226094 0.15244070550483105 -0.0033130953199181543 -0.1987091734266014 -0.035521317648479704 0.294601003611624 -0.08065092190080135 -0.18986517645112277 
0.07518332744032818 0.5986151101311901 -0.7450358575842085 0.6540279708926535 -0.46926016026847384 -0.17348352914085174 0.3827134121042004 0.1769694994015758 0.2512654802374013 -0.48125402291141106 -0.08062285957836321 -0.0015499421023870141 -0.00958142118197595 0.006275165027693023 -0.4945674380632801 0.33553820221483077 -0.2277707385898521 0.0327133820189409 0.32522311446392765 -0.24754287601630556 0.004345989877564349 0.2088852796595209 -0.14732138199679531 -0.2250774121752411 
0.6986736013071955 -0.24390365226815014 0.04463515907417759 -0.3723924362086226 0.5366832260318395 -0.4245381919733377 -0.007462264285064579 0.553193751618311 0.011505196658000927 -0.46804896040046384 0.2624224665473897 0.3350390742945899 0.2347955051816927 0.3129670444358042 -0.9287316833182159 0.2620583621215571 0.04149866953730156 -0.1911302124672913 0.5206109783424144 -0.0841380461910266 0.16781736611594608 -0.24286828718801368 -0.0026510373350515045 -0.20509891797175359 
0.6791025541271196 -0.6213016316085156 0.7124046653903906 -0.5400693852852216 0.4615918247371469 -0.06322008854316091 -0.4275630505599033 0.17564220211327441 0.07109223260499661 -0.014789835722723577 -0.060239207158547914 0.15193612782569343 0.4983456074143599 0.23243356118574474 -0.68847963214876 -0.03312886408448764 0.2671101805927297 -0.2148684246855355 0.15550476262140245 0.22691856036978805 0.3118694000273908 -0.4131547052675241 -0.1368109309587683 0.08801070884136782 
-0.9731717452940067 -0.016404255777192844 1.1641675865802656 0.30683927055136084 -0.9495512658483252 0.5125550307564033 -0.7012680704510843 -0.09985033627823259 -0.27722712802992344 0.5629552756489635 -0.12120133692343793 0.2622909297704236 0.4012400015067712 -0.1090526805228748 0.06279060854470749 -0.5986869253236676 0.3858004885515491 -0.12903955128311465 -0.08640029870946804 0.2545209994385302 0.14662221797353608 -0.26933992890265485 -0.006850182441056729 0.29288593968961846 
-0.5839308215021504 -0.21243527167152276 0.7606368251090272 0.41379870976612465 -0.5274734561065806 0.00257513355088429 0.2631020273230029 -0.17726413775951655 -0.539976557500809 0.24270797486644752 0.5216218350333556 -0.22920799636440736 -0.051703377612022074 -0.016774713632427662 0.30579633634937076 -0.4390556707079088 0.0787636584142563 -0.02419202456221949 -0.1563402200282162 0.08387354877513446 0.007956304418518348 0.1464214112122168 -0.005308744747822641 0.26183196040818285 
0.12647028460151688 -0.12117879066802217 -0.16785274641926318 0.9467342922367069 -0.12618559920094397 -0.07031714917101639 -0.09359390709811355 -0.033916076760883984 -0.12282706220970452 0.2112219210129152 -0.007957507225391847 -0.353046682679215 -0.010527999990317246 -0.037051288506779446 0.2190231578163108 -0.032465824997440516 -0.44710205525845165 0.31643514862788485 -0.52118079478679 0.21862579349334957 -0.08030837917941674 0.3543681661866997 0.06687054756442612 -0.024960161749617626 
0.28439167201542404 -0.5185902232658179 0.46102582284204274 0.4571501159958318 -0.1863819838293126 0.3007920751072074 -0.26237947215174 -0.10894557397080329 -0.02997671356066789 -0.2781873920413498 -0.10093488776410303 -0.32589094717403577 0.22840091852256883 -0.08465762493208784 0.07748728933987363 0.10205011141023351 -0.5599991142778872 0.35671414017774844 -0.04332091366397687 0.035132501625883474 -0.0569493372946113 -0.0245006562972727 0.21727008677078063 -0.27319506644098346 
-1.3757489920818422 0.2478270855402931 0.6569036142648255 0.3825610424288288 0.22120916378839572 -0.5858588859054128 1.1250150636466574 -0.7898869986526379 -0.29130191246174375 -0.2397015394572367 -0.010534618217986957 0.3855128904240907 0.5231160112281111 -0.022204158942577656 -0.21937232606997137 0.35461081699512165 -0.2672102007237529 0.023267481066973128 -0.345104212975913 -6.203325380235528E-4 0.0489620427285522 0.03933051552205713 0.1410886358575292 -0.158972460893375 
-0.5180239387281773 -0.14296533497941688 0.115796776747362 0.38973500043936316 0.9788265052324112 -0.8097964186151627 -0.21623971705745193 0.09532381830870995 -0.28489112049095544 0.5416716739933416 -0.12889986978268875 0.22109741640689018 0.0710655907933555 -0.22754340618537214 0.3226126353516319 0.2522187592736645 -0.11561106921804735 -0.10558087271259113 -0.17168183396392514 -0.12222909464213107 -0.181524715139771 -0.03135618529790324 0.2695545972886562 0.02008421278363807 
-1.0416699437110157 -0.24237875798348973 0.6628787548379913 -0.08339060097042372 0.09284075843945283 0.4151746544892493 0.9186488542824813 -0.13418977528656995 -0.14225598693021735 -0.3166991585706019 -0.4172409237886866 -0.14962348178955298 -0.06436212725181505 -0.15108242578161737 0.1534167367073286 0.027273455129790476 0.016884610446770736 -0.20364841186964014 0.4322078365493041 -0.08320679785133996 -0.18412100198827375 -0.04318595160318539 -0.14038313683567344 0.12664427040569162 
-0.09584462455005571 0.40914291705218986 -0.509799653499436 -0.06653034012553549 0.2246354264993009 0.1170179230476498 0.3558491344221234 -0.07010690172744405 0.44007446909288195 -0.14562002659095752 -0.7062455268447219 -0.11857539941812811 0.0411500708537913 -0.12687924690418248 -0.25127225638882605 -0.15644813320986875 0.6886079509863978 -0.49564255584348316 0.2080106485094684 -4.624732085292497E-4 -0.0516051019645413 0.24592274658256943 -0.28153172075019917 0.055979563406558554 
-1.3937522674154579 0.42502023686934187 0.5094516192662386 0.5288733473219067 0.5476508718146387 -0.4383208211278986 -0.4576528717410427 -0.457551245080541 -0.1014217012888412 0.23350216564446902 0.6992876208200499 0.17541648711952496 -0.3714539662772651 -0.121912628956563 -0.09667694379703518 -0.10881321684665483 0.1614846389595758 0.08666095464636618 0.4293342528960431 -0.01638831953721252 -0.058992487068235976 -0.16243011991158565 -0.2064820092933893 0.0547579285359028 
-0.46543298943733014 -0.09602709169328527 0.9463271136997164 0.5529474259228042 -1.3144024044143752 1.1038789867238608 -0.15212079957409513 0.25839197283128323 -0.1504929574180196 -0.47119722786190216 0.15743102016354055 -0.10936125826732446 -0.40579432467731635 0.20573613818412984 -0.07022881842734903 0.03347857135728508 0.2594384312227558 0.2755634506599103 -0.1193571510140093 -0.14428768194439354 0.1751411734670243 -0.07817641103993599 0.02701754266422 -0.03717861091742838 
0.25748613756441685 0.37594413325893683 0.2248462026295206 -0.06668983345462909 0.37790575701756346 -0.3382387412879547 -0.11536893740753856 -0.24927425395429603 0.33000518752994135 0.33337980179962745 -0.22963316941264988 -0.3185043379726632 0.1543878235390205 0.32443050909386023 0.6464963536252005 0.17752550488296545 0.006944049959853722 -0.2145350191122367 -0.16833792228288982 -0.20606996468015507 -0.22702842777236298 0.0048638548438145095 0.19548086807945708 -0.051715107286378105 
0.295919146991956 -0.18352744569499713 -0.1568104898990299 0.13081553619087716 -0.46880730977042884 -0.759713468852053 0.5427786202973993 0.2586176485426141 -0.30106249571758215 0.03897038845127121 -0.32283775972103196 0.2399208458802511 0.3320657545423938 0.2605065262787402 0.7010678637233866 0.27491839740769836 -0.4835334643990486 -0.05313852184474347 0.22729119068173156 0.05518720507141043 0.06694115368576276 -0.23145563200872096 -0.1387546770471024 -0.11707409403641161 
-2.2375918062471625 -0.504521113411383 -0.8784686398099897 0.20736277753897392 0.10402117461310434 1.1370804639967684 -0.30008881482812044 0.16054581110425875 0.654948351178029 -0.036173207043561195 0.35297940652396487 0.1559207569048715 0.6588527528359517 0.6503775002658035 0.37138068097245563 0.14016177433534494 0.018294701239828164 -0.3411485007421026 0.2697013940187431 -0.14240362964124034 0.11306346750636383 0.12542436989121594 -0.18483424600959011 -0.03516560353883563 
-0.2140912811587219 -0.43731404719434597 -0.6052190562506881 -0.4088340717970924 0.27314027998500023 0.5256349496157298 -0.7416344329089989 -0.11207967491222545 -0.5137880002993517 0.4079461725858551 0.2823887633365404 0.0046484764031430315 0.46643017291779154 -0.20803676438522523 0.17247612073902285 0.31788677616942346 -0.2719850701815189 0.08679722788536497 -0.13719857338446376 0.02545343880789176 -0.2582942869644705 0.1549920598504856 0.08336830823523632 0.16092983785604634 
-1.4640669068680991 -1.4482950667887993 -0.6650915571120173 -0.2173503524666791 -0.047952141579635565 0.04253255170446185 -0.28226659286056865 0.3632852966968448 0.09717753730173462 -0.22738119994131234 0.02225630708733428 -0.09537134261760227 -0.18542888312723912 -0.45454528791164234 -0.46541348426875273 0.13144878201462817 0.026000590313298672 0.594509633016905 -0.2440441356271239 -0.025715579183719046 0.0023703120177228274 0.03258689709195603 0.10822106373298292 -0.019341021310092854 
-1.4901338214509503 0.9124698241493867 -0.7809273934650847 -0.6104882273145666 0.4231345588704978 -0.4728311963619946 0.9454632294670148 0.08088758932264584 0.7527057721139765 -0.33040179465131 -0.4075811347084256 -0.11722261792665101 -0.25825055563791915 -0.4956313282152765 -0.326351416803504 -0.001064236659012785 0.20798393845887586 0.1471516710025406 -0.35647745723926344 -0.08766503753037592 0.0974727347338945 0.19014391141449835 0.11945895677771083 -0.05968141934670642 
-1.043283886719331 0.18422281465167778 0.6056259816034668 -0.08615649074617349 -0.048977735769540454 -0.14721536206508418 -0.41150523913475556 0.14120891653798023 0.014590528918196455 0.23524008529915325 0.3733011643474991 0.2748793680000471 -0.4381519648890219 -0.4159191689416857 -0.19409834938927886 -0.12208975799143752 -0.04513569919294358 0.13433272113586428 0.13379790524481502 0.2507187482297357 0.28468321313303496 0.004328334453209783 0.10021403493550834 -0.0067188290593778914 
0.3502688756806515 0.23332099673124507 -0.26152357519791813 -0.4712382926803068 -0.3502987382966749 0.17905389349288103 0.3924172619458849 0.26195362775833464 -0.7649127003092661 -0.39379620427787276 -0.25151053562667447 -0.001432620865562395 -0.04552775244477858 0.5870642960712384 0.08690366643477065 -0.22708673662859122 0.05401895439839947 0.06293325342473531 0.3119965812498871 0.1373687336077056 0.10394020699601421 -0.21095342479941884 -0.1359021593477782 -0.03998326548914428 
-1.0698123607668344 0.1390368537453286 -0.34249841807776393 0.07929395419050356 0.4741716045827815 -0.6864081566305689 -0.4071373248344487 -0.4794039672102067 0.0019371341142510046 -0.2086689984876603 -0.3564210972600663 -0.1331098539700129 0.5228117526043555 0.5800291661629801 0.3699026552047084 -0.06631316507813113 -0.394343742593208 -0.26616548175510507 -0.18484534609229772 -0.043768904365794524 -0.3734919866089179 -0.04582756000366994 0.08702652410442402 0.08161334198809314 
-1.3402863270928629 -0.826130083611154 -0.5675761929287813 -0.011953239897131596 -4.969745008616133E-4 -0.3920345593534582 0.007289528567200054 -0.02091216962637743 0.4472118485279066 0.5244130216403533 0.36498647413869173 0.20672178952581183 0.2523478240152903 0.26160358624464886 -0.08453637572011367 -0.20413224948910857 -0.19102185375937955 -0.13923529225248524 -0.038462720710399356 -0.12008731587889358 -0.43777732396131386 -0.21226614052578727 -0.1534730010678185 -0.05545166451003108 
-1.7664415431456404 -1.0261391436660627 -0.35105567514522673 -0.11685952190336768 0.959152610112177 0.9368253096234005 0.33559466583147995 0.41394852832771983 0.5290042143263638 -0.08638184764894996 -0.19602691284845608 -0.07403786315991945 -0.6063327886340821 -0.2529392502182446 -0.3521549781637439 -0.1279579897130735 0.06566097214486172 -0.1981770792104959 0.012659390212296914 0.03151304119207299 0.22439582594132046 0.09228603008137078 -0.027142538691670087 0.016282833635913235 
-0.0584600051758164 0.031098236702994164 -0.0036358195038457275 0.23923519383395453 -0.01972367978323397 -0.2148569628766479 0.13643942874411863 0.175539327626052 0.2848857314686192 0.18185864188013384 0.12871137537097588 0.1353863772594841 -0.7855502044354598 -0.6035658788176202 -0.35903231773974714 -0.042512241272687934 0.14766462364043006 0.13090591579007893 0.28546402688296163 0.24734439858407117 0.296205161337793 0.18143065258815913 0.06729355469975862 -0.009773541842953684 
0.10827284417688876 0.4692404442429883 0.4319963297010001 0.33757370646418106 0.28680204078938254 -0.18046571723748628 -0.5096904455597987 -0.6721688394126404 -0.5900872851800667 -0.3142498988516629 -0.15685593180119817 -0.14629064874458875 -0.5548650285950365 -0.4090585849310884 -0.2965617869537173 -0.14287961415987804 0.22176827129908508 0.2318087861696229 0.16298227350209415 0.2845020043199092 0.36284435140994153 0.07626425863505994 -0.05286558413463673 -0.011671756680700049 
0.07900709255225191 0.23687775888718132 0.11799475786734659 -0.11163313026284216 -0.10731556076075455 -0.22610679329325167 -0.4264599963860456 -0.21988668150841084 0.11814211426774278 0.09405508947723246 0.14352031951578692 0.27216880784700753 0.18331114447243987 0.2443589429469976 0.11437057128383683 0.001553238085732415 -0.271652067379893 -0.4189172576489706 -0.27765243000741696 -0.2696198637631966 -0.18474228503133192 -0.07286401840782526 -0.023990973982641533 -0.001939447506170459 
-0.17058000622456504 0.09814685003510881 0.477814397030329 0.4872134826246648 0.337643736703682 0.24702386632283369 0.1280975578902796 -0.24184448006477643 -0.4761570313030225 -0.2712728473526791 -0.04483463251695141 -0.10741380841158102 0.2346772423213895 0.21945052039049676 0.22469825186721426 0.06627927868654886 0.013556549304241772 -0.1792289430277648 -0.3193573957496038 -0.3111340372505775 -0.24126662826667863 -0.11080747596414116 -0.056690805960796016 0.01049933259397362 
