0.0 0.0 0.0 0.0 0.0 0.0 0.0 0.0 0.0 0.0 0.0 0.0 0.0 0.0 0.0 0.0 0.0 0.0 0.0 0.0 0.0 0.0 0.0 0.0 
0.0 0.0 0.0 0.0 0.0 0.0 0.0 0.0 0.0 0.0 0.0 0.0 4.012287981716156E-4 -9.408846617837511E-4 -0.0036197581478110883 -0.00556468755555628 -0.0068996933614446365 -0.008196656193619848 -0.009270836782362587 -0.009333684838752965 -0.009561328463155347 -0.009406353937515183 -0.006737512898363542 -0.0035810045741192322 
0.0 0.0 0.0 0.0 0.0 0.0 0.0 0.0 0.0 0.0 0.0 0.0 0.022871207194706738 0.029722228439303545 0.026426692831424996 0.026856320470958112 0.026054401357404694 0.020627534869499354 0.015050642339088724 0.012298631470098706 0.010302669371290707 0.005375226017730841 7.18072292585234E-4 0.0019065048169548682 
-0.0012036863945148468 0.0028226539853512533 0.010859274443433264 0.01669406266666884 0.02069908008433391 0.024589968580859545 0.02781251034708776 0.028001054516258894 0.028683985389466038 0.02821906181254555 0.020212538695090626 0.010743013722357697 0.022385835644169145 0.02922179906241945 0.017526488897300945 -0.004987865363818363 -0.022279630710815596 -0.021641355745465902 -0.01267407355110354 -0.00818402056766345 -0.007944705672155319 -0.00661162660761191 -0.008255721530708226 -0.014307354223458427 
-0.06801177838686279 -0.09057801231058626 -0.08470971571599162 -0.08891599274620876 -0.08851274411438104 -0.07417758889892784 -0.05905818219081005 -0.05089642166842556 -0.04525000080860514 -0.0302352089594653 -0.012260486225301015 -0.011091021312043453 -0.07470817963097609 -0.10584351483785108 -0.08019950078086427 -0.04474197729650215 -0.011697036570650104 0.011441433239031684 0.020615419797119255 0.026077033607874944 0.030274466604716794 0.033115862081187844 0.0343224122441989 0.031355598840859845 
-0.033151617739076045 -0.04237639103196522 -0.010224608833907023 0.05942159246455947 0.1110952641896373 0.10201286168586163 0.06755131174871565 0.05000027253720313 0.046459117420768525 0.03495248430256838 0.030897407704775184 0.04846757332639701 1.0533456520799016 0.2548706602333021 -0.004931170341416093 -0.38482587442339034 -0.534862368100609 0.07306774705664507 -0.07204473423125467 -0.012971774794501336 -0.06827522264426547 -0.02568426604393911 0.014129620939088585 -0.023474031941867233 
0.24009850456520887 0.34013006702221144 0.25114044398126295 0.11286216699056115 -0.010106982340701384 -0.0730357462695961 -0.08171566009217171 -0.08923070983409695 -0.09971096582980163 -0.10271429748857494 -0.10830967123743898 -0.1129290763245992 -0.5135020542536227 0.21510281705001696 -0.050357748542336746 0.05241157341896161 0.34837220922315426 -0.17238088657871806 7.587676158311204E-4 -0.014365284081682783 0.06821219103877808 0.04812981977733133 -0.05048176110059018 0.048056879072376234 
-3.3152957841102557 -0.9771433663809538 -0.14227229438094574 1.070282606068455 1.5860833034993211 -0.19518419390374153 0.25527545199153256 0.0860835229825986 0.2607401358328607 0.1415114042089177 0.025848268383893855 0.13208413705423727 -1.0564754030195012 -0.724985341499211 0.19981621172953137 0.636412826547304 0.5651465206639558 0.08928855419763093 0.2728963753988087 0.05548752449455602 0.13765233200680535 0.018612731913130776 0.008002633507242679 -5.589325457184269E-4 
3.113566467559595 -0.2685029757861428 0.13238737268453799 -0.7515812198050413 -1.8711233914386858 0.5915635986320279 -0.15519655515971187 -0.02584219464607495 -0.35702708313098547 -0.22790412824463394 0.14170936673691018 -0.19706994039309228 -1.3684083618948917 -0.7993656279140532 0.10995885828976748 0.5660992069633822 0.3465192246665034 -0.1600675722944936 -0.14268880615881388 0.03541359497488999 0.018704958523470917 -0.07176872187677663 -0.03208576544060946 -0.10684858212773352 
1.6995406098222345 2.4368961548698445 -0.5502967083741387 -1.4175951937795515 -0.6538360932532377 -0.4981524733578432 -0.7143973669139403 -0.1481565585404759 -0.23783981994905568 0.041709203941205544 -0.11812001180412743 0.09221480299779883 -1.0851231041655998 -0.3416551705466911 -0.215414066312259 0.47684835381746105 0.612793700634351 0.3122289089866734 -0.060925313039108385 -0.09700624899190154 -0.21677626880909007 0.05747408936668419 0.20418753041334034 0.08150920544795269 
1.837905393283639 1.0312071901389723 0.12527607610855696 -0.3414965539755821 0.07029504203606773 0.5586511103409355 0.8311871678370064 -0.07835145399722965 0.09346413649074381 0.16249296827561102 0.05993176517840004 0.22755133708682054 1.9827945728867045 0.7289850612502854 -0.11048164381456742 -0.9708822630506283 -0.9966910854976865 0.11355392989349032 -0.07288981259140707 -0.034069781325946596 -0.18758895436771048 -0.025326087727371178 -0.034029025464720114 0.08515153476104252 
0.5779040655245211 -0.6020329377034381 0.5075255528438218 -0.5653047882986577 -1.2230070151411088 -1.1154146767182154 -0.05514047038950143 0.40335689963388055 0.6858233324492663 -0.22610941215125735 -0.545825522076872 -0.3247541180295772 1.3026132172374425 1.6088821164486344 -0.34958970414824125 -0.7346983287339816 -0.32799744455732377 -0.24172960089488113 -0.03258575812835315 -0.14230599993456886 -0.14480377861608743 -0.07746890150936736 -0.1307488117733905 -0.03052052430579355 
-2.2739989789516617 -0.9359936132503572 -0.06507882648074004 1.7349203666063961 1.4035353259983092 0.559532910631743 -0.2661555656477101 -0.19938957975541338 -0.25609179622701506 -0.01801655701628896 0.45764919826744277 -0.2440400841625318 0.3067224960598805 0.6347939522648548 -0.1750983460710761 -0.1408689917612951 -0.15184470116166815 -0.1158066223949676 0.25631520261525503 0.130908278744742 0.2746597822894363 0.023355665527004004 0.1570566040774136 0.027095973360524595 
-0.15234685577244278 -1.4061497927813946 0.5936498553652336 -0.251708667868596 -0.33646390156238715 0.22659542918139636 -0.06796872578652258 0.3392805041423226 0.37134948225808606 0.3643706711152576 0.07526770697152274 0.41957208653985567 0.014028650962785641 -0.08372177905783806 0.5942660038474257 0.49925486987677825 0.08400978204965659 -0.18078337771729217 -0.16153113408922057 -0.04024279521157744 0.05090958913247693 -0.25593659734778623 -0.17398910990827546 -0.2422131076348826 
1.2828633657524795 -0.47111623911661404 0.6075089630610794 -0.07568763890672758 0.08255758873171137 0.23506592457603248 0.06865568768975183 -0.43903809248567666 -0.573278285281975 -0.20281406993865847 -0.7217846615780381 -0.2258996852794697 -1.481007745044525 -1.1962226255652249 0.17340382633132126 0.5240530996043565 0.5846768146297602 0.42306952383602114 0.006747542417929501 -0.005960993758830302 0.0011326262242583225 0.19444585679264112 -0.13936987032566386 0.07075234182046408 
-1.2426130597159064 -0.5833062875967956 -1.611566353469365 -1.1577653951724305 -0.8145474926567795 -0.41083105053848357 0.2620473052094293 0.6439095416337446 0.6916878095793155 0.6340991363532862 0.5658587375706949 0.39281500543353953 -0.7870712745386438 -1.195244893962931 -0.018792159234230093 -0.39108527706942514 0.028956047835477932 0.2663038540740719 0.1211242511223035 0.18116910757892726 0.3829740100098544 0.1762821800624612 -0.0030465381041261765 0.023811830274501306 
2.7141573581536447 2.241252510853018 0.5173177989425954 0.6157894314452437 -0.11145332234377525 -0.39096242101638046 -0.45140620839947454 -0.3338211172246335 -0.41965883856040476 -0.7362183600132266 0.6304632939448482 -0.442918569070766 0.5842413531934395 0.44579314888160565 0.25893549193087145 0.07436625035183442 0.21716904521292413 0.13511493108868014 0.290365278964212 -0.03349457813212322 -0.010824574469889936 0.16112908241838728 -0.0791133108045008 0.11873292725767189 
1.493219971642906 0.8234005141225824 0.6951219151271659 0.5758086281636938 -0.3263265895310776 -0.25930196024461305 -0.17131053110881989 -0.25683530622498085 -0.8543822711322624 0.10222627596515799 -0.5917166564775419 0.4566460376119999 0.6648734879616646 0.15309805403191903 -0.6086426706287105 -0.6000101259375092 -0.7654693615659621 -0.49602074779528044 -0.14522796728758725 0.049815911668330125 -0.028911920547413022 0.044230438800004025 0.2287926550689335 0.07822967120475174 
-1.8377772095072453 -2.51184908662112 -1.3226416470298004 -1.165573401630293 -0.813059998469912 -0.24604341383694317 -0.5857612310437594 0.11181806584005571 0.23223047848348377 -0.42026488699975617 0.09434296785958275 -0.6140139831417155 1.5491008304195384 0.38823227582554204 -0.025689794915379222 -0.13909991686703913 -0.641756230139248 -0.3346886133151905 -0.3315372277312887 -0.09977133934938075 -0.3160773893190857 -0.28761794335484203 0.12038738968579928 -0.13299822867741948 
-0.9612662397704552 1.3339503490445161 1.1343413814029644 1.5329463991778656 1.8326639301041752 1.004771689257639 0.7649087183943335 0.2716422150964096 0.4524789126996104 0.34343108344653883 0.14754093540652724 0.24367369885475906 0.48810086587712753 -0.3865429675057783 -0.12738219271096618 -0.26360416086380517 -0.6411028229636322 -0.27129707513248663 -0.3078143909789831 -0.07260214949516779 -0.26740603530395407 -0.05135159316381804 -0.143512119307721 0.02971872956007258 
-0.7059020273982899 0.8212807659154251 0.3747774505508339 0.554520296539275 0.7343201082563424 -0.018933405821934923 0.0750958500428148 -0.2987458598371865 -0.1248572625190841 0.00603306631060907 -0.10032767105458416 0.06256228634011281 0.2377108148053216 -0.010012511287645243 -0.19354971621450176 -0.5477484399071896 -0.4612881457824547 -0.05221850224022891 -0.16233071190541418 0.010408533133042889 0.08328958852112761 -0.08907544074376883 0.11600220787949185 -0.14032506587998952 
-0.5370202170429543 0.3164644903716449 0.22855894446974734 0.5065742616703255 0.8232918259966917 0.4410342611453426 0.4217041012848423 0.16625310509914362 0.12637970528088385 0.043132078801429496 -0.06384497909729539 0.029201714190867978 1.1402238523309662 0.8307363883330563 0.24257581530040961 0.20596053004462545 0.49372405159746524 0.6005220084006052 -0.14478478472510417 -0.02314960301989294 0.3385849000656113 0.1773278700234662 0.020532914042621624 -0.03225721112329472 
-2.7630326652869606 -1.9730686234217485 -0.2891012799196866 0.9908579868450458 1.075490490931194 0.19248080693989178 0.07283321322722869 0.13328702143956006 0.14541131662946422 -0.0028890624458949854 -0.14797069852698153 -0.08580279316980137 -1.696199738031825 -0.6244419413248584 -0.20895163063442368 0.7323609669843146 0.636950787443368 -0.099327664842902 0.3794774162598081 0.14264197747837856 -0.0660034454203966 -0.04320243794457552 0.06673197029605586 0.07422813237535114 
-3.353372477819018 0.23891587871393405 0.7385533007369958 0.6968959638911039 0.18090658397435377 -0.90250144232509 1.200394390977439 0.12507458351771517 -0.6984100770714976 -0.1840914622456078 0.10976370701486104 0.4146278719796003 -2.820638336162684 -1.5560434324672112 0.0782515037185485 0.8933939872455864 0.9274268941133449 0.05307828858126751 0.5834790394725134 0.3414509258281952 -0.05329934967122691 -0.0135577051666386 -0.08689628706110937 0.045815677335466105 
5.790873317085217 2.733380895718856 0.7466351643204807 -1.737723455524058 -0.8553396330625925 0.9508174404419873 -1.452681543582908 -0.7060825314816079 0.48554796491829644 0.24925215066785428 -0.38732792499882995 -0.3528351896803068 -3.2069051652377696 -1.3275826632604026 0.17990732312869606 0.7407892423263096 0.7481743802429405 -0.0857097035757196 0.5092534066697861 0.11292713819041955 -0.02115710050475379 -0.0381377953422418 -0.2528520240232526 0.0720703570158233 
3.6479418002590087 2.6313700282029764 -0.5240637888059818 -0.8093169788818817 -0.99357379434645 -0.0973689213495077 -0.5659756387276298 -0.43841489592485794 0.11620943015014844 -0.042265412255529336 0.316522495321957 0.025270880439722365 -1.2798745924048571 0.09933194946742052 0.5758395750088816 0.16568136721618087 0.1326369305453579 -0.15674772100378562 0.15486664582549226 -0.03276144434033775 -0.21249697694199055 -0.044200484140824566 -0.14427406479990143 0.1393519492413198 
3.357025691387335 0.8134522916149383 -0.197514704534286 -0.47840326874739003 -0.5817924606372253 0.0470436571792594 -0.5717419919295952 0.07625034658958796 -0.19842713546709745 0.0406112985857912 0.5072059793892282 -0.10733536844733232 1.8858314878206757 1.2214384807136482 0.3649738595376745 -0.607010086990678 -0.2062922322762535 0.3591992005386489 -0.6487358291833769 -0.4252246095149453 0.1529725001812641 0.07486088611646456 -0.0980924949691967 -0.07334022815197302 
1.7031751122444945 0.9008843323636313 -0.5168904898622657 -0.4298082311457727 -0.35377779387440356 0.0196286123176308 0.2953246776743059 -0.16780752249686953 0.281068403947171 0.052830416217897455 0.09531894922053619 -0.12617788636084631 1.1918045449324512 1.0656602394365213 -0.018389230083478852 -0.22940057173834935 -0.39769047658330453 0.043469843289869414 -0.18180085628944742 -0.35801368845356785 -0.020520489770558505 0.03611159017268116 0.16143250270789125 -0.009871329573189971 
1.1057621976304475 -0.06569169850241607 -0.35187306376440075 -0.1064475684200783 -0.5563609364698552 -0.18527892800752854 0.06287578576625497 0.4342876103492338 -0.05579902252400712 -0.022878421918252817 0.017551332959470534 -0.05709012182410339 1.1110503893865633 0.48364011732685935 -0.22151944590025952 0.006085009547938188 -0.2952065919892966 0.047085169724533325 -0.13465184024797247 -0.17248819722281306 0.040730244342910206 0.07904541247034001 0.15935697909731242 -0.15220969178905422 
1.198159912340099 -0.1260386950479102 -0.3917169189404879 -0.30709311383048954 0.18678187331977858 -0.11161715862572197 -0.3378819587072126 0.4566075375560228 0.1064568429902788 -0.11885532252155079 0.07705231041316207 0.02976224584767781 0.5419533378280986 0.48205981086666316 -0.3884530972919596 -0.07241587014434403 -0.06392631020278294 -0.0971149941115323 0.07455046707271203 -0.11521599589790217 0.18401096426288877 0.026960459682767123 0.1349596092080446 -0.1095571402231695 
0.2763821231798431 -0.12400654665986899 0.40445684770560364 -0.5580158560488462 0.03354748173357347 -0.028588966522664183 0.14881684700508147 0.28150740823158094 -0.23331208801738196 -0.11068206945550468 0.03826836150097801 0.27132364081556826 0.21685360593201905 0.2052063401028675 -0.1373918123549299 -0.02475583271427088 -0.09980830011094215 -0.16495341042151604 -0.04800799522585116 0.21514299083040245 0.021659611411516674 -0.08674121339599561 0.160357103691411 0.015192588818343303 
0.4920051359855009 -0.5161376761576317 0.2703038462786109 0.01322352310164332 -0.45695307236776905 0.2326286139097955 0.028702745836756582 0.2542305662556634 -0.18220795609480792 0.015850860938222022 -0.31991839267435135 0.038286652988826386 0.008581057804830058 0.2204757454923015 0.032720713263006816 -0.09517653980317527 -0.019018970946654317 -0.10208746589607848 -0.016681868930920274 0.12390805979652035 -0.05728005184478117 0.02376159677154403 0.08730257856036643 0.06667770062132149 
0.8082787680116894 -0.4862612282561578 -0.2707080093091605 -0.1923383887433321 0.06493143670674506 0.13745841698926087 0.02360741917182385 -0.10995287649179386 0.02355454278398622 0.16999212653984758 -0.26503462657100574 -0.10693009184970759 -0.033085875384291676 0.03749744039275823 0.2624354663141771 -0.18072510657748583 -0.17219286970706893 0.10554652483642883 0.002754303651861467 0.08985040166093779 -0.2816337597667919 0.07712610255484033 0.02592065451941582 0.09896966998836437 
0.9064684165096857 -0.6063385907266703 -0.15229663022212625 -0.20440222807372077 0.22814680867315573 0.11162154730655094 -0.22523163799782298 0.28061350052814915 0.14986368312393822 -0.330477210833859 -0.033203931231945295 0.018856010316351285 0.243505512525329 -0.17923539543139574 0.0768140905080535 -0.10797534140893898 -0.055795140733438796 0.17849515466418042 -0.00858525714553208 0.032095983765187186 -0.12318734998862835 -0.0020736573907228495 -0.129917149338835 -0.028259237008401782 
0.16840810907062576 -0.1913984105536244 -0.17154931298655907 0.09297233927129334 0.20757615033431787 -0.2847250077303284 0.26752112796678684 -0.001235263887475302 0.44555337167362064 -0.16889634123398523 -0.18285083277847247 -0.015870047813287325 0.1713834011407389 -0.006775529497625203 -0.24111935652220243 -0.25065297197428904 0.10750488945313903 0.2317343497771928 -7.417962651770823E-4 -0.011818483347151595 0.0640116063476277 -0.05931528234620955 -0.12367839594228607 -0.08956285693734058 
0.08142392788004571 -0.12586289871471124 -0.009717773406850316 0.19449418332114754 -0.3608900069812391 -0.09176513772295111 -0.06749833712412867 0.10358380865794259 -0.02364532057374008 0.19151606699730697 0.028741158445886955 0.0775343419958216 0.5217354385059968 -0.31102975088436463 -0.13875685679979735 -0.349089313626243 0.17236550931689645 0.22425601757133773 -0.056844443771038256 0.10473238561458949 0.2443738179216394 -0.1674768593154606 -0.18368641705839076 0.02923166646172919 
0.7066508089042927 -0.7061724857692617 0.38136063184980884 0.3601723214821009 0.03693517617452535 -0.4560512898275665 -0.053033842469492054 0.014017419484764204 -0.08172577441005774 0.08694133466289328 0.0750280164169363 0.13241931312257899 0.2787866445365606 -0.10541102523412131 -0.2311029348607915 -0.06800189915703829 0.03244880395330737 -0.08116218664703884 0.047458729306698665 0.05605055323324045 0.22606278612657324 -0.10638342996025212 -0.11078157850094295 0.08295193248726368 
-0.927859248925138 0.5841376995342422 -0.012481032240918122 0.7092657216996046 -0.2036292321976374 -0.4754833643588431 0.10557917853343124 -0.04120999800173908 -0.3196181975991408 0.044034529164083513 0.3889158953455227 -0.14298366953676944 0.22160259174402283 -0.1302550137897255 0.029543829670151567 -0.1313339772507072 -0.025507836823263446 -0.19079554543551805 -0.05642977227877014 0.14328062614823864 0.04612101449145956 -0.012405039517138746 0.02850099207450872 0.16178804036508024 
-0.16331023613646423 -0.2301656339757372 0.5231411210128494 0.03959226755317968 0.03159935108259493 0.1506206655287341 0.0386061822179109 -0.09699002025735581 -0.08464854819339873 0.22399471756338282 -0.03059346572546151 -0.15446683950878282 0.22917695719108208 -0.07630173009084847 -0.0504491017921728 2.962566386131756E-4 -0.023945340544219523 -0.19502990109954266 0.009444258993309992 0.019969143446898097 -0.017819207635561978 0.06832027215972462 0.12991832260112182 0.05055292920655704 
-0.1484033248316443 0.026898716757703056 -0.16923950699882528 0.7487861420377298 -0.28169858396548353 0.1772855209054528 0.055970967368480284 -0.27075434991571334 -0.16054697715644828 0.16020449409847842 -0.003951076706440307 -0.2643867027837382 -0.32781180193240606 0.24544287430323428 -0.07918824272026637 0.09739664239172079 -0.08109877501032055 -0.15402852705751816 -0.044350514578069454 0.09026143162362048 0.06495169013620979 -0.01002758887396031 0.18980671385005243 0.011555548726560857 
-0.3706080247157004 -0.19864780410844673 0.6110871746052808 0.33952334139719875 0.14780587369110698 -0.1973460291610864 -0.05656251386694655 0.06888216510105705 -0.10780376172471806 -0.17610446428347803 -0.11829346536044764 0.04146204212639226 0.09893470237311182 0.0022936145232007967 -0.13617066149445334 0.08340005625567048 -0.02416424464414006 -0.14462945290061957 0.09246198332573778 0.024221631698593926 0.04478191503494829 0.15097335226502454 0.05574574891513959 -0.1476269146608669 
0.15922505116169816 -0.16794983830910581 0.18111066912366525 0.2671102576024327 -0.01843616847093177 0.16058556415862169 0.2862150703100683 -0.39493038555180693 -0.5028956612421105 0.2741668867093949 -0.13665424638714152 -0.27561475653403955 0.1242237854319604 -0.056811043938605955 -0.26570653619706536 0.28209690742686516 0.02163435028252773 -0.20186719825988553 0.09123890297233113 -0.021941304543090217 0.06680595887998293 -0.004490920418121297 -0.03753263427954973 -0.1905903659368395 
-0.6139285312524709 -0.13962220001193515 0.7564780174349641 0.030230041003816766 -0.02753912273226078 0.5928590026040085 -0.35390181923009645 -0.1075668975350908 -0.047819951255412496 -0.285906535537149 -0.13147912763052966 0.2940279313489685 -0.03887924612563243 -0.16739372233450892 0.28482295481700187 -0.254447724003533 0.3664914549367917 -0.11719935542212619 0.034459453106165584 -0.04982934554457099 -0.10106546890376189 0.03594682829715734 -0.09009750898793976 -0.05434679302435794 
-0.3994144278591403 0.16781904652526514 0.5551846801775291 0.0571420699538252 -0.25892913660138284 0.38778459980256197 -0.06907608886693817 -0.11670590496836879 -0.39095675903104987 0.2285782909796778 0.1152396572672499 0.18110145041549214 0.41465965759243123 -0.2101301512287641 0.042235973567127306 0.035652440550586584 -0.22446794655324723 0.5091548059955843 -0.2485450514643152 -0.12922722405035406 -0.28573318647260276 0.0554953364085907 0.01909370384592815 -0.021073064099387872 
0.025349453171616076 0.13564892047789456 -0.43041869537265676 1.2078506072321014 -0.8314220070540426 0.04065251928332203 0.017704706403059933 0.07925796144305094 0.1394231938810373 -0.2611506513100915 0.026052109776175947 -0.023855682275299772 0.49012577087629366 -0.2597264214068928 -0.015742627986346847 0.3886056570369562 -0.39955790408083974 0.3924937096250969 -0.2558366338095221 -0.11229015682645484 -0.17591143735152517 0.005569512462169135 -0.024813128980342925 0.21768440251099866 
-1.404392913827639 0.32480505513227165 0.6478511048260938 -0.42865734716346937 1.0569091133497008 -1.090775612167788 0.8460469618864358 -0.10066114288981566 0.26068232560747284 0.09530293537009402 -0.27270097662827875 -0.05345375742374181 0.2552319264212368 -0.048049123899875625 0.13402030467287437 0.49465388275779115 -0.2995455293784077 0.00306440008689531 0.01910751835621552 0.04003969387668964 -0.12527964418830204 -0.007469617494856658 -0.08003638924373256 -0.02994282698641158 
-1.5818166008971026 0.5610640599052399 0.7573726890697223 -0.8926872215484045 0.5132154645347167 0.15465797971389295 -0.0439534431782172 0.22128119190499715 0.1540948184799017 -0.2359773951188645 0.13693057625826344 -0.24174767226441052 -0.04936114301203428 0.014702604719576406 0.006530354012086163 0.11395005855761504 0.060950455664004956 -0.3047395494641386 0.014200632040601976 0.02467124868059804 -0.07768002831005734 -0.10133676685823469 0.08293164043897051 -0.0534931225690641 
-0.3615271800884914 0.09925884851121936 -0.44077192606228355 -0.3765506639292955 -0.032611284260539275 0.3215886693265906 -0.09556956914494616 -0.3078366018294108 -0.022453638765575934 0.23840051536863427 0.29990959175740384 0.37987592636928225 -0.5178180310474892 0.44742736931813365 0.30876271038918873 -0.6949147572146659 0.45210676488731205 -0.5950147697076352 0.13348131346448602 -0.22529553329932736 -0.03872152503516061 -0.011820640662884676 0.040681969181526334 0.10652805782881654 
-0.3479999846618549 0.2043142096296915 0.09430175803527341 0.8399470899421693 -0.4695131752409374 0.24868902692854855 0.445911075796945 0.10883194487105441 0.5140312609977338 -0.02868914073465756 -0.5090480957335769 -0.08004115646461951 0.24993979624120533 0.5215650199559524 0.519109488927974 -0.3595499339649839 0.19534038389949235 0.4102976365596227 0.14158523902894127 0.1582206160090074 0.021750500914903482 -0.03849234296645233 0.1038063177576382 -0.0075739487884290595 
-0.467847128802795 -0.8391021276843551 0.05309843917575208 0.7897697687352414 0.1919531385755917 0.64725317334779 0.20067076200539657 0.6314500805251377 0.19687867945403864 0.02712073016664457 -0.07175754817693758 -0.45389118881008694 0.638579079942475 0.24468798213444728 0.10611955349444413 0.1343227636326291 -0.1849152363166072 0.39095157310535605 0.3094315739702422 0.07919735334020334 0.17882387863811747 0.16054626593660276 -0.017949521120201224 0.04905906240462557 
-2.278476015263567 -0.5344505118648302 -1.0468909603332177 -0.3971976359857212 -0.18508789858182584 -1.239067181975575 -0.6168293258402124 -0.7230239972992992 -0.02082284337461604 -0.01486047361851267 0.011345192952519567 0.19785773169056126 0.496167653500551 -0.007443555155480268 0.1415511166604048 0.44483175970688577 -0.4530779352704904 0.30558128453783834 0.36240584190466213 0.30076281048138487 0.31150122254641094 0.05420739149361276 -0.289684012899939 -0.28723834491846145 
-1.3120264046150607 -0.26542273714486164 -0.18853422736137038 -0.16094659186323756 0.3799217863597265 -0.10738794553741571 -0.492494090237094 -0.12950069076484405 -0.29149822249375346 -0.25015261599924643 0.09356151077495928 0.09374929507781515 0.01718411041544791 -0.3065537518686483 -0.10498946951555392 0.09568782299529399 -0.4381318220787396 -0.11188581081430149 -0.1576789578361901 0.09320196165657584 0.05876735205343975 0.012230736008686119 -0.07234551829934265 -0.2236781752340324 
-1.4144133072573748 -0.06019482017361444 -0.20953525867737977 -0.019190008879248488 0.7957363066784664 -0.2907342672423635 -0.2947240237957962 -0.41298110092810936 -0.1762839556676029 -0.05267464213255035 0.2773444134902918 0.5078536363468138 -0.6242001736749064 -0.11352222546336217 -0.28656637970116855 -0.16263702170808045 -0.2199492659897654 -0.49790251178369127 -0.405331307926253 -0.32135403704375376 -0.10977384534972763 -0.05563660768898027 0.06515017664208142 0.1726900963174597 
-0.9514308140522347 -0.15656871792401805 -0.05061100310550515 0.31370248619612306 1.0159365021816642 0.5087441484240887 0.5126549844917587 0.1968227473698153 0.09830717944021283 0.009335606397605056 0.012279396452204216 0.06214538456388404 -0.39682064036083475 0.093743112646769 0.08586033667228403 0.07054617638030658 0.2680863433392738 -0.0045784250817814676 -0.17763385462965586 -0.0751772404248987 -0.11521897374179403 -0.07419372134248924 0.1154831322531684 0.17248100579240888 
-0.5861732895202607 -0.24831084508516543 -0.25615343335764473 -0.14661110989116022 0.15675254147650153 -0.053425693605253455 0.09659006057412 0.07787639476463237 0.11359599170758372 0.022305238250002413 -0.14346427981234716 -0.3044106020048523 -0.43192509050523276 0.14084232108506675 0.11469879927910102 0.20533254915849244 0.5160404291347843 0.08572388482341313 0.03839091573278397 -0.0834921814630956 -0.06109646147063468 -0.054517203099358036 0.03958609571019123 0.10581972804324095 
-0.5356844924011135 -0.45259406262939317 -0.42280615003808997 -0.30887457049820144 -0.1048453610571124 -0.21230695711062633 -0.15524956853308453 -0.1493977173365188 -0.09078127495596466 -0.06506139216305512 -0.042483539333226406 -0.017561603123578462 -0.27015229268701485 0.04409455690818476 0.03401397098610818 0.10805175551792605 0.31846642981187784 0.1076329252143104 0.11601647185815823 0.011687550695731075 -0.021157798010739637 -0.07499235947695927 -0.11702893615098768 -0.14641080152142386 
-0.32651119656723715 -0.3347091110761271 -0.3675340830483904 -0.3238991280075636 -0.19199404910649842 -0.1873803689452454 -0.07594449448172647 0.01060567581434449 0.10154965594238988 0.14807546644585384 0.18596759425243345 0.23024794606082216 -0.30979582826505975 -0.2534946785687364 -0.32835917483960747 -0.3499754441290827 -0.27025967039091964 -0.34879047332647706 -0.2456441035445279 -0.16408306611956525 -0.05389962414073949 -0.010774826079143521 -0.019302241927990734 -0.04627009799447837 
-0.2708049824677019 -0.24565325565309148 -0.09696259121845685 0.07819122870054662 0.23491050803753066 0.25282271045115345 0.25087284644520724 0.195395454757766 0.16780374135502868 0.17142757073055714 0.19865026787277698 0.23404851509531838 -0.01737662323794842 0.05842309243206204 -0.01304753433493396 -0.073241499778346 -0.08574708297127381 -0.17929926111355046 -0.16795436320654863 -0.14103307112859204 -0.07320411731479161 -0.012800902912388737 0.03906667974238013 0.0785360200394043 
0.2107744403082128 0.408702787132893 0.5660023117513611 0.709782322896714 0.797653618101939 0.7603808925932879 0.6304611637185578 0.39772900707618575 0.14600235597430555 -0.06361476495937315 -0.20612445763137666 -0.2914053671308656 0.051298407098772536 0.1165283383576065 0.08002617139278796 0.04027151344764542 0.0218493493545473 -0.03174402807130472 -0.03186950532232343 -0.028536507054749524 0.0017289066957184018 0.04008289371013411 0.07918700098768666 0.1129793924371868 
-0.7521974411249932 -0.9995692890300893 -0.8504317444331638 -0.6059907966153022 -0.3424279457475097 -0.14828980453924157 -0.004589308013580817 0.08013983041833667 0.10660472697245232 0.07918643227672459 0.03636244738153824 0.007656993354052552 0.08201984969589082 0.1619862280345562 0.2018019804894263 0.24424810269747266 0.27644716776687445 0.2501452047938825 0.20536877117370725 0.13622157518807185 0.07830173600725587 0.03805756301156958 0.017993924360722547 0.012961572692203086 
