0.0 0.0 0.0 0.0 0.0 0.0 0.0 0.0 0.0 0.0 0.0 0.0 0.0 0.0 0.0 0.0 0.0 0.0 0.0 0.0 0.0 0.0 0.0 0.0 
0.0 0.0 0.0 0.0 0.0 0.0 0.0 0.0 0.0 0.0 0.0 0.0 0.003743666146704664 0.006776183645465746 0.00939845153661939 0.011624879009747957 0.012278914963573584 0.011228115137599934 0.009292109497769948 0.006303991565210961 0.003378524278203935 0.0015648988711970309 3.0142701285950274E-4 -9.616313483426601E-4 
0.0 0.0 0.0 0.0 0.0 0.0 0.0 0.0 0.0 0.0 0.0 0.0 0.01724338690540339 0.02147622456896872 0.016233956385655734 0.011789245177945717 0.007297762538867603 0.002129545772638084 -0.002482631774607382 -0.006043913363656006 -0.008668545637653893 -0.010356568844197356 -0.010759479353186168 -0.009035669287591858 
-0.011230998440113993 -0.02032855093639724 -0.02819535460985817 -0.03487463702924387 -0.03683674489072075 -0.0336843454127998 -0.027876328493309843 -0.018911974695632883 -0.010135572834611806 -0.004694696613591093 -9.042810385785083E-4 0.0028848940450279803 -0.04044795032123272 -0.055833727906099924 -0.05247226284428529 -0.04864570392544462 -0.04106393444740145 -0.03041800578906419 -0.020549671004852832 -0.01014562127568186 9.197654457131684E-4 0.009352685626192916 0.013993224864182488 0.014768008913609387 
-0.046114661496153175 -0.054264398238707545 -0.03460419185203811 -0.017930417019215217 -0.003474915171242432 0.010453535388485646 0.021386059570477067 0.02758772743878446 0.03107342333026758 0.03341705483938762 0.03273057857884776 0.025664560840261585 -0.007137879461380041 -0.010313936257559145 -0.009135830121989486 -0.008442946702089634 -0.009316465613508138 -0.007878144664514494 -0.0035829236522838446 0.002289131014835799 0.005472985123373603 0.006415712061246637 0.007463694448284967 0.007546127226626134 
0.14440118171177474 0.19463338283765355 0.17471888445887493 0.15490232028594147 0.12492926092782558 0.08602724967294975 0.05095598322931996 0.01664300010765335 -0.018296008002273295 -0.04476658429827256 -0.05834496388197134 -0.05713630716095895 0.003811538479303304 0.005300803147567618 6.851541782264131E-4 -0.0060284345917758315 -0.00855848412386014 -0.006615822798388705 -0.0029113723989937362 -2.3519650810185921E-4 -2.2343187313501416E-5 -0.0021285687783715195 -0.00418453002226381 -0.003992769461924878 
-0.056402451691804245 -0.07653915811434796 -0.07404962916839809 -0.06955963855132377 -0.05293360606874875 -0.036221363549331295 -0.02866738490446337 -0.024644880446150513 -0.012338737786290063 7.888076586008222E-4 0.006329258076841517 0.007372218923115063 0.014252247400142082 0.020834379879115992 0.021056616405064066 0.023271571830062662 0.025175626465384366 0.02364898658989296 0.020434285210881167 0.015152877913172866 0.009110673441794274 0.0044533695272659345 0.0017171216965642538 5.155002457816032E-4 
-0.01752171878019837 -0.025093580441279878 -0.01052809848635742 0.0090252775121379 0.013568052929612828 0.009500572451274787 0.005884510941141584 0.007909918771140181 0.01163753728560752 0.018005133311916863 0.024849969279216042 0.024009373389375876 0.03895915224660632 0.05340600740636912 0.050377110160049005 0.04612796720018753 0.037363170129275 0.024290120017753197 0.011398025783892164 0.00142011302981371 -0.005747548852729433 -0.011231555712042188 -0.01566701764392552 -0.016939320269821877 
-0.007909953450592866 -0.00690405623658881 -0.0051505495946141296 -0.014806611122501416 -0.023321190568289157 -0.02223008577035576 -0.017381059918077247 -0.013504365632477554 -0.011225369639055651 -0.011328912547504897 -0.014018253091438697 -0.01645478017225064 -0.0121500686415148 -0.018128336505410236 -0.018140915848347774 -0.018073928403162288 -0.01677572608432729 -0.013025536220278003 -0.01003171248077533 -0.008266129508925942 -0.0032898765618514965 0.0037816607638630696 0.006724345846063825 0.00467293945619792 
0.0032774758513500757 -4.021903203333746E-4 -0.010861985808164075 -0.010858095029032313 -0.001966457210229214 0.006161250730202392 0.01111874338445041 0.00681240361137574 -0.0016100455177022032 -0.005013057059093134 -0.0011701553660546779 0.005595153196189538 0.059774599695114894 -0.010503597276903547 0.06046070959672284 0.017567427310619183 0.03249634259257058 0.03911074491562395 -0.0041994161718845015 0.02840726536286035 -0.014813458484435051 0.01256989046556238 -0.00139224131285599 0.004551562215261105 
-0.03035184308303407 -0.034499843658590504 -0.019459937962451445 -0.005396167071251802 0.005160827254154142 0.00452490597203891 -0.0011893636837917963 7.022656605095365E-4 0.004154683300919289 9.529205525166118E-4 -8.337171387145996E-4 0.0025605106511144746 0.3713863518083628 -0.31257861535418563 0.2635959798206511 -0.08075313134921776 0.01655558932411962 0.05481056920386965 -0.14654358780772261 0.07334926120935302 -0.11562617368956417 -0.010937685570931999 -0.030634305503727022 -0.047713941773452236 
-0.18562457304932245 0.02021510510043161 -0.18475553309260728 -0.04838222644534446 -0.09816198375932057 -0.1212091581667944 0.010386911339652362 -0.08441519296393442 0.048387886268925207 -0.025845454634781037 0.022434425241421963 8.470413319100019E-4 -0.6361225055536077 0.3833068461942733 -0.5177024812161787 0.06324854360817213 -0.1031755561388517 -0.17733724608404344 0.24687821600947066 -0.20933965540294586 0.21481406273873638 -0.04060423694708045 0.04947048350532335 0.07462132062937213 
-1.027617984425345 0.9205231421155856 -0.7089917154143458 0.24621484863330795 -0.02489019526610234 -0.1229765889334663 0.4226156195274896 -0.18793835097288153 0.3106541855363232 0.03190034295313505 0.06608237311600405 0.12906110108024585 -0.05667987051204074 -0.027751641418415348 -0.1703608526610347 0.1274400662271122 -0.16495769582687145 -0.01323214173922724 0.12018483003072787 -0.1286125058650728 0.11230963389414915 0.03049841771365276 -0.03957000080085989 0.045480042166378916 
2.4102780631833287 -1.6278342217902413 1.8870113465663192 -0.3264092337058286 0.3225857224664541 0.6019237364350853 -0.9414183962496023 0.7291516781369088 -0.7993019848516132 0.10132594258183901 -0.18303965100938405 -0.28151910390649254 0.6171587397395973 0.45467711390892945 0.155398539390635 -0.16957824649382103 -0.37621090487121883 -0.21512617221215904 -0.2526868236902704 -0.06459507923861724 -0.12562520924346957 -0.09334214051706018 0.13449292227623763 -0.026882828824029925 
-1.1582635496632374 0.872779744041992 -0.5442608198088106 -0.24870286212234638 0.28966006162188107 -0.31734511611121924 0.114158800018652 -0.02024365229469366 0.09107071717874107 -0.1541280311967517 0.22061332338926812 0.0073034567711789955 0.6761981545965448 0.1549845961928664 -0.1853621288939911 0.19346419171704574 0.00453162458810651 -0.04823375495696965 0.10677984668658454 0.2859644394887148 -0.15526367032002344 0.01423144822148418 0.019790535203855986 -0.13922446727381255 
-1.9717780096491682 -1.31994453758956 -0.7333165990672799 0.7078113684139458 0.8731956024103441 0.6213536220585592 0.9226757921648825 0.02552269541282337 0.535055248178125 0.3471951539913428 -0.4583098167239229 0.1423743499585332 -1.3297361894764776 -0.3016451996078607 0.16605050140669975 -0.3826994588212533 1.1510110640200584 0.6007815585744086 -0.2127980440001431 0.44425820088752693 -0.29773704492068304 0.05124539638264722 -0.09073662214386902 0.030339550107654416 
-0.8651844117987311 0.30162451143664576 1.157258644084427 -0.8512880275777164 -0.31379000900236687 0.012009733125705746 -0.8297710147395064 -0.6940171780769833 0.10926657998152445 -0.1337286074160694 0.14434585036170552 0.3347877759691706 -3.212527628065182 -0.4375392963826834 0.05309912820176147 -0.05437449878300874 0.9551914882922293 0.3332195241587195 0.12198566086847955 0.15634208263306504 0.48894372779522133 0.2655480452886745 -0.09160376748143069 0.08879688866596268 
6.252947062680509 -0.4373210066639862 0.5381001103996013 1.1229817254856163 -2.8287224342815973 -1.365098363906603 0.16894064312990614 -0.26673616163452707 0.08481121850904427 -0.06260995845644379 0.1273039519360043 -0.5362799138284516 0.10578613075949923 0.5562279891030344 0.5439207830117072 0.35675587077575965 0.5065755829797659 0.12152935145174161 0.37660564771686506 -0.13499259594764493 0.30241709557983115 0.24408331479934486 -0.2799988440548072 0.018225022187897944 
4.366956798367471 1.7440858677272553 -1.3392665591475355 -0.2931645443091554 -0.7249553849088364 -0.32377769560479686 0.1250693919307015 -0.34314047167021355 -1.1506384513723826 -0.7458696108388818 0.20261774150359657 0.08023992266678344 2.3813344508974548 -0.23270349461787018 -0.06583057120001601 -0.035641830215628355 -0.7996288575310576 -0.20048839208210256 -0.3153297934780947 -0.6234782577297702 -0.08662124787727349 -0.2283252760104938 0.014496386409913473 -0.015570689393457385 
-4.905207007010767 -3.7098591830439682 -1.11681634648642 -0.6415179855476136 -0.44094845857571885 0.4246592820685856 -0.6845613543208167 0.2550621300523733 0.2577564771155851 -0.07898428869528556 0.35255076986955314 0.21497321004603293 1.8513083388324312 -1.157920756371244 -0.32417407639415957 -0.08695986696201685 -1.6069352917071749 -0.7362466791351497 -0.0904753416317041 -0.16902380758390922 -0.18753949319321997 -0.2250002606597495 0.2797978670841592 -0.1435854459800113 
-2.430110729645458 2.6360040834802474 2.182208586127486 0.13788731858578362 0.8912095757378669 -0.28140391361558087 0.5429693644201391 0.915518449268877 0.28265769431007454 0.5594343857348328 -0.011766717834809315 0.005873282212300476 -0.26179410614698845 -0.9057234255809371 -0.6672297407780752 -0.5152955151020611 -0.8403394980141584 -0.3590671218526132 -0.050860021423055145 0.01585660577379076 -0.4012172326779222 -0.32146955758681595 0.2379588590162276 0.14887849737862144 
4.097555810189679 2.59048215457325 -0.2501152330554306 1.1683353949241972 1.1840009605165758 0.822454782504238 0.2314166817802997 -0.3889941993523447 -0.06921837475252435 -0.04026117476405258 -0.6048974196472704 -0.06834025566117627 -2.5368364551749867 -1.3470369356713447 -0.318251346900755 -0.1443219795605463 -0.15599557071141815 0.004555974086213148 -0.16836362996347873 0.30778815881666216 0.19908366607740305 -0.06973924675123559 0.07900776595955888 0.1029018910010453 
0.6509577082082139 1.3110854756614572 0.22907210647119536 0.34779531076112213 0.9835883995874911 0.5545259197352166 -0.18033956185069128 -0.06868212428922682 0.21650067259543865 0.1991775049559495 -0.032534740786674426 -0.22473883661547633 -0.8740306853662778 0.5291454836557069 0.43640676275578993 0.6169507582250772 0.5938924570421749 0.06168110670836265 0.2665460767172639 0.5072305349985015 -0.028553421709666776 0.273102179593188 -0.12179208686649216 -0.07543011748096912 
1.1647681395873573 0.9937109278794605 0.8145059340439902 -0.313506042953644 -0.019151158366276566 -0.006973556865452535 0.18218399870503466 -0.17620205961856117 -0.3064160102593061 0.3103618919478629 0.12591148346680903 0.021573596456785457 0.43105587566620357 0.6568314023486336 0.26144730729231985 0.4253072670968984 0.8416853393484222 0.26637012361753915 0.05971366426273373 0.014241247437019636 -0.10704358109504868 0.13628798857228053 -0.23221938066885192 -0.10033884042571672 
1.6583751617545364 1.8469532458600213 0.3406777143104056 -0.9720442371505273 -0.2888917359472316 -0.05173306405582356 -0.23205252419401995 -0.7125692255935192 0.48691677719246573 -0.43518368640068894 -0.011794908792372535 0.18720670859622696 -0.3205770959044634 0.33681937335931017 0.49990759995636336 0.20041260409124675 0.38793941118996345 0.1839873901068979 -0.07670282312812322 -0.05152072109483008 -0.06784544033880423 0.12321328318974593 -2.1316956601814357E-5 -0.1644916083841623 
2.3006794564179067 0.352054062428067 -1.0902599588519952 0.5523333675893268 -0.7048149897613292 0.3264739035471407 0.07813217016376284 -0.10977439101125741 0.11670431623410815 -0.13194454480257492 0.08139080636213439 0.02670349301012223 0.19796719760227166 0.4989179913309976 0.46347582874907217 0.09654294803201219 -0.11276981743221914 -0.05292606914838568 0.22638547914968185 -0.39686257138833886 0.06515950696169548 -0.15532144047510557 0.06386540940411471 0.024592031506197626 
1.0447333375063295 0.6214557883092233 -0.318267746949902 -0.6863622067841035 0.16260208171512702 -0.16415998079177374 0.10179482180431432 0.05266620469161154 0.2084768303651442 0.0506908737619306 -0.010210451364531664 0.2661710402603422 0.680350653815554 0.5836421729922495 0.14715451137362126 -0.10566665044667863 -0.1936976023184339 0.07920209365830282 -0.08785735307059418 -0.1731699075213973 0.018459076017278548 -0.18021856305334982 -0.06599325699248548 0.1705672689456891 
0.8776874589046457 0.10970568266186653 -0.24644882157307268 -0.7459759022328925 0.09341138509920155 0.20801810894767958 -0.663896111743178 0.63176793940389 -0.36267455773073176 0.5333889332918699 -0.06647697345945552 -0.09168466389386505 0.6206249075177391 0.3016640609315573 -0.2281889612721466 0.07197632753180323 -0.19111048404672795 0.19622178956696854 -0.032521865193970934 0.050133759365004894 -0.06173663639579705 -0.04002773056292141 0.0032833552678409364 0.06820004093118492 
0.32881919906450463 0.2172009167663731 -0.5226913884499195 -0.00588965089938176 -0.10691211642219534 -0.23011144773100145 0.402533675971233 -0.563830668236901 0.67122898612305 -0.2271947362878619 0.26011875209587887 -0.2653010197888468 0.2856368304619501 0.28523012374378115 -0.11951454066849931 -0.26980861658988403 -0.01058897934365314 -0.015620803659364468 0.07201584134106497 -0.024160553125113005 0.07064496958442257 0.029511227409346714 -0.008512905234425536 0.09240438952078862 
0.7967618030856016 -0.3508106845951797 -0.30348125428554673 -0.0038318929484437714 0.0032735614475158936 -0.229215731684151 0.025328338662216288 0.04807276735798416 0.07053814754254639 0.12708145191108555 -0.06362386117159369 0.08783940024116196 0.11591558806528646 0.2038602656350609 -0.16743163145587392 -0.27293983018989315 -0.03446502893283088 0.04722561449717024 -0.08935107971712127 0.07631983116886752 -0.028455117581277462 0.12227481176470102 0.030039366555069807 -0.02214709089995282 
0.22828567403000122 -0.003976399293597055 0.06879209141183296 -0.24800836165667572 0.23943793157192927 0.10131935050223495 -0.4588649274215777 0.41699545008990346 -0.22006443102476259 0.16531093222428261 0.013901708194814025 -0.10080416036953715 0.011864901646504222 0.2213157901398374 -0.2811906842718035 -0.08352932829171444 0.15869911198998987 -0.3002758927394848 0.2637171071386814 -0.17939825634578074 0.14794764108553757 -0.049103940142138404 0.10654739504267663 -0.08833165434374313 
0.5802074572260381 -0.39128645621333114 -0.039895667136327195 0.19390294371543404 0.023631447900631875 -0.09937413366044934 0.03485642910459119 -0.0876046132661148 0.16833750358700694 -0.02968833625830547 -0.03348655117413253 -0.10749182090366141 0.14539454983974487 -0.001511459284408841 -0.058532865513503306 -0.083324250369654 0.09943928981741486 -0.06566085096106533 -0.208869482681291 0.2168409416889554 -0.10555641305788539 0.08963766150746849 0.021612340430870302 -0.03872268612352745 
0.40150166705477375 -0.42650856784406344 0.18908787079088119 0.14583091564382267 -0.5931883956187229 0.6057954314756021 -0.3933816906659987 0.0422027911124907 0.1784863848442071 -0.0014980217767511794 -0.07459208803088162 0.09735955381479429 0.4783679545903314 -0.5809539320067548 0.3235240488697144 0.028128057607117896 -0.17305330341262892 0.38620349687365746 -0.30656975083378973 0.050821116254868105 0.06752538160927542 -0.026781032335315025 0.006896999519625665 0.010727071303347583 
0.27397015705398076 -0.13501022246672 -0.18803054743456094 0.04922121951026903 0.12126885559059741 -0.2844712192876386 0.6191951683282997 -0.4150537282201757 0.18793197878171775 -0.058427055610803025 -0.08421398435135677 0.10492560151957861 0.1363568150100948 -0.31667273409512325 0.15765694469697022 0.10894818463610088 -0.05164575798221138 -0.019434755476000914 0.10983146695562453 -0.058292880977115824 0.005327949525750442 0.01710493815183678 0.0260234690164147 -0.06472696006286921 
-1.0536995396549642 1.6107472798533617 -0.8277126150481935 -0.2600516723754469 0.7097791379648333 -0.9647425973051429 0.1686749554679372 0.4282566588023296 -0.43243781344994425 0.26002338890647647 0.018574426224549148 -0.23919408549119991 -0.07972633698223792 0.003408298115622266 0.0646188226509275 -0.1698694874292633 0.04892634685496341 0.20180348097467224 -0.01932981559799703 -0.07942742967171469 -0.059156583459990454 0.1737409579122803 0.0034012630745179815 -0.10029753138444873 
0.8987376155506226 -0.4598961777766739 -0.0044662583077005324 0.06999968381676618 -0.4729150449445121 0.7441991471579259 -0.5756662948292504 -0.10575290417968677 0.4578157541568313 -0.21176385605542963 -0.15814021535109202 0.2549658789379433 -0.1957354230757963 0.39426612561966373 -0.4612378823346344 -0.09804730655626193 0.23325652795687535 0.030628024952738735 0.2559822092360751 -0.3887469921368763 0.16130978636641113 0.07807954806763012 -0.0720485479006972 -0.0320151303244594 
0.3282969487531666 -0.2742904845359533 -0.09655074172533151 0.645050145778364 -0.4428754859160584 -0.5139501946711968 0.2620384877067674 0.1258346681073903 0.2210142475366217 -0.4460524952912789 -0.04783276175456794 0.3232320092589581 -0.28457135936913325 0.497597984534958 -0.4137667924743777 -0.02242726735586223 0.09611232425773086 0.005360201741163362 0.07676049860341987 0.012976736607764031 -0.07067670279016054 0.05551994240075766 -0.08256664023444625 -0.03911196439366712 
0.17017818207730429 -0.37528971713105364 0.8301021629079113 -0.10918776989785062 -0.00217341633958279 -0.6017514954628278 -0.19543322549934072 0.9023982435379228 -0.6227234108107986 0.06037224228518431 0.1651352533402934 -0.08024205488212222 0.3505542153409304 -0.18350570624872495 0.04946641312826219 -0.052856748164882894 -0.18933187078263228 0.23457055096529708 -0.1702252338605229 0.0406493718884113 0.17607343592096525 -0.1331343482848517 -0.1694985155100177 0.13311295140943386 
0.16429425518909468 0.07565009592567762 -0.003696448232866245 -0.10317614345055182 0.18607135088917603 -0.3078478812182561 -0.2517230750072772 -0.11474912487976724 0.31986187740435235 -0.04260448746610346 0.10463661258219514 0.0457457745998342 0.09957556130328804 0.10424195153919087 -0.09203788935385067 -0.015525801319338747 0.0015644058446701397 -0.23832385956578594 -0.09342014019408688 0.24664693650911315 0.04259700380785497 -0.1439935746790977 -0.0526594412913076 0.045449330740584944 
-0.07092368369013258 -0.08434934926131454 -0.19929264443871975 0.6026830729258728 -0.21939285099923245 -0.06256366246443568 0.19189018810934066 -0.1074091233513419 -0.11982836853992973 -0.014084815113462212 0.27412064401057956 -0.005629857960796292 -0.17252318455536533 0.05423361612833263 0.0472257754339838 -0.4043750562185533 0.13664905857579104 -0.04512032013325377 -0.23738640552297077 0.3087833973394582 0.05740314703939594 0.036912402706792656 -0.03401837276138322 0.043267827077443755 
0.15012119772702093 -0.7324865230883955 0.694260330009536 0.33569212832451845 -0.338958986120244 -0.06857253247303507 0.34863720148468735 -0.10920245797531675 -0.15822428502237768 0.02315675744533749 0.055652866784211774 0.14957791857654032 -0.854875864884382 0.39267401000356844 -0.10633837427669023 -0.3664336534390957 -0.07501551825618742 -0.32802439099085035 0.1792178404127951 -0.1279804261421659 0.32301876427918197 0.10771943565258997 0.06302374467992254 0.006906158675512679 
0.6948342644744372 -0.13392225600901497 0.3394464474847587 0.884503262870274 -0.14960542356224593 -0.586028209435677 0.21654585282358935 -0.026725281932677147 -0.5558897707156214 -0.08324558829091414 0.2916822445234347 -0.26196160810280655 0.38979374134438594 0.07772292715357947 -0.2350472356280772 0.3036755238711788 -0.21923588952953707 -0.49583394473698483 -0.2317317155366371 -0.19206245213126952 0.0715879711118426 -0.10029498791121544 0.13216516604125125 0.18487981528376704 
2.346042875759956 -1.0775854807111775 0.045949128635465186 0.8552147218945345 0.37622419193924506 0.9379575652399156 -0.8017044286027868 0.22885023283739803 -0.4311637143453477 -0.33118240783514746 -0.09321542171400005 0.1531931736443013 1.0456855708665262 0.10859301710369336 0.2400064896549717 0.2642771314231766 0.07482513321819113 -0.38276332323098766 0.16468577046342758 -0.07743006603571438 -0.07113824545295022 -0.13624447642974688 0.19744715672854843 0.22914308715030607 
-2.338265746739758 -0.14496865191066188 0.8300046631325473 -0.5681047954726717 0.08072322855963421 0.9216731228900436 1.4622561497629891 0.29975188763610927 -0.19812256721397248 0.46396973126042657 -0.04794070986406823 -0.5620769313459779 1.6901697630746921 -0.20217422719319952 0.23471485054450994 0.4098816273713622 0.15433243310195185 -0.033033660881739015 -0.00864021171194973 0.38837112890997066 -0.28930809516482003 -0.20714660901953383 0.14842785054339033 0.06609521404798259 
-1.4703855092654603 -1.052742376448652 -0.27103824677927335 0.26916476322646155 -0.6785987118357575 0.3258667710570676 -0.7682752583752953 -0.0401508446525668 -0.12369315041435147 0.1582825269589077 -0.36687712620768204 -0.3877936812527921 1.2646614080919178 -0.1901326376805287 0.13255026470109196 0.45234094878721737 0.23064495110119743 0.5406500886142619 -0.04515895247102808 -0.01988498800086704 -0.09401985069646472 -0.1253457500272018 0.03760837822826904 -0.10023097848949207 
-2.467460832236931 0.46017887343932085 -0.20620441644140186 -0.05211663990977611 -0.0851912709806002 -0.18088182969903593 0.2257519028456928 -1.0573381299176066 0.15829923281334057 0.2934617713706597 -0.016770454859895242 -0.18975382279820763 -0.5345072401967359 -0.20103425095809943 0.41475665187225047 0.17220843813954353 0.2268381428257047 0.4430576772405302 0.0943205965403507 -0.016318425810834074 -0.11026491296022949 0.2918263090010562 0.01631147511412605 -0.469951631014309 
-1.3833438057672112 -0.8097613303445828 0.1664028743191639 -0.7598022022485653 -0.23275341159423002 -0.1327152243083305 -0.04797544773105433 0.9670502056168571 -0.3273150622696101 0.1301088221913414 -0.22162568390089366 0.26772455483889235 0.07678437086409318 -0.2089119512788377 -0.1484052277946708 -0.05374926633865292 -0.5635029150674086 -0.03344373934342487 -0.39623051430428724 -0.2229224851077272 -0.18748495654596783 0.2883116423080328 -0.15438039768298908 -0.14455545318296434 
-0.7782648778986747 0.3366435779116017 -0.6329858530334227 -0.5702466271537887 -0.8227138500382436 -0.17820891114884793 0.8191444548198165 -0.15489336006610044 0.23448312759434525 -0.39742234335895904 -0.1695008563598406 0.5200188436511067 -0.07817662465703205 -0.0800091992969126 -0.3334070880437158 -0.17165292689305714 -0.3831696647785974 0.06853256373319473 0.2585735358158378 -0.14487658221981062 -0.13442922471409738 0.10220466270273103 -0.11147944944580308 -0.023787215392813716 
-2.545336599026868 -0.36423887484827944 0.3875681549007495 0.6894775558644266 1.38067132289529 0.42486152981224823 0.12372000855050466 0.17739422574486177 0.4006697718330497 -0.3612103426003814 0.17262926759125796 -0.30901365492855626 -0.06872733629564776 -0.4308943586602818 -0.2325216603160234 -0.20694856261944583 -0.31888124367541587 0.08018287847796522 0.13891705541031635 0.29240055078184846 -0.09876395352639711 -0.06191645891418448 -0.07846758773783057 0.1132885959623579 
-1.6519345616360064 0.477445243581907 0.6834342073989528 -0.2617977382871006 0.2576053561104319 -0.6652678979589095 -0.6358164327426001 -0.22788039332217702 0.19759448990430278 0.23250736565832802 0.1205404177314382 0.16997692826395783 -0.24933675836880242 -0.02346470746522389 -0.3358433118788453 -0.11631536379241929 -0.28005913245738473 0.05995313954915659 0.39148371624428996 0.02741990490912229 0.12757388527465321 -0.2501460792425317 -0.05282420301883315 0.11206696938967414 
-0.7403269550116021 0.41252091280111003 0.20575782505104634 -0.29318095882357187 0.1837307163576798 -0.12973436633719537 0.2627538298192049 0.12634206989934998 -0.012578882845397543 8.933444252512968E-4 -0.13124355773304136 0.10287972464539312 -0.7426923588950465 0.029148898892656483 0.133742617850844 0.12584276173157008 0.3238999731528016 0.10440446329536923 0.1495295542077961 0.16244794088265993 0.19979346941181717 -0.10739652556999886 0.03960781426305566 -0.06627582669068609 
-0.9327594247999005 0.018657806482578643 0.4654492475279648 0.2700287215674684 0.6159338506027158 -0.0807703817215959 -0.42482360454740353 -0.21162699687071143 0.05838579910960923 0.17196405085581978 0.1409081653588085 -0.022128754304890398 -0.4177891934690147 0.3444818400797618 0.26828664426214033 -0.12567390400590406 0.052987821753564035 -0.1941519678056353 -0.0695672828298417 -0.006367167040729325 0.05556807990732213 0.034026621182991816 -0.03808540061707802 0.04224168712715976 
-0.6768470907597814 -0.22229185297658471 0.09533278128371148 0.04603604074243184 0.22980715619074327 -0.18060061819251627 -0.4303650681704818 -0.31807629512885083 -0.12910629100505494 -0.008749108489130686 0.04362195098840582 -0.0141333335720739 -0.16922071798378754 0.31798383514532685 0.19643773942655848 -0.08606380361262363 0.02156573822932904 -0.18013751686035803 -0.0809820402436889 -0.0821807873776641 -0.06369614802487461 -0.017219394330713456 -0.04740854277306564 0.028420397949754348 
-0.4303069133548725 -0.23859389376853102 -0.06621320350380078 -0.0543845260523903 0.07560367093320805 -0.057378868614343104 -0.08055513525823166 0.01343029031411136 0.0891539542621651 0.13524872856654357 0.14736386522194866 0.10175839599121204 -0.28574967202649687 0.08722491720948715 0.22146860302737884 0.10772516378727863 0.2054326606575799 -0.07781513680586792 -0.21104807181191707 -0.1110110701423573 0.015134287303910832 0.06749870479449478 0.05029215551144636 -0.03109357451110013 
-0.48389105678275346 -0.41280474250931576 -0.1177241677127463 0.12721707582422837 0.3891985915044465 0.39898242769025233 0.3335657159056857 0.2603557884399309 0.16312548365294835 0.07090918856202977 0.007754220654585475 -0.04432504435192115 -0.24472221892298926 -0.07979546839011631 0.01977315390051171 -0.011170336603123424 0.057910813690298525 -0.06988063834664449 -0.11793434033489873 -0.048642637282763995 0.025958656789412254 0.06638465845770888 0.07169424008037976 0.028052471119441282 
-0.17198842570892392 -0.14776050037951727 -0.09242808705594285 -0.09373728733526576 -0.08005984902687557 -0.13711649424537645 -0.17364478114973608 -0.16780982822803042 -0.13313295013112492 -0.0703612120532448 0.007965563991379598 0.08624782461833361 -0.31560767955099306 -0.2994977272118606 -0.21404569807595877 -0.18525656842974927 -0.10793356046274431 -0.11768842084708318 -0.08285710137899317 -0.012413972726968 0.041396441983513416 0.07282940321947495 0.08370170295224744 0.07521920556861238 
-0.07183967781378797 -0.028322144500742663 0.04912076135824739 0.09922343119323984 0.1339064750998895 0.06891010966293387 -0.030017224220033445 -0.08152832400948795 -0.0958388091766467 -0.10509811355236315 -0.10176161863744895 -0.09053546124395852 0.15077853268564834 0.2554441138532688 0.22928803676039655 0.16438287275968425 0.12690179743666927 0.052719177138380056 0.016890602363092866 0.02136851244835411 0.028936020896643405 0.030082246692671146 0.020172941612503634 -0.005076622089770578 
0.310490435813624 0.4676579888627641 0.49250142618857873 0.5153820015523518 0.5270504105237195 0.4607225529405657 0.34980763894160743 0.22161426471972479 0.09444677472642238 0.004764169965315174 -0.048983323988776445 -0.10079401226860638 0.3674392357892546 0.5066500944038689 0.400745613030191 0.23764623635404902 0.0961162385966205 -0.022178081792110848 -0.07639384371876733 -0.06564079106114294 -0.027900710059426872 0.002974944368768606 0.009960090261613957 -0.0028512316910115723 
-1.1774660856009724 -1.486846328690263 -1.0980530346161967 -0.6704911868986332 -0.29506193058085883 -0.058094627317858916 0.02116769877073532 0.0015382046209909683 -0.03747244146575551 -0.056900242525263656 -0.02429016019284741 0.06442574036086057 0.28955179125213587 0.41243314577646717 0.3667272778972401 0.28095669234618803 0.1988441086213988 0.1092778443030948 0.034681931391480535 -0.0056236748678091765 -0.020871458912548917 -0.034565570787172616 -0.05469637250640658 -0.07746136967296452 
-0.7214929291830954 -0.9384486914963639 -0.7210780281592939 -0.4218186873514763 -0.1539243619763629 -0.007079880378647513 0.0299442885111815 -0.012420719359841043 -0.0786140038082899 -0.10338498067310037 -0.060650436015763046 0.017320918888958786 -0.08888659846479967 -0.0938257160342965 -0.03689488576445769 0.025240262796101698 0.07846131116243123 0.09620429999689961 0.08841827530998221 0.06478955897283763 0.03511708763948806 0.009998669326177878 -0.003035133092608111 -0.008690088767535534 
-0.42450336907183583 -0.5625682416505802 -0.4442713451595365 -0.2750463013934102 -0.1221384645142658 -0.025022206586743923 0.025868656820737912 0.05236019263372249 0.05330595682835619 0.05267317412836247 0.06816105489526411 0.08279118219615247 -0.45562276210172586 -0.5825185887723591 -0.43925906397264924 -0.2682660446669961 -0.11652126397177581 -0.023977571781271023 0.010680755941267916 0.008814969663421832 -0.005727600484077042 -0.010045407811204554 0.009245015319779719 0.04337121232746061 
0.2006688729434547 0.28699609344581223 0.27629523875362166 0.2419387704114352 0.20520474400312927 0.15557344258430936 0.08220233398665952 0.0018345937948461427 -0.056293687339097655 -0.08001854634003153 -0.08610353225500787 -0.08390646688364573 -0.215457281781856 -0.2793262214605928 -0.2064370706151392 -0.09851298442373069 -6.679316848338853E-4 0.04614883322687821 0.05075445551642077 0.028257430582517156 -0.004627839651947167 -0.02047096485649759 -0.008611641315261582 0.014043361709458807 
