0.0 0.0 0.0 0.0 0.0 0.0 0.0 0.0 0.0 0.0 0.0 0.0 0.0 0.0 0.0 0.0 0.0 0.0 0.0 0.0 0.0 0.0 0.0 0.0 
0.0 0.0 0.0 0.0 0.0 0.0 0.0 0.0 0.0 0.0 0.0 0.0 0.6274968248039253 0.2483582355208925 0.06360723222600083 -0.09918379366237866 0.011517745630600743 -0.01051627903683918 -0.002498297153506394 -0.005020585159892825 -0.057779476913938504 -0.04267898736216715 -0.010530438745008789 -0.00721552711224073 
0.0 0.0 0.0 0.0 0.0 0.0 0.0 0.0 0.0 0.0 0.0 0.0 -1.3434235860127375 -0.5845998371576769 0.026214868381077495 0.5187111938771553 0.252635913929358 0.0786193309178977 -0.014472986729129491 0.0780181868165487 0.17388945889421092 0.07113810788651907 0.045956052607150494 0.053168358869381066 
-1.882490474411776 -0.7450747065626775 -0.19082169667800247 0.29755138098713596 -0.03455323689180223 0.031548837110517536 0.007494891460519182 0.015061755479678474 0.1733384307418155 0.12803696208650145 0.03159131623502637 0.02164658133672219 0.5534148983623363 0.34879623126122555 -0.22996229241386265 -0.5767784166539691 -0.45164973673226316 -0.18105326795224255 -0.06770213860493102 -0.2084596749539697 -0.1380453359564465 0.05260984324370479 -0.004568652037007172 -0.0018422008840957294 
4.971515995244101 2.1263368647543697 0.01676624319576875 -1.7049092721250336 -0.740631123342173 -0.25163241130895186 0.03967151445712888 -0.24158543818948536 -0.6083375920535405 -0.27743280470280796 -0.15366381593896467 -0.1703283672765043 0.28299991719258244 0.024717663873559042 -0.07711764598151737 -0.16208757400436755 -0.17857679756121744 -0.01725187899442653 -0.002502393199555771 -0.050061140780958635 -0.07533017061812582 -0.08920551200109268 -0.0852176705782813 -0.061179114228820164 
-4.146002692709059 -2.1095571261608614 0.6815037556437036 2.582789886024424 1.725264771867876 0.6689760095112036 0.1832706585862286 0.7461717439566518 0.7183048038961097 -0.019113127379710382 0.09053786408050385 0.09069078629053934 -0.6755329402314739 -0.563165378167828 0.27254696964924346 0.3761949617953193 0.2284457362372002 0.25610202615509997 0.2360577101389815 0.3552698660893938 0.14229540124745732 0.02232382311196383 -0.048062028950386367 -0.004448193479654347 
0.28275635757089423 0.6080882181784149 -0.20480978821630091 -0.6563565305055414 -0.3441786116961868 -0.26695794921706345 -0.0803807039641874 -0.21537157189561074 -0.046492674722769606 0.34119158073638395 0.2261797378121051 0.14901524020955192 0.7288127127814118 0.5832887271685753 -0.06028960782275292 -0.30847042362450255 0.025856540041768555 0.12399605415172672 0.18010736436670283 0.07839052330082351 -0.06872666474953297 -0.03945828165414254 0.09430980366899816 -0.09405217264408805 
2.4884881651192483 1.7035457512287842 -0.897674589919698 -1.355309875208568 -0.9181167014263958 -0.7290944724007267 -0.6406521297457671 -1.0638547759354402 -0.5344702316659419 -0.248246699968986 -0.014144373789349407 -0.12468064196734288 -1.4390473421466272 -0.22920459070272484 0.1304311652821703 0.7906302052867374 0.6841426240138802 -0.017336243750292784 -0.07818871722855697 0.027773675265285142 0.2190358295807668 -0.05048167317895644 0.12883887348693107 -0.013284163329640145 
-0.5321675720142887 -1.5300807554461788 0.9872242394457283 1.18955187936497 0.5034899931796573 0.07541466719183307 -0.08868918447698176 0.4282562518540901 0.22422991997608419 -0.04449117344574252 -0.3842521080110325 0.21951386478470092 0.9197006606894504 0.584453577078405 -0.2000021495110592 -0.49915952817751813 -0.29267497077364113 -0.33653974614415394 -0.21526490861469152 -0.2762568254804211 -0.12140299226132863 0.07491016032929226 0.04414719087871665 0.04882397898088753 
0.5786012985234139 -0.35285886724039006 -0.30580675403382196 -0.7120549347710439 -0.7509974026116866 0.5497984325576337 0.4219910505282967 0.3410368062859459 -0.07416398219561755 0.32517326924822215 0.009237166531279428 0.09529396399188528 1.2851085641417697 0.37434087004791117 -0.18488462635599215 -0.4989348227914325 -0.3853083311926167 -0.2290098141634375 -0.2785062121205573 -0.2901468884496428 -0.12566233711395905 -0.03622267507706631 -0.17368805829457493 -0.02986136284242173 
-1.52140219119954 -0.11707020382221289 0.09926274237393873 0.5194945838082511 0.450286651217382 0.10321483673621823 0.034092431742855256 -0.0890468865650405 0.08756317732605412 -0.1702488848600969 0.08204739501564073 -0.10744399971272472 2.4040107012489353 0.9188654558275128 0.4249314058259735 -0.4354140427887052 -0.24624841075568674 0.1661665823013755 0.0026580436870971744 0.18665408990771723 0.02035039350870066 0.03173150875206956 -0.07960125412594057 0.17652220204255142 
-0.8722202177134353 -0.12598213472693232 0.10096003768417339 0.4765232409440888 0.264409963132592 -0.05596511468260673 0.13347569850598634 0.06523745862305363 -0.08914984899904968 -0.07669981903060989 0.2737700495810388 0.12838237880863512 0.8154467184975552 -0.31354442548140127 -0.5668703257244632 -0.09573220063432147 -0.2637772506794541 0.22445732229489543 -0.09105612600080376 0.21240466764081414 -0.14918573857171466 -0.1254323688485613 -0.06856006132216541 -0.045815259155082645 
-7.018788917642671 -4.4001154891854455 -0.49095337389118987 1.9015049198735194 0.7345315425745782 -0.12020330609217311 0.0475943604728819 0.0061936559623845255 0.17067167285169826 0.06125084443746484 -0.27771478715809045 -0.3265969487513282 -3.3879667181154507 -1.7110587523608831 -0.1006133492462366 0.8565517020693965 0.35267719458358254 -0.01725600305389921 0.13397201785564053 -0.12770203113756623 0.06268874546758285 -0.08666160784276981 -0.07642582182212404 -0.012710523578207872 
0.8809545062523139 2.72929705188543 1.6899122812721319 -1.1158635009007136 -0.10178809625192231 -0.01186446291285681 0.6884084641656947 -0.34379746790020904 0.3318389857567044 0.5857205111451251 0.3947984415846413 0.34231621597643497 -4.424713937699651 -2.043915569495601 0.3434481238547737 0.844289135634396 0.3595964423600097 -0.08012136419411657 0.2135522421638448 -0.3049707908686747 -0.06849646577621937 0.20442880327523683 -0.03579991616865289 0.017463745096596216 
7.765910601163938 3.5884664599542546 -0.3933733316813307 -1.253967151477537 -0.4246459028411085 0.1329325200130409 -0.6452900046539205 0.4985766701092895 -0.3109974764545715 -0.241474226419655 0.2508106644802116 -0.17627934756200103 -3.8392344578655497 -1.5915474789574777 0.5363460696108144 0.5837176994371704 0.25857880628164254 -0.061227133673401844 0.3286257851890962 -0.18016808962007472 -0.023566494094197376 0.366752538239123 0.09589233419310755 -0.18270606180563906 
5.009571835982214 2.0114735991900208 -0.9781743549850771 -0.47860813028357096 -0.2347906412395937 0.05783106484713596 -0.16073884542214678 0.7339583241556251 0.3571741229827433 -0.5386236934277604 0.11690707226784643 8.323429241828828E-4 0.9615194757111908 1.301254605403136 0.6152575876585061 -0.5163128318345104 0.14095181068398585 -0.18075070288198328 0.1945252749767904 0.03568871763714865 0.142930625803224 0.13280683604659116 0.3351590005670177 0.035564367974881515 
2.4346057910890284 0.7334386740346925 -0.7659482645950288 -0.16827586374656311 0.02529639622348623 0.02863033104803603 -0.513709340300486 0.00782002879469168 0.22870358652127096 -0.4768346679934614 -0.4264461050790157 0.392263173191715 3.125685833290787 1.4936165375320376 -0.10504740828116475 -0.49543662478204453 -0.060226978761220774 0.006389487691806343 -0.28965644814803926 0.31917382694719976 0.15731487043085765 -0.13464078545172573 0.06761458644801537 0.12416741811755701 
0.6620484841561964 0.2530471286358029 0.030426984753462505 -0.10977064926266955 -0.7496146778361772 0.5825387402155955 0.03904230705860623 -0.20548530015435607 -0.36680342314088876 0.30498022379225487 -0.2720501753367981 -0.048648148325067586 1.8861669096048532 0.9348850848227525 -0.5428441042594546 0.055079808404458065 -0.11154381272269624 0.011069442037435281 -0.1079400345760338 0.24790986286484737 0.3668606924791222 -0.22814411131269097 -0.12704155995667119 0.21443218101351466 
0.5626147772045869 -0.01316991736474904 -0.5825317767071062 0.04792398235814588 0.013447051740845595 -0.1485897807466079 0.12378876354982082 0.010777001422680788 -0.4209533146853284 -0.2593538286744854 0.24244552893848778 -0.5240413562900468 0.6341785367805656 0.5789085219832547 -0.5634280134010535 0.039238915676070706 -0.11381502880525034 0.38034518970680603 -0.2230506216342445 -0.06303222669196216 0.28313408420480063 -0.2906826800549676 -0.21132890987694009 0.1390865982440405 
0.2870666141098752 -0.4198773595785159 0.5586497138493254 -0.7519474785492997 0.10576546916981533 0.11323279463215208 -0.1556677936191988 -0.011249750752911458 -0.41857950385132336 0.03706822085082445 0.16358593512910824 -0.1843119353754802 0.24813552098527167 0.21610904433314015 -0.32297272453792675 -0.1259036963721615 -0.10428799013740482 0.25493002122809477 -0.03716098341787322 0.01696702222430511 -0.3223193966037918 -0.12221060773934607 0.008756236453367741 -0.14695396155783672 
0.7195611157704924 -0.6668246478079123 0.6602244110602005 0.03509580386853983 -0.06094859086375903 -0.8777522652806604 0.25279757494115007 0.09979893416985586 -0.5948106257379137 0.5291693736421568 -0.010277430681148614 0.042835271984799805 0.35925818271887255 0.14732507762184177 -0.36540100644821294 -0.2905044773007657 0.2166220830346103 -0.07352154967488057 0.020790731139196966 0.08568454252625839 -0.5002759385000862 -0.27029117561814625 0.32024359039967215 -0.24728513333635008 
-0.16083124808257132 -0.06845263914203592 0.3779670644835895 0.274354529098618 -0.3995528861216604 0.1823299187983375 0.08602085161656126 -0.30089733320085893 0.6870834221967791 0.27735044585197205 -0.1719574048870831 0.10877542221101932 0.21428970718794935 0.06346472935446694 -0.22520261051395454 -0.2927179999203553 0.16600557436768426 -0.12199733708416334 -0.05859595166029317 0.15142145951291125 -0.145953282462173 0.18514136496605427 0.2393395093202345 -0.19945628705923538 
-0.29121083985580754 -0.6308575104485143 0.6040125673204004 0.40628641043648406 -0.3837600197172475 0.03742630619494114 -0.059427752485650104 -0.1014528349321206 0.527043037790879 0.4313785856793796 -0.550513572252433 0.07127036492575378 -0.15827257540601755 -0.18965332468878549 -0.02904092144143422 -0.07131482014020518 0.33800777341114047 -0.35106923460363526 -0.05303468305596456 0.2598508564616286 0.014334350714832985 0.37305805135227277 -0.021706688596650665 -0.06617513809656604 
0.14958347035917718 -0.6282551163216157 1.262363467261089 -0.05938878207220588 -0.23084553950649322 0.021635520146841336 0.17623272507508078 -0.364888244740657 -0.5416464882292007 -0.46946048006594987 -0.2843145220459531 0.39983937933174896 0.045474285210955166 -0.5378123266534862 -0.1303051897198606 0.20091859401728426 -0.36009478572156617 0.19679617380888784 0.16021226770793406 -0.11742883082063815 0.4204071646527268 0.33226843589233307 -0.15307761534243683 0.059917985940472006 
1.0391714827676708 0.18203656484823405 0.30514897399575336 0.4159119198745673 -1.159325584404764 0.25580263785599344 0.36679568737978396 -0.6477581794451309 -0.023448722669422717 -0.2165993174557006 0.11102119368823837 0.0958287077141331 0.5955123205506986 0.10426384734745797 0.12101565609481953 -0.3836058680592657 -0.6017339957747585 -0.1698698840327837 0.28370304552781367 -0.15236314845757087 -0.10830659006496964 -0.1474215373148171 -0.34158859012837794 0.05942068092656864 
-0.962445265027176 1.1385373031700485 0.9183144303054949 -0.3332140076722763 1.0685142533867964 -0.5172467684588522 -0.607727671439958 0.3245418315175607 -0.29889219153125063 -0.3954659102574871 -0.043491941830108294 -0.08325770700458635 1.0061345064994252 0.06899517291600388 0.674046246729601 -0.1940268066952823 -0.49964011277038445 -0.2859095863636588 -0.3847168796371669 -0.4942900103201919 -0.6669334425786692 -0.4788790323402556 -0.23033956352212973 0.05783617207432253 
-1.5217334338147266 -1.8270452622367204 0.41299011751373893 1.6940166274143165 0.7717620711603832 0.816477102596139 -0.5185566908115717 0.010921572311483135 0.7305856596368129 0.8366459127195995 0.3538409080247784 0.1345568653142155 0.7529481206185743 -0.04890865599006992 0.4203818544885269 0.04288702534569514 -0.40045201422635096 -0.07320269860993607 -0.1586953523607532 -0.24690114866056298 0.032163705143120065 -0.07914087267578786 0.14610162644829222 -0.14365828385855828 
-1.5883675908478998 0.1693002784728499 -0.8136958446867069 -0.11636071575623352 0.30253097102208637 0.599027046867745 1.7730595530822593 0.7886419103416116 1.0821366483536892 0.4405540018671668 0.2852943113521661 0.20696678430874016 0.3441891657147121 0.49506199151979474 0.4586187937520057 0.3747754417175811 0.5340660113493619 0.3736299806389096 -0.2888826266715232 0.14735676948260035 -0.05671042669389218 -0.019660242792964706 0.05344931101384146 0.1210950393016569 
-0.9067117161776903 0.8133810451670431 -0.08999145197372638 0.17882419787946047 0.4250220994566438 -0.08272617397749693 -0.34751186779906507 -0.13910477287546738 -0.8104542580412528 -0.397186655490664 -0.4916768122477755 0.3816913136331447 0.20545753010482878 -0.3007008097935791 0.4965864845122079 0.8517645962214896 0.23868444992581347 0.3664127829688921 0.01453527579058215 0.3457436957043367 0.8701726326429157 0.6525955877880617 0.0907488587220716 0.12252367472053956 
-2.3025236209898305 -1.6668618250912175 -0.20605116620678965 -0.6999441180575916 -0.36031379480941983 -1.188535072088763 0.17339779706835823 -0.042515304336765036 0.6417590473894588 0.2804311022265388 0.21891898526464426 -0.5701100490690216 -0.37192496835579075 0.15402193141047782 0.0637118995558481 -0.06521588484093728 0.13346303261330425 0.14072082514333278 0.6486031942119757 0.26939608239297425 0.1317430668539317 0.07798964541141985 -0.053511316867065895 0.1916979469070701 
-1.7810280090582478 -0.006861781073949302 -1.3805916752628433 -0.5694854600994732 0.3871311042986959 0.6110198131677167 0.23766835982363232 -0.6107309074623387 -1.659743437809819 -1.0410794008242716 0.11478199490232455 0.15552425784147772 -0.6148421692027117 -0.17390438743519412 -0.11671672582175692 -0.18977810394301656 -0.01931475082142729 -0.12023650975700044 0.044015917495746106 0.1763720212259843 -0.09324713614737841 0.12209903989460232 -0.028205956072777427 0.12708624810436972 
-0.03543453934024898 0.11735589736191265 -0.3595314317096927 0.45344176775604517 -0.0789126292388524 -0.17000842213486017 -0.4653401433650164 0.21626673045612443 1.1115520376761772 0.528531438299711 0.14259885837831376 -0.2550435285166366 -0.9254333898915065 -0.5997324928873039 -0.22715617899659582 -0.22718293173676915 0.08197487193089736 -0.09651520936757547 0.20957981362986292 -0.23538760313070348 -0.2797310410068883 -0.09102523686888002 0.052650721276915245 -0.07255229217718578 
-0.19572974939434595 0.44298534624606045 0.3368988582429959 0.17146556680169173 0.34226576913564194 -0.23127996968344705 -0.16019065006961608 -0.7976118539498651 -0.7656093447424768 -0.887533943211057 -0.36889888058627796 -0.15710069095615697 -0.20013658531250753 0.21028590168279493 -0.5318053247204787 -0.4663844947164613 -0.17629609577693947 -0.01600391032939889 0.005360368042954737 -0.34280628671896207 -0.5421712488020537 -0.3552119314906402 -0.012904652643509104 -0.0060263851648249085 
-0.31887258114726214 -0.09258791008931055 -0.3833278959699218 -0.3888708362978667 -0.583805743020585 -0.47783955256045474 -0.25641213887460634 0.7570879782991086 1.0338851238764526 0.4767340840265716 0.3028072591781998 -0.19614069813864693 0.23509564146750347 0.19097788659394332 -0.01577754542486805 0.17511834526516903 -0.024161973612203153 -0.18407549837184733 -0.2763094643914253 -0.15080313163050404 0.3573219336893791 0.1202556347579911 0.013707086303225832 -0.13917396983226174 
-1.0388992322172186 -0.5327475823967225 0.2267225310287071 1.2508243260768668 1.1684659485203805 0.8129471093687107 0.11712325344956309 0.14727732877305544 0.005603765496204227 0.050455070784218736 0.07339175243290885 0.14415199814695762 -0.08095655989853645 0.09695000540125465 0.3017966488477109 0.3319684877098432 0.09747888103181801 -0.348517917309741 -0.30086160572652443 -0.17275739813574634 0.06980048011778932 -0.23623571931814516 -0.18561831213491017 -0.09637857705256465 
-0.31913672233132306 0.03228870190147415 -0.25711063182794414 -0.6115926476770495 -0.41952679809461224 -0.13989546654539708 0.22493129804966983 0.1962315339861762 -0.3460203185113006 -0.30122997297190013 -0.11966771704095713 0.01185203642859134 -0.0948214281961266 -0.12510712326573614 -0.20968546853067047 0.0012493616452146639 0.06367889088327616 0.055826963473948 -0.13310691304753858 0.06470419293323966 0.1905742223065788 0.06978162514326286 0.19307527866901744 0.1767599663075977 
0.047272000893293864 0.08969702404690416 -0.6315997203711256 -0.7130789906382465 -0.03231034642279845 0.6453017392382472 0.5017224486478191 0.0010885626138400495 -0.2850580639019681 0.21015524324261436 0.399193543928031 0.028038672917917895 -0.14996740595184477 -0.04172913751295974 -0.05766440193809408 0.06416333963189487 0.15621983155473426 0.327538983434104 0.22121790681342132 0.11130045140405387 -0.10207307726630237 -0.08465758339501855 0.030512901068738385 0.0631857436849323 
-0.5774939131141386 -0.02848884351391545 0.674889635322006 0.589332737124046 -0.17445426819882393 -0.5614977579170669 -0.049390997331118625 0.6360697825789972 0.6074933716558023 0.1875391223675852 -0.4393194725764137 -0.6683639344469201 0.077731434997379 0.21015104036505292 -0.05954790914823188 -0.35712293593729266 -0.267908052066198 0.06891327779930655 0.31141849449590925 0.24409255973025265 -0.04414381622496274 -0.02833981333303695 0.009833804732716287 -0.0803479255743557 
-0.45981841897027653 -0.37717139715014847 -0.06628439673198572 0.45787161478063454 0.5772701889082836 0.04113130475223381 -0.4093693193003066 -0.40654314973551664 -0.16493384778844017 0.06004327329953174 0.14167892699442197 0.29470275252991646 0.010996634252222895 0.0979032824275543 -0.036837275570003714 -0.034885108203772996 0.1363164866342704 0.30468520774857294 0.22298475567085566 0.050342322739334026 -0.07884746213795656 0.05017156064084751 0.07338211586842287 -0.07378677067437038 
-0.29878581739167487 -0.36473020859515826 -0.3611245662028184 -0.12569914257461196 0.0794070904384408 -0.04455008270031002 -0.25377830146399505 -0.3322302890299033 -0.2736509778931764 -0.14115454800124796 -0.02041182277230147 0.11956377334565912 -0.17125445600878994 -0.03433785808969958 0.1243894530980499 0.16100925752903708 -0.044215777574367364 -0.28757381555261385 -0.2259117595260629 0.0671841355742386 0.19374858711407728 0.10587882297124024 -0.1019052985630372 -0.13653012386265173 
