0.0 0.0 0.0 0.0 0.0 0.0 0.0 0.0 0.0 0.0 0.0 0.0 0.0 0.0 0.0 0.0 0.0 0.0 0.0 0.0 0.0 0.0 0.0 0.0 
0.0 0.0 0.0 0.0 0.0 0.0 0.0 0.0 0.0 0.0 0.0 0.0 0.007314063164554814 0.004005875847611177 -0.006725241999956315 -0.009214696181233495 -0.0023745248161742283 0.007690352662536704 0.011512825408376467 0.005033666784818498 -0.003818861276064659 -0.006510532287952675 -0.002592444371754099 0.0026912710236813298 
0.0 0.0 0.0 0.0 0.0 0.0 0.0 0.0 0.0 0.0 0.0 0.0 -0.004300195458928495 0.004725229365547701 0.02510329072358432 0.03183888527607517 0.019375317176815076 0.0014553888357286733 -0.008330377774829737 -0.0066649974230275815 9.503541035252213E-4 0.006770368577218651 0.006366802234084146 0.002974077259277628 
-0.021942189493664443 -0.012017627542833531 0.020175725999868943 0.027644088543700485 0.007123574448522685 -0.02307105798761011 -0.0345384762251294 -0.015101000354455496 0.011456583828193978 0.019531596863858025 0.007777333115262297 -0.00807381307104399 -0.012296600460408591 -0.012946753831011773 -0.006337546664024575 -0.004785036632756571 -0.008690796600389397 -0.01674946183291672 -0.01890362218967494 -0.009903959081685629 -2.6927130293186163E-4 6.663269729239538E-4 -0.005376483619477133 -0.011633206058863801 
0.023871681123617705 -0.008166874325226336 -0.08539773517068744 -0.10933870010007574 -0.06168773875470657 0.007169362486619035 0.04226037143705391 0.027545492446310493 -0.008579354224672653 -0.030076904163584967 -0.022989073259883586 -0.0048853252423108895 -0.0058299611848582344 -0.01155011144539883 -0.0187182962847481 -0.022512963126115042 -0.018056500131949076 -0.009147908622371415 1.5436734917757358E-4 0.008038341530569528 0.010984790596085398 0.0074919816822095935 0.0015871422675854026 -0.0038269129741552443 
0.02495396081941692 0.04292369865564849 0.061711507577417446 0.06902445994830758 0.05691625917852147 0.04666370425544064 0.03558068085049787 0.015939131021901642 0.005097491021131911 0.013039471163020622 0.02762398748837319 0.037342280797746846 0.25734357690442317 -0.052750854878536015 0.10677095426344607 -0.12303963823448677 -0.1003756039950165 -0.01695008230317427 -0.05927278068330644 0.002523551345979804 -0.03162008736474648 -0.006297533711652463 0.008940149996681898 0.029600552456532637 
-0.005958191601965979 0.007179671236955482 0.03538699806547005 0.046848703676041575 0.029273158030847832 -0.007423655254411132 -0.035522680585346356 -0.03963509027988715 -0.02977482538472516 -0.01922988219621008 -0.014684753989311655 -0.011227308011929685 0.5481747108285967 0.14214348242070426 0.07343211624578481 -0.2113339297822674 -0.2129334917216029 -0.0015901065317787306 0.018121455454874185 -0.04813585740300603 -0.04986702565136475 -0.023392779928831653 -0.020877560980016613 0.004953070873729902 
-0.779057983844142 0.1385616643116836 -0.360529503408548 0.31866930135910215 0.26276993804079496 0.03507569779242778 0.18217139183599007 0.010918636970703915 0.11691458150245967 0.03300068701512797 -0.023195276510069363 -0.09370447905583251 -0.24964069484544962 0.4886210702900961 -0.24271581366153208 0.03465200349388394 -0.044428265264720435 0.03945893448415213 0.1262089507027071 0.0997172316607934 0.1001374529319475 -0.01910842021985043 0.01012560451014709 -0.07911496059419333 
-1.2186464790303928 -0.48241630441535666 -0.09457357841505909 0.39984066854132916 0.47418589697896535 0.01773368531346166 -0.08539935042031474 0.17446331168092746 0.08511317748875769 0.03012082769685631 0.06505324167938753 0.04577884206328908 -1.8931673318631814 -0.8254026574867982 -0.3242150981116282 0.9468180926329098 0.894838589019554 0.11768496481206836 0.10604491641933202 0.02440814508286883 0.13595915206445772 0.12469870369385992 -0.007066277494042362 0.03339364148304263 
1.3802201890699792 -1.1781415243884836 0.8548392368022781 -0.21142753296598804 -0.032255314501375976 -0.08429176948095213 -0.3181078363401392 -0.3902617649408858 -0.35275886921145205 0.04568937687603872 -0.04262182387641767 0.24618408754271742 -0.8688444880222276 -0.5389079682374696 -0.030262266380373066 0.42474398600476665 0.5180618429014151 -0.0018525407794116762 -0.0068841848446757154 0.015538840400901565 0.019104036151422314 0.07735153116163795 -0.013326843621495868 -0.03995429942177504 
4.593904717530518 3.141739238047434 0.40034792229494154 -2.528557157060143 -2.5077299827567288 -0.3007948160539263 -0.1035178157552778 0.08773067542730123 -0.20281555622114242 -0.3996703382082452 0.016227352175989584 -0.28135251576033254 0.7582163655660246 -0.03303521905761394 0.22256098640007213 -0.5069826295134693 -0.41546128320470105 -0.0695776683499046 -0.13736618736819695 0.171643499342363 -0.05533613147149249 -0.028853299209733355 -0.05452749703747287 -0.009949266696418796 
-1.0788001180579148 -0.05679220220730308 -0.5172034546224291 0.5086362561455382 0.19954234920439662 0.19989757081435677 0.21188317903749873 0.007668433894812338 0.20356683990314278 0.015841676482764883 0.04119819910611722 0.18972409812130342 1.215820669000973 0.7501943238720514 0.01735085700949346 -0.6568162326094557 -0.5652216693110004 -0.1642123330240908 0.006011257215859804 -0.4337873729110302 -0.1589906851619195 -0.22167044060936533 0.1067580798101197 0.11568646113351228 
-2.2637854221645197 -0.9439853083331051 -0.07623519190292183 1.560756662525974 1.6046709147401823 0.08437202021552104 0.06170370399545709 -0.5394322857640106 -0.02704128265406225 0.13160457552269328 0.18672572130053872 0.10385663686325246 1.1475652909344423 1.5343361645720144 0.16280520808456414 -0.6193528576315193 -0.599351622510063 -0.30447653734976887 -0.20923808898088025 -0.22828188039012712 -0.13191495771678008 -0.17697333633372483 0.16165253049220438 -0.002893170834485611 
1.1616032519145794 -1.3858622228143682 1.0410782228727293 -0.28563574493067945 -0.3927907553168304 0.21576181145659656 -0.41875236786308606 1.2246818343878607 0.03632604949076634 0.4450632418386654 -0.4481452478690513 -0.2934798721696119 -0.6885500516712547 0.14526607549304946 0.5209875465218089 0.9059157891544886 0.8655425068044349 0.24508928812947028 0.04077806764148065 0.1175452069369632 0.21445809394871176 0.13668531775049667 0.02565787581714762 0.05546265663365966 
0.031007159740943813 -0.7967342453650765 -0.8672085407063301 -0.27336258362747623 -0.4135085629659261 0.6047026756742605 0.8395142246376552 0.16406961635115835 0.27654971213538604 -0.08336111188502093 -0.22405851581303923 -0.031071018111418013 1.0592887459679792 0.20728097496474965 0.04450739225075987 -0.1802489851255741 0.12235286840702979 0.17427350263063068 -0.16206383390056744 0.014482132649723237 -0.2126376385462787 -0.010540838948448558 -0.013432700343168616 0.026588293716439556 
-0.16054625399688227 -0.5662159601704657 -1.6846794197861517 -1.2920514882412024 -1.3879954323558539 -0.7955356213034238 -0.2993562842080423 -0.6967181379736618 -0.5916029393377167 -0.28673143306486804 0.16961669021146333 0.09079995570765968 0.7325743631469464 -1.8841675799182063 -0.9086927248439328 -0.42088880929787265 -0.4316596851321139 0.09647469814933328 -0.004901471836667466 0.5102649345255866 0.0776492247177145 0.17102177246000508 -0.3176875955973992 -0.1559124545477041 
-4.780576907112726 -1.9756513645493055 1.153121452674239 2.6047114895579577 1.7352146480386046 0.06720022870363918 0.4881971638696376 0.3778213024675809 0.9248361273990153 0.5291244298198057 -0.08185714671021276 -0.168048158224702 -1.720549588417869 -2.260104969560476 -0.9473433644756698 -0.01922094586140381 -0.34461546558787215 0.06160605642061331 0.4913490943866973 0.048128912379392465 0.0817083212657167 0.09628326573708301 -0.09507558002146162 -0.0455820128413216 
1.3696721959005753 4.856099076532365 2.7569914007142433 -0.4620063536297785 -0.1721733054227541 0.1950889404939074 -0.22838942196907486 -0.41298881224711037 -0.5207648322941918 -0.3742448463937631 0.433816854371733 0.24274606153014244 -3.2487516605813416 -1.4618851758169908 0.05326452569348413 0.23586611210336716 -0.13856622988567244 -0.20351995392666858 0.1376593481645653 -0.2559691239330376 -0.08994078306922187 0.12872430917013836 0.05980482174717618 -0.015679088141505402 
4.427546700045822 3.272423144964936 -0.2460138575295182 -0.6307223133489768 0.01242677033114048 -0.07542777448624505 -0.6700164896419205 -0.12218178365029475 -0.003994305183526503 -0.3284542024318225 -0.07093185782878919 0.02970196750130541 -3.2946775048636057 -0.190414907091179 1.4258977760858853 0.9758923394036595 0.5813466978795692 0.07542316220725909 0.13432152403379494 -0.17383419844451406 0.27696951731994096 0.09625799997944529 0.055975309004079356 0.0011222832806350262 
4.981646924167869 1.1954023125233864 -1.1449053417647255 -0.3819329230978368 -0.11090280384510454 -0.11366175792847594 -0.13322750194595911 0.3211907768843889 0.14263462616121986 -0.24411504444946902 -0.015260419470776998 0.03896215726917218 0.12188519876037389 2.0013753047171607 1.373065510122655 -0.14848178146518387 -0.05678825993389728 0.020522176046931424 -0.25480300914584314 -0.2919323119787087 -0.13316348575389553 -0.2705227906321482 0.10932361881588261 0.08543380195385826 
3.2974682433444436 0.42594173872872076 -1.1736235043439323 -0.3630022439189915 -0.039460696388927685 -0.004693908706946415 0.03765163175669492 0.5322341032353735 -0.23777215378851346 0.17528552890932278 -0.025244436801195813 -0.06952305593612196 1.7757411593607912 1.2094039719965612 0.05910069694352419 -0.18747349527894777 -0.05698974786504685 -0.1427922117342096 -0.2839943378756015 -0.03711083299260828 0.02547771532039349 -0.1858045265424474 -0.09719000811581265 -0.03276701455857913 
1.5690558279701428 0.27521386549899063 -0.8984003062465145 -0.1504210439492195 0.02413520773897182 0.09815547946346381 0.18218554476914678 0.1356001802461817 -0.004385450730011731 0.18545365983210876 0.08300228741028848 0.03605716738728132 1.9939727684584827 0.32339031880299957 -0.3858799395937183 -0.12839432389436337 -0.0723943360978256 -0.13261895114769354 -0.08946012026499288 0.19514458136034374 0.08811225418884339 -0.04872868417771411 -0.17688500043234723 0.06800874583249775 
0.8066187700623111 0.10430545248745027 -0.5465684661191963 -0.18405776708644206 0.11587700813424284 0.24704024202041386 0.02426000062733108 0.08194601364663368 -0.0069174126990911855 0.014175025054730783 0.171506813078116 0.12945550611798823 1.0897418056098622 0.3344851256294505 -0.6176435697002877 -0.10993892487718988 0.09943719322097422 -0.1016950320729727 -0.05838643111630024 0.21617296070630423 0.022672778930360737 -0.026339684634814776 -0.023558406491835385 -0.011769168322447177 
0.24515335543348726 0.38604949923502296 -0.3007930420959384 -0.08622218983102137 0.02861135218678701 0.1583280201509245 0.14184867441370141 -0.03909892240227242 -0.23712950695002144 -0.01737373998903069 0.4170189568866086 -0.26455336125537615 0.45443031170939047 0.31693180295219986 -0.4939843330975564 -0.14538490434885165 0.21941521445553724 0.08205097717733266 -0.07525438101178496 0.11528730054907776 0.022265021177677684 -0.07352944936033355 0.17356133438342827 0.042724778100646364 
0.6901940627831848 -0.6329314550276468 0.38050357268164275 -0.0652848963465209 -0.34001034827575793 0.27030491716824134 0.23297936028331834 -0.028935227559312215 -0.18941846246959082 0.3557182827243368 -0.12157755206384972 0.11608971335254831 0.2602965164668903 0.1970291119621992 -0.2755046384061735 -0.3310361136322457 0.24586860803413532 0.26827672697780497 -0.10800372962515485 0.0755300762642036 -0.1711208435601496 -0.039821629466462484 0.23408107220327404 0.08181476187952237 
0.2639772464815344 -0.30696308960006036 0.12001667364573532 0.22634723372737486 -0.4061667574226395 -0.1596297896424479 0.303589007976508 -0.15482110079807865 0.020070010622205037 0.2352703790783064 -0.29113953316901353 -0.0854342705319378 0.34401368561950757 0.052145148213591654 -0.2495108065471541 -0.16810907775939996 0.05004762551866385 0.21335002104389197 0.02539259492292641 -0.02135024465173559 -0.12952264083732623 -0.011353141563824684 0.24439948408208423 -0.09885036956182731 
0.016317275137616605 -0.14027558898160564 0.06954059122848744 0.652765862031097 -0.40433976116344983 -0.3988110340163148 0.2674010227213923 -0.08678312594807402 0.37784535919524437 0.007317853920449702 -0.17665715850389513 -0.20554832488229804 0.5668437569633147 -0.19515791573591348 -0.4143402100520148 0.16452828105345277 -0.1060601642418384 -0.042041725319092595 0.1694919598589004 -0.0020902123958829546 -0.039007538754923354 0.20438705739361016 -0.11614433395638941 -0.03322466129159704 
-0.4499493076022514 -0.01671387842877259 0.6032208682721016 0.059079664258369524 -0.08936681792535861 -0.14716406738847332 0.04846005842588519 0.05387576074731526 -0.13219349527046032 0.1908858991043869 -0.2886396921396214 0.19281676654752897 0.3470279001659578 0.05793648818019855 -0.4513301769596822 0.31953436394564494 -0.1855281426191818 -0.21748125696485712 0.1972782450121414 -0.09834381734214843 0.11901882284616531 -0.013881826964092162 -0.10540491972967268 -0.06626661000343016 
-0.6533739310648663 -0.1925823134055502 1.3819221055245041 -0.47523595477237657 -0.1802298252988832 0.39019723199853185 -0.1479320445180714 -0.1270130211443603 0.0037359067415119185 -0.2352506494695339 0.22560552929062244 0.07663817868760603 0.016399701661559202 0.10414330568880104 -0.16339722636491696 0.1064818476953316 0.10774119938789524 -0.15706533882900323 0.07107372247099526 -0.036885611539936226 0.03247794486255736 0.032901099742368246 0.015027065651168533 -0.08218982474117577 
-0.4422608509150976 -0.4546191919286837 0.8178164473767735 -0.16825494970782318 0.038362702502622525 0.09830984824470024 -0.08057919344018427 0.1603252988265098 -0.14993173168942464 0.3982001116655747 -0.17605611787725428 -0.027727692306599327 -0.31689811702122245 -0.0335902155764393 0.14835217333066128 0.06756322574158537 0.1733696731751674 0.11102412553023999 -0.0045531504921875925 -0.08353777831430269 -0.20636378033099326 0.1176846317037739 0.039468084004132375 0.16401748714961895 
-0.0367260581906379 -0.23375284929805318 0.4524344807709024 0.4469876259281985 -0.7914281195411261 -0.050351975345891864 0.11869948124144125 -0.029351060367862614 0.28928064281705446 -0.19504255158724892 -0.2780301425885843 0.1512933787682934 0.4628221409410201 0.07020113981169389 0.41740215212548737 -0.5010724239199547 -0.31793449875123864 -0.17979283585794748 0.05748010697242425 0.18751343613065072 0.22068817544745586 -0.08027195547053094 -0.0873237680005949 -0.21971112334462184 
0.19242110702430182 0.1046420362467968 0.6229081606569187 -0.6047218033166741 -0.3038766903297394 -0.25996184030698144 -0.07119625297730836 0.25565811530197446 0.3441254776847482 -0.18227204494807725 -0.15522610821241517 -0.3365632949416716 0.8114758494817687 -0.20589609287497224 0.22052375904559365 -0.3907731697891937 -0.505904542111895 -0.09701245178097247 0.10917284036120889 0.15084946737694804 0.13154073451512716 0.07497385044071607 -0.2690470992996224 -0.07369255703777498 
-2.3591813328576263 -0.6828163469283721 0.22716979250796943 1.2462147437919129 0.9446933673710136 1.108711583848215 -0.3250638356667821 -0.7372197377740448 -0.9053572242879421 0.2958012952488849 0.47716182845998756 0.8901893500390077 0.57902746092887 -0.1874161802739048 0.2626475775001616 0.21982056539897754 -0.420545636657556 -0.0055427118065915675 -0.15319218683753913 -0.17858167478537731 0.006911227980200847 -0.0571678747838907 -0.12002326908561639 -0.17040843909212858 
-1.7154607620269093 0.38760083551139246 0.268877514371459 0.6044510007279007 0.6880155853822374 -0.19018457600943584 -0.18621605606969927 0.06171123539875678 0.05276499831769221 -0.07214336307464042 0.25348919449732693 -0.17609800682863153 0.4671910181932331 0.30277693019569885 0.5358010680985682 0.10504852096568902 -0.10208656222742717 0.2305005295690357 -0.47040648202852653 -0.29635952373434954 -0.4789861275844855 -0.13852386932945873 0.0466980642940239 0.12201202926301298 
-0.8198675064516425 0.18701629189136337 -0.1584929285868526 -0.8170604722910215 -0.025737347424446444 -0.06861247207488996 0.6357859433002542 0.6033674039398782 0.4142271985599799 -0.07860326817229524 -0.12231798668660615 0.5822860519881592 -0.3981435818835042 -0.0018130645522602684 0.2707426268876429 0.2847523719804421 0.3052258692432123 0.6220985763965183 -0.09002831219628604 -0.08555383401566856 -0.3241490862907901 0.07186579597456082 0.268503584950811 0.3867454346363764 
-1.9788088607583894 -1.2386050737501675 -0.7916636830913748 0.11177024182772599 0.4875983537502721 -0.362801401052536 0.859598303624753 0.4744431156480615 1.1212916490142437 0.42050184475088903 0.004419606478809995 -0.5486477337052863 -0.1117324700868938 0.303297962491243 -0.012595874019024325 -0.2196403522555154 0.04136799592504762 0.17178989142515702 0.477349714092403 0.5309270439117048 0.2819443134234603 0.1520674759421723 0.02283858855151503 0.05755743553775448 
-1.0330765378413735 0.13572580135918866 -0.05478748942354228 0.6382980073006739 0.12922437545735932 -0.6712757328197899 -0.5778860789251501 -0.6869241758516915 -0.4671732907638476 -0.1661186965875623 -0.20381413238318702 -0.08377209043179412 -0.028738433755284582 0.30297832403567787 -0.12256134367257869 -0.3167504646298879 -0.2635023754924503 -0.12905429296131998 0.34833848494035213 0.33457119231298593 0.27182270222298605 0.15207153343439206 -0.042228082340794705 0.22634234643154885 
-1.2736588360713625 -0.4966478066962492 0.25481241684687683 0.5356928176985991 0.4864307361661916 -0.404222619912457 -1.011429187234206 -0.8859241064405727 -0.35236769729077494 -0.48458807669352383 0.22572150169107227 -0.015741242231918307 -0.5138952007767585 0.012457520721439389 -0.11488178820452803 0.33806816353894803 -0.04747164440427348 -0.35747007624907784 -0.02827573479219525 -0.016955703497335994 0.21481907837431624 0.23854388516237054 -0.09863022107092967 -0.1577823124499753 
-1.0862272175293022 -1.0928973137426294 -0.31404694753824236 -0.07877036633679446 0.7653535878449449 0.3392610162390305 0.5262842339086773 0.27983743804523764 0.3355887650435312 -0.08227290775326503 -0.10628468727035317 -0.3631942330431714 -0.3482238319518296 0.2375982243288188 0.36238180141701865 0.7097114792917183 0.13861442250032516 -0.35953945367153395 -0.5712477429898009 -0.4547700619060551 -0.2349697109354618 -0.03849480703555396 -0.09712983763825238 -0.03674391643686683 
-0.4105479185841494 -0.6616660783635766 -0.3173885894204407 -0.543900061970384 0.3119486807692997 0.20434045316528726 0.39234035158442504 0.04192941919160498 0.07545338598760554 -0.33705270515337127 0.25154554713518207 0.06441027495032814 -0.37555977056676476 -0.34986186803435126 0.1652375313803108 0.1283754153295503 0.30842503635483454 -0.08832119422290056 -0.17684008553571387 -0.2570769301780946 -0.03323904140837236 -0.19800297923259613 0.05949447488181104 -0.04931508242304176 
-0.4199605007294913 -0.494559735793604 -0.8558323905409395 -0.9510399907399893 -0.19937786434517024 0.10306109165593969 0.4339723806349369 0.2134592470503851 0.023825300403347516 -0.12440196125097669 0.07466335780951522 -0.013616099712316865 -0.23893052854181343 -0.5668048017381278 -0.14185334601501584 -0.3536898987165789 0.2685108362138061 0.09114559147484662 0.3690485649837821 0.08031061707301813 0.14689792272537833 -0.1398886515657923 0.03298180171715032 -0.09972617472923341 
-0.48011288277097375 0.2537690084322919 0.029992544207293026 0.5867013839115457 0.04352135319674555 -0.021159074952209922 -0.43475300399019423 -0.08150422040886274 -0.09676884074556602 0.13048538775312044 -0.04323594549429505 -0.04258506162822029 -0.019116876490897994 -0.271048896288362 -0.18433185102665225 -0.4592742110296089 0.05859774131367238 0.05543623986215712 0.29042615235951924 0.03523112291107294 0.032902729687310485 -0.1937305590895889 0.09288422983996196 0.015097684823294016 
-0.3346531498104497 0.14979954807381946 -0.06217747630706172 0.4169986068719773 0.09403474298980363 0.17857400587323924 -0.1673147832553593 0.10062240662641708 -0.018993889766018013 0.10362400049086606 -0.05783934610706559 -0.010518040566196929 -0.2529430673323259 -0.28532615551072155 -0.41712494068624545 -0.4326917458964839 -0.19723830050313806 -0.0949618203660136 0.02173332023557863 -0.01272697651694917 -0.02998295844932954 -0.05354143134640756 0.01939409406630123 -0.004068522842923504 
-0.39585096457097624 -0.17069903143220233 -0.16122049345742284 0.14990327231245937 -0.010550846839204375 2.752764701661192E-4 -0.17829452354898456 -0.007345529329629841 -0.0018452079896431606 0.13012599124447394 0.03914420957358658 0.017568190907386122 -0.14896225169830624 0.1354921238709015 0.026999274951988284 0.2562375817523868 0.05590401954952288 0.035720317594813034 -0.1419506620165272 -2.3137265695583054E-5 -0.010594863694410955 0.0673165794186301 -0.0082009653406422 0.0011829866931885868 
0.2967377421674877 0.5736527506708078 0.4911489503501547 0.5654343027490055 0.4193731371822189 0.37722937704279247 0.2405431797075962 0.21456083106161616 0.06631235937337471 0.036402031042569255 -0.024709001923329282 -0.03148715745134956 -0.03244261779152854 0.19296294413211032 0.11503024129097077 0.28508612633779196 0.1451892737653043 0.15495821505422638 0.005853374274499408 0.09113944363544513 0.03925770975787012 0.08468663722354453 0.013078270185406304 0.014561606838453737 
