0.0 0.0 0.0 0.0 0.0 0.0 0.0 0.0 0.0 0.0 0.0 0.0 0.0 0.0 0.0 0.0 0.0 0.0 0.0 0.0 0.0 0.0 0.0 0.0 
0.0 0.0 0.0 0.0 0.0 0.0 0.0 0.0 0.0 0.0 0.0 0.0 -0.029785718545631685 -0.04199229092521931 -0.03988762367744655 -0.03500557350858158 -0.031274390925574456 -0.027994076060916622 -0.021444677057750734 -0.014611871708334648 -0.010162494086008353 -0.005866321876360335 -0.001688779142683237 4.690103798351923E-4 
0.0 0.0 0.0 0.0 0.0 0.0 0.0 0.0 0.0 0.0 0.0 0.0 0.014907037366832595 0.02190938777054165 0.021246328359886695 0.017645371451887177 0.01642373728401055 0.016251640501321413 0.012087388153784092 0.0077179391097731516 0.0059151643860413106 0.003094329683145542 2.0598220311219644E-5 -6.976803799613093E-4 
0.08935715563689506 0.12597687277565794 0.11966287103233963 0.10501672052574473 0.09382317277672336 0.08398222818274986 0.0643340311732522 0.043835615125003946 0.030487482258025056 0.017598965629081004 0.005066337428049711 -0.0014070311395055768 0.05495702118677137 0.07462637816170979 0.06713233750372906 0.05881264334899333 0.051531175556013685 0.04208012467354207 0.029495803080247723 0.018078221878815987 0.009002766766630643 0.0013889779446092654 -0.0035510684927100625 -0.004810303642130194 
-0.08939968991894531 -0.12871659969945393 -0.1235704205958299 -0.1054444746185339 -0.09618279824039333 -0.09074603559533917 -0.06842918004797838 -0.04507162489182143 -0.03298923428713646 -0.01808247186397713 -0.0025949633749585144 0.002796556709636716 0.04863445175094908 0.06553599978690165 0.05956452589930708 0.05359293011183373 0.04753004498032944 0.04157410612937808 0.03318060561406056 0.022407759754354623 0.01392583189854473 0.009485673482767151 0.006749500667639366 0.003086440816969483 
-0.12017121860084146 -0.1595208346354024 -0.13961180221327224 -0.12371569273771305 -0.10650212754784438 -0.08086735622295663 -0.054272819216753976 -0.03169885319053725 -0.0105136831563237 0.004874302098160768 0.011950687165609444 0.013032632571572222 0.0026214603637055114 0.005327584427771093 0.008219436034463975 0.007900994686847107 0.005085050148144005 0.006846947717970786 0.011922657126936636 0.013382981031585845 0.012378997269477346 0.010708022692233117 0.004926753113559349 -0.001615147942029711 
-0.041139168133979 -0.0538591456551748 -0.0490562410751153 -0.0464125837037723 -0.04242748477870445 -0.04229752618528099 -0.0402383916471786 -0.029456045105293274 -0.02127691298845981 -0.022094688682841333 -0.023690676871697965 -0.01647915430644735 0.8928112166900668 0.7551286717413044 -0.02754751131082699 -0.538345016751107 -0.6918499588928132 -0.3578918607453004 -0.04505703608819456 0.03756193159269918 0.06114396104126302 8.315726346264386E-4 0.0057983220617433716 0.05809510543201247 
0.057362513653295366 0.0725653924702051 0.05774747316859041 0.05179779100782261 0.05169036560144691 0.03921713032380841 0.014470665592042409 -0.004121117863017665 -0.012505670199745307 -0.012518994038186248 8.339348357413873E-4 0.013076268194625588 0.7987241890798855 -0.18160834255143912 -0.37208084225698007 0.1483866270618273 -0.09954085405473205 0.10967012392135662 -0.028924829512825555 -0.15586697072958997 0.1493440921460887 -0.05454246381755288 -0.04805309026232631 0.06416520532970475 
-2.856600206116214 -2.5101457284761706 -0.13960752435428025 1.4218338337620193 1.9002708318634007 0.9228873033671794 0.0323701858122071 -0.17154628733367877 -0.2154251238892147 -0.011880541699682936 -0.0144315533952546 -0.17151057739792738 -2.696183238985526 -2.0245575382850114 0.09755923472039217 0.6671005870852627 0.7359968765475221 0.1807000048841013 -0.0643576352715264 -0.19404632976427758 -0.18079317683481236 0.04116831104681152 0.03487168552967503 -0.1309249765370527 
-1.1086132668493804 1.6134474844294129 1.0219063661972505 -1.3029987826560907 -0.7792287237047009 -0.8924701427632566 -0.0038026194079701647 0.5069471801124253 -0.36147185414421246 0.16339462005924021 0.1514803962143667 -0.10194727187180203 -1.049089895604657 0.09497172717315838 0.18421481215855895 0.3701564423953927 1.2253894946393595 0.4348153254285502 0.09921812670918839 0.1589435566003984 -0.39592640168360393 0.03573905248233404 0.042879476718583144 -0.03926021810869577 
8.630398439073938 5.249372423220255 -0.8238133917506218 -1.3703160581276033 -1.834958569768197 -0.11855390429405221 0.16197115666740686 0.29714879519981785 0.695585709488211 -0.23355642887198913 -0.2036289641500357 0.4338075453379246 0.31325111898056573 -0.5420117341521701 -0.15765922477024077 0.07373939601275481 0.5918682877518664 0.09512549599057256 -0.21459037663016903 0.028028257702809922 -0.28522022415560344 -0.056745689143987775 0.026784429651549396 -0.10559161222970585 
-2.5388671221278094 -4.092108864897483 -0.15279402960891564 0.3374034097664559 -1.756863417500833 -0.7445082421312263 -0.34798419996312263 -0.7152993289309613 0.7197681181623539 -0.008898207899035275 -0.03320578994261747 -0.17180213884721307 -0.9426730599552502 0.8153291680911529 0.28353580290602287 -0.48883717876916527 -0.6109547824114466 -0.08762689212753098 -0.08864794287645474 0.19710934443838082 -0.046426286704258524 0.0485155820673236 -0.014491496321971812 -0.125329542775464 
-3.0812266354186963 1.9686676486437875 0.9207203478595252 0.38041454951248155 0.6134833155058677 0.5635298650794466 0.8482321059802904 0.35549219407958477 0.09961556242431246 0.24450293971141812 -0.0024417492714106925 0.18019169277889568 -0.3658200318972777 1.08576230501224 0.17462983259673406 -0.6143858117016913 -0.5966068700098773 -0.08684331742703849 0.24472552764223385 0.22042240257985493 0.4733612507761778 -0.02662152422470565 -0.058502117888596716 0.03489627935537878 
7.575218450262687 0.8078123674441882 -0.7009679123258916 -0.7118525501686371 -0.17058531910739338 -0.970631351067413 -0.08098926543504767 -0.11355255264260067 0.07579207950051237 -0.22118181043443422 0.09436127774096964 0.40084928273410436 -1.7359694637472067 -1.4795126690464455 -0.14623255874818974 -0.2357120451943833 -0.6981060308836192 -0.3227701416765438 0.07999305987707149 -0.07833197692634797 0.43639510259617526 0.013696358525122417 0.003931296684570665 0.09694017564137127 
4.670815748570524 -0.45787510798730047 -1.073615948182336 0.9974693569450173 -0.8382770089352847 0.2550376024551566 -0.7057028935233322 -0.6649918006839273 -0.4025100235094017 -0.0475500549301727 -0.09190614432603911 0.04279299648112955 0.32800161305584236 0.4946420785318065 -0.010460423826878914 -0.40067433885379383 -0.07024179005143465 -0.3860982145636041 0.1374050022313638 0.20180928977653745 0.08282843691804063 0.0035526768117745875 0.06226754731390752 0.14126321176722706 
-1.2069799228807998 1.5597005205573975 1.2830717946565842 0.7360121416333378 1.0633348373706006 0.37804831421054985 0.1890041201574742 0.02993859922983866 -0.33835439665931494 0.09603921384639288 -2.6748246901525663E-4 -0.3939233176224438 3.578907610902609 0.20948069401328429 -0.29273204957801235 -0.13587318311572338 -0.5530213777590879 -0.48433581466929465 -0.010128454755236854 0.006339656367126227 -0.07778889725055986 -0.20500787367340179 0.0613936745842448 0.2337490303334787 
0.32586771198552 0.10879733649176337 -0.03991823415107598 0.8585052201728753 0.20724860742117457 1.0474846761312777 0.3010204064899381 -0.32168125118624724 0.0582034897501042 0.07523439713568081 -0.1419300111081408 0.1537883576554886 1.3588851140172205 0.022523513599798168 -0.29627799886610284 0.3527405118378784 0.021638196255817938 0.04865162002046273 -0.0764292026001984 -0.23459982328558845 -0.12670326651667252 0.07061857782194923 -0.17413459416109744 0.006284737407897534 
-0.9890303641526366 -0.10396593683519662 -0.33962062060748455 -0.23475093243539602 0.9657160059916405 0.08615255610241035 -0.5539655511759722 -0.30422679649281936 0.07880201462243899 0.33244958455284435 -0.06480781262071392 -0.3558954888535113 0.4364191806237813 -0.595442947282535 0.04165340789199908 0.5929853487640445 0.42983639486003633 0.08573064824929848 -0.16483899759970352 -0.17242613737159398 0.033756792544469706 0.2458338117402231 0.13113106705396302 -0.11590451018791685 
0.485185627154781 0.3063875799096021 0.6265642560480069 0.4246293584657488 -0.8543821820132584 0.25503062144783817 -0.10493045005601376 0.20589036703416708 -0.2309784296002611 -0.3776109737492461 0.46276780323310246 0.004924869872970694 0.8568825414624818 1.0369247495249347 -0.46602536930825494 0.7131239559391025 0.09740728614208545 0.20712954868466849 -0.30639835524592895 -0.35423670578831484 0.1446788931058256 0.3468481652623961 0.0023651207306841413 -0.11151297173545521 
-2.595896422336774 3.2472342406960832 0.8248703258810455 -0.8260059738052326 0.30464104750770815 0.5170833968043742 0.8864965412295607 0.28343120223441354 -0.2950338146175414 -0.41503953593181286 -0.6960095908015259 0.028221956832565676 -0.9468883286336084 0.5468237866535279 0.01684047706211822 -0.1964042168260747 0.6043198141117456 0.21483826761002267 -0.07066176474089403 -0.1017683322196073 -0.25088139274104726 0.01542867865009497 -0.10164120722370235 -0.17551596707758566 
-1.4413468833098566 -4.6775770008486806 0.7759124005294238 -0.985239126959514 0.2455642282368844 0.21063060972629033 0.4999844260249584 0.4471998668150807 -0.18891527494738242 -0.5915655384091789 0.16657551579021276 0.29626855001881575 -0.8161616260504222 0.45098523019887776 0.6980398671908085 -0.23296741688701514 -0.2102758621063554 0.5062183025043413 0.2928671809175436 0.039406152576282105 -0.0378242975364211 -0.26839075853516475 -0.08103105869100241 0.0679008791562224 
2.8149008769805075 0.7475449935833609 -0.46481612403454764 1.0593959607554595 -1.3972166414686678 -0.5361622408668837 -0.6444376949937762 -0.1195765497244543 0.8104146155191414 0.39314083093252583 0.38821195277183795 0.024980572306323195 -0.7226336202497444 0.2515974459263095 0.4808907657374766 -0.3609351734242808 -0.15464910564999443 0.45358163029896087 0.5806870748296503 0.14497954153201306 -0.052855096444932144 -0.32102602286338905 -0.1979923449579786 0.17790629012893341 
0.2282718556474066 0.2032765128693299 -0.8227121205666219 0.18083064184644826 0.6273742487939957 -0.7370014672295566 -0.2180648746969761 0.2891757852847547 -0.6702297520593392 0.02347111842407873 0.16375020751942768 -0.19715707533257526 0.3686082081173823 -1.657721231195217 0.1938049409212338 -0.5063874092312498 -0.2818012327061186 0.0991534075818919 0.03638882798204981 0.1964255436161653 0.16735291626520868 -0.1921312963779933 0.17289983222809333 0.1131281201715943 
-1.2628049310661726 0.0520151460581495 0.18151028921663848 -0.3262353379353713 0.5776833541791357 -0.36984545561458493 -0.4965400328984232 -0.07249538159646263 0.10418871327323342 0.24052020424172538 -0.10061990179219758 -0.258784100878539 0.36666452896522195 0.3536399439836459 -0.43398937902031215 0.2288307999867684 -0.4282349412467515 -0.18351573813630273 -0.3514456554051231 -0.02111084845601105 0.2275218037499029 0.012835873163510573 0.21556168620070645 -0.11868351892188049 
-0.5083186036386635 0.6433516164995758 -0.12866562885987065 1.226738750079651 0.10351792853133857 -0.16998800564553473 0.31686911103113247 -0.16561734809741102 -0.3378610726200544 0.061138664070201174 -0.10770805361204944 0.09876652609646391 -1.0233554451707414 0.07810147280114614 -0.16753591739403376 0.033345747414664194 0.41684831375359804 -0.25241045434341153 -0.3291854763144794 0.16575075108256318 -0.24263958533719174 0.07029427275840347 -0.07832606299361941 -0.07830537579093386 
2.0832025197278767 -0.5334123901826997 0.490128767173013 -0.15005049332144704 0.14941634240291535 -0.26912175724998644 0.1424322783575389 0.1711525623346617 -0.03833513545020972 0.3357994386189329 -0.12274397526454289 0.23306932835744504 -1.0181637218854238 -0.030044818058612588 0.3778187209848538 0.1114082489211247 0.5319761634227456 -0.05215285393650626 -0.09480825904054346 0.14537218558570641 -0.0743463680686305 0.044948301640996835 -0.08396829972262715 -0.014571051915916558 
1.6253344657626059 0.2616858625863161 -0.4744136073627079 -0.0072990227045064415 -0.40903718657868815 -0.030131953381621335 0.45000539861848116 -0.32990043992849705 0.1289509283139575 -0.23505131703973545 0.4097904332364586 -0.2081676625777657 -0.863938694919085 0.7286573665489159 -0.12777876015237644 0.651141896646778 0.296489218252381 -0.10309305984663723 0.26822402359246555 0.03810273705054205 -0.030196093014061638 0.06020326964955545 -0.03259544588358021 0.09365568589335999 
0.7248596998894641 0.33298247719061713 -0.7790718844865043 -0.043441198306666706 -0.7619675785340876 -0.28331491993702285 -0.27868339957046717 -0.42647039243803886 0.093821817012119 0.2537702898737032 -0.10746424604857013 -0.0616038507936745 0.9591265170330393 -0.05965970442161872 -0.03783418630743807 0.1304508323257466 -0.28505457667039164 0.18866486287659304 -0.02396336817447158 0.052578086169045656 0.006222106614769444 0.04789452431639297 0.05147307792823206 -0.0380588099874001 
2.762668891037798 -1.9758179168338303 0.8892709774270173 -0.7799915873680734 -0.3302577657573029 0.14638775523789516 -0.27724512078226116 0.018885918137313107 -0.31335126980903383 -0.07845657050585034 -0.017561580569295188 -0.03486394200805626 1.0503324605658044 -0.0999572112912775 -0.43073558148350655 -0.21476171952076029 -0.2738149976061348 -0.07155635631108363 0.03440704511438412 -0.08765641415593824 -0.05533200436064848 0.00359247312921405 0.04988444384943606 0.019100180958481334 
-1.362844244008837 0.7643186127922297 -0.07821096629953539 -0.1550567079669034 0.9651903620033977 -0.9233762001895238 0.5779476425813248 -0.16097487520538034 0.1641496437669776 0.11381849240281144 -0.06348720214636216 0.2605938980347906 0.7767358424145693 -0.08179916007717791 -0.3425204314803835 -0.29972621628270846 -0.045468573711287506 -0.34877231890478916 0.12237862164369566 -0.28521682526373354 0.05760204703458891 -0.03528115471172736 -0.015581965509005377 0.05803275780977971 
-0.48181094398565705 0.34588942865934236 0.4673626779943274 0.6927938906878928 -0.45117116402902635 0.50456775567788 -0.08153125780056719 -0.19967895607701158 0.25978302801847364 -0.17585283769193172 0.2381485797370464 -0.42656707986744224 0.5059790564546827 -0.1361412739314929 0.013116092462305348 -0.2906084845913857 0.23208289536200688 -0.2728409249861118 0.1777711731106969 -0.13520873225187127 -0.00322516526967818 -0.015289015786355878 0.023160768886856014 0.05558321391614295 
0.016892090157483608 -0.5824737153244355 0.45944355967099115 0.11934471151347559 -0.5651051582643634 0.5839120365573522 -0.7436761959924012 0.5384625204603241 -0.3655514730054015 0.408311887601926 -0.1885734296747248 -0.039850555293320655 -0.9405669732750527 0.36114615577286574 0.23366663759853604 -0.10667034631047567 0.30762329420072126 -0.18502362560761054 0.180441432676166 -0.08343820883181119 0.06501426470940669 0.09828167231557362 -0.08216950865758206 0.08366682713705469 
0.5548635545905896 -0.8939979309810191 0.581095437054838 -0.04536684333410568 -0.26135869170944304 0.2112664118227925 -0.14974672082748886 0.0747934170600747 -0.03882521561380975 -0.17983622074633998 -0.024500773465681913 -0.05139135709242948 -0.6190153361128227 -0.1293372022061973 0.3170837820298877 0.35713885999956424 -0.48020486934585804 0.39394328043436166 -0.06330593648719512 -0.14153618945364563 0.05402447673117664 -0.050727990214123525 -0.03836398480095896 -0.12757679395024335 
0.9405194265281978 0.30082382529381313 -0.8360772586253988 0.5340346979755228 -0.0525857567585577 -0.22165465143914842 0.07073107606628759 -0.04789643527848991 0.11841097145489923 -0.1790348330167053 0.3143460004277482 -0.17799444476387982 0.11503094307797627 -0.7315553889552017 0.402712180380944 0.1089397934222136 -0.5130797261894142 0.5037483760602064 -0.35561724257444377 0.1447319037627348 -0.2970153290070224 0.047312730276768945 0.0081448568492244 -0.1667716665355505 
0.913421396167454 0.29225226496880996 0.1638717410528594 -0.5859676825418236 0.733183743255645 -0.27447874162695474 -0.2988170843683262 0.5181090901533323 -0.14427162440520663 0.2700044932597545 0.1017808190886868 0.025235246718567417 0.38409946183539273 -0.38200565985925944 0.13248143291365486 0.2017338128478258 -0.26796052194120284 0.1336257219994823 -0.05375155371994091 -0.09929577493294224 -0.11348038118527581 -0.08004247728070606 0.12420428565520918 -0.1959514036066923 
-0.5074796598648774 1.019067353566255 -0.5400811334708515 0.06282575085069375 0.4768628028213353 -0.6844605148983933 0.3977107135013488 -0.1173910273745091 0.5782177184113642 0.041453339768571906 -0.27614879649958235 0.42215114240783236 0.6373266444322864 -0.009557893556661737 -0.1008635952371237 0.07288783833029626 0.3024373783080934 -0.24671171181281246 0.03944518297209787 0.01142914386422624 -0.07288698147985505 0.09742606333577049 0.12478852140682066 -0.03272931553260436 
0.126564712280949 -0.10710271553946171 0.035653075736599815 -0.41496380831516855 0.27779859432421894 0.041792177553968024 -0.15198187838519672 0.40742803790691107 0.07171255446378522 -0.04995287529686043 -0.10186623196764413 0.2363900601417913 -0.015464801133392806 0.28360545777285306 -0.054989568320747716 -0.1209085492660917 0.5224243199168458 -0.28134400495069856 -0.08794127458259558 0.19040588532913952 -0.009765485996532874 0.1781489217236616 0.06590744909317865 -0.0019977348071312704 
-0.5780321648254088 0.5291749962179342 -0.46937714025589794 0.22986924587130653 -0.732205317217125 0.36034502440882754 -0.12102207584157076 -0.026843340747958022 0.2290798264599685 -0.3113343387457093 0.0418039617354517 -0.1853839048776787 -0.2368754611702073 0.17540174072771317 -0.2724046445506934 -0.013405251502226823 0.4813296412760728 -0.31906541512019604 -0.04371685760834709 0.23026348014170328 0.11466517517383651 -0.013369896201874981 -0.21091901432480945 0.1480030981756285 
0.9950920520478981 -0.31361792967558877 0.29348844940762575 -0.3067637822538549 -0.22955515647566216 0.0471505035715305 0.2243731340509203 -0.09838240914736185 0.05959377956008982 -0.08804843265408963 -0.25491790730836617 0.33499597478271675 -0.11840574540915287 -0.15449303924227356 0.19123316344008326 0.10636397889745704 0.11278303784346318 -0.10601836561800633 0.10944188659904637 0.26417637929805543 0.028700534741663786 -0.028001757599815113 -0.050279818506688424 0.018437044583285017 
-0.23111694623773005 0.5961197384511792 0.1482151133457157 0.048941492326717406 -0.7134492456069426 0.27005656745341355 0.34068378010833156 -0.5552762442724826 0.24028158034170233 0.10061080705281145 0.43313408414520704 -0.07116110943951592 -0.8156838665398615 -0.06964833085846707 0.23978010127076824 0.23905222371313098 -0.37367278140950644 0.26701451529166803 0.3422836380764355 -0.008755781709853814 0.2608189848354849 0.006771433256338426 0.008263488357619217 -0.06605484063952397 
0.30832433921456825 0.3229040310707365 -0.8468425413844568 -0.6435918682352451 -0.06992855501126183 0.4049915028856941 -0.711160466157287 -0.1208846482249929 -0.019989926702073058 -0.17192017539667548 -0.14669183765245652 0.12396752867285488 1.6477633505744984 -0.031209609655196296 -0.1401794010312295 -0.11396728544077095 -0.4212750268387097 -0.16436565782352383 0.2084432675307023 -0.5423046825152329 0.002079623405946122 -0.09960771809873774 -0.12046777548072742 0.029035461863609734 
2.2124032912108405 0.41985900842017276 -0.6185519486721613 -0.3188733822773914 0.30899972627919414 -0.6196190211232583 -0.6801061899667735 0.010675123920418944 -0.5135852749154047 -0.28971276714343164 -0.03709953816536077 0.11829484009582414 1.4541432124868443 0.7710013928726815 -0.12442091828567754 -0.3144101772386676 -0.4356419088681052 0.09109795330854971 -0.2129950278383442 -0.2330281551054978 0.09100470348173083 0.10226193479376884 0.18798201292319336 0.1429863733126677 
-5.169958118399882 -0.1318587356944967 1.0974101835102528 0.2190455113705123 0.5230454380973986 0.9850852713304379 0.10943831649636593 1.2455559543018864 0.430288336970805 0.4059365087402451 0.3416022302891 0.15316161442421752 0.9055496988776621 0.7103695299445505 -0.2918286241252664 -0.18153444009375516 -0.26643965794136487 0.0708863828145334 -0.25175050589378684 0.2553700958530973 -0.004948850581723933 -0.17511968182644266 0.1434782787449752 0.33004679289375544 
-1.8544053548910373 -1.4895030567842489 -0.4506484942446065 0.5608533342398415 0.29698948444304296 -0.2932841766946075 0.5693694722965377 -0.5394120802194289 -0.25787166193992916 -0.4951033393969554 -0.3749589885951512 -0.5147172722532003 0.0503874321834387 0.37273613663989164 -0.21726903509551812 -0.011498026929207003 0.093255080766467 -0.10883590121809206 -0.2634770560950889 0.1430057950676862 -0.15956609420146245 -0.07486425306704433 0.049326177250180396 0.20922306740891258 
-0.37492043436747924 -0.8535235261607039 -0.055308396222435 -0.538851906212596 0.7353955397309084 0.029164932227768503 -0.5806467796075822 -0.6119513337143608 -0.13300018144463904 0.4561341562094144 -0.4081969486724869 -0.5496667938338992 -1.5813262433591622 -0.04389428681852584 0.13726655442799232 0.27223959875741843 0.13781595976148223 0.6069500244505649 0.09307029235466295 0.2699770317827432 0.3546472935700966 0.09255889612599023 -0.051833558000223434 -0.15407679805826088 
-0.3362778473556771 -0.3375170062663986 0.6096144464807369 0.09456940730178376 -0.07694056683696182 0.18484885208235258 0.45536752637046723 0.5104113827254839 0.24675726689670463 -0.09021883167688327 0.1898215195648915 -0.15796015800185526 -0.62401351060378 -0.7714257610325582 -0.36360093114714637 0.23128316934646317 0.4216044540515161 0.12172213450504214 -0.07439845277041639 -0.2576630315038302 0.018482219668794597 -0.0726560317011038 -0.11736082094804666 -0.3599180235079418 
-1.185043142090075 -0.5761689004978443 0.15547904986360406 -0.36453132143271405 0.29656258445295425 -1.074831316409737 -0.11277158760458772 -0.08928687251879958 -0.8859680081578016 -0.07418243349776166 0.21471265020974895 0.4370134514733276 0.5066407778977516 0.2843585888651355 0.3509710606958807 -0.04801143896999268 0.48332787893988166 -0.08415842374911692 -0.20384060273723503 -0.1607938273983957 -0.19256455162281952 0.1046905009157304 -0.2752685819270034 -0.16759934692881776 
0.42269653078160063 0.6860969134819959 0.534760576153813 -0.22015646618948898 -0.7484074000725283 -0.10645245589098118 0.5586272346062895 -0.027755216305718977 0.06316559241026828 -0.011976949440056006 -0.33433132519212916 0.07169667561701158 0.015593195939501111 -0.22631648942879376 0.1390243061457457 0.07417687815745112 -0.0870262952125902 -0.3241899044533772 0.07003111179216749 0.35065474330860497 0.04917230247751009 -0.004990201608114965 -0.06091371859118388 -0.07649507112569444 
-2.274329957129373 -2.2184062526303077 -1.070794643146615 -0.23745465255698167 -0.3788546804709534 0.42729085746178613 -0.020754825513788183 0.13951344799642773 0.5364893106670378 0.10294171234380955 0.6796852194870335 -0.16169716985687926 -0.13772303466522964 -0.3164312488577408 -0.09663143743161395 -0.5466967329808359 -0.3585640250261333 -0.5465868105981885 -0.03760313890210728 -0.16646690797374455 -0.39947767631756587 -0.28369912586456986 0.003252384804530458 0.17087044796739415 
0.16158597234546845 1.1625511380862144 0.8056783745486094 -0.19149956160843581 0.5218469512627626 0.40635747850672277 0.19926580994856496 -0.6559530074579447 -0.6119882999482453 -0.16381029977332398 0.14007639069980082 0.3708803660403315 0.24855490019927431 0.5813142641682395 0.19376821756408844 0.0464917075011147 -0.3502945973017164 -0.2812058778051917 -0.04477562873131994 -0.1543355565961119 0.1798403018857617 0.1330917584776765 0.2306648549820931 -0.0301421284095537 
-0.6413187588763201 0.13489773377326886 0.30991446296104774 1.2612304252192668 0.7371274838637087 0.3085241481859764 0.17971854143059635 0.724212746978547 0.650041966974153 0.852831619262582 -0.03224836214980742 -0.2251897376405148 -0.40082356357656507 -0.03181588824722844 0.04840121110713006 0.022731693240485944 0.17174122978085646 0.24869634342055336 0.07352530273987305 0.01821305667520855 0.018881396156697445 0.2541320184011684 0.23280054915853568 0.059519907495999946 
-1.1394737689427488 -2.2344978722245106 -0.7368986295922837 -1.1089741275809573 -0.2555146903347101 0.7965485321624988 0.592717437328057 0.1429018039915571 -0.5331316414005743 -0.7861971783324717 -0.670359099319988 0.19386934473749046 0.17935322415260044 0.4400081788307227 0.4002585566036873 0.3263587304246885 0.3765727853202565 0.4538845814375853 0.26023484718106915 -0.05993220110262918 -0.187520848190781 -0.08825230100743546 -0.16477350225136136 -0.02272656842102927 
-0.42132939575556905 -0.4244340827332598 -0.44470977439755877 0.1530875507078212 -0.5053975490147864 -0.513893699627762 -0.43805654742315336 -0.31455312775394884 0.4404167929231099 -0.34826090358012174 0.3865013170213209 -0.2517513816934586 -0.6143864585734846 -1.1159639217670336 -0.4046021607695464 0.244308007103799 0.24728619828864096 0.6479248731699843 0.2669433891595259 0.31072120056088387 0.13763985311688637 0.1584347798972234 0.12026611409532419 0.0671111676438087 
-0.48646838167270834 0.12219250984731067 -0.017785176583149376 -0.6165043156267785 0.013391111741240636 -0.5440873418991639 -0.2725511871677676 0.04322653321619074 0.05538683164961922 0.7014928646703343 0.4250220578683208 0.45234089332989125 -0.3187073656018177 -0.8948299990254623 -0.551394261052233 -0.7469892445248419 -0.5307810319128953 -0.15708634070455427 0.13023304877250383 0.17026302349701883 0.10674013392071091 -0.06512618429435002 -0.020333483143172588 0.2521238138193582 
0.8753379232091135 2.3044443080384593 1.1641642187651198 0.28207149793078035 -0.1391840120401895 -0.9649325342931452 -0.18847731380006924 -0.15811321931642142 -0.05713682890160293 -0.36631774193049127 -0.9407372830299344 -0.5557590148681413 -0.3799575535018773 -0.21835180850297523 -0.17126010530512503 -0.251346107403554 -0.059935341736934676 -0.527836591802492 -0.1928724464249886 -0.10306555882451186 0.09721137530308892 0.02278130458297828 0.02786548589422631 -0.08469422632621416 
-0.8316853316196369 -0.9144470705339833 0.11284715698307624 1.0675016323820894 1.1537216369166772 1.493326971608853 0.07722867419900348 -0.44610722071826314 -0.6045752322503506 -0.5817902062742368 0.05426065013515741 -0.41049828013324285 -0.14989389972500364 0.23466002365130953 0.4260959015628079 -0.012987737449754455 0.5437079808097603 -0.21891291203950378 -0.059913421705748426 0.11888660219110718 -0.14151633506649416 0.0890539852281063 -0.08257906145573031 -0.19798191043599667 
0.8911517397235271 0.7489411329663129 0.003754374734703525 0.06512289891404938 -0.8957567863917006 0.05090891902570538 -0.03432913883157307 0.2393104256868137 0.4787636989638281 0.225036718143229 0.48828556320522365 0.43375088401675094 0.7315690333190695 0.6516800062435394 0.6652394179335342 0.4437319261515957 0.08580526050538466 0.0288934111282535 -0.09405819565243141 -0.27701589801630866 -0.21452981968114057 -0.35412513957475406 -0.23182590613097434 -0.24773431503878363 
-0.0446935907549042 0.19596402642945532 -0.7158679592563649 -0.46906680376914967 -1.2394464435122847 -0.3952693324400779 -0.16988500953477043 -0.5121450958587483 0.2119855729163862 0.1386536789491553 -0.04175218088206728 0.5515316751954351 0.5592459593356244 -0.03867467306168212 0.17715155779632538 0.3996962569197522 -0.1321519065349984 0.555896258443387 0.05712940126150429 -0.18980652834036013 -0.05649435719082683 -0.22831408247301954 0.14030856903410122 -0.04965023480819782 
-1.7128650471804612 -0.20580125917387804 -0.41719647691576245 -0.28084006244838705 0.7999842466581375 -0.1073146156534403 0.21725411502411196 0.7059534123027471 0.17817222755845027 0.335835734182075 -0.19725314912839906 -0.29357104741612944 0.801817114267151 0.5103762746718606 -0.0020764749244168526 -0.09556113182327386 -0.8171907107720727 -0.12240826583902642 -0.07011393393645114 -0.049061001962443083 0.2398310487504615 0.059744017627923994 0.17198221607329112 0.2479975786339641 
-1.2074148161745155 -0.3210518552788415 -0.2081320905806669 0.04139434230405095 0.7023068399967531 -0.09525003638173496 -0.2199511565133519 -0.11000912900514948 -0.2847964249751812 0.04775253312539876 -0.023895700800334915 0.10211339000779081 -0.00722023339891346 0.18414947590081962 -0.23809451124216888 -0.23989501134843158 -0.4756785116183256 -0.22886101410345394 -0.07106335023681555 -0.10555129106001536 0.09866814948141682 0.06465010164802629 -0.04580765858562844 0.1531201053415259 
-0.93293899036812 -0.5236797501951204 -0.2438841348298949 0.09657572134727065 0.5849387041699987 0.26812406851361315 0.20104573646707108 0.1854254481473435 0.007661551658227239 0.09125523817133532 -0.03658932505551588 -0.08553270929131923 -0.6130933665163689 -0.0302207516699108 -0.1252748271749564 -0.08965108138995688 0.3078283023510344 -0.060033577293408136 0.04289347489184681 0.21682150846370637 0.03059029029851502 0.11227738552579498 -0.06619689512116245 -0.0723771842000077 
-0.4129959189643344 -0.1975451557623823 -0.08824059657279204 0.06191033837831627 0.2951118625867614 0.10359436778675726 0.05140923045419668 0.06477275939899953 0.0012364624222472864 0.0669936220104463 0.01533888283837646 -0.011847809891547684 -0.4823418808463004 -0.1538958285172358 -0.09572118269052705 0.010198983332682902 0.2732823716594605 -0.007408262940048658 -0.048780002747611316 -0.016197497135204856 -0.09018340057509011 0.03090087113732116 6.266279124880643E-5 0.03599970463662546 
-0.27079439623644497 -0.17689235392237523 -0.10131774239483077 -0.022144816315649074 0.08009682831003015 -0.026636085857462008 -0.047106503135202774 -0.03190205729044653 -0.05661508703580903 -0.010616966837833745 -0.018279755584267414 -0.01945889486643708 -0.2899992499839869 -0.12125288747214509 -0.03478452050319999 0.07757229736752813 0.24755384088051405 0.11264280342503617 0.0744274786505568 0.06424137153110543 -0.0010711568492961232 0.03553722942218423 -0.007432473852278539 -0.024601104987531697 
-0.09146147070145183 -0.03275806786350666 0.007748261273382212 0.07015766113746211 0.134880662948356 0.0743548296239486 0.050464971530618956 0.04724711511936011 0.017892096097107263 0.0059860222180198215 -0.033238473909705565 -0.038922631114526644 -0.19600668119985207 -0.13386222386794824 -0.0933010637615262 -0.03301092892201927 0.056491288075652825 -0.01452251703505871 -0.027584218022776913 -0.011449887410228765 -0.023052431124353248 0.01403198106287823 0.003354668895460764 -0.0024854360214776085 
-0.22370846454760063 -0.2423146317281229 -0.1875250022433821 -0.14026483213488666 -0.07760721865234074 -0.05518457268009101 -0.02176457002281043 0.0014641556938469052 0.0025472053686856205 0.015147349800995866 0.009996774875360749 0.001808016282765352 -0.10761568701462447 -0.07274757783321413 -0.038781585793397015 -0.00171551572566211 0.042649246119736695 0.002255337454702591 -0.007740916277799755 0.003354335763387837 -0.0015258319015030858 0.005381540620671715 -0.010070167630130172 -0.009315161404152993 
0.1514811587907996 0.23675265474433627 0.23476622463606225 0.22000313305399288 0.2044900218409884 0.1614361623032479 0.12149091796633125 0.0824393151375391 0.040812609593059705 0.01201552050239681 -0.008863389077819913 -0.015024957401716074 -0.0936996709733906 -0.08811677359406267 -0.05918727943736651 -0.025572428243839956 0.01058814480114773 0.002746785014550566 0.005649379595535031 0.008950038087978786 -0.0020589530369282704 -0.00513263026620146 -0.01540592022054118 -0.01507978122450782 
-0.06941864993869729 -0.09340498172665429 -0.09848196669597975 -0.09192100509692813 -0.08265558949549615 -0.07694276456121943 -0.05939672751965966 -0.05956116458969954 -0.063497848079276 -0.029776337842037388 -2.5679510981972513E-4 -0.0034622475103833856 -0.03721105397968009 -0.029717599200884737 -0.01788182762824203 -0.008029644559793497 0.006941784826087362 0.007085927464748588 0.010992750296391825 0.007999010243388458 -0.0011395058930974943 0.0013397638177823391 5.194957032545518E-4 -0.0031837096203221247 
0.11249263491426831 0.15713742791794708 0.14078858181178058 0.12270303235000271 0.1056404139664905 0.0769935705208611 0.052332911492438475 0.05090966099719697 0.057091481931872884 0.04384575683814083 0.018106071744508213 0.008951844455571187 0.057575525405651064 0.08701593212418605 0.08243740637230797 0.07653737083724745 0.06803982789062184 0.04818454059209987 0.035411156735271475 0.026203851555481036 0.013071723184726698 0.004233259605087991 -0.0018894961614234088 -0.004550246458557339 
