0.0 0.0 0.0 0.0 0.0 0.0 0.0 0.0 0.0 0.0 0.0 0.0 0.0 0.0 0.0 0.0 0.0 0.0 0.0 0.0 0.0 0.0 0.0 0.0 
0.0 0.0 0.0 0.0 0.0 0.0 0.0 0.0 0.0 0.0 0.0 0.0 -0.03740037132675796 -0.03440037320367425 0.007094706852138459 0.05606521585548857 0.09753661149284647 0.09697139696144853 0.039919133843800025 -0.03157661859992709 -0.05612543492021021 -0.026893457017254967 0.01409284775447229 0.03163192268833009 
0.0 0.0 0.0 0.0 0.0 0.0 0.0 0.0 0.0 0.0 0.0 0.0 0.0602946328532199 0.07601371964134929 0.058177750711247346 0.02498787371179102 -0.019378200725484518 -0.056188077390867924 -0.050836007465800366 -0.008321942688588 0.015563510097540251 -0.004794134720686303 -0.0314727165140423 -0.023797338115773878 
0.11220111398027388 0.10320111961102274 -0.021284120556415376 -0.1681956475664657 -0.2926098344785394 -0.2909141908843456 -0.11975740153140008 0.09472985579978127 0.16837630476063062 0.0806803710517649 -0.04227854326341687 -0.09489576806499025 -0.021716561762003945 -0.05178404010885407 -0.08082932741772635 -0.1079760228849395 -0.12416367418389375 -0.08187118818995776 -0.016976163047305416 0.03879385391061294 0.06294437976907497 0.0372004711089145 -0.005838686424279653 -0.0411016308744439 
-0.23698445554979664 -0.27964171872955923 -0.16389119185553436 0.009134202647859802 0.20443951941572325 0.3140213276147766 0.21238672316310114 -0.022399099834126635 -0.13087868267293606 -0.02595778136382354 0.11555742117383533 0.11883989837981676 0.024669533308860903 0.014136311888522046 -0.06679269310498208 -0.14244242631834803 -0.16350481468609313 -0.1139132302681749 0.007053335921516431 0.07459391454994323 0.05129318134438297 0.023444959901099297 0.001181801999294722 -0.028464450467696453 
0.18364191306091016 0.2951729796913418 0.3244335781809462 0.3193609673308886 0.27027126284381964 0.08860290076248498 -0.05526487243963432 -0.10518201181477552 -0.12339379797075688 -0.09862252264483173 -0.040262651314078704 0.06388494343342331 0.028946488979120073 0.040321054857419845 0.028092939684513357 0.019596242084065314 -0.0011732867575450039 -0.027165420989563243 -0.01575109332805777 0.028281599956556092 0.036212613558179174 0.011482698201865342 -0.007281595223268364 -0.011113431586955089 
-0.10972899946690085 -0.13839486570572568 0.027519229946265433 0.18354897150636695 0.20907389539709986 0.15198114498110943 -0.05340627231043217 -0.1238258098425513 -0.007994492667455166 0.01931656714500042 -0.00455335197255325 0.006002995653882577 0.07243556053327775 0.06057560237960232 -0.010024996661329019 -0.019077154427215248 0.03090318174746387 0.07098397801403904 0.0829630526812614 0.09482722800883216 0.10522968542358944 0.10324949046926946 0.08419034335176305 0.056048273456414506 
-0.038266080998534235 -0.08838547147315357 -0.20126815051085534 -0.31419175824791523 -0.2914071621965927 -0.1283978365988223 0.06039237618953988 0.06059841093432533 -0.0017036309166473529 0.023595102191756895 0.039621628979582504 -0.005137021941157893 -0.1746574109159383 -0.15639623621630175 0.02653652082770397 0.13496786511486916 0.14032517644249556 0.05747525598572208 -0.0739719824787118 -0.15217491806611225 -0.1076467121442959 -0.014394353015735327 0.06297552468177868 0.12291100726725986 
-0.3433371401199077 -0.2695893002861185 0.12903466247435347 0.38314202871890746 0.3925691866935378 0.20956976225331314 -0.09433105919527018 -0.38977099523517356 -0.5074128224707591 -0.3968150651899262 -0.17695574902828443 -0.014793939302136155 -0.10623933933162011 -0.10890505494056124 0.011801410374704094 0.08632987094846693 0.0718702433413841 0.015265307938394035 -0.08112280293859415 -0.13591631317595151 -0.09565759638539413 -0.04552038617412737 -0.03311228774578245 -0.03242449146720883 
0.8244182161352285 0.8299589056304435 0.19406629943379028 -0.18533915661998912 -0.24245191213188605 -0.11261717583078312 0.18711346843892007 0.4843153350798723 0.44925550336378284 0.15262635256983756 -0.14298802683154915 -0.2944496108903469 0.09721328537561662 0.1290569212319098 0.08192924469094949 -8.497277233040871E-4 -0.08060534960731745 -0.07739212265932871 -0.009633165874168162 -0.026570870213963437 -0.09501102510321506 -0.10570984671302523 -0.06952047157904989 -0.05276161554223141 
-0.22235313003892188 -0.2708518894358405 -0.20555222615016966 -0.1398669421529969 -0.031014459659405746 0.09829489078190773 0.1266015903806602 0.07206466761252978 0.05349872934851212 0.09136210047834216 0.1860883391703599 0.24793276453010354 -0.023222812215183186 -0.01784106273997943 0.027553414934449443 0.07878350722220061 0.1331786708814341 0.16002905664490402 0.09808779935193868 0.006488730646934023 -0.0807793829347075 -0.12201065476690104 -0.09020501797806611 -0.03965135903724125 
-0.390397942165877 -0.4749249405940219 -0.27976244027144226 -0.0501380896420508 0.16220070980183143 0.15941596711486652 -0.021174450975920828 -0.09060680984763603 0.0028736684833621517 0.09663605949669837 0.06666099961741004 0.021784472769416516 0.25665869323160484 0.21705824388478004 -0.06054609353606588 -0.1919223140743398 -0.16024723446628 -0.07552544487738984 0.02354201911206062 0.10603464825023619 0.1479844778524206 0.1226244851963958 0.04991498283758398 -0.02456910997940247 
0.3337393756761946 0.4363758110460525 0.2832887875236214 0.07919097356333649 -0.20929313691762325 -0.40653397915422373 -0.28445049754366575 -0.12177611471222147 -0.04188375622642626 -0.002787954352653485 -0.011165208318565684 -0.05395690402029411 0.934991610950291 0.19585431471005377 -0.5758614660269781 -0.25966414389631903 -0.4270948531258881 -0.22262996435813967 0.10476683818563193 0.14239044869367518 0.12646763905130107 -0.08499385871345778 0.0425313715006602 0.053330618329890146 
-0.22360411641714428 -0.17482967626484314 0.1312840732050924 0.28089882774486363 0.3274291298960627 0.3663735937694521 0.3220134550649012 0.2631317814915393 0.05299331259399023 -0.16817207560385197 -0.19410620159983827 -0.06979744667694064 1.2381115437699668 0.954455278174763 0.1759331171521454 0.3341656942595976 0.41881344404570564 0.1771211991436781 -0.06647309176358747 -0.14269920568648878 -0.09346884623009503 0.01784735493383797 -0.031400810329443744 0.01688933162609228 
-3.1107248757641615 -1.0084624657305912 1.3165089151924971 0.47360703084250305 1.1676558896711429 0.662705970529034 -0.3592928771966466 -0.5319759741380834 -0.3509640098607051 0.4787477441689907 0.18887782527700345 0.1337318692636117 -1.3000808622910467 -0.49235719980511156 0.6265817311556979 0.36750792067428467 0.40596068988941236 0.18846323877534243 -0.008600390594471615 -0.060967691075132925 -0.09668641532308654 0.01518555236373717 -0.0868722920076429 -0.06487737634693562 
-2.3825004477556 -2.615871636729989 -1.3241718555623163 -1.2498432010604268 -1.7827141356296685 -0.9065676051577967 0.21566601414133202 0.5425907369247612 0.4378203339907867 -0.19767385456563763 0.06084191380795667 -0.12272790875081321 -3.3058332141578917 -1.8317763430639271 0.8238772774241682 -0.014012191780854258 0.4053648678034319 0.46356757655410835 -0.04461401348248236 -0.08561258220975755 -0.2779162029908136 0.04530504764171118 0.00473078553019927 0.0245962295918882 
5.313430128218562 3.13396839069396 -0.868728441559768 -0.2579617740568725 -0.3721035738229945 -0.33545309601662665 -0.2054756052984663 -0.07860251920343364 0.05576197904443514 -0.03359372196297217 0.12197761000046556 0.16714045605744907 -2.2620015749432785 -1.3570407300761327 0.01498206284247742 0.084775635393664 0.1262106047477464 0.0863882665721889 -0.21845771663113558 -0.20102438261354796 0.01612335218959841 0.24160480278795934 0.2050187894692085 -0.02873986628794073 
5.481818024065168 3.2492839247146623 -1.2477290806912793 0.6887198055371142 -0.11878574176716428 -0.5252496026200426 0.37894685956325813 0.2932828006534871 0.6833789271138608 -0.04791648546300409 -0.17484845055216713 -0.16029042884952394 -1.910288291932354 -1.0428270776100066 0.17516804507203965 -0.7644306061682918 -0.27416164049370306 0.0605807220591017 0.012293392166660302 0.11519512740384481 0.1380840154934466 0.048133906137783365 -0.024249228505037912 -0.08832886832615165 
-0.25687938684471057 0.13008194377548143 1.2333413392295463 -0.7500013786372595 -0.04294012150334847 0.2128821695435903 0.21443984998579718 0.19575114183819758 -0.5221133629910374 -0.32094534874620406 -0.30833336095056024 0.23873272817678926 0.9007090388066828 1.2991960511586742 -0.18733323224561407 0.1515735827250725 -0.10083798085106477 -0.0892276457655924 0.09019275400908984 0.08685571201722958 0.1528328243520021 -0.04378683555275226 -0.09337245783584773 0.0010827314181865906 
6.133519185573098 2.0145528195592703 -2.9007108811730924 1.2894684197346422 -1.1248109403083824 -1.3624774041152103 -0.031171890000780633 0.05982852419241114 0.3125059585281832 -0.19839975958737177 0.3487450847985833 0.10646256016797162 2.0070500168248047 0.9116796395256603 -0.838633812730094 0.03724414853083924 -0.274121941817383 -0.5549731522815272 0.3092570176189909 0.34280080304207045 0.1848649129974956 -0.1095866352408967 -0.10371951525087664 0.0282912374062273 
2.2854524310445488 -0.14625421020436669 0.5197621554179808 -1.013056829330854 0.4334229680008088 0.35084374202773444 -0.27099449254371644 -0.2224425170245844 -0.2173000097187323 0.17300842175746844 0.14029821583263347 0.030515767294141516 1.7067686276810934 0.13058373941910043 -0.7646971466582236 -0.35037011850393807 -0.3642131470320234 -0.5278473767778327 0.037960077740232114 0.27631756623127823 -0.027284196675131267 -0.19969070228930028 -0.08328460413611984 0.2039178545739073 
-1.810497935353876 0.6524130831276054 1.6249619494047853 0.7085150852913937 0.46539853893290606 1.070689067982467 -0.3061070220289576 -0.5260227790413333 -0.02362248851477855 0.03386653500784975 -0.08800569319113405 -0.14105566062688196 2.5406698084879777 0.6704988871942442 -1.1790587129595267 -0.010255455613426593 -0.49089519155081335 -0.6336448204778331 -0.04212807080790435 0.1845464261135299 0.21612151232601537 -0.0012915130627358755 -0.016388820117051322 -0.07760826250651422 
-1.405176709424504 0.4194005937340126 1.264596363915278 0.5915856440961789 0.2545945799720776 0.5798410638282495 0.23802718277918933 -0.3402759052387647 -0.2721965494441627 0.16199361082408603 0.15989584045265792 -0.24926172514750583 0.42861421663517224 -0.4865794418598532 -0.004051146073933347 0.024797149647848887 0.33279168190156766 0.10081857515344626 -0.2842808070604854 -0.14219659488180664 0.13241612606567185 0.32553998171933857 0.11358329288169626 -0.13471689791698452 
0.35682433034369154 -0.2797712439926521 0.2640481534568391 0.5179135498614056 0.4372888283584232 0.42395839641803135 -0.15929851523852046 -0.43489406004108844 -0.3084103085871477 -0.18901781493247294 0.388112732839725 0.479176093908338 0.41942630742264253 0.1406640528510573 0.07649237128110535 0.42822634676061466 -0.019827371242643926 0.4480157826416715 -0.13294310040375684 -0.27808328732040694 -0.012540699375181921 -0.06165097444993495 0.10275691018174676 0.03616921214245377 
-0.08405135170975164 1.7795762789353216 1.212372491613754 -0.9921475105594064 -0.5508972224166527 0.3717533523496135 0.5084436752425212 0.15858290812071307 -0.47215447787956316 -0.6921693484303859 -0.43851087582788484 0.12455058377748512 1.944766765481198 1.3829994045832805 0.2341190363239988 0.7008386721399978 -0.5984027467600908 -0.12823046749530617 0.15713138562451254 -0.5020013880361159 -0.24518908126144248 -0.19104990049627704 0.2505692956563385 0.11108222787432444 
-3.7293395364791797 -0.44966691802622094 1.421596771712231 0.2157026223373424 0.9276265538552029 -0.16931442420322962 -0.042485967049353035 0.058797676240148644 0.11397857382846743 0.6459009379848906 -0.09707306559610296 -0.43646945151673877 -0.7601452930724051 0.4746185020184199 0.8792644061069675 -0.3488228466186911 0.32065791576453867 0.5330223605347356 0.2176562440017297 -0.20658795628758878 -0.39340589239479495 -0.20279849627669835 -0.01977034152103237 0.12850078052778258 
-5.196395072456662 -3.6446497829990445 -0.016535054184414477 -1.3598249085617828 1.80463395750396 1.2611688766247986 -0.291773248188932 0.9188823907289645 0.2521762531323572 0.3176839358542355 -0.34921914729844356 -0.12468563605794081 -3.127911259018481 0.018445729731811394 1.5186197430251342 -0.9665893242694304 0.5633968836112647 0.6498017318948283 0.02014186975426846 0.10378970572488966 0.03814477282851849 0.22180272642030338 -0.3928312483232255 -0.1478372050844111 
5.193432069934362 1.0084862809192714 -1.7592912919649792 1.7482207887186672 -1.702450508895499 -1.6198164473237682 -0.412158785527983 -0.1952799324824478 0.5096420030912768 -0.0855489682446886 0.40277789313810153 0.21829186224270325 -2.3518596707720643 -0.6442868361414584 0.8389467238355536 -0.32664005102374283 0.8933407343327951 0.3874663208070452 -0.30813463916933853 0.2857327053676096 0.20719195876672067 0.3439026283403754 -0.08835683524842985 -0.28379499126492125 
4.838296622138921 0.9951624902671412 -1.7530427056230438 1.1413613790582229 -0.9260493418750961 -0.8524008317746019 0.6328544752190308 -0.025747404692657683 -0.7844205109965234 -0.9918525745765066 0.4900573897746897 0.24068154215099746 0.661759366653491 -0.44478547853012707 -0.609070111652811 -0.29309393675820905 0.1494204163361609 0.3634274667890267 -0.19300852273538127 0.2651507788456687 -0.03993153395451502 -0.13833184979277077 0.10098349961122727 -0.014901804184492476 
-1.6911063714607781 -0.8367125462349385 -0.2269895740751151 -0.05497036840143199 -0.3870539994536544 -0.27492853242466486 0.419604088754681 -0.326085542151869 0.010701079592745799 0.26896130817913555 -0.25164082838738006 0.23223193317355584 3.4230139167597695 0.7167597937332735 -1.0972710717812026 0.42461257689673176 -0.703419230862374 -0.5606995269870935 -0.03068076145920377 0.060055803495828675 -0.2504048199761801 -0.21393037492666026 0.3844481073761557 0.11414144658265879 
-3.7394039517195647 -1.3876939338315584 1.0445244218290863 0.4210524802728939 0.6986744537745548 -0.5015574811918331 -0.12862911712412028 0.18883285902666902 0.6214413167451678 0.5554243470206357 -0.3249602853693845 -0.08695025896988967 0.5600181874431268 0.04406476592678862 -0.6931116631883262 0.1988414186357644 -0.0022193126208582084 -0.4278876172733653 0.1671829890081787 0.1649497636224363 -0.18468518494161934 -0.2231117192163419 0.08673209703348529 0.18597684589415953 
-0.7867593934157036 0.049635111768800755 0.13373835965256342 0.8345375074211363 -0.40455471413320243 -0.11313954165387208 0.06062529502120384 -0.48273747482959717 0.5579255491489716 -0.21739630426327894 -0.34305759141832853 0.03968342305517045 -2.4487393409736837 -0.8163845052201116 0.21346585267257756 0.016527739286789227 0.40167336378441526 -0.33923764301199033 0.14638704080069354 -0.08536437508133043 0.2571205047300838 0.2073430911480365 -0.27256168405118086 0.15733072170843512 
2.7060685707870036 0.41979436348490573 0.14592831707809562 0.10008318523964554 -0.9106410466727475 0.3503675246600976 0.3107949050612333 -0.44227072922110255 -0.5039771909497783 -0.07933861070627357 0.27556948018970806 -0.22097474047228838 -3.0580532839311427 -0.07639975192185873 0.4271557515376097 0.500657646367075 0.37756652218151593 -0.48120671411554355 0.21190069872356024 -0.13483873332385035 0.3807811650316711 0.14010426905205656 -0.3184415840739306 0.1085407350202673 
2.432375390206989 0.7086968207671642 -0.41808907971735243 0.0559310612548245 -0.787416340583249 0.31682189368534075 -0.23926904474007638 0.24555937721600807 -0.19795118075003248 -0.03568648640151939 0.26577934098661615 -0.17274799120055018 -0.36185653240789684 0.20546225764638346 -0.0050835871192288495 0.368488097114341 -0.07091555568942676 -0.20637727972249706 0.24092939375872738 -0.3484056225701244 0.26846148249512897 -0.12408377787156401 -0.05610984574844383 0.10588917559772874 
3.825188508262517 -1.488025532565164 0.038970886901215085 -0.6916172357451753 -0.2425942995449697 0.7270819434851913 -0.614384043414161 0.22920063297541748 -0.14296381340034348 0.04425663093358623 0.32594600064993495 -0.30635675690283126 1.6375178780687996 -0.0627815786919775 -0.2031961357112082 -0.23172051035465438 -0.19844338314833232 0.2077905251656119 -0.08171734479678523 -0.038166377730489955 -0.06900362543857659 0.005502798085393751 0.18887703595097038 -0.08343488071963358 
-0.26074976492976987 0.38715828685468523 0.20246783609869023 0.12492342657052369 -0.525831420628811 0.3176350881010721 -0.19957341201728118 0.22674371178251596 -0.42796558711113275 0.0930574085314832 -0.19991631440311047 -0.23529309552274436 1.6899119838206946 -0.17682966748505594 -0.5575694352015427 -0.34190755969725545 -0.29678495215002193 0.5097222469370394 -0.28863679373357687 0.4625600866424437 -0.15739432031280956 -0.19894319880684588 0.39137121631616417 -0.0671587603387272 
-0.8599224858510155 0.7689083665170777 0.4452382663036989 0.7607485336457591 -0.4461033572049695 -0.2734106480446037 0.5360991230901915 -0.3183637633128866 -0.1819591114534984 -0.16021895242895612 -0.05821379996833975 0.06060245384770946 1.3891286737904878 -0.586679191327376 -0.3446674299075438 0.06912287071038155 -0.2946188594354009 0.4911198529117988 -0.25398859398926327 0.3864317306562947 -0.0631098277380568 -0.13825258865216292 0.18459588293173612 -0.1405716091281171 
-0.29480506419832864 0.11071887368121125 1.0514855361860338 0.3554708556511237 0.2046930446968167 -0.7120985513608802 0.051399753208478005 -0.8683386845671708 0.2937294292149737 0.6633809017002894 -0.716254407652739 -0.15475131555963895 -0.06675642984682699 0.013352369740438222 0.17100222029222886 0.4374519438903562 -0.278364500869462 0.04249806451531742 0.22951031385323817 -0.10957182079683199 -0.19428294509578592 0.006445022972256516 -0.2111825511985118 -0.10141478538630484 
-0.3251698634746667 0.4102317480037012 0.6484643265801746 -1.01425956241662 0.2760000460984191 -0.23141079551922905 0.022095155940749317 -0.38255336081862334 -0.3144818383492263 0.17385265030567187 0.0303273984795408 0.07508718049996727 -0.37443775441382715 -0.06805647279989557 1.0014976764467438 0.3009527158031097 -0.16405054438141375 -0.13290472729664224 0.25228892108999396 -0.5438567544467003 -0.12994969152639527 0.09507944648045859 -0.3580781506754587 -0.011496860147186353 
-0.3278567865774633 0.5264394868900588 -0.4121518549162342 -0.2999283570693554 -0.05178961967211926 0.16914096829243253 -0.6311023700022746 0.5875539729258803 0.22114461162408888 -0.09331346175260034 0.38936073996848464 0.06170889731004131 -0.3408224119289572 -0.2348232087765559 1.2801918194465236 0.10897102688712042 -0.15369395531561736 -0.0777828974241092 -0.07436173518020885 -0.6402416914897754 -0.007937709235447121 0.29626220489381755 -0.4984758457588015 -0.023071094401432773 
0.27991663858003335 0.7652174783123407 -1.8274360674853982 0.18558999259666953 0.17428960812373973 -0.31531622598133335 0.12048342142558582 0.5852601712806887 0.2441823719211298 -0.06711011014388699 0.46321307824742464 -0.01313707214557161 -0.5540855632921519 0.18983495490695526 0.35698437357964535 0.1306900697489423 -0.15728992741681327 -0.01081473590926422 -0.11161137514070611 -0.28301342627846815 -0.02354954244741267 0.11974891459740396 0.044873429215415817 -0.05087888354732218 
0.42511892056119294 0.6376956348565592 -1.551139725120751 -0.5713670025168823 0.7166301296310085 -0.43679714385750046 0.22529082600668632 0.5684796238524993 0.038210451786136995 -0.10492433275638385 0.5627302897397237 -0.041425906032571194 -0.4370161222818165 0.47127595970359487 -0.5096191371897437 0.5791106348479391 -0.20146065473081642 -0.03742905123873711 -0.21454517200643886 0.17442957484775512 0.0753188237886037 -0.10855863044871833 0.3890261691969877 -0.10596565529062364 
0.9605989728324609 -0.2149011907004148 0.14700514094349715 -1.2706104489396834 0.3636599536972951 0.1040024682835301 -0.0712673166416129 0.47602409255347156 -0.15236613108801234 -0.17958865798464824 -0.1909776640523262 0.2792912328132401 -0.1487134964647693 0.45663950007660503 -1.0295714888530634 0.8135724714858896 -0.19537220345915784 -0.04868211980449474 0.015158352283580728 0.22652049348674663 -0.095187072790623 -0.05350389534007483 0.42175464957411685 -0.23491040289926746 
0.6428504131417725 -0.397329057714348 0.12948495243854952 -1.3091600408449964 0.45790717173355233 0.07176877487621214 0.10840851505064131 0.11888328774622359 0.19346239176284885 0.28860170351393527 -0.45062239647260316 0.23339171070250642 -0.49590497616177903 0.44489878070919325 -0.20822968249889842 -0.5814621795865236 0.2893460556310478 -0.1909053294388691 0.21129834783149867 0.24722540201880328 -0.23393472691865735 -0.03269515348382304 0.20770415018437194 0.0698289603497932 
0.6171913816840515 -0.08718867563202082 0.42096606029414185 -1.8862309026969422 0.8897676974499413 -0.42355282593470545 0.13344952005286614 0.13049685887358664 0.45211762030464286 -0.10336144225882204 -0.29537452736876224 0.554185328184692 -0.7463171225917898 -0.5685527219771682 0.829215886353078 -1.287678094847078 0.8429447416306863 -0.3487937941794137 0.3638243424649295 0.10863351223218838 0.03281517632938136 0.2121005739110371 -0.5392739315315745 0.37281841701350044 
2.0845376446207347 -0.7608569648052175 -1.063431137299378 1.4808297631213176 -0.41446190913845804 0.3996964915682246 -0.5109626358350492 -4.3296536396808527E-4 0.4377727568457815 -0.044952480167827824 -0.008183729155174069 -0.38835983476767677 0.6358256992457125 -0.24952094089315166 -0.538833213047876 -1.1235252949114567 -0.15339748838071188 -0.41939437099291893 0.32285499274746937 0.24636945102190264 0.2791326593715652 0.18841115655845564 -0.21879036199446508 0.3325708941670488 
2.478706724868349 1.6725209287765246 -1.744184473246773 1.1974289336183932 -1.7289897307587585 0.9864199924757648 -0.8530547685935561 0.20978168241200223 -0.37296684261762275 -0.6491132878768779 1.2056247968836826 -0.5282882454921697 2.6326891532307077 0.04456771936981537 -0.6006648173485084 -0.3895206741029664 -0.3103617325959411 -0.027175883838270503 -0.35083222745387727 -0.0051754620836367655 0.2558840450070638 -0.16886921099825183 -5.943043714181454E-4 -0.1692338520440612 
-2.195384356187514 -0.5286210372391658 2.828559858352635 0.519585925731706 2.227478350980038 0.6249654786497337 -0.3669043188685557 -0.6598674770886921 -0.2313933548907139 -0.0037558433524036428 -0.5447509726154304 -0.22308418496020932 2.847145200050796 0.2942306687542861 -0.8279241045568172 1.076399132708911 -0.07811364954919627 0.5385073160607974 -0.4181313074135753 0.07929865774627269 -0.05688461056336933 -0.1661938382698186 0.5448687272591372 -0.13837207106225216 
-5.140915077603948 -0.3370097975244928 0.2769650145136606 -0.23704696169323697 0.4998827651785165 -0.4546596679606485 1.1139170439312513 0.47574050098685894 0.019048541151699183 0.3826478723282214 -0.025307992524379652 0.9792490594131419 0.885846662012428 0.8144858135415527 0.13130431335610723 0.5897670780714525 0.2533927735197619 0.7040062915182751 -0.3312885171388758 0.12996801743712313 -0.14795147596815098 -0.2781157657932112 0.24034009361130151 -0.24417304132378082 
-2.647087054295505 -0.638783607917567 0.40976643249085654 -1.0311296873496003 -1.2945572084595067 -0.49528562639596085 -0.24005461985672716 -0.3713083478902145 0.41241889665122855 -0.06225154546092174 -1.0273235162285541 -0.727012274033576 -0.854471761821152 -0.030948989457152926 0.8314709900581138 0.26151190729972207 1.001992933980715 0.3413012376273758 0.14696822730276904 -0.20274576220323262 -0.1702061983795233 -0.028100735088236167 -0.2651118890122006 0.15452969408452796 
0.04701808788506057 -0.7158552265089329 -0.9287007003842054 0.20348550594468923 -0.7281502715982722 -0.5654733295562133 0.07738593331715715 -0.324401934498606 -0.251018540484141 0.2144818605570146 0.7258907878563399 0.45619492301585607 -1.2163350648013986 0.3363192902989245 0.22465194130673574 -0.2809296867507987 -0.353443260251052 -0.2907779065139688 0.330931120588258 0.026803246533914526 0.10364535665025065 0.15621811228892127 -0.028307800367995222 0.25511852008039954 
-2.225935653468562 -0.24635135437548694 0.9369797456272264 -0.4852160299864232 -0.16448393257371263 -0.3435314034346113 -0.28954344546981564 0.34844102726373827 0.41425878106577607 0.16462936779790827 -0.12501469576918828 -0.4251461990151502 0.010713633012568557 0.028710110178636967 0.0713865006442752 -0.2774768697284606 -0.8532012310717562 -0.3878571244847154 -0.21151006099119418 -0.1415730812636945 0.18120840009625058 -0.0314429222619025 -0.157882311287428 -0.2419600107971254 
-1.7024855836132233 -1.5421837951923063 -0.6605974659747316 0.3327852698775708 0.9951759079887754 0.34179694010058304 0.1458680949730215 0.03545607380813898 -0.29280747100632654 -0.19944692116795742 -0.39153900165007693 0.0629604616627303 -0.14829878586019288 -0.16280914204140448 -0.07793187677122275 0.2399931012741594 -0.30217520422670796 -0.5381837287735233 -0.1717413580486937 0.04164860290447416 0.040565893074008395 0.09234498789524619 0.11604179559417623 0.1253314567133819 
-1.8044761175840685 -0.31174965411179123 0.06155531335329406 -0.26334896013065934 0.4033833949622381 0.2146506122297872 0.3602344822889232 -0.12651810825250348 -0.11031183837643038 0.23904161218727177 0.005038312386938304 0.19548498903436304 -0.5767774509444136 0.06000388443015684 0.05508568717790056 -0.34204636500240504 -0.06640193079150462 -0.1559977388053822 -0.11871965510991404 -0.038159275343098466 -0.05205512762768997 -0.09013666590408702 -0.15196149803000392 -0.06611114177691663 
0.28118467752339243 -0.1947286505165673 -0.25719285393357094 -0.627427332805671 -0.10555832268612364 0.769986848932157 0.26772104358386883 -0.21186817545390757 -0.110430909985063 -0.09975922532340573 0.31273889699574786 -0.2301150411490463 -0.5487123892062735 -0.3878759273376808 -0.12758926596635797 0.10673031721063514 0.14746384686752323 -0.24178413626521048 0.0015304143942815502 -0.027839731841429394 0.001968165693592409 -0.0571286572909403 -0.1606999089186141 -0.002156347098600612 
-1.4874384312036293 -1.100090580003827 0.5700203780729445 1.0210293663624128 0.5850889751382508 -0.08963314143425169 0.00568904555450285 0.586580977924057 0.4792358834382142 0.38519551758789344 -0.021269151002088926 -0.08027502227851203 -0.9086350340490795 -0.3898524984878356 -0.042530789244303445 -0.3060428171614491 0.10559321878729015 0.5195629188017087 0.5420597927315111 0.20404034344831193 0.11758046350919042 0.2466352901776577 0.0859178798645935 0.10744223594349807 
-0.2148672591846224 0.015614449766753857 -0.5320622004354829 -0.6295948450008707 0.46193157729819934 1.2192912257282338 0.318549570157387 -0.23757427375585305 -0.593485828994426 -0.10113790199544737 0.10371445680027896 0.20730950861496966 -0.31195936527170726 -0.22995472044972484 -0.08947462548410819 -0.2393657884373628 0.32482856452261993 0.4345868990655611 0.09427811438571314 0.14243300728150024 0.046567726192908866 0.10611683489251766 0.14527519823658616 -0.15154518733825725 
1.1694549529171776 0.752636291210055 0.3265823543371604 0.6558632474512878 -0.19714121139179386 -1.5686903325733774 -1.291359159192369 -0.7257860894464665 -0.22152576939932006 -0.5001749200096804 -0.14820310710910775 -0.34555399367813916 -0.24635179406778837 -0.20667250490706782 -0.017173557174597454 0.11769970284256259 0.29958176223794086 -0.033354892257248255 -0.17292071256894306 0.08510584622818833 -0.0780193744268209 0.13795522076035874 0.07586846040803592 -0.11775628445746765 
-0.11138391872188924 -0.4312279247743338 0.13295003438664565 0.27325309196198 -0.6889289229889612 0.2057547473050365 0.6334108028001654 0.017016336386853403 0.10024673785497756 0.02457548879782817 -0.05961971966050117 0.35716000656553903 -0.05849192819463558 0.3738294227333722 -0.05065676683706882 -0.5722843273943736 0.23762686186205587 0.22628564522498198 -0.16199354314321995 -0.027950509552233032 -0.31113588644862633 -0.21442549785351273 0.03061396895106466 -0.06615865488178867 
-0.8001247192316308 -0.25665187801207967 0.2890349321856726 0.21650628935329963 0.26177393856800846 0.5171997745490917 0.3670205669399429 0.20396813416813875 0.3664277232939751 -0.09152684008982051 -0.16720744399580661 0.19806858211860623 0.4570811471433213 0.30239621453151516 0.19873144936472573 0.20998002629766951 -0.2851542995883441 -0.5532470299928351 -0.13370760451938354 -0.06043923868544854 -0.06702108953595626 -0.17723842148923072 -0.1287063398974825 -0.12490188766367816 
0.9453983614736885 -0.6012297338222954 -0.36131818884853256 1.3069366162312444 -0.48040658326786945 -0.5025107635079468 -0.02465966347910907 -0.6185998569064566 0.0459450840048054 0.33781455160516083 0.021374718390434422 0.13397418536196293 -0.08394529924014982 -0.1869488702221893 0.41667127539677096 0.8033112550965201 0.16608889894942477 0.132030312487084 0.14995121202743575 -0.06176523742544643 0.08231709922167098 0.02082602188350149 -0.024698737639824508 0.13794620910501482 
-0.7301796286105753 -0.06955144786050971 -0.02247788213942775 -0.4909185935763529 0.5540605175126925 0.4451835128116196 -0.5612011124945813 -0.2266602767434659 0.006688326133634792 -0.12507918694565462 0.197418693557872 0.14074457991468337 -0.11443625419171577 -0.5494707873808305 -0.1583586529298216 0.5499534434913543 0.13242607723903801 0.1446135910132577 0.02775385770739543 -0.14258382101545666 0.22332395132975183 0.0789942480015987 0.012740651117805738 0.10362333876099124 
0.10547943368803248 0.03606847081644915 -0.9613073846411171 -1.7829682318627542 -1.3333389093095775 -0.15432805928747945 0.6476680064351202 0.417626254118995 0.0331651387701348 -0.021126403424759244 -0.16783657551786696 -0.028016619647543983 0.6120808300031441 -0.0016203673457306038 -0.06942238548459213 0.40250720675530083 -0.22003751125015733 -0.0390405937407477 -0.036030434499140854 -0.27507867195097785 0.05680350859414163 -0.034526338994625906 -0.09535384175491017 0.024314647725639477 
-0.036856492763655435 1.0731113818110396 1.0641054888714296 0.11159838292623614 0.29096186987174844 -0.090732350600915 -0.05240484113935806 0.11360654170178297 -0.29715415807794515 -0.14903910657965655 -0.11082375039507314 -0.03180603165961404 0.07392033852108833 0.19603440349158752 -0.2889348159626146 -0.645000433155508 -0.06962677705073621 0.12337851800407718 -0.057133676946152824 0.04882455159612368 0.008600368959670047 0.03056767177718388 0.14906078231675204 0.07795465960942007 
-1.2375056964592037 -1.1677000466208782 -0.6963427179001849 -0.2018434922859526 0.31125527430307454 -0.11743105057943637 -0.1709664956592981 0.03650274972385248 0.02745580032817048 0.45337352840603956 0.4615574656316375 0.1473055479721932 0.28818125992564325 0.18752993245987817 -0.36959427010173135 -0.830644425407904 -0.8114721280229235 -0.2436790294755362 0.10967807425242891 -0.009245587164717775 -0.06750206363554792 -0.06177333993473846 -0.007886913461049111 0.15301262209562116 
-0.2804480791002222 -0.05577039961660857 0.71184423237795 0.6535203361017705 -0.05935624314142496 0.05659945444536657 0.019517169391086386 -0.18257217933426567 -0.016258111524393187 -0.45403216819260567 -0.5644606739671364 -0.18078048272344543 0.02121587295332983 0.22923738826476817 0.2921689814777127 0.19556628675742704 0.13272963689069991 -0.013079604037543288 -0.02123261345009995 -0.06257162971709036 -0.12613802845446245 -0.013702649095978486 0.03697094262657576 0.038354428315976435 
-0.6372685529206139 0.037919564150638685 0.32360605391081676 0.4380040677731904 1.2762365312657793 0.5030431266159884 0.2826727784126113 0.5934523761311726 0.0952233064000026 0.3166901471859307 0.082642626651312 -0.4125672604024918 -0.49582711808662544 -0.49583867310814195 -0.1700333716939033 0.1056913448627509 0.20196652636298262 0.05504539215206583 -0.0709239045782535 -0.053183028886877655 0.02067353515970835 0.0553559747956893 0.03289643027964937 0.02771067732897652 
