0.0 0.0 0.0 0.0 0.0 0.0 0.0 0.0 0.0 0.0 0.0 0.0 0.0 0.0 0.0 0.0 0.0 0.0 0.0 0.0 0.0 0.0 0.0 0.0 
0.0 0.0 0.0 0.0 0.0 0.0 0.0 0.0 0.0 0.0 0.0 0.0 -0.0927974833414084 -0.1137374765805624 -0.0236269135655441 0.0459990898462577 0.05041814729085244 0.04012308728329574 0.01806626262993999 0.00988458872730405 -2.587699776855912E-4 0.0028390092893544514 0.027097048352599972 0.03418042034916752 
0.0 0.0 0.0 0.0 0.0 0.0 0.0 0.0 0.0 0.0 0.0 0.0 0.14886856930073167 0.1383123217153659 0.03426786604837658 -0.01566116008005374 -0.06424209170616925 -0.06851253777320307 -0.05668924809894113 -0.049457671148565474 0.01570337961756803 0.04690192455781636 0.019068674181562165 -0.03043679144994681 
0.2783924500242252 0.3412124297416872 0.0708807406966323 -0.13799726953877312 -0.15125444187255732 -0.12036926184988722 -0.054198787889819966 -0.02965376618191215 7.763099330567735E-4 -0.008517027868063354 -0.08129114505779991 -0.10254126104750255 0.07886809603627902 0.13713113426091836 0.07477278558407942 0.03137718603287486 0.05247624501051009 -0.010276110673176167 -0.01722048689019709 0.011684474250421984 -0.01653894327925971 -0.0575122020511351 -0.06517272892767613 0.0014477140794608712 
-0.5858019329143076 -0.5855431800169413 -0.1382439684934459 0.11598211500954778 0.2683534960547864 0.2657222442445528 0.19716713824173338 0.1631998965366525 -0.047498293819232484 -0.1364472597394174 -0.016560450015786543 0.1425810048735917 -0.03675965217824325 0.023415381079765856 -0.0024688657212134646 -0.11621329453255523 -0.07095443338744502 0.02516643131214455 0.08711009545608706 0.07229339656901734 -0.021561667235010674 -0.05409058470229792 -0.05122653248965142 -0.0391201848799397 
0.05629667834831675 -0.11862181277428441 -0.15519637250551532 -0.15212261560339846 -0.2916054830589235 -0.1020327901027479 -0.04692210845027542 -0.11665337101959221 0.07336597674739537 0.240760236023114 0.20379841179092167 -0.07563364467517847 0.019940414049732198 0.01690067695612496 -0.06547275878787334 -0.1698964860826225 -0.1573953610612798 -0.06076598121074864 0.0021657710075287475 0.013069498136354302 0.01925739645694031 0.007837535034156129 -0.04744585944186339 -0.07731416076711635 
0.22132684237268396 0.15967097801868824 0.12044515376471421 0.35570255662997835 0.2830388207555181 -0.0846675298100033 -0.26496862608803345 -0.173380387288212 0.028390168297862728 0.037633122161305085 0.011134819044593486 0.10390674645365705 -0.3727602810834732 -0.45122476889784463 -0.205393504484045 0.01652737304396129 0.08593502010082121 0.08952931597592832 0.020156969366337336 -0.024747075401724734 -0.017867056973823653 0.02996633156809288 0.10064603158677372 0.11387268793795642 
-0.1849931797684672 -0.08209668014450244 0.13795445593117228 0.2518319678988791 0.31358897896091625 0.23712356880963675 0.1703717812524772 0.0994278813214572 -0.09494011049631176 -0.11906982392089299 0.047198798737600245 0.14873835046381384 0.08924899231913397 0.008249429145633905 0.001200649269268032 0.10212338400303755 0.0635324588708301 0.08150513196717235 0.07528011791933091 0.007426850945773282 0.01806559142806666 0.03819167432449976 0.03350345900453811 -0.044266764265487916 
0.653123839394504 0.7498685603617017 0.33136113074034523 -0.1355772958734749 -0.2920487952575971 -0.17244388313942444 0.028049285291345066 0.129400496571302 0.09025592072409204 -0.04643122447169254 -0.24019873824944704 -0.3112230565097737 0.029461645329750336 0.04931801586837947 0.1129150862140877 0.2091714500130315 0.19514038081757443 0.03929120520768082 -0.0752602287289686 -0.04944989572652248 0.013225715945811045 -0.010337768849242502 -0.023807726656803502 0.018183639492774694 
-0.4273487971199952 -0.43846889138269285 -0.26425630880113493 -0.21285284136078453 -0.1946590516648562 -0.3026600093395544 -0.41927141789795747 -0.2903243657866691 -0.011763673749919268 0.16821738636611355 0.2289548134243276 0.26473154960300066 0.005839318212981078 0.03636321224602401 0.022058237572874544 -0.06404145689422298 -0.08594311837325502 -0.07790164684767192 -0.07202854990811973 -0.04645990121552416 -0.030218909612438394 -0.01998335188913261 -0.013527613322579027 0.006608650999372727 
0.25411971505919695 0.18990303603264502 -0.01719472251139531 -0.0394693887792843 -0.04825830638431888 0.0673506436415498 0.2556336596740897 0.1698454234454186 -0.05287519791276665 -0.07499717643447068 -0.008320008328359697 -0.008640771594260438 0.20819723232395182 0.21962054881253348 0.053919079689133564 -0.12146568899429351 -0.20101900447003349 -0.16721836063637033 -0.05452802257442615 0.0412774731974293 0.05497277262683566 -0.0048928899015264924 -0.07115633276103152 -0.04827063932091844 
-0.0030090722397568825 0.08879644528195385 0.24605766983841892 0.3959023850344528 0.44952308964404214 0.35093124596216546 0.2726652437854641 0.21858512153097137 0.06728217765943277 -0.04483679227210609 -0.02815772625520635 -0.022378744992060967 -0.09620688846283088 -0.12805561835961732 -0.10904558122968662 -0.06938712589786251 -0.06985289897779176 -0.13719985881765037 -0.16849209354220554 -0.11719771708436788 -0.04563263641417222 0.02993528498052384 0.09573991721130488 0.11357649941389991 
-0.18363772001747058 -0.17262575440822214 -0.08555309764683239 -0.07555784208821303 -0.01108285250194585 0.0024155711188266205 -0.15433497782708727 -0.2488866666798061 -0.11418532286109098 0.07477453455199676 0.1018265298734145 -0.02285599124948756 0.09411021228893753 0.06339804822850643 0.008257440950056613 0.07487936932415822 0.1411902098788528 0.21083389828283314 0.28085567658747984 0.18950859490057703 0.00791084133410569 -0.05827850327435281 -0.04756093394716895 -0.05750386829943674 
0.08015058580683121 0.1269623589165927 0.09705962245564348 0.013352762987267397 -0.0036880816726674315 0.14140710337475834 0.2911891814792477 0.2706348305290469 0.15578929796675955 0.003525675931308314 -0.11333820731047417 -0.06889033881108551 0.10012643785163118 0.14903688119255953 0.16667081085836197 0.20829628019876037 0.23966831777868436 0.2017134786671646 0.1219980195085925 0.06271922443116533 0.02613965216112416 -0.01479776212041387 -0.050104994029613555 -0.07791491232096258 
-0.06979075083090969 -0.019374065470193713 0.032531978329822575 -0.0728326857281662 -0.24522335036252252 -0.460388979913246 -0.5961953389352417 -0.4247052157553502 -0.1208612820687471 0.07565709928688055 0.17695303404078105 0.18712663021356205 0.03722371614235017 0.04225986837944573 0.052477968924269626 -0.0032775249672689264 -0.15543964228544654 -0.2174251011323376 -0.16312412822164354 -0.11616198619316571 -0.029831062409144033 0.09333578349359493 0.12401816320595234 0.08106410784425433 
-0.3603118703879309 -0.43494004276473897 -0.31299730072499443 -0.23034903374185167 -0.1524116147617226 -0.022806914523291977 0.1276013658137638 0.11833672277524745 -0.00779879922011165 -8.847882783063754E-4 0.08459400374995105 0.10637468123930195 -0.2221017698806181 -0.2229384167388159 -0.15152731525259752 -0.17178162290892376 -0.08889137733767265 0.023921695252384106 0.04467176013663413 0.08408647254474315 0.08411841438504557 -0.00266626322637561 -0.02392524338791117 0.006923317337646007 
-0.07507764034714004 -0.01845415870589351 -0.03795854282932232 0.05612563117815328 0.5295978408989214 0.7367978834648646 0.4168313146705853 0.17574834577659082 0.05710191295977672 -0.20302758382398067 -0.36919406527465515 -0.3536808248074443 -0.21216737423376145 -0.19365505933696245 -0.09157654184852444 -0.007483726248667166 0.1179263387699215 0.04203674651380218 -0.11055874541575196 -0.11641955711524016 -0.04787706292701616 0.019102779118030697 0.03380616873563577 0.0017867107263452493 
0.7490993402068007 0.7953176557508903 0.5868868287930085 0.46421847326087895 -0.12442454529037142 -0.5289514140714493 -0.3493394257335682 -0.28185136787115306 -0.18554754270263904 0.15086680716586576 0.23151107251097744 0.18074343668647963 0.11706229738528329 0.22647669216723232 0.18394319915993462 0.06061354325528138 0.06844831093848758 0.16028390318426558 0.1644923415969047 0.08536471582090654 0.00379921483382316 -0.030876234869466414 -0.004990076501879895 0.044505978722471716 
0.012005766573008891 -0.05353773671712103 -0.14268046088360553 -0.39766526048353 -0.6129959014079627 -0.33342696968057395 -0.026048706914319777 0.12464750091357053 0.11164427845356509 -0.057527035789297604 0.0020759934533605418 0.14458212031093745 0.07461289742297605 0.13067409347677664 0.08419151419659889 -0.02992578918607534 -0.074793960341348 -0.0031451723239093545 0.0478784003701932 0.06649153803409784 0.03280485660376051 -0.051412816435397225 -0.12163995435289417 -0.12241300936173351 
-0.7550404660038552 -1.0968283302608222 -0.8124659391776566 -0.18529421767685417 0.21354032357625669 0.031453802496630504 -0.14443564818449775 -0.11220700225596206 -0.04646762646847531 0.01899364231275133 -0.08607079610841711 -0.27627472748730403 -0.11906916585046146 -0.19826853308580175 -0.04487392018354567 0.1536787498858545 0.041545340288127314 -0.09258113586041983 -0.08398005399079822 -0.12153448725191623 -0.11051272126495741 -0.0243247226528757 0.012837732466185367 0.03398646632056122 
0.45315357048925975 0.5355965538696328 0.40914329856621356 0.47065934420524586 0.5849972874896513 0.4660307921525527 0.17074422478547052 -0.1085484511332982 -0.11085261496858667 0.01714744790876821 0.15451673209372463 0.24206728536464808 -0.16535751777003638 -0.27747224944304794 -0.2195781892197948 -0.08038782903794615 -0.0576637709351668 -0.09262553422597758 -0.12005435614717413 -0.10368779865125982 -0.05525810077110339 0.023604300562119773 0.10609988306545266 0.107532557276998 
0.8857329358000596 1.0955561097149187 0.4455967096187359 -0.43098007874107247 -0.8480571606035603 -0.6509368874067532 -0.19579572961106867 0.19935006990803 0.2572390678033091 0.18650373327545994 0.11677750579223929 0.03004145519794066 -0.03691952915861899 -0.15467233430880375 -0.21874339666008633 -0.038979528773560417 0.15519654963151902 0.07755675558372001 -0.059473681923091944 -0.1090139056551831 -0.07271533390095984 0.016220995339360045 0.04324926628803363 0.008328869263656854 
-0.3123083810188394 -0.31731320837584764 -0.1129772176224173 -0.033658842837582414 0.09079415348744618 0.28564497794905064 0.35979440224048814 0.27993236078535394 0.12556523363098304 -0.21209498295701124 -0.4176478066933257 -0.33117364286267886 0.458379280252724 0.5561122185862993 0.34130388366923387 0.12316562816661075 0.03464738555322792 0.041960727122072106 0.0373539797703947 -0.013626535612357049 -0.03462080535415379 -0.032938913814025174 -0.0021106948435910453 0.014976195943852735 
-0.26155090277394866 -0.2063564462116707 0.10482450889691775 0.1838034621652412 -0.004947758317197792 -0.11102355715277851 -0.06053969114273072 0.020594308750261192 0.053469450934619356 0.08495187172756091 0.07026367442100714 -0.01464087116461113 0.6499502316787423 0.6732373773804626 0.1877096166524779 -0.25910251021861513 -0.463405266257569 -0.39022390475484836 -0.12156035440610853 0.17151862152487882 0.20098332728945212 0.028037186425515174 -0.0810757220329526 -0.06300410641424779 
-0.34834235098190813 -0.48178382392597063 -0.4443822520805789 -0.20622931074774326 0.05950042968678626 0.07019194565934911 -0.008945733759882557 0.021709036282657357 0.09489460952821954 0.16674012012479325 0.18410573231011385 0.21947986071436576 2.816482875574103 1.2109887076586365 -0.3828990769560456 -0.7956049385980988 -0.10889502802740479 0.09928196289423592 0.012467896038082368 0.3298366493966678 -0.09564491394149362 -0.10159803452917038 -0.10867067267105573 0.0036957150871583244 
-1.0461007742546329 -0.8419207146514078 0.04817037689038295 0.43261268586985346 0.5578055000694766 0.6274613430026427 0.3532554016074423 -0.18609413241525807 -0.3303756020136656 -0.08702537754198783 0.05912790238937731 -0.05627297734783829 -1.9628536079270804 -1.3426163314510229 0.3760405249348541 0.7212711656534236 -0.07222495026962937 0.08748993129574391 0.19681169514465965 0.01435160818201737 0.03553630455373899 0.14346542704362672 0.08250132808481979 0.0590676358573228 
-8.369482072000807 -3.6324971971318885 1.0640470792489867 2.228751361104408 0.13610260837632332 -0.38144336081136776 0.11549316775115454 -0.6062333668218898 0.6044225019296064 0.17868774526527426 -0.08606790266434355 -0.32144473503254023 -4.135336179015227 -1.6721585219487558 0.12826845825961108 0.9450201487574255 0.40517616801423323 0.14310517597416011 0.2281630564007159 -0.40858019178106897 0.23409371093029452 0.17957236350971864 0.11885280419999618 -0.19385262447048335 
9.637579781516742 5.396849234744357 -1.7775117315724271 -3.197500370721105 0.1734260031469218 -0.1476756978046518 -0.7131942273322283 0.29151068575648265 -0.30790340892729107 -0.3514182219735598 -0.04215349234622354 0.07861851913687345 -3.007622784963157 -1.3432129005297753 0.45292796400699714 0.5075932958729191 0.25288442065652533 0.20961154796869896 0.2769364270505413 -0.21679828838215412 -0.039496569079510435 -0.007229173488116035 0.04703699514077222 -0.17769752931742358 
6.715825908178086 1.4153067672224147 0.08365342737199294 -1.2262332287245403 -0.963838325894636 0.02844493814051599 -0.16021008849219498 1.008647202539994 -0.6186226198058513 -0.2397805481885767 -0.12181198292207424 0.73359198588346 -2.180399315604897 -0.9026307606637278 0.05434778321283155 0.5781336083464599 0.3732489670925326 -0.25746366237123014 0.025400292487561222 -0.3604871853848563 0.22978943734508275 -0.02520450937332286 0.06839263925994699 -0.08142598557974957 
0.4341135905453921 0.6638160047607666 -0.8204166891921115 0.6373250931655701 0.34912270523538025 -0.2063174503793961 -0.3397022514225069 -0.34313955194973755 0.3996366660925946 0.14389628964928575 -0.06411104290407399 -0.05069874985356759 3.921442472317923 1.7162344456560739 -0.8074414916574334 -1.1045779021649345 0.16248114905836322 -0.029086908614039484 -0.21910659112619246 0.1982678398357065 -0.13750576817838325 -0.26560234174298736 -0.16419796997780364 0.11834904126428837 
2.773448970299558 1.4419116998510901 0.42245620842033427 -1.4230621958783092 -1.0714926439455037 0.4202685025896949 -0.14745369766638983 0.7925533081857892 -0.4387158476155847 0.006644017573820049 -0.2802670451652593 -0.01250814379807097 3.0790096883139793 0.18329514470518551 -0.6951235630679914 -0.6361992809310638 -0.16515731342920162 -0.0072025374707851 -0.3974366180309195 0.40434957968305923 -0.17091360844899575 -0.029207191135822024 -0.1019794146581914 0.2997963466790495 
-0.15555916649776247 0.23484343146179754 0.47541135287570224 0.21464781935058275 -0.260190285002734 -0.2563267541871228 -0.06225264936655345 -0.19524588657353448 0.014660509512725406 0.3221765203742038 0.5296679487087799 0.0966214601847738 1.1565405818325498 0.5619796805884075 -0.6817601469265875 -0.7201248085209039 -0.32753649763292025 0.07586209052274771 -0.11659145958396704 0.25620501936819234 0.016484360254047887 0.05183909519278762 -0.0689866287521706 0.046576094156760346 
-2.226366778242274 1.0799076197563426 1.5211100955420602 0.8937032509761448 -0.16370989048797402 0.07505720245673464 0.8933749645725868 -0.27834836919728534 0.08660628383107055 -0.24129909014356965 -0.11276323475392697 -0.2394571591728591 1.17633751052614 0.3064319583716045 -0.18883922911606899 -0.7649027293722145 -0.6017581127492632 0.017244533401868007 -0.12060737466119542 0.3884246601894052 -0.04981673659888952 0.1413071125104384 -0.028877933289973085 0.014558981381973831 
-0.5356002806813414 -0.8411209969570823 0.6755368080267878 1.639316795301055 0.8778408214053761 -0.26129807188115917 -0.5103422037900941 -0.5763037713627773 0.08752251960712332 0.11235055792961773 0.05909693814677164 -0.07695252463645458 -0.03079141424741712 0.16859745400722423 0.18623119285699943 0.04433203555024565 -0.32536033493347255 -0.2485026587193825 -0.07276920078074146 -0.16571544015625495 -0.025134704595238488 0.07324670372738716 0.1496635049435112 0.04048815157357702 
-0.565543004187072 1.0605980389457166 0.8889111681929984 0.15931150426309837 0.16476614109823084 0.37102056123110905 0.43841320352896673 -0.18219172998780492 -0.3256966428661151 -0.3123643387352022 0.041652259985664075 0.030601904466621727 1.4547295518578673 1.3298874077733764 0.7146978434238486 -0.017908730515248845 -0.3665506988972749 -0.14063666760836677 0.1761380812781621 -0.23723820009844285 -0.09574524744097422 -0.2877439551292218 -0.12408696619895056 0.04693108572992213 
-0.893596810783112 -0.2612941401545621 0.23281723797923481 0.448847586056369 0.5516527040045811 0.34119954258383756 0.383535833497481 0.2538221142904902 0.2962160866470337 0.13796903348785858 0.0034696865084507533 -0.15987252635569765 -0.016424870844535828 0.43827351368398065 0.6166094753862768 0.8765378562067679 0.30405982385093516 -0.11766939903109834 -0.30449396969711723 -0.2644604406105187 -0.19023727677206034 0.020688611982410215 -0.022772079835123554 -0.15467084252590485 
-6.411557168764991 -3.1996680319650466 -0.40162364970570863 1.5426640471442343 1.0990362649042482 0.1957183980493366 -0.08197829790568711 0.018303288271409424 0.269495242634038 0.6091235374649754 0.2873112896620852 -0.3387904155030039 -1.811787692480437 0.1050441051975759 0.5038730875385781 0.6783474239718785 1.1824833563169947 0.5912518773804248 0.27032917533432027 0.18030318048471483 -0.03797611299705341 0.014929261744948482 0.31802916043960355 -0.23639159425259895 
2.4366814141412254 -0.025808502553642754 -0.5290242091826889 -1.681973044759817 -0.501473712050438 0.17936120680302206 0.6633354560185846 0.11683004133917174 0.3606384071732277 -0.4104592161177017 0.004583662813931744 0.5717561629260728 -2.138208078392403 -0.3433223163394367 0.8008454253498498 0.9859618977716624 0.277105277124611 0.12995395671725593 0.2273477491741839 0.0502821479091683 0.23286958974848562 0.24471672553174204 0.041100500758708115 -0.09164906629738521 
3.20468096079207 0.6277229045525292 -0.24178737084177404 -0.810320452244444 -2.8561207198252436 -1.3218159030197576 -0.512474133734546 -0.6546052349662903 -0.24397946413805188 -0.08293799916726752 -0.9129922094858871 0.37396234258353334 -0.5804713753683718 -0.8611557692646202 0.12418660908681796 0.24283296211221828 -0.3104968529516993 0.1910187183210902 0.2507242733331822 -0.007118522730689543 -0.05472980829544566 0.30572210211115897 0.15529988012847715 -0.029334626426942473 
0.7129083596155655 -1.1450226593950399 -2.249637177502282 -1.3325458575642792 1.697915364995494 0.7101048229666169 -0.08325949611064132 0.4394299321818351 -0.14565532921237825 -0.250150374791246 0.48031993380631255 -0.24130170650681065 1.5550004586586867 0.17949406796334255 -0.05542112257580203 -0.9237697519574627 -0.5382620151412855 -0.03387712209086135 0.262092688734192 -0.15847645239957317 0.32972307671843726 -0.1904336006389317 -0.2289343987417434 0.36090598605799906 
-3.808256515397045 -0.0565936457504872 0.08612300719363408 0.6394515672098107 0.9308322852363804 -0.6427095649957314 -0.4608536418406206 -0.12164108895785364 0.686831535713178 -0.3881971895317294 -0.4164564862195366 0.1557423984942652 1.3855563663777033 1.0040845363266533 -0.0714003491498822 0.050555361686685986 -0.927914099811462 -0.557667940233412 -0.015641947221036862 -0.4788284126063602 0.17295187508518484 0.1429544081453472 -0.5688936862327345 0.045888684274017995 
1.2781487762597226 -0.2221324312921622 -0.5267160304729869 0.3644502013854439 -0.7801641691573938 -0.058560595936407 -0.14875285613095413 0.3257773255336729 -1.093936322907699 0.31347118098132437 0.4431189974059867 -0.4018518232032904 -0.3616992415824611 -0.607933438241742 -1.2027706619707386 -0.5419503783800077 0.4915504615540962 -0.16228794337614816 0.2597010485629175 -0.06304604494763662 0.13379071980387905 -0.46488949769717697 0.0811204449634118 0.03584732156204884 
-1.2346083466631184 -2.8459758184788693 -0.8890468969067751 -1.8104845667793636 1.1666613466855864 0.7355206271319905 -0.432801612061279 0.8387063061768714 -0.2886945925459461 -0.7936120014895943 0.8122893174124793 0.3165713481097192 -2.9454410046143438 -0.48457697746388 -0.5914293968255915 -0.5145368265396405 0.738939345219377 0.004805399267180266 -0.6398293063128383 0.33321020385078026 -0.02686505787724895 -0.26830873922439574 0.025757266421000513 0.04294572297644938 
0.5111819999959852 2.073468741694377 1.8462597604601378 1.518273344570331 0.10534944960860226 0.5078535570312004 -0.8763886566890647 0.14839436945738244 -0.05926442449445335 1.3472255242792173 -0.37741430289993083 -0.4292581460006842 -0.9915669085726454 -1.0571469985745372 -0.5538283912077596 -0.7224922382381695 0.44162748979846 0.4090010410905795 -0.507579215994932 0.5783272339041812 -0.44909516569900926 0.0011631286416327047 0.3405017889795457 -0.07980656436726853 
5.4115498865778555 0.24933670014788323 0.6739233022038462 1.6061504752362885 -1.7287425598047488 -0.9403328392810759 1.8224521773769498 -1.032580222472049 0.250090760138302 -0.10014814350748846 -0.08346163532957943 0.040608390963613954 -0.8573828033543712 -0.7673845730818069 -0.522159597462703 -0.6109813758854002 0.8949576961028837 0.3311927716572131 -0.3249325240711879 0.45991761550484567 0.04606145336493502 -0.1815277509975303 0.2695199625133659 0.10097080579943875 
0.9297703853571715 1.4016523051180734 0.35328404359498133 0.8236093950921264 -0.6573446853076064 -0.44763698600161234 0.24635789713472775 -0.47356111185441035 -0.016043502152795153 -0.03675013393462667 -0.13051089316162123 -0.024450651528432153 0.9735975868320829 0.5297100558589496 0.23475829757750763 0.8086739049530314 -0.07330292426426466 -0.11981219939835001 0.26642866191593 -0.15054620560492024 0.141641945122592 0.3423531182720496 0.005213082524430664 -0.1576692535725727 
1.128245870719402 -0.20791388094529673 1.4239197539139123 0.36979153561593936 -1.1368646741649604 0.21968758367675745 -0.019377316759611518 -0.23006879968176924 -0.44848941381158025 0.4429590806099186 -0.11972227499677313 -0.18874481652472305 1.7127098027767678 0.20573660535345648 0.03891063214389323 0.7554325965573798 -0.5250187371160117 -0.6403919091417823 1.007337934720194 -0.584681622860835 0.11835397268577197 -0.07402857951458298 0.15783045486506705 -0.039235197086668144 
-0.26795875257103674 0.7129638646641183 0.7669866418725819 -0.28956890047858863 0.029319279581502045 0.2872799437473338 -0.7547598953685741 0.19877727487700322 -0.13490017288728828 0.04861255740436499 -0.37492323063962596 0.15842621846120242 0.01529674042322012 0.6695824102762389 0.2708188997555488 0.24427951515025592 -0.30339402106022123 -0.18555409641563325 0.17966703765730666 -0.20233309775634786 -0.07580184944262673 0.045236446986728955 -0.026869880394856938 -0.029024658494548754 
0.8722850472116566 -0.023528895685508644 0.35034010663336623 -0.10355816665049344 -0.4970183309012679 0.613384423269798 -0.6990027305319813 0.385295452744749 -0.04554282255176734 0.07925624936676468 -0.43474683118577817 0.0668755472288011 0.5189841036704879 -0.29025155969103117 0.6910493263449431 0.0935418940368941 -0.48307951377286873 0.34022825893786274 -0.36330375254898833 0.15471727217280876 -0.3629034710962156 0.3594207016371635 -0.19151804349966084 -0.02929710627723339 
1.011860575841384 -0.6992874183405373 0.07761716796860796 0.327445700774575 -0.06708579375878898 -0.08782311655123287 0.047169491048992596 -0.17424394479862593 0.00988875054517857 0.009391940726763442 0.1076110261174521 -0.06518685792154796 -0.05697509716729569 0.06684050351395854 0.5238346781403598 0.0534177145794749 -0.414107217121622 0.3251307991296505 -0.3941286774067542 0.2545174145548385 -0.19822267929869156 0.1760297437725072 -0.22833276012847303 0.023504474532288377 
-1.0686161044982718 1.3689664396301247 -0.30454348816892995 -0.21934144712132475 0.3605764038237913 -0.6134456629875473 0.6695692476785702 -0.507710006362381 0.5678265377608332 -0.6156927159627711 0.21356472712367036 0.010953040498352301 0.848980667805107 -0.4170345361224583 -0.05510972810550108 0.3738374687562243 -0.5935873946811703 0.4059955340025598 -0.28778285782584484 0.1792306939159328 -0.0065990602759004036 0.062348419162086686 -0.1631158850798831 -0.03671650411881902 
0.8734171147858145 -0.18380531353557394 -0.4770755951473493 -0.3919304039815976 0.8428435635838385 -0.07469741051294498 -0.2566598522535871 -0.11827223923394725 0.15308318485248606 -0.13200219124838874 -0.01408072940893107 0.11587404822956168 0.1970473852274098 -0.08712367051645901 -0.34100495092803823 0.5180079285370678 -0.1359937293059407 -0.1569272584169913 0.24031487578795865 -0.2080118333955233 0.22345018555520987 -0.04771897436228333 0.007444143297847271 9.584580336895326E-4 
-1.6054352256758797 0.9698336602793844 0.7930156725078481 -0.8653825205410799 0.8287791744709292 -0.6111650317570252 0.31626051459684323 -0.18038248178538863 -0.09734285887771987 -0.03709194213191927 0.11544670181706274 0.08649460650970335 -1.0168406517607769 0.8476149063406387 -0.17430143994441805 -0.21942736910146396 0.59775880641756 -0.23426054526740656 -0.0228671404830539 -0.1641082163624069 0.44532430645479515 -0.3134953034712007 0.0501988527823829 0.1400164825257227 
0.6891279807479584 -0.23835001711579018 0.5518524404143337 -0.9035575481267508 0.1067940088354642 0.3818183430844799 -0.49712076977402 0.2861277930994477 -0.3278771078011744 -0.1367515231018125 0.1343376088772141 -0.1058330150282921 -0.386654661486799 -0.005873560426524686 0.22096098539994738 -0.05816645881219921 0.2710180023549034 0.11921259317565325 -0.2515247074890628 0.02949277949378165 8.205123357425034E-4 -0.07810329572632618 0.029842439318364323 0.07978161650973703 
2.0740504178029866 -1.1466059276016836 -0.2961031861165173 0.6947542322556437 -1.0646752380547015 -0.13892190398404014 0.8584011278879482 -0.2175853734418577 -0.5276662352767219 0.3271678603775429 -0.011241000366550902 -0.29824287544988887 -0.23323468028834723 -0.16968407154535173 0.4912048678188039 0.061289142312897615 0.19306359766308456 -0.06356499732448688 -8.983267912712941E-4 0.0017136066866410098 -0.18149699266272637 -0.04414811897657883 -0.12977894224472541 0.07403182738867346 
0.19363827750677842 0.8920351616845341 -0.5953991220350088 -0.9974994039433618 0.9765167627819435 -0.6684567539263973 0.22684396356804898 -0.18814913188705767 0.36578333604475954 -0.0798222053241413 -0.04026419627221722 0.06889793968014671 0.4932363339684122 -0.4210529025718867 0.46072259524828985 0.09258653774758918 0.06943460603280165 -0.09233419856091774 0.010373744471059173 -0.06526729603530683 -0.19385479395664837 -0.0564135612215553 -0.15082255734503533 -0.1505782332357837 
-0.657986333190248 0.9136932855152775 -0.10697314972389238 -1.0022790195714673 -0.18527299549156417 0.10466750872187403 -0.04302687170037736 0.05161516064794103 0.10031789718749229 0.06688775590898163 0.5920844311259547 -0.2229663530105364 0.30585103665335645 -0.16499693071110855 0.25173449743011655 0.10811348250873658 -0.05797120815260515 -0.32081147065647053 0.4596490701858193 -0.4580384545220526 -0.09748509219725539 0.17178653614778053 -0.08970374759575568 -0.26247518689301513 
0.5754373543393392 -0.005340915958610637 -0.9248803635268484 -0.3328005354559629 -0.5412109305445094 0.537026232414276 -0.07752800339303473 0.3473294141604688 -0.060304792163336396 0.16262921279713405 0.2851425651660674 0.30826342345938285 -0.6319185373968276 0.6564248470456819 0.2755243306986366 -0.6750160306080922 0.4125772866251603 -0.3225199912839151 0.2226353609184468 -0.2948326615897934 0.02979971938679545 0.14495565545466213 0.12563575584302256 -0.10111371621892433 
0.9655977694266369 -0.20292709664678554 -0.8865660576609471 0.03806435048573453 -0.13189776693365962 0.2207710148150348 -0.3683600991889677 0.8887907171005368 -0.022166894580907703 -0.3094174571264363 0.09516686170157385 0.3694999433395384 -0.3851097691894629 0.20480606507036558 0.29698995619554114 -0.3842587171325336 -0.2990136573537507 0.17593432243398235 -0.03765238358155574 0.0799672408993144 -0.17274667177430356 0.13025089568232065 0.32109542179298484 0.038112385637180855 
1.2776018383888186 -0.5189291883714802 -1.032175660162391 0.5073770028523139 -0.2879027113724897 0.24105146687876777 -0.2783955054429962 0.2777610746560246 0.3376265737685732 -0.32653656517041874 -0.16871267908909449 0.07600594016188222 -0.06383057385527675 -0.17672091189016173 0.01628424085852272 -0.18418415309521627 -0.21295857535825924 0.33491736026970326 -0.2694850723221265 0.39329925637263946 -0.09444076318277946 0.047111319245817386 0.1152422581350618 0.2535245317271402 
0.14626073235340087 0.5560692265106155 -0.9442953699927445 -0.26959163732800473 0.585113866983678 -0.2751480758123189 0.1703640300692706 -0.15350239229778007 0.4195922295444482 -0.07928204215420398 -0.1442742121254189 -0.22117476827332866 -0.023668942907388413 -0.3117771611121241 -0.37582149439712614 0.43409793913802935 -0.20377646917150508 0.015626708233101194 0.2474447930272592 0.1072922038818291 0.11094971089345688 -0.02203094665458481 0.01772176483352587 0.004646608957369162 
1.1765975944417875 0.14532365813317405 -0.944868429936518 0.3735799177365555 -0.2608410214284005 -0.21976630308115674 0.4615651489442255 -0.31142180025829114 0.002137935322324036 -0.09377245242643428 0.059136327674378375 -0.1569728159156042 0.8136959716506192 -0.6639221076769894 -0.7029730964330222 0.0956955837222681 -0.2317976410741921 0.05185904417231557 0.2090684887801918 -0.01749138452734626 0.22327757844009244 -0.13466198335521215 -0.02145576124103506 -0.009673375650849414 
1.0871067201223177 0.40027796343725974 0.19724481041749492 -1.1973309243704744 0.46590079560881104 0.4042997750956935 -1.4806748054643561 0.8615055429122074 -0.1872717080381538 -0.3597066735346741 -0.0719229361807402 0.4720494945061741 1.9444300701725339 -0.051579002502747606 -1.0535385680326061 -0.3817946186559147 0.08811684824901127 -0.2640102329981377 -0.19189854018417996 -0.15180283677268033 -0.00678914547482401 -0.1930449398810128 0.013489126115129146 0.01856438933402982 
-1.6339090704474977 1.550732766196166 0.5059735389315558 0.6841598952067445 0.46709674753752006 -0.25424959109218515 -0.0800815540167582 -0.17726873936693033 -0.02877419276040319 0.2176617005854528 -0.14052103333832866 -0.24158606427532092 2.039676347897983 0.5868609046486588 -0.5379372997633385 -0.19911497910484818 0.05435051782574148 -0.041258153168626376 -0.26603106107483104 -0.002000082773032467 -0.0623887607631369 -0.09106037649742282 0.04244604490115884 -0.0990530754139108 
-4.281776145719558 0.008101679987362331 1.4908993496710368 0.7205022299046449 -0.04320556224631611 0.5341242671876083 1.0168830021023023 0.2348295875745805 0.4554157300102838 0.3441357009828908 -0.08491290996445283 -0.23456131209555975 0.9288660927550653 0.9017615434847585 0.2659850883372359 -0.1490560149762997 0.013060912608793792 0.16607444762718615 -0.6563293316837957 0.4760085328027741 -0.05621842630949133 -0.15584600111731714 -0.07085850433767282 0.110578987927592 
-2.257990016331223 -1.4191709140878537 0.022116199726726515 0.012008277913540422 -0.16933939597806136 -0.16090408962123504 0.010879428385389411 0.007916425729619703 -0.13203950141248405 -0.17251251019294825 -0.061706820137241825 0.4934918136269951 -0.7696858603180995 0.9805938756952295 0.4279410239662263 0.31603696606233234 0.39266994479315814 -0.040182973644176834 0.03869902643955022 0.1788122329392762 0.18993948116126272 0.056999287177209555 -0.006960857008516082 -0.16251353165631774 
-1.3874510852010156 -0.8200548268750056 -0.35878178499179814 -0.4140870707949733 0.7449361295402204 -0.14059631852134002 0.44283269838595707 -0.6591126380443898 0.033016225216360634 0.30291843520647777 0.10124547023173487 -0.2272264082277599 -1.5044616732524199 -0.12997927606092471 0.5936667065607771 0.5315914238999079 0.08422188955983072 0.07716968363886904 0.42065834983305944 0.15505144727972045 0.12227495711196175 0.055896019293775745 0.02916963827473167 0.0447415930749158 
-0.7720140197524703 -0.9769706074583384 0.1469910343642944 0.30334364736955655 -1.1049839327352227 0.20365962269481952 0.09084651852276379 -0.26673432537527386 -0.38739288384722975 0.06727247194203068 -0.21271765241087426 0.24228707875973232 -0.5740096584616415 -0.29126223402317325 -0.2299872504802806 -0.006452886969012879 0.34629431616391243 0.22357503952477628 0.3031688865154083 -0.21852881003185376 -0.04350043483928671 -0.16210268478059733 -0.03283033592346266 0.261456229141921 
-0.511379124251675 0.17693935485537882 -0.35253818733007847 -1.019939726523087 0.1719510374527724 0.12033336011297391 -0.2850755924655632 -0.09299937871213404 0.21626754989177138 0.05655515203407413 -0.09691640865183163 -0.24318372388667578 -0.4428074412853742 -0.5048018627103582 0.06296764036574258 -0.42733876243011887 0.04786071777586757 0.1944771408089395 0.0963733442874315 -0.14427041240323749 -0.36221000815958565 0.051647034430329364 -0.024083430291094356 -0.08647645297572266 
-0.9739970214209688 -1.043881302883526 0.7089561523367085 0.3342932666846359 -0.9217297984260746 -0.9620940475127209 -0.5346730857350752 0.38044622615905305 -0.09316385923232928 0.4369771857350456 0.13586512707492943 -0.28289821596931003 -0.05338647609046069 0.10519183771162617 0.14268622933425937 0.004039840215798914 -0.14141899505316502 0.12684283921054076 -0.026676001760394984 -0.16030844670452946 -0.27261772363177067 -0.031067396942511316 0.04738921024464517 0.16730328713760909 
0.04196273948935625 0.7278061089686627 -0.8286672650752329 0.8524544068378437 0.5097269090580436 -0.14115090584438827 0.4664724676525821 -0.5498916766018408 0.9725317373876674 -0.0368750249810178 -7.95628637883905E-4 0.29479559806392924 -0.30940764233934787 0.33557845533085673 -0.21673443814173407 -0.12440793839093955 -0.09553443725990844 -0.370471140201385 -0.19610727527521513 -0.03603511709749898 0.2562733316812702 0.1001620184753607 -0.18289860212255862 -0.01765776446143234 
-0.8885255233516038 -1.5679794976498589 -0.04300311476590646 -0.6449729399583055 -0.8496148833783632 -0.04612676195812171 -0.2048995062551239 0.44263716368316786 0.052328193300134385 0.2071897512771106 -0.4029456731517836 -0.5286124436283973 0.22623015970780588 0.13442691426570294 0.34364913175672057 0.21319526509712058 -0.4782689357163387 -0.547555872247393 -0.32886201376170104 0.17958420208281653 0.08943897294569657 0.1580791414826227 0.02170383264823945 0.015542251088886294 
0.3741080537316861 -0.567746913754025 0.6736447606464312 -0.1570828080287976 0.422496891708642 0.7737631379398293 0.13835944362010655 -0.015989496181694512 -0.625298471418271 -0.12903718616304044 0.7211847978292008 -0.06735331667283512 -0.23784185372211233 0.04765653325522797 -0.40732871398476433 0.2119902245159108 -0.2893480421469475 -0.02347305567424783 0.2015137805479451 -0.13831143085357903 0.407125374940156 0.15144842118137067 0.15219480440288982 0.018335767803630432 
-1.8187601576655512 -0.799385534319291 -1.0731472557942852 0.1994760788265948 0.5566920173976424 0.22311654733734923 0.6159694675662656 -0.4252574702994696 0.4374343263335502 0.008820841878188879 -0.29023658410333125 -0.14845051186758673 -0.40018455453583085 -0.4256693201199124 -0.2197501053457731 -0.4600403953559134 -0.21405006061174947 0.04860231646542354 0.1912512646814802 0.15586281523670698 0.27480729698928624 -0.07819160034448507 -0.14789791299492883 -0.3789059789462866 
1.220605617812667 0.20053952753769488 0.9083909473932493 -0.20574077610233887 0.6746175851108834 -0.20535339346938025 -0.548503360901948 0.29898993295021503 -0.4413974539495086 -0.392035833825669 -0.5137345863707795 0.04970732877263265 -0.2341427865256213 -0.22722395503575998 0.3681845969788334 -0.2092943847018052 0.045941603747876446 0.1636350790376266 0.18735973631841 -0.09150434542327857 -0.12594121368677644 -0.012472990514330004 0.217574165533837 -0.14887522414475046 
-0.11122064178460178 -0.6751147579359817 0.49887410789800374 0.7594772301462054 -0.33352504824423546 0.29762455435021246 -0.4352218980385373 -0.18244099659290786 -0.8640442064021056 0.57326387614188 0.658207757932993 0.5495751704877285 -0.10227044786469253 -0.5214204155280849 -0.21585750174172325 0.10285883451513482 0.14829047527767192 0.43747572991023914 0.21141102833507808 0.0887663776415879 -0.1065562523069692 0.1734162210749248 -0.12453566951935054 -0.09205505449429739 
0.22276665536807516 0.05178956316160033 -1.2169197121362134 0.19079977041681273 0.7297806132859516 0.2456038973205178 0.10187591746727792 0.13711530323486026 0.4032644360098862 -0.373839731751896 -0.40575986979047235 0.030259514583758612 0.22648705568009644 0.088350532925219 0.6294324188362804 0.04851231266393149 -0.025220366007316586 0.0188274541210738 -0.5732681603018045 0.20277732090466857 -0.298530060351407 -0.15941660921795747 0.016572173748347113 0.2621334835214314 
-1.0130293328491777 0.8392506944530109 0.637080579195616 -0.30737069797838545 0.08423907747709258 -1.3147892877883172 -0.34345325662358167 -0.6106192883665559 0.3347721382747604 -0.5205258723834719 0.029383066164566818 0.13743855870974242 0.07638222672236543 0.28884836162100164 -0.09028446191184368 0.13064177566769106 -0.35342949468238577 -0.16368256626530203 -0.021066722735781918 -0.14319184384382566 -0.15345190097078873 0.08456400379567207 0.07270364894039498 0.19894474046530494 
0.9920487963046656 -0.8216947974324584 -1.0490095447643983 0.1821462499681621 0.5413966202721691 0.5443711652366632 1.1254167992959878 -0.09525288387696668 -0.1452154452337206 0.6331088680908794 -0.24903876173160777 -0.5306248159026685 0.1721998089851011 0.1322662580181351 -0.23401560634864224 0.07818424064832574 0.3910876325425354 -0.6028081788951183 -0.02175280877500438 0.07557241518938797 0.03473575938626944 -0.12704457440512237 -0.13583172575627017 -4.93891600291757E-4 
-0.7250083924199933 -1.1049176625019572 0.6857724099476272 0.37187866336745756 0.8209554323098133 0.6392886191880458 -0.8837921707455465 0.3633186284944826 -0.129448562867936 -0.18390243516652388 0.36173625708237583 0.23318311433502725 -0.983791951440252 0.543991836582042 0.2378358544908481 0.3322534015578826 0.2855052443476999 -0.41524324797162776 -0.2620696071902375 -0.2877678149077501 0.31536029622437156 0.13006564554193487 -0.018138139770766264 -0.04300575740071444 
-0.4378432418018203 0.6270749675846791 -0.5392188084662923 -0.383377632201086 -0.8118404617580152 1.0769894805176912 0.43730380085327347 -0.5765709007638229 0.5311675084224261 -0.16101772714500284 -0.16444128798056634 -0.016131088428008533 0.3323997358814523 -0.39138407253058816 -0.3129985184159257 -0.13403574504729354 0.4092826779914491 0.3501181047525352 0.2242743073842294 -0.0935230316428145 0.012825466980258058 0.16376612688514616 -4.6067583096518855E-4 -0.1466025774654626 
2.653292540524821 -1.5171096978016836 -0.3313223524259813 -1.021368961567409 -0.09565811455091511 -0.33536870151394793 0.7868120641684879 0.49334316480012247 -0.9495002272264277 -0.5136595113913354 0.04149874860134489 0.009208967174555743 0.3674643615021613 -0.4973185691928483 -0.11385404684481903 -0.3499194734507754 0.15562047883995464 0.6946521796615132 -0.05533014586485474 0.028340853131365567 -0.17701275451831897 -0.3119703216472036 0.09410725773919797 0.08445283023384981 
-1.6943008778120983 0.5585534378091692 0.39853339167018303 1.280877297577476 -0.22814464027181408 -0.018654488669945513 -0.38270824031371764 0.1203039428986569 0.22633398600475108 0.30668902554784666 -0.08753797999819674 0.02116999007395501 0.5764560695853392 -0.35327454492160043 -0.22901142335532745 -0.26879610974268714 -0.3388986244639125 0.2363489495538208 0.258407435323049 -0.21371750389202573 -0.044514016121962784 -0.193432448407445 -0.1420606670521478 -0.08184196590873881 
-1.1991726589213383 0.42129880996434244 0.5584584504138467 0.5895096188305027 0.06224608504684881 -0.896845935202675 -0.3077957125674868 -0.07014135273085398 0.5540064618958584 0.5181551534286621 0.04096282987359712 -0.038825915617503926 0.7779805823014785 -0.8011400132376488 -0.1426035738935699 -0.06156472645428327 0.10086381711562897 -0.01864609918949341 0.20932557465742282 0.13236885070481755 -0.2076108734888186 -0.02971363905136522 -0.010489919065805273 0.023974085706557433 
-0.24097885083475834 0.7176943484664675 -0.2970749398202239 -0.3824285931719804 0.1259033118348405 0.6486812487005923 0.20938538325211384 0.34632386967774254 -0.08704378777282862 -0.09662771433266659 0.2620086725397509 0.25341225069423773 -0.5239823729514603 0.08222592682918954 0.31636316225483196 0.6291837318554799 0.050896389621864956 -0.0696757704192028 -0.17327404701623372 0.07740431588895978 0.2533676684435044 0.35938253180000107 0.07561320072322798 0.007805424322631362 
-0.4073102198682843 0.8067398865826139 0.4442925349999318 -0.005021836829831039 -0.5752735419511293 -0.6130982726307366 -0.13721147158669633 -0.016773350703872952 -0.16997871987118202 -0.22286022429698304 -0.10180482047021311 -0.17883442025525792 -0.015170540857754192 0.40747461027587034 0.17521980293250175 -0.0069824282747409745 -0.08471675480492614 -0.24641234119786012 -0.09417254410143665 0.04289863053160083 0.1339698261375549 0.14621896979157867 0.023344971209099605 0.00939124915422708 
-0.5182849784842443 0.1191551190124649 -0.49347313738735543 -0.3094081701587969 -0.062073995638419865 0.04849899130169369 0.051821780244588306 -0.138593005781713 -0.1717764284422418 -0.40095088098933396 -0.24299375699597556 0.06775796942493792 0.11716752324877329 0.3891173417675653 -0.21970754960547442 -0.39096643176021506 -0.16772583197963364 0.13008060063310564 0.07721255799545791 0.1444068270444106 -0.061996156967901485 -0.08951370367202947 0.03519760887321677 0.06188613170440011 
-1.0150079725233327 -0.5018554061362672 0.1309981403999072 0.5739466921481339 0.41038500319825744 0.1424822170903547 0.05350372124058589 0.04362119340407129 0.19446330381790033 0.23165982738225982 0.22342913101416154 0.02582747755446474 -0.011817369812300527 0.4019075669845973 0.07786377285486969 -0.10615003051082554 -0.2648122609837991 -0.2408908632713664 -0.04778158919204608 -0.039910125591623886 -0.17523045054307507 -0.24163423521301844 -0.11165557295868246 0.007538378809040347 
-0.288632544253554 0.20463996952321217 0.5186949062962116 0.5009864376196823 0.13625153519904804 -0.11935079805927024 -0.11760988714790102 -0.1170938835094614 -0.08327632871366533 -0.05534662915619962 -0.006201129822086718 -0.03457709332382394 -0.21045695809270315 0.07958406213598146 -0.06651898489818259 -0.0034574244617258665 0.04362996541981914 0.05790296858598146 0.04097697525288866 -0.04250877336687616 -0.03006051762837302 -0.0748670051153049 -0.020354353901864953 0.03974397636702654 
-0.48668432754672786 -0.44172523962655164 -0.2953828054064608 -0.09176904918659406 0.12000047558153418 0.19349921186384464 0.09084912968568658 0.0922074649348729 0.311462581893755 0.3292403554255051 0.11476558481888988 -0.150282025307998 -0.3462199756057312 -0.13637826570805203 0.06798294132849554 0.1971426493447114 0.10536762401127286 0.05321138200564646 0.0750290165889772 0.07180021173775646 0.11689671863546164 0.11179593341861595 0.08175508640851216 9.284687454224986E-4 
-0.15107592669443726 -0.14966215065033728 -0.08072570978962368 0.03382197389374464 -0.04777162808951563 -0.15071841184299567 -0.08978184973662803 -0.035359821446485314 -0.14009451459505007 -0.22514012966504188 -0.12759892219274485 0.03658079175508967 -0.07175304243729297 0.08779777721084044 0.16005459747712797 0.11759515917062435 0.025826067176361014 -0.027059275916495647 -0.06152975609278272 -0.07311284344252944 -0.05474547043533351 -0.05885618622231915 -0.042736506636112594 -0.03603525695748228 
-0.04512635448569746 0.08443045107466363 0.22675962445733822 0.21610097597696842 0.18629371280872065 -0.0014681220347219637 -0.1854973472319822 -0.21264647284068613 -0.1278177591477922 -0.01883122261916692 0.03886276797395411 -0.012536871221259564 -0.26837713897306353 -0.2687438469243016 -0.19200356557818785 -0.054095697392100794 0.0668597004099145 0.09015201183586115 0.045684955013025 0.04047842224537225 0.07232372232061822 0.05900383684414343 0.014346328859218346 -0.0472735998097474 
-0.2941524034721903 -0.3218312074599168 -0.22254010106707178 -0.005734052473971962 0.025626715056371763 0.059310696639500005 0.20515261958928152 0.25467161570590646 0.3006002531131088 0.29525771853309385 0.15995979850871897 0.0046561005052536825 -0.16868253734854624 -0.18348962112889033 -0.16627651587684755 -0.0803505282617253 -0.04104978982105609 -0.06633862919674874 -0.046904792631974494 -0.032580287923894856 -0.052430665854630236 -0.031141158815690656 0.001132444652413948 0.034848932957699294 
0.3899853277613392 0.45059082955114294 0.3515350869668268 0.09029605617356662 -0.117277797221153 -0.18197137788498663 -0.1936729700163432 -0.17424352037743973 -0.1258559689221791 -0.10797007920599305 -0.07205276210949707 0.007501119746162174 -0.017063499872319216 0.06452018654406884 0.16609760489674505 0.1768665336993355 0.059845971614707234 -0.11581654409286236 -0.20113821545558933 -0.1597266029381961 -0.03545751727209746 0.0637085242324278 0.09612146352164591 0.0736262352764573 
0.13741584422768316 0.21772652349809407 0.3557161065861747 0.33777601858062145 0.22716349638858946 0.13854910367238288 0.05502033955147595 0.04317956609357604 0.01621658785603408 -0.08714722492455684 -0.07553849110826111 -0.07798500260171909 -0.007292138544863362 -0.0014729393989345585 0.047796659474740356 0.10415238990644902 0.05546643184533504 -0.0014675281708317611 0.0019965273442789275 0.015844107545819885 0.05539572449646896 0.055167764894602955 0.007650272641285751 -0.013490003495317544 
-0.20971997871867654 -0.37890897403654833 -0.5606612940595201 -0.48625366064833486 -0.09401259270150991 0.30636230672742376 0.49298343915368864 0.3722793607800674 0.12074662529703753 -0.018754323587625008 -0.13175247778249358 -0.19209502549714508 0.1989357629936904 0.20352681300414158 0.11113001998638476 -0.0186237338808032 -0.013148949376326454 0.10170347967199071 0.16251128382656654 0.11893316112713266 0.007650122528348032 -0.10052762536238496 -0.1198496679816226 -0.10694370624891088 
