0.0 0.0 0.0 0.0 0.0 0.0 0.0 0.0 0.0 0.0 0.0 0.0 0.0 0.0 0.0 0.0 0.0 0.0 0.0 0.0 0.0 0.0 0.0 0.0 
0.0 0.0 0.0 0.0 0.0 0.0 0.0 0.0 0.0 0.0 0.0 0.0 0.011381924899381168 0.045132888367063674 0.019373841583465667 -0.015738324720115215 0.01726058973710794 0.0188967317539588 -0.01336242582143358 -0.04600660534337599 -0.045650650831354944 -0.04662749947523554 -0.03967034091798321 -0.0032540017459173156 
0.0 0.0 0.0 0.0 0.0 0.0 0.0 0.0 0.0 0.0 0.0 0.0 0.01039253188589558 0.008508123787382879 0.0865196949282044 0.14764486979428093 0.09124245644234254 0.03692739166273889 0.0022344097258336824 0.030931565657737702 0.05595464915610849 0.03977832162797889 0.019505422885685995 -0.004902041235316105 
-0.034145774698143505 -0.13539866510119103 -0.058121524750397 0.047214974160345646 -0.051781769211323825 -0.05669019526187641 0.04008727746430074 0.13801981603012797 0.13695195249406483 0.13988249842570663 0.11901102275394962 0.009762005237751947 0.08249532951953882 -0.009488344213193537 -0.1369599807332271 -0.13091519869306675 -0.11332714672905016 -0.044581712427058294 0.06336972018480717 0.06185514167324332 0.005526938353627202 0.0229539076190791 0.018027983444755844 -0.005566107988955747 
-0.014104708308614988 0.04217496118844688 -0.2304983224094147 -0.4665420964630156 -0.2478364847213657 -0.08243707735727845 -0.026746867909651417 -0.1618046049882771 -0.2363399237153579 -0.18927621409679 -0.1180217800340328 0.009825121087072342 -0.04560973964691447 -0.07178126704044124 -0.0682611564561963 -0.0520704399978891 -0.03686602547854085 -0.06051370603255563 -0.047756519241864935 0.04418945224345316 0.11720756617378014 0.10192027386648828 0.07111830148067207 0.04000541859881152 
-0.24043363440430898 0.007377552045357172 0.5261291034043887 0.626016644310708 0.46389968254783337 0.1749636759598141 -0.1767357265995958 -0.1046631225255914 0.10158914679679734 0.0257763841911577 0.004926939682748863 0.01178576342333107 0.055492955613599605 0.05631155571143078 -0.052371714690381654 -0.16856045325157876 -0.1740745481364483 -0.15909284403008045 -0.1536458001407868 -0.09134696523682771 -0.0383106262362079 -0.018101110727081537 0.017278631320808858 0.03198382388887328 
0.23997314879382614 0.14395569254804963 -0.0873418447088039 -0.1331895150815139 -0.14724264944395604 0.06571418248682165 0.25168105975754307 -0.011226887452499779 -0.3339412956727067 -0.24870776448219037 -0.15631286290641583 -0.12102813488922412 2.0845129310205546 1.759698798498218 0.726174760593446 -0.5994113970152706 -0.3364699719665207 -0.1719049737004739 0.13528737459657156 -0.12108170326026413 -0.26818363326367095 -0.1763184184428609 -0.18215374318175184 -0.08730912600965308 
-0.3276635700901629 -0.35522369791528474 0.027415380470442563 0.386220043224331 0.4201449575593162 0.34651270690631486 0.3618107140530639 0.33677185297272244 0.30068451718136296 0.22390160579965143 0.08632067022771456 -0.02076283844071966 -0.889570709082916 -0.8968415950683765 -0.2740594081897427 0.6101200706702008 0.38625749472492804 0.3142718252535166 0.1031640794764242 -0.039713010636325076 -0.13140079630052517 -0.16080494943056214 0.051905509410286065 -0.054025954269213944 
-6.224028533527352 -5.055620809325886 -2.1596657427227797 1.4515903951259845 0.7834507936724548 0.34750332827089286 -0.701882212025696 -0.019276982956641597 0.4686632908833721 0.24061643042754577 0.38774258423873986 0.288026800048057 -2.629851534436573 -2.041002973654082 -0.8652478163495815 0.4832265304488092 0.39867274583945145 0.3858712020942458 0.06871970574991614 0.17903941056807524 -0.003370677870631574 0.019901081628850893 0.15215629159185637 0.22231752517601303 
5.660279334005028 5.297690588187454 2.384469276980605 -1.9967335228036438 -1.1602195231851562 -0.9087463726927713 -0.009446329137248854 0.018500957135454743 0.09448924242033352 0.2635291350279761 -0.4228173121206872 -0.03066384123766766 -2.715207687053333 -2.227326693521864 -0.6312395277419783 0.6087274348456635 0.45690949558425237 0.3233212845174073 -0.025907987014566147 0.2748008103436679 0.3267999254183278 0.4156780436664557 0.2956698403067977 0.0274940371618555 
5.135556300055949 3.4405074704589254 1.3298746560848596 -0.391392323413954 -0.5530786465900741 -0.4642698839963725 0.23115046410295106 -0.3892096712380916 -0.22073162468029728 -0.3282247739829054 -0.358212746507784 -0.7830302090187893 -1.707558018662045 -2.0315146427160884 -0.35816740601280306 0.8424445936898955 0.10737066709595706 -0.15055557454102214 -0.4338523008697228 0.09938254137080328 0.7166365346439733 0.4164243502127483 -0.05484950280196562 -0.2439163405168591 
2.1381670742781846 2.078692242757903 0.17636376429255796 -0.5184709020426901 -0.28231880906217655 -0.21756454051227453 -0.02698166296756116 -0.30266423391755626 -0.3350178012917857 -0.7387119229944902 -0.42771118531941665 0.43228355460713697 1.8952289440377053 1.9103850406472418 1.3688759962060761 -0.6946832806304503 -0.5353320074415587 -0.663269769863983 0.2513709025911028 0.28131618096108896 0.13199445384148614 -0.19673440530770528 -0.15601284557659015 -0.006830849407081997 
0.6597016523222052 2.6484222915371554 0.01888923165965295 -1.8148746963241789 0.022388435323093814 0.4535791358037109 0.6084423574986286 -0.15684201154254596 -1.4664927911924879 -0.5075360911994662 0.5547380292440015 0.7883021236762321 0.6819521157095382 1.7866106972266609 0.5708763038890522 -0.2488749026703672 -0.5372731129994348 -0.24216957626119798 0.5274077374735485 -0.15114077262687378 -0.15066793657371455 -0.16776804519512808 -0.09964842029889692 -0.21603952829424675 
2.2125198257587844 -0.037421944293386744 -1.0666659994250205 0.7990575055428193 0.15804295818293612 0.622138426999136 -0.9522049836083959 -0.9416314155955848 0.32138646415197036 0.9433880095593723 -0.4112541632668095 -0.7958374593639324 0.025949750982730297 1.4630420021069528 0.16048738467471058 -0.9825128011001393 -0.38279485733093904 0.5601115746823943 0.4595303438803793 -0.24912843664013296 -0.6662471608187718 -0.1020724911400928 -0.01834809488012427 0.1940051173158842 
3.052523577187035 -0.8612675276954125 0.23876062627649208 -0.3035318191956071 0.8385598087856739 -0.15761263896848376 -0.888461087997277 0.383696237481544 -0.09692994768103169 -0.6659706046744525 -0.0674959966373968 0.47914888284948565 1.182959792185491 1.1484840452459348 -0.3959970498525336 -0.7021210312052745 0.0272111713263757 0.27098943418139987 -0.12826297603094075 -0.4115737728948521 -0.5095297663471982 -0.1792685019113199 -0.08290518057741351 0.17366516916840222 
0.8639068588975789 -0.5555888539466718 -0.41503408703999334 1.673396062693442 0.4579800761993507 -1.59230337717336 -0.6571209718607463 0.17445195149079762 0.9789422594088015 -0.35327719283671866 -0.06154988773834469 0.004844823072857551 1.7257160774177775 -0.05236351538669511 -0.44267680196930986 0.2778548832221568 0.1643579334641929 -0.23801340258404646 -0.7478690999350691 -0.3683842961509118 0.1144789146206275 -0.051760836406631906 -0.3415685784536315 -0.18855955967912286 
-2.2148712408036655 -0.5379463893740066 0.8810644250247401 -0.14568088128366652 -0.2092136376642406 0.7478317353457593 0.8456892797176261 0.5198376235988191 -0.2666813897793092 0.678602015732539 0.6286014332120097 -0.13303452504736946 1.119441883601074 -0.24469672258688213 -0.3060112981266883 0.07405825584330983 0.5758901779083018 -0.5257272799509104 -0.6546179539102926 0.19179357813440032 0.27068870640009784 -0.3503833906396581 -0.20271304971303558 0.17861307968896314 
-0.3309309974991983 -0.04199196729400434 -0.05978749289121499 -0.11343261307962138 0.1888558810153147 0.883456447594154 0.4243271323393599 0.09545077979851277 0.06282544133922663 0.42638420857577236 0.26540285716938156 0.07593292362186377 -0.26736999696376973 -0.10104990803501135 -0.22811736538484398 0.42446098148202527 0.4600852199985797 -0.47680293982878186 -0.09230952916876796 0.012311378018969995 0.5079265570726098 -0.037423508259555614 0.08175822403003279 -0.02902705015765115 
0.29161685458220177 -0.3839758032610998 0.9791712235821679 0.3677077511609952 -0.7545486273472136 0.1816892885004905 0.5346687216335481 -0.15218391107551452 -0.45093765784653783 -0.004651133461723661 0.3771667800478468 -0.09223440649190695 -0.5973679024599781 -0.27526748977986176 0.00973327292870533 -0.021297728060642656 0.23172152209202826 0.6371730815294472 0.29400502525252653 0.17834594191231942 0.2359199768504908 0.4972762914074753 0.4537501417494301 -0.2165295456813797 
0.41277280209595446 -0.32942442289809115 0.22026460983582474 0.14331880202503533 -0.6496080889549021 0.12117666573562014 -0.22468210531240335 0.4735285847710545 -0.4527092777754138 0.10061990653907948 -0.1811072332463616 0.07152591426807975 0.4897758787957911 -0.23529168837099768 0.07034059539359368 0.20150912991301526 -0.14041262007012048 0.10432839645616794 0.0743629128449448 -0.0573908527316983 -0.030629809252011125 0.05198315240919207 0.09472141943328083 -0.09966193673408301 
-0.7946194332213077 0.4315723077676221 0.7118385548751043 -0.2101634046540669 -0.48514621895521703 -0.7825476183133154 0.2881788227859282 -0.20423910462440997 -0.7166739607734613 -0.6503447074715405 -0.509393946828409 0.5187576166736616 1.8046163129485437 -0.18307355407260198 0.3490725095479122 -0.45171964021111316 -0.6445750131784588 0.2031794579596983 0.19775283560332446 -0.0019906521657529117 -0.5983912385297625 -0.11388373698238959 -0.07814686265779448 0.01789823133232049 
-1.2571404899848169 0.2561090423046277 -0.13714294471846422 -0.429024424911136 0.4753925370296779 1.052589711632553 0.32448334322833544 0.29365093476805537 0.28758302055872176 0.5932815383531046 0.424518962307667 0.0694227222413285 1.6148004983742912 3.712154496623062E-5 0.1874978552376961 -0.5060693476038801 -0.7037061010567333 -0.0948733072669193 0.07759976373378778 0.19133659462134142 -0.42051311420096177 0.30765403228878924 0.10014949476772032 0.24389573623130933 
-4.287275438223044 -0.12752187364465328 0.11065747221557576 2.0090382852624202 0.6166760991958725 -0.8935556083270709 -0.33317250944679466 -0.05627312957675623 0.9740899085756818 0.09066926157843253 0.30879427024421596 -0.1448775044754928 -2.3222099672347367 0.8070272579183441 0.7832830612339072 0.7765158585292397 0.3279519429484859 -0.3993015456640614 -0.04437553562374963 -0.14293197778138816 -0.34931701025967166 -0.514409157052043 -0.13016552741635234 0.29712943693308724 
-2.6853006905260512 -0.04998869682685214 -0.04163841454749928 0.5519259998784323 0.9105990551397531 0.4613005825432558 -0.14680573039740524 -0.1744641866167966 -0.03655186984710007 -1.1928491748522747 -0.890649826085835 -0.328343733851271 -1.8020273830348543 0.6125724958364233 0.26050438176631885 0.7086056350196834 0.4956311502707797 0.2894698761918353 -0.03290421772727899 0.02846966172332241 0.03988825912428021 0.05220972240504603 0.3071894629775978 0.08466920911263127 
6.886090568753519 -1.83646059642167 -1.6857628939120999 -3.03018619263657 -1.6866053068557123 0.7110015832235174 0.6569499664700474 0.4586143894121805 0.49334451520846456 1.7859481202872782 0.538687029617399 -0.1737474660793003 -0.7422210794303671 0.09952085332428433 -0.0033261462701177358 0.16605372799593976 -0.05752696853001923 -0.15270122727222413 0.14978794547829724 0.2846149075418043 0.45422937568914246 0.051456989336440474 -0.09588242921437978 -0.1810752237580906 
-1.4377413443685358 -0.7271390838161338 -0.02044590695358295 -0.03522909102069127 0.14013978924313117 -0.6180985127182469 -0.07186524154824867 -0.04920180989638023 0.40829093986948967 -0.4109870582164563 -0.611995806311718 -0.17014992429466158 0.9810077950801496 0.05287859523824112 -0.27275425738068443 -0.4301821319955222 -0.1283419626212461 0.43691387550687383 0.2315499502144971 0.09845568232359059 0.1439815464214158 -0.15601531684449962 -0.13557711175169074 -0.2124276965453961 
-2.6843918730107004 -0.08750924012286543 0.1100396572289708 1.8044546467241627 1.1744866377342411 0.1042476211203528 -0.8200065903062648 -0.9727490405623773 -0.6110196233500405 -0.4546327647487981 0.4571145480002968 0.3192512620204743 2.3284618066761475 -0.38139091032915706 -0.5383019202162768 -0.8817628453295433 -0.20719548601099347 0.39453225083198035 0.238571793827861 0.2567619257597918 0.2871066531680204 0.6684825578681709 0.16069490907107142 -0.11850495141730444 
-0.8430828548843898 -1.0831001606909778 -0.12127691797598139 -0.5748480238153673 -0.1349210292914852 -0.5460640629257835 -0.1029773026527405 0.24585048139971055 0.08368556016790502 0.39548721819926236 -0.4431322500222117 0.0624399917350299 -0.8293188756526947 -0.22845574585069958 0.0707354006530269 0.21850803463567378 0.19183358838210388 -0.40372218841497903 -0.4278706623497441 -0.34878479654704675 -0.14988098330050542 -0.2145512388340134 -0.10315655669124564 0.14003190382484462 
-0.39662409601699666 -0.5143073269967768 -0.020441627752070257 -0.11508819025060213 -0.9274884395554237 -0.5086123941686554 -0.04320938446128969 -0.4591975335152403 -0.20567275444480437 -0.622736691525094 -0.027829475740568432 0.06547243015776727 -0.7734068231467544 -0.4630552021650402 0.15436664640346276 0.5048743239410639 0.42680196021372335 -0.12928188215828798 -0.31787989316512105 -0.5611916445663174 -0.3802634472723383 -0.2540903012197704 -0.1079767604954421 0.044667995100727886 
-0.09366860590730375 0.17162719717292063 -0.1674114664221431 0.26901822355966987 0.615626562741652 0.8994980601711944 0.8233481425784961 0.7403768262211916 0.6552604553183878 0.3167186216737319 -0.06005412436754848 -0.4633562198378419 -0.27354432456890504 -0.4513557276479001 0.19835741996714074 0.08349173576950923 -0.10554338677807866 -0.10735303981149252 -0.08697491671901558 0.07501380941033163 0.05152571311103162 -0.018752117392020224 -0.22864051652302483 -0.01369075034789588 
-0.7388785280589802 0.6742926874403059 -0.3299930077583366 -0.13210144878654773 -0.4811930389234975 -0.23068779395327219 -0.32952963342652 0.4635627207258345 0.24398327089173297 0.3470224371732783 0.5895057666592916 0.4481453825047266 -0.25475699113136135 -0.07410250120407473 -0.18576448841899662 -0.08985038484759889 -0.31681902922424604 0.013905645847761291 0.14135597269405467 0.1515718054021549 0.03920166483399432 0.04918687033410255 0.07281525744329055 0.06177772471423328 
0.14867733484331702 -0.32333298496581886 -0.5615734878742704 -0.8168166018559222 -0.04143856927321232 -0.3629672435989975 0.3011075719869214 -0.4405710739518217 -0.29571959183345853 -0.03313599397386313 -0.06587832165306721 -0.08782423339476211 -0.3379092211373716 -0.09727649105424696 -0.0689046407693138 0.16998113529896774 0.16900736848619388 0.08708534625604651 0.054318436384515056 0.2720799365890159 0.32192436217540493 0.2277346241137704 0.01752950468523513 -0.09290774855916706 
0.24647390700177696 -0.044519732315182914 0.7339328482309833 0.6973803769999906 0.35150121412474644 0.0809033201731566 -0.20615701724766633 -0.3234389996351983 0.15221227462913584 -0.5953699947036042 -0.24336314942768073 -0.3076267372064725 -0.47805625126192014 -0.353937207242818 -0.41312026198936086 -0.25309542834489357 -0.10791612630784858 -0.13250894572706454 -0.010555984085769984 0.0727503729530123 0.09061358126983532 0.034779067296199874 0.046859248022474466 0.06910062322741721 
0.4273828399744326 0.8228628802134059 -0.49266047210886166 -0.6556660952305026 -0.30774266924105165 0.4824464643398405 0.598706525335524 0.3176378766346603 -0.2646271330765284 0.1047109652708619 0.3037918196202323 0.19325308569525879 0.48067758167112945 0.132419351118002 -0.04023525823132471 -0.21686228902457047 0.16386432699246967 0.09097922879528329 0.21418815311393347 -0.3001019259874451 -0.19641100681845322 -0.17313454931148087 -0.03961760861001652 -0.024414300968632962 
0.5559374731612223 1.1630063765791476 0.8749112703270416 0.5466095829354232 -0.024292610016032112 -0.25586781074149756 -0.44666115784351135 -0.13379287342644341 -0.04340370229623808 0.17376175566231614 0.2640929519552184 0.10030485327746452 0.6812077262772019 0.6233233136836659 0.5063414726679969 0.20955018240322806 -0.012031869420745633 -0.05405830143691039 -0.12022723090766387 -0.13534326205172145 0.058116326654104204 -0.14061186334071757 -0.03419624861986429 -0.12919183163565107 
-1.448087193249794 -1.3243540927669901 -0.5113569242283255 -0.09084433774992706 -0.34513463818023205 -0.4675193645275203 -0.2212048170569565 0.36491164090613615 0.39132141708458806 0.10170177877761927 -0.20075354651446722 -0.21854712573083174 0.35986194582177283 0.5213867998372484 0.05276106735835991 -0.11888953775716289 -0.15914476536450597 -0.0031656509838306848 -0.05674930302434933 -0.087777239735979 -0.18753699708866375 0.020718527670509666 0.19323550329240388 0.16897128309458206 
-0.8594142552177155 -0.8408811868759827 -0.7757433437132755 -0.2136810489499814 0.40629280685657354 0.7180611389175682 0.5644803466715655 0.058953904384228206 -0.350110980413735 -0.17202981143483018 0.11149827949926192 0.28584886341352594 0.16215916235427338 0.3887899003199941 0.40754236968531116 0.3457654397914222 0.10609480779653424 -0.04798239510720579 -0.19314093336483085 -0.07663266110679594 -0.007506416981796789 0.11393163067840593 0.19564322777805807 0.12422524109735822 
