0.0 0.0 0.0 0.0 0.0 0.0 0.0 0.0 0.0 0.0 0.0 0.0 0.0 0.0 0.0 0.0 0.0 0.0 0.0 0.0 0.0 0.0 0.0 0.0 
0.0 0.0 0.0 0.0 0.0 0.0 0.0 0.0 0.0 0.0 0.0 0.0 0.06027816668502902 0.05698857935184062 0.021829603697334 -4.7640216375192484E-4 -0.041836826752917756 -0.05926294728010345 -0.0343641874724378 -0.00689666443679791 0.002678316098784883 -0.0030312175495880445 -0.026403717845666457 -0.02483197519995502 
0.0 0.0 0.0 0.0 0.0 0.0 0.0 0.0 0.0 0.0 0.0 0.0 -0.08808313985260563 -0.08333240782642481 -0.02883227601385126 -0.008366440005199852 0.01000232811941279 -0.0042406097708875545 -0.03506507589408021 -0.03723038131752803 -0.025348453739168348 -0.011153935613551708 0.021810998182311154 0.025955573523683162 
-0.18083450005508706 -0.17096573805552184 -0.065488811092002 0.0014292064912557745 0.12551048025875328 0.17778884184031035 0.1030925624173134 0.02068999331039373 -0.00803494829635465 0.009093652648764133 0.07921115353699937 0.07449592559986506 -0.08980815915519431 -0.09608171653290458 -0.030868899830523988 0.04002209915842151 0.11819569553510716 0.14168869623797964 0.07635365032331072 8.514550089571693E-4 -0.004377670906242044 0.05121863499448185 0.09501021699444784 0.0666883491768107 
0.3546666695853604 0.33548009250703537 0.11924123358755478 0.02438471676997167 -0.09276222448761501 -0.07617259160749251 0.053648946473583925 0.10134614729738722 0.08006283536568237 0.02891498051627306 -0.10503857131543315 -0.11511468337098202 0.06437574612906453 0.06902919474711082 0.026997961668094095 -0.0010317770308164627 0.019577033392904758 0.059806864586168525 0.08965742116107371 0.08085378038560911 0.028166489959959712 -0.031008312008848862 -0.04588491090350195 -0.020672721346427444 
0.09209114267290275 0.12050510334519604 0.03298608269779457 -0.13225865586025037 -0.308205974361514 -0.3869797929101927 -0.2558854242067241 -0.05322743867556512 -0.026898404964115052 -0.1681133952415821 -0.23251136532562694 -0.14250770584494107 0.25078522607913883 -0.07641347772928841 0.11529453732274908 -0.22481150849740983 0.02065439048962629 -0.058217285577149724 0.09617082912578993 0.06191169497171778 0.0017221774629656388 0.012395835022751442 -0.10370820396875839 -0.0077823826194130434 
-0.3295900597511885 -0.3528230049416914 -0.13023133189918057 0.06993926226820246 0.15812712713141935 0.10296372361674594 -0.08948327017120239 -0.20560262516384792 -0.07506774154599893 0.1816284599717197 0.293515992141819 0.1705199797616854 -0.1148137768312288 0.3343910846093922 -0.24689960655750157 0.1183645650261335 -0.2950700131863779 -0.08757732684102097 -0.14310216453667104 0.022542131838150428 0.1282611236496813 -0.021209551719287196 -0.03814500618769683 -0.17742914359391548 
-0.5910618136242292 0.4024262438567068 -0.28663614031688156 0.6530864592343698 -0.06189736701964277 0.26287254095964036 -0.1138538166376632 -0.011570705374142037 0.06436380777058909 -0.10445059214721351 0.19105848371464845 -0.04497425810822951 -0.12215628656257493 0.14570616095150749 0.14592765496223337 0.2573917217950576 0.026296348850795792 0.04880234515738543 -0.005974555032825013 -0.003418212305301436 -0.034454405647900775 -0.09310277841538854 -0.01591976041623951 -0.04107841152324667 
1.0406844782276128 -0.8086537315768965 1.0197511647673976 -0.7233815358557389 0.669293511400583 -0.1383667780193461 0.4119396362990666 0.012891385132224403 -0.35035164195071355 0.060712234126950364 -0.20238847727248035 0.3684060235424086 -0.18542951103278651 -0.15231433116650972 0.07317403026835868 0.1996366960927772 0.2152000255368248 0.1385473379727834 0.021730865733931525 -0.04945513789523783 -0.01706751301752273 0.12053595246097053 0.245658635350074 0.20072018886142742 
-0.2265772666287731 -0.0886980161917239 -0.9797881305221946 -0.5077734221834523 -0.6426782130484832 -0.4127215775643029 -0.48867321234338357 -0.152219806907697 0.21410676218194458 0.1716530529269682 0.06320015063024126 -0.11821549316556265 0.43479790176764466 0.4437302051529117 0.4599687905355227 0.2718693881483081 0.273073100922499 0.12029293724804017 0.042882114958372 -0.09105484841635463 -0.15531772492713533 -0.12350815237386474 -0.04068330300856012 0.010401508612745075 
0.044456199849443045 0.3496821185820531 -0.0031774276016001135 0.05145911469878195 -0.19708252646463487 0.025118768960367355 0.032733830479863224 0.01308733928864303 -0.09873667969910849 -0.31803121994828276 -0.3795307473661994 -0.3950199692939303 0.3438812730131818 -0.5313387476283702 -0.05414156363023448 -0.7359867421468661 -0.18232318592841776 -0.4734057771499112 -0.05904679793763449 -0.04930117193794295 -0.015090219007793578 0.08185993289937908 -0.03536752276469785 0.07018916996834275 
-1.3973413797380783 -1.5079322966815032 -1.1550782157389508 -0.5499420304878149 -0.4479286508545308 -0.1797490442743369 -0.05289725860317751 0.26149586279671255 0.4045095014261925 0.45544559201199725 0.40167952778718835 0.3055342124717047 -0.33534678528390094 -0.5280183472812405 -0.9227388955582182 -0.5298631435936128 -0.44963789551106986 -0.1843790365156892 -0.26215998083550335 -0.10076286837125063 0.016130354621623866 0.0017010052456424563 -0.10276077595653509 -0.1403733174699142 
0.59442271574272 1.4949796515531037 1.2698208982664791 1.5056629947370406 1.1188882880888602 1.1653642867854046 0.3711920532418671 -0.046062933906151515 -0.40028235454945676 -0.3267638341137014 -0.26552559755686034 -0.054036339181253334 -0.9619058823142691 -0.5000820370340849 -0.46942957555769244 -0.1937946955355734 -0.28678922247330535 0.04206800902424709 -0.07728913528233343 0.024735097496170384 0.01126546212098454 0.0156913282925496 -0.06489402217049324 0.01604442914777021 
0.5044798312762913 0.9227082591664724 1.1519293932184205 0.3547140685782568 0.048250066207979 -0.4297072269297538 0.1285776187821246 0.1796439348034522 0.3164885357422471 0.17091634427275015 0.31447990359517697 0.13241264418784143 -0.8944021679279324 -0.9181995623041566 -0.7576523114970429 -0.17310612737366624 -0.15277983678809573 0.19222618768601774 0.10000718167192074 0.26415723407993746 0.16578113357558966 0.2406844969701706 0.12081416175936106 0.16627492804363728 
1.9792632412850657 0.6346079517603203 0.2516074945927915 0.18051515177246635 0.4151957824240262 0.02389383321533456 0.17386379763421245 -0.020191989203237948 -0.08852258322008941 -0.22284058095630804 -0.141248868758714 -0.3565924725953093 -0.1980463526949361 0.414644687660817 0.6296598833250608 0.652151099482506 0.5250040584708923 0.402803102447629 0.22550379185444194 0.017641832047057993 -0.10941596693778792 -0.12864566965352656 -0.05497346496388589 -0.022226695795367624 
0.5934448612745458 1.6768522401273582 1.6269854205890217 0.6319502731154709 0.3622571123421734 -0.18569238054735504 -0.2542546758151124 -0.5439113117945567 -0.24871378496526014 -0.3185695254772112 -0.022901321889968046 -0.042012504952179175 0.6312704800630471 0.6520497568501683 0.6640187754038841 0.21242162148706697 0.05186106032996011 -0.2791674921196658 -0.013955575698222275 -0.014395663162792246 0.1262100212136106 0.06658905267586422 0.14330675472115537 -0.018537251396354464 
1.144079258828401 -0.1260264019097903 -0.856686765394004 -0.5894084059790847 -0.6131274103909139 -0.16505244374868178 -0.11390317502284031 0.26278919325167893 0.2105667066176606 0.3039161097218589 0.06808541007736985 0.09985632277485984 1.0600849512177692 0.5717048635815952 0.376777114820712 0.12442929304194594 0.15490128749968557 -0.08894038403577907 -0.030365883098776397 -0.07781190404935746 -0.14263134893320276 -0.1878221531773644 -0.13983815225471108 -0.1215626198863327 
-0.9717396176845177 -0.6531238345489774 -0.28597980299983394 0.10241098299283147 0.4068284816255687 0.5022683879112517 0.3143278322053178 0.0813403330643705 -0.21168617281745972 -0.292229159093926 -0.220107499986331 -0.040199999308179746 0.5362466649653262 0.7407638727460931 0.2537299468605381 0.07215119032184703 -0.11919473107051366 -0.11081720871729839 -0.15807555330745285 -0.22127514889810249 -0.1558458577516437 -0.11543355289259856 0.06565551694800285 0.11666340532856773 
-0.4183993728887101 0.08448139835370228 0.07775876192508324 0.07199691770794825 -0.07179376471672816 -0.05326539890663162 -0.019329807079673467 -0.09938209948462912 0.3208576575056187 0.32745569538414254 0.3768686770536007 0.007189134241689099 0.4987073442820273 -0.11143074252224938 -0.2718885728340636 -0.15565953711779099 -0.14803623360215754 0.14252862035147454 0.005615914186744971 0.10731507413552634 -0.015109777132808061 0.012065856819322651 -0.11851372794712295 -0.13800000716569646 
-0.23405581776287754 -0.6506932782426675 0.3985728163478637 0.08479404030641335 0.4491744827166215 0.09086572318351505 0.17268530013566274 0.3009997812679047 0.1636783128456919 0.01596134036944266 -0.37425950622209203 -0.34566912667129696 0.17869759931381482 -0.1064900433503458 0.059252126257904734 0.17288252666637707 0.21038701082399172 0.12873595423655815 0.047880891549186955 0.007245609181638514 -0.03110567634478728 -0.11246556143134338 -0.2456356526374587 -0.16616962672951896 
-0.7208846739785009 0.20705054750380292 -0.3832973565656621 -0.11362132328250274 -0.19019171012996772 -0.3869369724392371 -0.0599296515482477 -0.1689857532566672 0.06821379518450899 0.11362328953220663 0.5007025970366192 0.666590907953508 -0.5256782476236851 -0.06235223078046722 0.4009518067591585 0.1371523131065334 0.11845022725717132 -0.10982387886687954 0.006667933218309015 -0.13657425257577785 0.12066450631112242 0.06531831965715623 0.06489398734162428 0.01140653798823843 
-1.3565897650810668 -0.3949382790729903 -0.23320812252817547 -0.3234274765110743 -0.16513357813978669 0.28289631196788 0.19098507979204404 0.094405332405474 0.007952787377456971 0.15208372812607207 0.4548824979345358 0.1286079940244677 -0.5467738028421563 -0.03306869631162387 -0.3817634981276982 -0.1570935003717299 0.06402531883700531 -0.23449513900308674 0.08962139017047555 0.028761514278052774 0.20978546275505358 0.08132657582555082 0.25656307315190113 -0.005799917488683822 
1.7199023436414396 0.1436605911102653 -0.8092061889143727 -0.13534926320290808 -0.11999041606003802 0.1801909433018245 -0.04848349656279116 0.4136378826739198 0.03672690130636885 0.06343954253435913 -0.23238428704958602 -0.2641690400709085 -1.6099053292336276 -0.22493000641906505 -0.3122290799476792 -0.1651703940235069 -0.07815668743295305 -0.03429242053906312 0.15225551211768218 0.19058678578654753 0.15607340461324476 0.1671699156308497 0.40007467196453944 0.22670643443704583 
0.18587208195362104 -0.5197922111110271 1.7568177269053136 0.5669385113818057 0.22199787917064073 0.5107871823222445 -0.10190194786849216 -0.07659657953154711 -0.4499346284803988 -0.20292651360828606 -0.7774052836346927 0.13711059980696277 -0.5872354817211017 -0.39102689999152185 -0.3751596715119064 -0.1387115226258501 0.06946149685819496 0.26750061979434553 0.03230571428653165 0.13891312619198215 -0.13938468284005365 0.04096384878872029 0.1245880211357613 0.03667818327515166 
3.3376003902050377 0.9442675327800165 -0.44162304143936915 -0.06329313515842205 -0.1492873764863223 -0.39800514599923 -0.37025267407102613 -0.6552451546477993 -0.17106271072629742 -0.21038133649316337 -0.08337752807238497 -0.01777969824887704 0.956388877417964 0.19555505817352023 -0.23333615285259132 0.016006293214413086 -0.1663515489207763 -0.004675417653378977 -0.278736452251032 0.08487638830038909 -0.09039585980164928 0.012853225828722748 -0.15154274475999813 -0.09305350851650314 
-0.40373234319956075 0.37783895006669965 0.708479318270042 0.056679027344233024 -0.3588695885012294 -0.23050750276462928 0.25495252568656657 0.2121074724903871 0.530001641913951 0.16610262127367245 0.006615055038651341 -0.10462122671200302 0.6254663210040903 0.14407212479575157 0.47353306529673045 0.14846677362029373 0.08041553956982635 0.1400038922791962 -0.12537305564122148 -0.06850208195914277 -0.35132553129965177 -0.2374835050486336 -0.44211084048539445 -0.05974860417978559 
-0.8544620760358612 -0.8918201639991588 0.41497147396103706 0.07176159917263902 0.669497964538226 0.5648645388053983 0.6092986234127755 0.014656691761785412 -0.1820536544858582 -0.15963470239278837 -0.1697662221062637 0.13585739873808378 1.025534479574637 0.38002228342011196 -0.059969716875571365 0.19320115694178183 -0.16467760586144645 4.857390864491847E-4 -0.25819456840399485 -0.2031422919002597 -0.1312634924377286 -0.052888187917522735 -0.00556668494036731 -0.03955284090233676 
0.4055043520617998 -0.03396473710869419 -0.09207872668508088 0.05401082335539398 -0.42864141005111245 -0.3906593369176583 -0.21555842968672856 -0.20604125685891117 0.6095374372983371 0.4841506844874274 0.5921215848384299 0.23953786385283915 -0.2919862857280561 0.384687138503826 0.10500642701101863 0.09982288056744652 -0.269540663101358 0.0626358796106095 0.11396067201519648 0.21407228658306646 0.1212155323936678 0.0083297425893267 0.005815392565205135 -0.17860002555067958 
-0.14362139614955383 0.010102526107377496 0.13856513166490636 -0.641562503989348 0.3796313518729586 -0.319386446182063 0.639586508827606 0.163256085727629 0.1829598688946954 -0.2107408043474726 -0.3594307381511723 -0.07120072082428786 -0.315158784951097 0.003872541108405662 -0.15162695746059077 0.0033547557894574678 0.11520558489545052 -0.13585247809796963 0.31602399621274985 -0.22351120518254639 0.32961186758623384 -0.003939241275827361 0.18727722524100585 0.04343580061621999 
0.11680617404145388 -1.2271838104980466 0.5316632083850514 0.11387243722288698 0.5946857071354783 0.023710350897272914 -0.10207343306643812 -0.5044090842417341 -0.016151716957329143 0.16666644448303447 0.08400113536549025 0.5347079097212216 -0.0713180655465473 -0.10350766239370841 -0.1427483687594857 -0.34884135320143983 -6.836942117004844E-4 -0.46054532068172366 0.2556532223815043 -0.31766409266172274 0.40755031757228616 0.07348023596000293 0.20618342968120132 0.2963711631688876 
0.23536336782760278 -0.30682825062969954 0.5579813788077432 0.03176652487052012 -0.18778234874142097 0.7652371291918416 -0.3955158635356193 0.834374221000836 -0.8580446801167266 0.010925141436890162 -0.47753767309281137 -0.14203502604476742 0.39246448738167694 -0.44996131908286224 0.6041097777831911 -0.18982277576642237 0.364029399244682 -0.06453828354918005 0.2910513644930298 -0.03950369504187059 0.05302873181321769 0.006847455577257282 -0.16274607143298256 0.24829403065679664 
0.42996616671286336 0.4350236384409696 0.12645825602195782 0.7638703685297794 -0.1428834771088212 0.4486648374405604 -0.4649669106496288 0.4113919534896535 -0.09261124091281042 0.15287700371523716 0.03262476326564545 -0.614158473043584 0.5544966621999653 -0.7687327706743615 0.6871600525758779 0.06534153761743178 0.27423643009761345 0.19637295848166755 -0.20497408252598892 0.008929495735230164 -0.150746138127159 0.17338547727734008 -0.1281702108017002 0.13887358106446798 
-1.4775948546302895 0.5288827588864562 -1.4711617255031202 -0.3970931423435271 -0.3436722537389376 -0.33824883880616663 -0.052120845859888076 -0.17613334801245306 0.06210343543278296 -0.2243884506953458 0.15449566219769778 -0.2416496214122749 0.42873070257916684 -0.1985035800092986 0.4530435495025266 0.15141189691372378 -0.08990795019775459 0.3560809188154856 -0.24550297102970484 0.38857294208367515 -0.34038435077703966 0.0017608462696539762 -0.32459630812156975 -0.2677083757496817 
-0.6902047013294959 0.66115899676696 -0.5152453971871505 0.13227765797761526 -0.15007863065860372 -0.013665540548725597 0.34115130567366303 -0.025943786940780034 -0.023987360350606945 -0.23583319128286778 0.15249510012533632 0.1678944642115714 0.4224305318982294 0.43644198588825533 0.0442480035082106 0.22768142501441957 -0.1106679734850694 0.18680383086170946 -0.10776578800869452 0.07993259361864112 -0.11035520384059781 -0.08142016077333909 -0.09168973920138612 -0.23143177746506416 
-0.49074330588871806 0.1756148102352011 -0.48029744309528244 -0.10667281059456912 0.08553907862673404 -0.071840438259972 -0.06206605860815073 -0.11267673503497266 0.1287964319332905 0.1999977001269807 0.4363160828420525 0.2700636325767001 -0.27115160861341975 0.40177395533634935 -0.358244566631236 0.0460742992751757 0.031242301381908644 0.02645616761578194 0.07992153311699203 -0.04189447787756621 -0.026452103585262676 -0.1486168842028165 0.05948510340540708 -0.010866144994631177 
-1.3307512033526105 -0.6976683448981689 -0.5017178957065929 -0.06438407238795829 -0.02548522283644883 -0.24495085541766526 -0.13669694024941392 0.13986586614498997 0.20510787235872924 0.18494441062409123 0.16678377054762644 -0.175719767642879 -0.4171207850256735 0.34546703723458977 -0.009708018343889346 0.20553494282372473 0.1553222391751298 0.15797924430790913 0.16451094719096918 0.018102273163358235 -0.013456480857900585 0.061582483060452754 0.21718321390256787 0.14935779646326144 
-0.34386677777847297 0.002974563709972511 -0.40319177634969083 -0.4369851749862675 -0.499695861795741 -0.3019746842190426 -0.052961322249325704 -0.13335474092263944 0.026912129833902898 0.011073400959624197 -0.031103983229668522 -0.03724407050115616 -0.2564729200134332 0.27244946080250476 0.12047350544651621 0.12673775664058484 0.028393288911949643 -0.12681428178498705 -0.03717959250043351 0.12330838240365093 0.171103054955395 0.23161592379529905 0.2490830588107823 -0.040613198691408316 
0.48771938969240214 -0.28892199167419497 -0.5246741755282782 -0.3191709882977097 -0.32342787797275563 -0.37253615049291766 -0.15693390407865704 -0.06991160348702136 0.06732423327278861 -0.3261184908805478 -0.26534450854650676 -0.12652507363928478 -0.37542636259100187 0.04957884969231574 -0.13126151705143968 0.10394653441070589 0.14030881563076722 0.03073388180380741 0.21962106392230554 0.1873191807685242 0.24203552873887527 0.040761825231301944 0.0781892051771725 -0.049657241711417 
-0.6305598423709249 -0.8461067487843001 -0.8302398195239885 -0.3594926225614479 0.1493305394590385 0.37239505463261535 0.05959120080777136 -0.3777131474299198 -0.31562091338992415 -0.23931862050659694 -0.09486895404322786 0.3673058816491279 -0.46503806785844265 -0.40686781625596474 -0.17195114402264525 -0.026096821235923256 0.025332382556627175 -0.17850021714823042 -0.22529055122380012 -0.14835055539469086 0.035506108646214916 0.014014566202074688 -0.20928202845742863 -0.1805510308913512 
-0.061125583283379026 -0.42186423772797976 0.10559067703487501 -0.41496995183248575 -0.7709248703561402 -0.6743373702549165 -0.8518363935448791 -0.29991247290694245 -0.349732192245983 0.18785494566329597 -0.03590135957711135 -0.22902301858377005 0.27139038891582 -0.049719491632769085 -0.5459215677942844 -0.18075741416122512 -0.3459106210851776 -0.09443501169002581 -0.044962658719931915 -0.24457639314536447 -0.09814849644169395 -0.30466324708170683 0.004526812746570334 0.14612475581074125 
1.3256699122847455 1.2900491355047592 -0.20247077056333163 -0.3107952295111096 -0.3519445132739303 0.38442657710664807 0.9703615761551856 0.4266973599713937 0.12892201665464395 -0.28795701591852174 0.4820205276579197 0.5556579946451401 0.5789702914873018 0.8844223648571798 0.45519052762271794 0.22602581095441443 0.1313461501332012 -0.17059208390834182 -0.21662392210313566 -0.005860575256629678 -0.157576492943851 -0.04563691251427749 0.1096200372046421 0.11681457711299853 
-1.304566654382893 -1.2078414589204174 0.7992060033742464 0.19875255766079647 0.9649415116492616 -0.0952468766598566 -0.4774311155925684 0.26161232224841524 0.1394982575755864 0.612190448070535 -0.5673696876367915 -0.6590753975695146 0.4340180773065538 -0.4023428739920085 -0.16388825650977104 -0.60227750537045 -0.3539156657558713 -0.23914919482878916 -0.331424744728792 0.19955516115475355 0.03037716443834219 0.041899949569668936 -0.16423920168621378 -0.08151921549663001 
-1.7457501812830736 -3.106385232759621 -2.542619065561828 -1.3444313101713323 -1.112641101943266 0.5946260595601109 0.5222603281410231 -0.6408938192377096 -0.08750665946915581 -0.314575634167384 -0.1579949016273141 0.2318883398030046 -1.552595727702677 -1.0424164258645865 -0.6880485833969696 -0.4442874434790722 -0.14962514996932724 0.4122298833663221 0.5083134200061619 -0.13854633918412387 0.15782661078466562 0.18863439347777436 0.024721642571157165 -0.029564837521435683 
0.17253023158086922 2.983381568380236 1.7673295940634364 1.9086806046089757 0.6711704212461416 -0.061989526995280486 0.36648846464857826 -0.36478236676665143 -0.3326493474991097 0.07546440607872029 0.7768239601241469 0.17741945532718773 -2.5214312130405108 -1.8055592032798033 -0.08787586352961933 -0.31315465956811467 -0.030849261673648026 0.43812006005387344 0.42562502071085784 -0.12307074564636518 -0.07107999651695686 0.2741085963924136 -0.1960595121534707 -0.16831742472327074 
5.244908652410896 2.321686899448192 1.377613184282982 0.16710307745201722 0.24381648183561147 -0.8688917478246063 -0.9765384739838733 1.1555337220312987 -0.10848401316200484 -0.5854971753559375 -0.264241223936021 0.22610508076109603 -1.0647818362230368 -1.056814778877848 -0.6718266934012943 -0.19507702736150978 0.05744966248895911 0.45489387955131044 0.262997778297883 -0.3539949886470118 -0.11978988075805964 -0.13638507687266613 -0.0274666113691673 0.08625406749736382 
2.7643975678916552 1.4948000848150862 -0.8972825309593007 0.3824493425534657 0.3792605047807668 -0.6778481531291183 -1.0049067766626938 -0.26738921144699335 0.3632269239728815 -0.07467457051242898 0.073932009977974 -0.151231493878748 0.7880268325026556 1.061726310446752 0.6224480700847305 0.8798743394417458 0.4568492237225206 -0.04718882199328289 -0.003018516899071788 -0.08922602339758919 -0.11374088087735568 -0.11578404358636629 0.24260925412833356 0.1227038531482094 
0.15266165923064356 0.8083498456564975 0.8051670771534232 0.003915402940952051 -1.139035131177456 -0.46212626602690143 0.41896461390301 0.37239456904349666 -0.07607515293097245 0.169649084746189 0.27585090755327424 0.137451611913881 1.8075759213389009 0.7941242805208443 0.34733546175592805 0.6253854131414486 -5.303317316078526E-4 -0.47805606703577047 -0.49404753508002575 0.28512615653920786 0.045814967475358424 -0.2783459344567641 -0.07686626234623144 0.023021637202628398 
0.3545732306630285 0.554871163935827 0.18620843737402426 -0.6493485764607287 -0.007951443414886628 -0.12380580191428425 -0.322207528597648 0.29446527992001714 -0.0076311349825588515 0.045243406786755924 -0.22104986800550136 -0.14636536969383296 0.7211461291835691 0.7264585778773288 -0.30313670808624993 0.4933558451515187 0.06625538870708148 -0.43915243797541254 -0.38945244300338894 -0.01560072475985604 0.12688430843497664 -0.06580191278070648 0.04416046060326375 -0.07393596559583827 
1.027093057008507 0.40927851832528894 -0.2061386851514646 -1.193154202465231 0.43901345112826173 0.2882552776752881 0.16425450722368096 0.019228006730169778 -0.060499886110359946 0.18958163936476238 0.113848502094411 0.1546071070607533 -0.18210537886847908 0.29172522578401 0.500425672660164 0.16768067473448908 -0.3484654933784815 -0.5415199005045118 0.2042364216547529 0.10012742760695588 -0.01290833629074504 0.07559285848508879 0.13367449396887543 -0.014414564942273148 
0.16374348145201623 -0.4850399851512961 0.517780474451893 -0.49908339019799897 -0.6085299524933365 0.2644183889460246 0.2908056056871374 -0.044003756010761785 -0.025213634742354718 0.11276489052040375 0.022451830897614378 0.061998655335330666 -0.03047964068176719 0.3090012056240112 0.08649681638339131 -0.33508101043345384 0.1072975641903147 -0.1760489942379692 -0.2277678396333395 0.27122757379980317 0.006450460925151891 0.04962618086446154 -0.06259759396017624 0.05518255885482352 
0.7943926704415869 0.453129742848029 -0.8618959593660032 -0.5742592143938801 0.20665060349721331 0.9683213400564795 -0.5002512182036414 0.24124680418801847 -0.02855889417883939 -0.09089023257590129 -0.24692342380490995 0.07651329422611863 0.4407152162258375 -0.037630003690020196 0.12249093910746289 -0.5583524433794838 0.0947895057310603 0.16866064474602394 -0.03201624463881083 0.17216776849341453 -0.05749626385814242 0.06719015604335739 0.039304254860599026 0.07589693516529002 
0.5623623459917901 -0.39405806519757647 0.2545966253311196 0.04644696080395727 -0.21366271217030652 0.06430814960902762 0.6933488530160317 -0.6302268402083167 -0.0429530137237748 0.03660080016370315 0.14712887682468784 -0.2728661398409862 0.3861473536500277 -0.20116042667508913 -0.08324531651936169 -0.12720901587312952 -0.22755760979252992 0.33043788520213413 0.13483986067209122 -0.19567198546710327 0.10005025798568003 0.05198441477166447 -0.04637148885768425 -0.03594133939567059 
-0.4943620239388924 0.4766775694184897 -0.4420195779134666 0.20913795217224207 -0.04278868622643417 -0.1176715368942852 0.05903161747566632 -0.20416375665129638 0.12085859495477735 0.026093216413040493 -0.06640278545092282 0.09434869915304167 0.15675745813709932 0.3334457604940786 -0.4194640904019324 -0.19824718059936428 0.04850019703070224 0.33291267151113507 -0.06973717437077392 0.017193229351050537 -0.003776748246440883 -0.026945538928992735 -0.0021935855152607486 -0.014049861177267087 
-0.3503212323078273 0.1066673815887409 0.5575782332837098 -0.5091549258616714 0.198862521746077 -0.18389882818499537 -0.39335539416879006 0.7657174808102054 -0.4000731532662032 -0.10168007828906056 0.07130597829367358 0.1609049710588809 0.005939375382591372 -0.18294720702101053 0.23317987579333324 0.03164728082531254 -0.19478486792761074 -0.05830941201206303 0.32498777503651505 -0.1973018271575139 -0.07590425152858689 0.05699325348410474 0.034487372072230287 0.021745219868086918 
0.7804620851800976 -0.7975702620273655 0.24500550786349895 0.2982832707370271 -0.14511260455308517 0.09368681442008572 0.25231242850109126 -0.5083050443743942 0.16133142033169745 0.059086823437458774 -0.20243121799362057 -0.09822267769201365 -0.33756068963299973 0.001990401049379642 0.3287183774126479 -0.05796997445551585 -0.12440850783549333 -0.11454822437778989 0.027847821895100582 -0.03497106226814887 -0.043512117643587644 -0.0770016783579042 0.10642779525584052 0.16750472889767928 
-0.09286783471547899 0.7919074715883827 -0.7884555449373629 -0.09306754095437286 0.42185385077585114 0.13355720998803122 -0.3782548776062259 0.11374928512577398 0.1645233281735258 -0.1508757638008202 0.11168097687934586 -0.24181611102271927 -0.12195879511629808 -0.3261772480494545 0.25860653290879443 0.14907115815365227 0.13353244161153485 0.07370284826436972 -0.26871985965217243 0.25034373351989786 -0.2194368149915218 -0.017380796479298303 -0.13470111765622583 5.625483804525914E-4 
0.3895933461639327 0.12808632127052988 -0.7551578210408738 0.17500418308514032 0.21894117276515873 0.06724511715257114 -0.03206210649091751 0.22673352799536595 -0.030903292834324192 0.2816960942426329 -0.40587367051128054 -0.20680494649919612 0.5404222974524697 -0.20386326849193695 -0.06714328542442681 -0.1637368725396824 -0.04022221461623337 0.18036956583753042 -0.19987250843436513 -0.3397259496847935 -0.01389058865840461 0.040048659530714355 -0.27252659564323367 -0.28680655341328326 
0.21098952254914938 0.6223708340881569 0.2818402990095129 -0.8947288564966849 -0.38376169174764957 -0.3917865243443472 0.5549914522837316 -0.3528330059343683 0.3543546482913731 -0.16084232425375272 0.577130557521181 0.21350846032111437 0.8595190352610812 0.6743902815937343 -0.5712688987028847 -0.3725724701982525 0.12345562081978508 0.020241129768289085 -0.09649562651151955 0.1925005577873947 0.04235538733023158 -0.15369886693773827 -0.019982321894182597 -0.06445756229902934 
-0.9927334858096257 -0.10121213780144167 -0.08871255783665855 1.1903245461272303 0.3783618105573653 -0.18475001592631635 0.385306788859208 0.7441639502100577 0.10808752624798762 -0.05607587492821803 0.38242377861516286 0.5345346968759194 0.6774329211271498 0.40896640369977355 -0.07419930879890235 -0.1259877307785698 -0.10551008904145792 -0.1679078480260904 0.09277428196795429 0.09112952425268421 0.020936660600384422 0.14335799997572582 0.15971139437861337 0.07088842352875639 
-1.9802615245119433 -1.1166141436568342 0.5921285195691834 0.5169896881193399 -0.028223330579607353 0.1988313872226077 -0.29745244574673 -0.7224675993437559 -0.032038243358324836 0.4791068215978201 -0.22252078200132805 -0.419113245813189 0.3225745853583213 0.48540075804646676 0.5094417805137574 0.06140945523853795 -0.015978652782565512 -0.10326749127676331 0.24230027040024127 -0.07489961683607708 0.08364836800742065 0.12286504929413368 0.38390151258543453 0.08338249918973854 
-0.5470798936869703 -0.22932040095629525 -0.687704004924002 -0.15289189688716265 0.35770225930551136 0.275659705447365 0.11583699662045044 0.13816225194200715 0.0994831711893715 -0.4683524786103309 -0.4851821838858662 -0.1031593640183136 0.1366144988302694 0.3096901866491759 0.1980539898761493 0.54278894075481 0.24699559360270515 -0.1450324836077168 -0.12184733698455234 0.15439818533815833 0.12580059115641082 0.08387805595642334 0.05339195171265012 0.14093268081685284 
-0.9795610295871422 -0.7697773084738166 -0.9469893189880875 -0.40734900070510216 -0.32549595777402607 -0.312188911200898 -0.037174462797613494 0.1748666937078882 0.1077117217984192 -0.32329917029509736 -0.1407709989846079 0.28220799319901524 -0.28529161418282095 -0.18915293825139848 0.019094498606206378 0.1883343997516511 0.20810453996809616 0.06807537933666243 -0.1502805993439669 -0.06553802877493531 0.16702861813249173 0.12556018073931094 -0.1380316855519622 -0.09383903680854151 
-1.9029272297628343 -1.2037011153404782 0.086684391813529 0.024127068275021424 -0.21398865665354083 0.5058575841085869 0.6207098083383067 -0.16769775233023942 -0.33918922979961685 0.09349295314897066 0.18137303196885243 -0.23892396508074126 0.08791797540486161 0.05392216762479792 -0.5683829004925491 -0.48230908880191464 -0.08966347098223508 0.146842574500581 0.262350466595127 0.25072823217307216 0.05962891469329343 -0.24683620631184908 -0.2001542052344519 0.01647283405084113 
-0.4464630139255483 -0.06196497171054727 0.14765082538179886 -0.1365229937167054 -0.3666914925043698 -0.12049369011799055 -0.09904705357375748 -0.3729235108828267 -0.31378789726130585 -0.17849643649976354 -0.14170333327280074 -0.06971383485635058 -0.20960647103756272 -0.1863727187236035 -0.47866236763229386 -0.3719084581807901 -0.12357631361205285 0.1330677214014364 0.18299908342073665 -0.008142966248675462 -0.20123833983055475 -0.26771755537837133 -0.08412919463616449 0.033655517268258474 
-1.077382827732352 -0.7449930722123237 0.4701246243687023 1.158622366024383 0.6472904396173884 -0.26071562859583175 -0.6402781077768585 -0.34012734228185193 0.13134623663935374 0.19975477342754933 0.11574659896158596 0.023383047856845918 -0.2602477984678088 -0.030348553703026655 0.10213144891925381 -0.07419336015637772 -0.2092035114275201 -0.00953082306119161 0.05144729700170355 -0.14381641411323065 -0.20956075444559277 -0.10523622499154513 -0.012357162139791164 -0.04546393506924268 
-0.7635138174896952 -0.4400131738670834 0.29727766763120744 0.14112872496258744 -0.38540656507333215 -0.3281054690529979 0.044322244997759164 0.28551038742972085 0.4761590080705982 0.4267225857007274 0.14442980142751882 0.05008793492544622 -0.1751130539328901 -0.06525281134069331 0.04147642246023405 0.0540359446864264 -0.045547744721122545 -0.1227920861985113 -0.18519586162248802 -0.17242501057471685 -0.04598099892955668 0.00806018620505868 0.009963704948902466 0.001526674453697659 
-0.9636584325773345 -0.9236313531531302 -0.29452337606893675 0.10788128940450817 0.42297941391350063 0.6382559427596655 0.39468326804743775 -0.06546545914682123 -0.10548041912879058 0.10659211702336058 0.07537795103806613 -0.16243304476391163 -0.2723201389742713 -0.15997015104445134 0.18750194964975408 0.40365385231914724 0.26419315686068545 0.016477960907898437 -0.09169504583399557 -0.02571599583936109 0.12335384679289997 0.15706431975531007 0.11809626522495342 0.08108230749426291 
0.02201395029561315 0.2231126027819359 0.4055455582199162 0.22673971053395287 -0.11789274548905826 -0.20160321720020527 -0.06094015661844149 0.007020579273808558 -0.057431572588563656 -0.1560956669128452 -0.15141012415774824 0.01861418809293522 -0.3046506917755217 -0.1788134045633579 0.08456688603009006 -0.01466068061677043 -0.21635804219429763 -0.12091309897692214 0.09646743730686684 0.17467644952292793 0.17552265564403102 0.13154031289329005 0.06799820472951466 0.05483228521713777 
-0.6531862947021922 -0.5966455074034793 -0.1465151698749143 -0.09514468371874124 -0.2790459407568049 -0.3734006372459234 -0.3125617694667714 -0.12373445068581251 0.02807998659023475 0.019970940468405474 -0.09062223392064075 -0.20412700120968733 -0.47516731332936574 -0.44490130732140626 -0.11317704053791398 0.04317616594478597 0.09442307904753011 0.15063730469261233 0.11355999768697511 -0.015663994255773906 -0.05721742734613546 -0.024117236469515673 -0.02462553716653697 -0.028042834860245173 
-0.00479781110070121 -0.06706588305183514 -0.03042709355607398 0.28662375337452345 0.6146802388447135 0.5404621178805629 0.1085424518342632 -0.20938446536956734 -0.11718916172100757 0.07541223529833481 0.023435279718328275 -0.09356194250307925 -0.015765523564879775 0.03193502828375805 0.05950401980351694 -0.04045664371980671 -0.1819214155155069 -0.21174892675701742 -0.14404460306444486 -0.06869287759443621 -0.026581444164946667 -0.042220649545214574 -0.07506972532717522 -0.0519137502659287 
0.4752493881089199 0.5561618117279741 0.2629940714328003 -0.05158922985013503 -0.22657631539597556 -0.18468863885855558 -0.030738029239839926 0.08972904594218845 0.09605065747583777 0.06318987532631759 0.0618318605996388 -0.02221647488516887 -0.2562867446695492 -0.3148761797754706 -0.23892817886274134 -0.17951286842337275 -0.11657324149781846 -0.09143248922301994 -0.1170265125276461 -0.08333785707322071 0.014866264553310036 0.08473329013708804 0.08763428070321189 0.04037097555185543 
-0.4949073204153036 -0.44909614163506495 0.02227887815550811 0.32633191475906986 0.4016366883770477 0.3392875638771632 0.2302817824614274 0.1063674637431167 -0.011672575536525162 -0.05104318570615754 -0.0024279954363623513 0.08340017572846209 0.14857091616970663 0.15354670182807287 0.09660739188384353 0.1581827665029847 0.23996747954870398 0.21561939066222094 0.10675146042805304 0.01631041823586693 0.02604032960146892 0.052780161224625345 -0.01757159592183991 -0.11794215513190216 
0.3607286939637566 0.5389981612145474 0.5439163808575187 0.4235398408591038 0.1771955589704834 0.0014841074248362895 -0.02235189719741515 -0.03159684402249241 -0.06927710016193656 -0.17100121944061247 -0.34059343845293116 -0.41372098698102433 0.20387814882053515 0.2758393228837514 0.21077586337729992 0.10681265957046997 0.025329211828027498 -0.010500811916707467 -0.02017349573165376 -0.017978303551164976 -0.0059938251274394005 0.020806796992289472 0.05138169425597335 0.040534957857977914 
