0.0 0.0 0.0 0.0 0.0 0.0 0.0 0.0 0.0 0.0 0.0 0.0 0.0 0.0 0.0 0.0 0.0 0.0 0.0 0.0 0.0 0.0 0.0 0.0 
0.0 0.0 0.0 0.0 0.0 0.0 0.0 0.0 0.0 0.0 0.0 0.0 0.05671392890135222 0.0662289606554373 0.027847768757761848 5.688336444990375E-4 0.003525566210319316 0.022181926315108957 0.041197737058086804 0.04454742815806506 0.031918328812909014 0.020828667770402588 0.022839414791601703 0.0291152336945212 
0.0 0.0 0.0 0.0 0.0 0.0 0.0 0.0 0.0 0.0 0.0 0.0 -0.024923604182116588 -0.04047519046880469 -0.026582502186807577 -0.0013252983985627687 -0.0014350489335403966 -0.0547186068933847 -0.12911914050588283 -0.16117287601067123 -0.12366818788994939 -0.05170408487263117 0.0056624303840565465 0.007908934577600371 
-0.17014178670405666 -0.1986868819663119 -0.08354330627328554 -0.0017065009334971126 -0.010576698630957948 -0.06654577894532687 -0.12359321117426042 -0.13364228447419518 -0.09575498643872704 -0.062486003311207766 -0.06851824437480511 -0.0873457010835636 -0.06463702673670735 -0.0555153652571548 0.012772277989538061 0.0663754869706109 0.08938261351430121 0.10786733575709062 0.11104627807936622 0.0959589534494703 0.05080931937261258 -0.03269229189295176 -0.11073029066200263 -0.11123176585278705 
0.1598417058983781 0.22076901238957003 0.1215191596970655 0.004829145662436862 0.009593496116100164 0.19742871015281754 0.44915402710477875 0.5503397702691113 0.4188820568892117 0.18635525627349742 0.017271831035232915 0.019946046808980683 -0.13540059311301963 -0.1251747791922626 -0.0040787529555320985 0.025368985772194836 -0.04278266640505685 -0.07955442429960058 -0.02605717909161569 0.06126744734154877 0.1001055534582842 0.07548938252011779 0.011388792379879456 -0.022546878945382275 
0.113990227260933 0.05616158957667938 -0.09907641381714694 -0.2015410337430511 -0.2729445886009537 -0.42231636234768066 -0.557715847790488 -0.5630467454829665 -0.3618689865624436 0.0048992475421065634 0.32355495646839144 0.3237222741538708 0.0655443013604294 0.031086198673095772 -0.10363649051372696 -0.19801080507616597 -0.16096861268221221 -0.020210786434627297 0.11130142026973305 0.1368644454287031 0.08334088304533253 0.04090316187639698 0.025316028848934885 0.0052695618862171655 
0.26413577235656405 0.24810010180529218 0.02000281263852699 0.023810309088192483 0.25953194420016845 0.41654856459997863 0.29523285558296086 0.03089988847973936 -0.1672596603129943 -0.26016077298701057 -0.23020297756123664 -0.13789335078257037 0.0933365684935586 0.08067565368418839 -0.014708936093743427 -0.05066999495402887 -0.027642399041563293 -0.023166612677214555 -0.04842521397170383 -0.057174673030983524 -0.0028843648626171356 0.08449990139974443 0.13159012592127514 0.11240304164750144 
-0.41892172401443784 -0.3056110226934603 0.2781243387971646 0.5828353325821231 0.3473599153736445 -0.11547334686502553 -0.38053688622255066 -0.28451567986561854 -0.05270677697362158 0.038062525689855256 -0.020728926623375 -0.02423468794643957 0.18199508214520246 0.15799598764024156 -0.002747145452130025 -0.0861991721097526 -0.11745013514784415 -0.14096625297903242 -0.1406094082633542 -0.14006649462566914 -0.1353362586547423 -0.10363646713010949 -0.035214056436858675 0.02692001083505094 
0.14628797605538768 0.1596283574720747 -0.022954408328859977 -0.2353490526380636 -0.21763155874650908 0.11350704044313364 0.5058401882359216 0.5825982565533879 0.2729540466826521 -0.0837260869996102 -0.20535660518270923 -0.14328459708336844 0.034782962426662234 0.08549764146055343 0.12900502635823755 0.1451145247807835 0.15618485583816433 0.12322956968010308 6.412578797346432E-4 -0.12372404566157318 -0.17348327858941673 -0.1146285649686853 0.02652883473412639 0.12199617856613447 
-0.37307112102408624 -0.37359050117743653 -0.06935636697706338 0.18663616344933476 0.3179875683159175 0.15210315866783913 -0.2411912893269058 -0.4186964456427834 -0.1759670640960399 0.22759130593873486 0.41677393958970377 0.245657864799117 -0.3313064158368002 -0.3158032085675139 -0.02699206450531026 0.16544139797557125 0.1868835452950551 0.0643864347252321 -0.08243048408573192 -0.11300872090769226 -0.04385650512681618 0.0385627607557074 0.07411724848414804 0.05997258452315008 
0.13686158358140155 0.02559691666562003 -0.1932719135490717 -0.2134336806877638 -0.19433644978546105 -0.08692839720676293 0.2236362834959345 0.4691624083530413 0.4148203190164651 -0.011039468205394448 -0.5285409148701552 -0.6388281628537521 -0.08875253641790952 -0.021270722070930653 0.18416606632204716 0.23944840590802877 0.1350439304268921 0.06648478785017238 0.14594620442085898 0.27115120971853285 0.24912760850267582 0.08023922002555138 -0.04504954345402718 -0.041391288139820855 
0.5797107197329558 0.7088143234123088 0.4442592849232012 0.07555345268025943 -0.2249382749920447 -0.20841493221577356 0.007856518404638635 0.11122840695763153 0.007929602239920452 -0.11396906597437483 -0.08148851723209619 0.04361934136930201 0.4866955065910609 0.41755615726066103 0.32502616788538324 0.3248629336866134 0.11044916621986868 0.0830317922850885 -0.05627680665154005 -0.17647293150137552 -0.011864441080098117 0.0040125315501986225 -0.035243927153421915 -0.08809727627530821 
-0.06384533506940482 -0.317761888610006 -0.8322604332451338 -0.8981529149776123 -0.3513004283732043 0.09431172233442287 -0.05652232889242759 -0.49581779890241806 -0.5663771119933556 -0.15366356111970947 0.17892325359027228 0.08190852905100163 -0.044878010737540906 -0.3234887567643674 -0.3736071460391513 -0.26908695744712857 -0.37452635558741615 -0.12410916605783327 0.11613583610666327 0.138293059194064 0.12300552978270307 -0.20235945072099826 -0.4205524365019689 -0.3404297195094564 
-1.7328041814718658 -1.4545795703216067 -0.7249406107851821 -0.44559302046558114 0.06512205895018308 -0.18761227795801927 0.06771843682189538 0.5932124524890728 0.3502249746491648 0.2868657577452965 0.16877363681975582 0.1495813476726648 -0.46410398249226636 -0.2993842122975671 -0.3917531806374117 -0.57452961621843 -0.15017247835113803 -0.24429908982678192 -0.10288354262763443 0.09168258206085922 -0.1733481834240617 -0.006421454380033965 0.03863213214029632 -0.04646989833296108 
1.427753066396435 2.07776013382568 1.512149472422574 0.8544004282265423 0.7842124500056734 0.2749977738378597 -0.15470218403268365 -0.1867087919948714 -0.1253439565362663 0.3956214720977646 0.6079853176098255 0.3294799925229357 -1.0014016807204835 -0.47962553285080656 -0.4020725599206354 -0.6012452536158572 -0.08007437494779034 -0.10948284691003131 -0.06328705897852077 2.7006350827825838E-5 -0.2385751499126565 0.0648475381125927 0.25146794717023807 0.0666860354011302 
1.226223466476835 0.4092059490871671 0.4473138740015825 0.9228656297334723 -0.3421772791280694 0.4341393115128538 0.36559707385766993 -0.3183738426787195 0.30745757478356095 -0.36934721944300997 -0.4119159456627618 0.05924330463221822 -8.658423981389163E-5 -0.1672897037702555 -0.289532603020755 -0.3680401866630079 0.05084819445343378 -0.1564177238235863 -0.10341071884090806 0.238366951199845 0.12386109983923814 0.2844988399947972 0.21479351619982032 0.06390247424874632 
1.4608458831176951 0.1892219502380268 -0.2121699958766099 0.2213535207704327 0.09257236550929293 0.11188446832908028 -0.015600470474752548 -0.040105670371005375 0.17073203767741585 -0.0200996868633343 -0.2851357966791831 -0.07298055563216571 0.4367528471393934 0.9645098234393754 0.670279399675417 0.32712351733491624 -0.06189249609871258 0.060866614866328085 -0.03803824165425227 -0.13669314534651486 0.09920368975957798 0.05501273027475573 0.12330033354227539 0.14502385272615217 
-1.7490908371130542 -0.008441367217013607 1.0058169324266748 0.9750509932514975 0.25839751783807197 0.3631975462671293 0.308399736565654 -0.19518996192239516 -0.16939632197539067 -0.35877018275854555 -0.029046354635200833 0.15910419900397654 0.5424628814325931 0.12965665652209957 0.16572851578288242 0.4922176498907454 -0.12602576281679678 0.20037570396724416 0.18944130475293317 -0.1974113861804985 0.14108330920787704 -0.20144904724307391 -0.2262958449311161 0.1326402185347096 
1.6051516767731995 -0.606945678340356 -0.7779402558162234 -0.15306280553721896 0.6696025398187404 0.1278688118617377 -0.011988790423918871 0.16177870366651104 -0.1845280774355244 0.2252947629312652 0.046649521469218885 -0.1555220128414 0.5880900488723689 -0.5939180380863446 -0.34026472526284035 0.10088023670796568 -0.00538533581585073 0.2733906633715893 0.19807137876120287 -0.0803368817802484 0.005938774410485024 0.04858234809097617 -0.07477831523424269 -0.09645596386274502 
-0.47331807464869646 0.4183197938100598 0.23301345662274198 -0.36657915678493813 -0.2526150778324028 -0.17497997215520744 -0.20453268042654638 0.17291812884401786 0.06183770471639993 0.11230269738891208 0.10107893005638552 -0.2974066223672934 -1.07711493716203 -0.38909511769392474 0.08172174132059817 0.22368372608693954 0.21970560516785073 0.20571844506504625 0.17780820619153404 0.043908415486127256 -0.03403506164091599 -0.08657486675909215 -0.07380530450882274 -0.041592874094044885 
-0.9413106447315904 1.7575954839835237 1.1950259178138776 0.5895278856647534 0.3642346707920825 -0.43919876257451923 -0.353348398262261 0.016850929586533336 0.03729870110006547 -0.4013831712099916 -0.1258634933222482 0.44464274664170433 -0.33504650539646114 -0.28695487736024017 -0.23155939048086452 -0.08261050119468538 0.3418673469087509 0.0812427929779816 -0.048486958813629126 0.1538716904132864 -0.05123168503124869 0.048149998229250014 0.033078455950795914 -0.08512475875841774 
2.755485135125431 -0.023426595297179276 -0.2258313783501702 -0.06729553061030735 -0.24803536315215124 0.029575998290119032 -0.05434507808977708 -0.2544513213407881 -0.17820452632043765 0.21429338458935931 0.27862606628700093 -0.016199558455440966 -0.560107992187474 0.20877572437025135 0.1950687048590171 -0.18536492909418323 0.15587728754310723 -0.014751662240809288 -0.007608206824054599 0.19325082103604427 -0.05154657376472821 0.04015643572285254 0.08029017175612872 -0.12698008274747216 
0.995889588075519 0.4747921482939841 0.14616033311282628 -0.054873115040478204 -0.35828935824763797 -0.21813755229487036 0.058378284848583845 -0.0861516424809452 0.08918809317664045 0.029849424643291544 -0.14135941449847655 -0.040751268522073 -0.45942537433393643 0.5729921697197838 0.5081740863966266 0.2762977287365766 0.11738432948083742 -0.07469960033053133 -0.067965818851737 -0.008919535432254358 -0.017301589716477567 -0.10056018185071917 0.018483447282866088 0.1257119414865173 
0.2384057855101709 0.4333942885440756 0.17224013439621633 0.5117161308502274 -0.35898492594186415 -0.24125559057260398 -0.387571401509805 -0.3553330482303757 0.1905327299722971 -0.22378290770628712 -0.13204362462388647 0.3262306334570117 1.5368434132254158 -0.24606891533230849 -0.2855172062155458 0.08454430572687925 0.009677769728391886 0.1365958138808103 -0.0681953318096754 -0.22522197165451038 -0.09362461378268516 0.046929545225794754 0.1589374454111164 0.08532335852990512 
1.6955051530778489 -0.18979146709645534 -0.5285320977491956 -0.5288711312752437 0.0675564637444267 -0.07968416715156373 0.017162220002963968 0.09405039932809023 -0.09516515789686919 0.11933552048998908 0.024021010284597244 -0.10370817377407385 0.3433194586828323 0.5363070307278512 0.08387486879321109 -0.09602496063645687 -0.35530518346258627 -0.033457764258497454 0.09741415880630559 -0.11179901178985062 0.10671172836661162 -0.00109708741699438 -0.0342105714798241 0.12578805301384632 
-2.204852887051981 1.047071958394966 0.9680664557274783 -0.08392943967356237 -0.48999158333335924 -0.44943813592396514 0.17084894976205905 0.3311135727182253 0.19484594056437263 0.028761700988626293 -0.2808764823378852 -0.2406911814191559 0.5192125161597761 0.2249307413228697 -0.12274481753393666 -0.041259975017105065 -0.1607155767013036 -0.020747828127331697 -0.06809094760414856 -0.08291897199880088 0.025523564965066487 -0.09039078339616624 0.02689032593923053 0.13288279744482748 
1.187560548308098 -1.4409677788150148 -0.503377433932438 0.5310245521307873 0.7731295208358684 -0.013672986843697416 -0.513074367206265 -0.09397791758569385 -0.2331036972192322 -0.09313161745318202 0.03568872879799512 -0.1346545201255282 0.08132431880707729 -0.42747009980080425 -0.04004532836760255 0.06962700623867309 -0.020677951723120553 -0.195711043391858 0.022214757021225506 0.1649226583350468 0.07370831386378 -0.02921739709183711 -0.14782645990793233 -0.07626368394434486 
-1.065259460584282 0.38419022043474627 0.5278972550896475 0.10554821419852711 -0.2296247243836742 -0.21201769634454204 0.08181973490725514 -0.012561973777081015 0.18293130473827912 0.15362301145379714 -0.218548461698277 -0.05694458570174357 -1.5196252038362268 -0.19242333861123515 0.7177517677493034 0.6014615003284044 -0.13431627245864042 -0.6706263126095501 -0.27854383848383124 0.30481816775139114 0.4233243306878444 0.017023554885472202 -0.33127480650020075 -0.09189132691004558 
0.8817354834227675 1.4240597012860672 -0.18831151232747256 -0.8324909769273077 -5.931105610541554E-4 0.3887387432342988 -0.0049674436333105865 -0.22887980242939698 -0.3103327815751624 0.14455705653291498 0.4363363796885902 0.03320958020025459 0.539166148092606 -0.23606547788329943 0.2269352142098766 0.56254634827853 0.16289818894839445 -0.3512103992165143 -0.3325159737532335 -0.05606480987476766 0.0033294322950487842 -0.029552952000487232 -0.08672830152089878 -0.04711695447263425 
2.5069352568993644 0.19182823417813033 -1.3427218083229144 -1.206556176129728 0.2998185497410233 1.361234936865687 0.7524270034270757 -0.5158899881140966 -1.0365125093211958 -0.1411533006608388 0.5126241117174195 -0.04894925085191058 0.6460399737656722 0.7445947204749824 0.13661806100814392 -0.1281676620931954 -0.06144949757214583 0.12294892098100345 0.1583039183126221 -0.20057231070707826 -0.2959218084203628 -0.026053142466704444 0.09930569995484928 -0.03101565790811044 
-2.216035254711543 -0.6365903520368086 -0.24887354485578683 -0.5005622975406752 0.019713316928336333 0.253331894200731 0.14916991979352523 0.3258805192071169 0.3666299129253589 0.14291539460559766 -0.06971265334715679 0.0026986758674580336 2.0600892779110085 0.615766176732706 -0.627236687250056 -0.7751365139093679 -0.17852804939220698 0.41450641231110513 0.15849463959549573 -0.2482973013023226 -0.35680638371598117 0.004877017018976461 0.26971523297558003 -0.04224018598348198 
-1.4544940128141433 -0.819268914328763 0.14832408832937283 0.3240868607847971 -0.055429445411931955 -0.5131610347707685 -0.4701607017440291 0.3117747975258969 0.7322153827491069 0.23260326981756912 -0.2634410450449514 0.05135784018898604 0.08385459633250776 0.28943879247901655 -0.3787607334071656 -0.4076082603842517 -0.09436248897679171 0.30639035210599935 0.3754473344010911 -0.23064749382171398 -0.3069404754855438 -0.04367407423838307 0.14908710212309337 -0.006627527671683171 
-3.317817715453504 0.08230974534139612 0.9478756010965519 0.7275970463435337 0.7126150351920444 0.08241749211921112 0.13084249016575455 0.10217970865757409 -0.12427757646237025 -0.05695227976321837 0.015223259143035593 0.10977659263025225 -1.3891889230462129 -0.12904747467534042 0.03588314662468258 -0.8328268157064441 0.1791643928705674 0.5094989873157076 -0.24391485007769867 0.14870064928168306 0.2649349489479029 0.10283566546856587 -0.09335930820491274 -2.753162368017333E-4 
2.806262698272821 -1.0359381919480217 -0.8048141810775871 -0.5978110669190775 0.23645515753954438 0.527521081588449 -0.3647512849623123 0.28790289862581675 0.1297626618293003 0.08980275923871842 0.022894849103043236 -0.08260562621825818 -1.62693462541736 -0.4438538592228385 0.1938996708427596 -0.28078547847870955 0.40209407979079415 -0.055500833383807846 -0.2548018991624155 0.33211898179535554 0.36826249506922126 0.20043449517210923 0.12692679107250476 -0.011422477081807261 
-0.17884684111638638 -0.14111328920115795 0.12004614997364538 2.4588671134305944 -0.663722163159104 -1.7955061259260008 0.8282097616357629 -0.10828547918789222 -0.12694857345844657 -0.09419134651067462 0.06719732419358415 0.07050635778148534 -1.3796048682702644 -0.37211407062460583 0.017416462994639687 0.1232804958328817 0.4984824299015835 0.2448988553547877 0.028762209337492673 0.30137317197226404 0.16412854569657678 0.17454866487735962 0.14760832226138124 0.0898926675803577 
1.8568244262693785 0.6240041806110295 -0.01946019863745274 0.30080826267739535 -0.5735430856087402 0.592303274403261 -0.054438639991786664 -0.5793495539374365 -0.3712366039605186 -0.3500806823250304 -0.6702084507877399 0.10526038885879126 0.7421010964623279 -0.47222900833920683 -0.29245515256090543 0.1944596225211641 0.10960269349190509 0.21077195534046575 0.038179646368053245 0.19051949129397275 0.008926644884702776 0.0638566008017823 -0.13751417020913526 0.01721678720151464 
1.2957160253590114 0.3686807709356881 0.5029492208925657 -0.09155410595334779 -0.3778331329385638 -0.684670170352558 -0.1106004603319863 -0.3683135809775915 -0.36616358065719123 -0.36065655361342275 -0.08105005769571656 -0.25383441764934556 -0.08662475480431464 -0.03594344719729481 0.037585801453219325 1.186619016644082 -0.22093644935455373 -0.2024366820202892 0.33853842387810035 -0.11454269305093727 -0.23822634106268428 -0.1453809700862012 -0.2485104663411369 0.04724188028396618 
-0.1573220243518616 0.1258518030011757 -0.11890025885433086 0.09402067520940127 -0.235297438046441 -0.6602127622196696 -0.00988511308259743 -0.1536415243612519 0.2225902307745643 0.03146556038474557 0.5095610506750994 0.02791439989261335 0.49631961605711644 0.13512454080644729 0.12650664697366368 0.41896079160842303 -0.07485528929074366 0.15117602842130964 0.31883805178200514 -0.31661511984958696 -0.26715191418269607 -0.1995221214233133 -0.36157275029619984 -0.07456378327061088 
1.0881006486071776 0.21579324119565335 0.057008775722426464 -0.9975961427676543 -0.17003563887659245 -0.561938061553668 -0.20968227345313273 0.02248858517682728 0.2908170323620648 0.151178442393041 0.2228439724855752 -0.03254628858732425 0.34424821896973007 0.12154908468758958 0.3039321356250455 0.13295843006381491 0.13464866309155377 -0.3215347485450906 -0.08839154039760498 -0.30245140292257133 -0.10334041095116497 -0.18437516177353408 -0.058342579700619346 -0.024760695604162136 
0.47167326647394603 0.295074323061705 -0.1760099169733742 -0.5030530937407205 -0.4528759647674949 0.07740913473988709 -0.9614118887772287 0.17509472253411507 0.10172883207794153 -0.007431816058322438 0.2625627850102137 0.21830767413961322 0.09450873181548076 0.10550713000808809 -0.04343389631493647 0.13812503471524126 0.07786917536073368 -0.3914537992381914 -0.02495022021940796 -0.1560331749179876 0.10151551604456414 0.13780797141095402 0.29917305912048464 -0.011687527323627161 
-0.05152627696308265 -0.08057774315734534 -0.3802923569230492 -0.19189251166973165 -0.6729898588526981 -0.08887687319706439 0.6303375487081443 0.37467250434243904 0.004288351544615099 0.2119176199287135 0.21747681423858434 -0.2747489679603591 0.2680591615592777 -0.2565818996216513 0.04487600396408838 -0.1595002788434421 0.19387171458372396 0.013535872002058191 -0.1353178800843928 0.016834929797291103 0.22557594408561243 0.19590109892788457 0.12403972473031614 -0.08286068906804511 
0.1289652429868262 -0.042484094846589215 0.2300519964132164 -0.7232062444852838 -0.21742785414058918 0.2776180413166027 -0.35504436350501206 0.138366040809905 0.061308023049596705 -0.41232794261595274 -0.38527454756285906 0.18407832155001225 0.544691548113188 0.22546805666544648 -0.031523077193219784 -0.21975668813369578 -0.5837870415184906 -0.299660405810271 -0.24508797127395984 0.13822282998999655 0.02158924063136977 -0.04812016274926161 0.085599574112366 -0.04157456921309005 
0.4552771756729044 1.1543181490147543 -0.280650192863134 -0.40901873086504636 -0.8693748379412172 -0.7026501308482004 -0.10691239583606266 -0.009651863352940993 -0.3657003953806001 -0.23407679111179763 0.17464346458116314 0.23315045491161157 0.5038966679111928 0.3268753507471489 -0.030609618108403236 -0.5108299308771104 -0.7843227934468701 -0.6692204775039355 -0.1257575707659571 0.23060170281562367 -0.0789514175230886 -0.12293740168956202 0.03111067718104249 -0.031840435481870204 
-1.4158031041836114 -0.9987777930206843 -0.13126176742367246 0.26478008025802424 1.3966776493322364 1.283276980996268 0.14247699731675428 -0.047411583588184536 0.22195548364643983 0.35992587770971796 0.027180737501826258 0.08908167034289804 0.30877679689468723 0.16435998932589632 -0.037568262450762724 -0.47419361046248504 -0.5504384016891994 -0.3500295958262262 -0.25973631177382367 0.031048078171484916 -0.24886861734416518 -0.352543598727766 0.009165469216865563 0.22138520310357648 
-0.7908321071114424 -0.5830569463117445 -0.10780662067939506 0.8466041185899456 0.8729257697514993 1.4159550894749096 0.7588495805951323 -0.22424379190538724 0.16081887381545934 0.19460291483456416 -0.08208285983688579 -0.13172933591119138 0.06404529034824753 0.012597371700042418 -0.4442999139482085 -0.317059680770952 -0.1978631880985473 0.038085011664996005 -0.019441238644817577 -0.05725298446817347 0.008476162211464596 0.1355681217677452 0.24005537654603573 0.1668238719858904 
-0.17431050630506206 0.33312348483897125 0.2563349976736351 0.07156316217467529 0.5627370470806509 0.2684042186337263 -0.008716416399138449 0.15251777057167337 0.5446542404840624 0.4309630005941646 -0.2844077930044313 -0.2976373923493158 0.16235250740378357 -0.1649012259037693 -0.17926349158814578 0.1294953365392444 0.3123010402879407 0.6125311670168346 0.1872766145168346 -0.08572077646236499 0.23343984240999827 0.17804051888537722 -0.011050732168343643 0.014636263312161904 
-0.3576049943111129 0.45057539498479926 0.8584511664328378 0.638768770489484 0.14118502748021755 -0.3094687846619175 0.027008026956336445 0.06214241297165046 -0.5524782604338052 -0.6762997178572565 -0.38972839980381524 -0.07396162969995274 0.8606022390375928 0.8131788331753557 0.4073701970781369 0.5093863562715849 0.2528177565539566 0.38383173921921565 0.15487868646325992 -0.234210762540658 -0.049363912798874164 -0.13060936937372777 -0.2905799504291431 -0.2402263115728608 
-2.119474182795127 -1.0208902859576483 -0.07660018621535158 -0.019788255309478142 0.8256448996040551 0.3083954170141777 -0.053432069414351635 0.0665576433603916 -0.12171547645892272 0.26125563739949653 0.2141557039903219 0.016289027300793013 -0.03571822251355115 0.18065555410416412 0.273807140107804 0.46313903827921954 0.6335693236887292 0.5341824576364169 0.49059655400584123 0.3488800822721913 0.31455405243966955 0.1600176005621775 -0.18245311293122923 -0.18963908783729844 
-2.4000569859791883 -2.345586560439502 -1.1634496199693123 -0.6358792414827324 -0.016981426172072545 0.24446427262703696 0.31657134771295914 0.5213685593222277 0.6420954706835744 0.6712847045530814 0.5403752429531669 0.43198638898233666 -0.3987447272812858 0.15258515287511085 0.5017073983243274 0.3789702581103018 0.40383687030025067 0.08372179459898232 -0.10145978222273307 -0.00774332373672082 -0.05728891532224004 -0.05029439729043761 -0.007050478339499881 0.02600385144639794 
0.954070157069629 1.1892378002386295 0.4458639705512981 -0.680529946676875 -1.2588876971593916 -1.6111096829200018 -1.6252877387949733 -1.123735549420189 -0.996294782393636 -0.7228820122975369 -0.2021002755892346 0.018305861821434788 -0.6738098157588069 -0.21408721407849055 0.22039243766218317 0.1575284213659329 0.35625394182383013 0.13376093690995386 -0.1307640302675627 -0.11256469843684525 -0.08396262600113141 0.1102091615243126 0.1822162414121117 0.14002069054251384 
-0.6981429823996335 -1.1122441067386721 -0.9079031069234693 -0.16777115815772303 -0.028059285038811277 0.3991183815082252 1.1173152083148465 0.6805189805721032 0.056678138500271535 -0.033347701137426994 -0.16044897499553734 -0.15298160129946745 -0.21545094081078645 -0.17886090073785263 -0.13787973564090059 -0.2608486749113923 -0.21760699162221797 -0.18050572636533177 -0.18451658759075004 -0.15065864162895135 -0.11397327448734051 0.06070808355191326 0.19049141551728246 0.2099239491402405 
-0.9490017373084836 -0.9952998705725915 -0.8655507557248224 -0.7264275610697816 -0.2375779964340659 -0.170214448156278 -0.061511908912607216 0.32467652804598957 0.422881067636123 0.282944355671813 0.017919088728338937 -0.11128904918584642 0.2934368871881084 0.24141267642361708 0.010623554477696326 -0.15065919166608624 -0.35487558307501677 -0.42906378041589005 -0.3080092348551322 -0.2369694055714945 -0.32954099220342237 -0.27659160080346246 -0.12551714576685377 -0.06475384427153542 
-0.8021682163577726 -0.7167350228203335 -0.09410304990855023 0.1696155904478977 0.12518469833191853 0.06553383434117033 0.08823319554402614 0.24913844547599234 0.2744273691307165 -0.01375273008733327 -0.14110868575746738 -0.1329880029347443 -0.21814580284482657 -0.383961711662758 -0.36123878546584237 -0.09937268477097477 -0.03400459944634928 0.11493040303670508 0.43017020616393514 0.3986252012136871 0.20534495653138599 0.0846068318499303 -0.03192297357655855 -0.032075031795282975 
0.12577211248437337 0.2672452290086089 0.007093278610749598 -0.3972457459814267 -0.27088293961970616 -0.15712606808880422 -0.18671902784416655 -0.19713706515765006 -0.11654642109859142 0.09709530458780356 0.1647810170922917 0.20257059545367948 -0.08983932218386743 -0.11757882861569861 -0.25083254462538135 -0.34575657901822066 -0.2597583361148774 -0.1645260903185488 -0.029486853844777155 0.11121906997373769 0.10494540429903686 -0.0047315580739195435 -0.0689983128406515 -0.04463960306060973 
-0.5810924987615822 -0.5916315215409984 -0.2605087676937281 -0.03424401138897615 0.09060698489305669 0.04778298236437306 -0.11059185071117922 -0.2544498264671383 -0.2896429867265292 -0.19424367114521326 -0.13811101844783807 -0.21368632823338146 -0.4147408511902677 -0.45052482398198723 -0.2647575548271856 -0.1663543665166248 -0.09496791830747237 -0.07130168544005977 -0.0784108867547359 0.01285576720322118 0.10520178372608029 0.056980617131267536 0.007652853202134426 -0.013747210898950457 
-0.7900216295549765 -0.7051151353651632 -0.0298502629560895 0.41277197690331746 0.5589858686299973 0.33223924878776706 0.12636117574932693 0.24281345409634186 0.3900800326676353 0.3873845004225116 0.2234151935954788 0.06297892264530136 0.018815181042964497 0.0720713982436878 0.016462329581226325 -0.11645497046252862 -0.1295833007915075 -0.10295380287826968 -0.10671645771801834 -0.09968449298764433 -0.04824918913871026 0.03626374355566451 0.024456422430501955 -0.02110349146792002 
0.8999512082327055 1.1210196313125143 0.7186413853564262 0.2636698285554 -0.004845950870516091 0.03475623222306401 0.16692575401148707 -0.009404115760667159 -0.2944912089306377 -0.3298391793984899 -0.1933843336154642 -0.021950533833703878 -0.28626638715951636 -0.31033090003309066 -0.1744781816042628 -0.055356964062183246 0.05329508144917405 0.034671057391604615 -0.08330849503362377 -0.17636337181439155 -0.18133084683272496 -0.0561684929464295 0.04599402292424002 0.036805770129745084 
-0.671195284141664 -0.8052945421492108 -0.5318687866580065 -0.19683775456602892 0.1655934306366028 0.15824871561665932 -0.0053284570514446905 -0.02060644154795266 0.0306252574195936 0.05610182804744835 0.1190484073845989 0.17001317265760074 -0.20453197987334626 -0.12625970416784624 0.10520271425756962 0.19065635918008259 0.1085299522943403 -0.08348738137860107 -0.1120881050637514 0.02421842551327813 0.14170455578460417 0.18066257861288326 0.13248044401374548 0.07962580522153272 
0.21829349001031062 0.3894508819502973 0.5139350389700188 0.4366317465322468 0.12741795954223178 0.030765076775113087 0.2051784507900779 0.4063502367981836 0.43407694139566655 0.13990314388160685 -0.22390969411511819 -0.3776207636287664 0.2322173982058513 0.288915203570453 0.19933126353459696 0.132218844294391 0.12449109295725841 0.16420525987461948 0.17830441067145628 0.05078314371917609 -0.09653896635381692 -0.1255165011390902 -0.08945867627603658 -0.016630545210040207 
0.16440316917625974 0.03944835181948392 -0.24310523253559468 -0.2456780596253536 0.1672640565406025 0.5846969706475458 0.44349914255128575 -0.037718998722917924 -0.39931770984932935 -0.3894743970561865 -0.15876345819593068 0.0019366218782344846 -0.4203798299621015 -0.5030548965941114 -0.3134214149295542 -0.11196874606097501 0.08351214956310134 0.20987216883255652 0.2802648950241207 0.27190199180116176 0.14887340308787506 -0.039766677024782045 -0.13442305309170985 -0.11914838623099666 
-0.21450021304381028 -0.16809742638319225 -0.023734182308570606 -0.1085665517981107 -0.37915454269429116 -0.6710836749162377 -0.592401277804247 -0.1531972683307128 0.21009717376527456 0.26949843657059813 0.21389762800291032 0.11197937718609988 0.05958313159893436 0.0630173607969029 0.08844944304174722 0.16611897316950022 0.20911074199263244 0.22609980519262132 0.16014764355343955 0.058922788379869695 0.019450777851856855 -0.049783050313145394 -0.12844865281600099 -0.1741725146591718 
0.8063410572717009 0.9826443017998683 0.6772300687699508 0.41166763278207485 0.1683432330655603 -0.1204434150353349 -0.4473332778266444 -0.5565386643869898 -0.3040050680288356 0.11060421277729884 0.30341390560071413 0.28265826094315766 -0.03728902376531407 -0.1324467495112064 -0.2451217902346242 -0.2702158361977031 -0.15638559568956908 -0.05128516196029668 -0.10172021320858171 -0.11218675842259247 -0.021342001637088142 0.089862048351873 0.16016234591714598 0.12571060324133262 
-0.28142484883421304 -0.27119917543060357 -0.2115809408079956 -0.3903980191799681 -0.5004538546981444 -0.2949641459613106 0.17015173031872435 0.48899170449061047 0.3280682869298491 0.03921298990430035 -0.06965241756543765 0.004535960816287432 0.1589355886867351 0.1762667907385659 0.01980268330521917 -0.08877582682604303 -0.13688341473320143 -0.2579778984945953 -0.28998659325101245 -0.16234159274058488 -0.03929463864401333 0.03276960404179807 0.05733962092743284 0.08304525194453109 
