0.0 0.0 0.0 0.0 0.0 0.0 0.0 0.0 0.0 0.0 0.0 0.0 0.0 0.0 0.0 0.0 0.0 0.0 0.0 0.0 0.0 0.0 0.0 0.0 
0.0 0.0 0.0 0.0 0.0 0.0 0.0 0.0 0.0 0.0 0.0 0.0 -0.06964642401899883 -0.051224473807998404 -0.06383970897986664 -0.11608743595098908 -0.052977859082232494 -0.013411654762686687 -0.04299743449632994 -0.05586307044738988 -0.06597776292613196 -0.05570104615254981 -0.003386339339437846 0.04332047708001272 
0.0 0.0 0.0 0.0 0.0 0.0 0.0 0.0 0.0 0.0 0.0 0.0 0.004222108645488258 0.07503213446259453 0.14272475579798086 0.15260200063457616 0.2002773525415671 0.1624196132842833 0.0553283494427283 0.06052721129538816 0.0800035282036451 0.039413148115182116 0.002941169028668792 -0.04992658091355107 
0.20893927205699647 0.1536734214239952 0.19151912693959994 0.34826230785296725 0.1589335772466975 0.04023496428806006 0.12899230348898982 0.16758921134216964 0.1979332887783959 0.16710313845764943 0.010159018018313537 -0.12996143124003817 -0.11375341611791745 -0.1855540351624807 -0.1067396452036432 -0.010737752904371178 -0.11621183223629762 -0.18502518350478128 -0.08658124691856632 0.026072238373031503 0.08429529588594942 0.07375660569466572 0.01702226085574929 -0.016689163814530738 
-0.11713596196496301 -0.3019331140997812 -0.5239338308637426 -0.631937155830212 -0.68029884624805 -0.50737632199688 -0.2304812000726798 -0.2653762395572493 -0.3389772290001333 -0.20179101357437107 -0.013903016095163145 0.2147604583606723 0.29537340912909427 0.24301283213171346 0.1099183516024957 0.11528165566696813 -0.02475903668687343 -0.015055269215080639 0.11621678997203905 0.041798230225817225 -0.022844449804761257 -0.0017297689057040738 -0.03795256123776458 -0.06512149654792462 
0.39982822933623385 0.7076286625373327 0.5821858510428009 0.34818183662821955 0.6887849198329179 0.8087637115127838 0.37498434079203885 0.054471404659530154 -0.08339727315778162 -0.12037431029681162 -0.04411527451966629 -0.057312737736743946 0.3801762081539824 0.3096300209504105 0.12059146247048114 0.09702794818276433 -0.08970841591611844 -0.07902204507968473 0.10739709402557741 0.06956616119624724 0.026829575115264587 0.06378413657749277 0.010406391968032688 -0.008020386554354822 
-0.9815647060269015 -1.0060161169518091 -0.5250884168590876 -0.3458047313885305 -0.1906485612324899 -0.33909856596711996 -0.47164638856764163 -0.06883578733613194 0.20919863038237252 0.14892803109434274 0.14099482998228366 0.15904014289212676 0.10991648695076606 -0.018412474976906495 -0.21689628410738634 -0.29278695685856587 -0.3387004392494226 -0.2358581299440067 -0.14989217480185424 -0.20206787732920803 -0.1687193655235614 -0.04041876188089525 0.09642588397639656 0.2293733108733167 
-0.49937498037398154 -0.42317514000122225 -0.16967796747417097 -0.08588774891616652 0.18323368248727276 0.19316222151223422 -0.07261638434026152 -0.13937949835713076 -0.15664336625865077 -0.19960879360918576 -0.09850908092450793 -0.07804011384270093 -0.48697009116913376 -0.40590297722191043 -0.1103190894642981 0.09647588801324429 0.46737948909173466 0.4801531444833491 0.20743695136683135 0.04792964847997372 -0.08217142496947726 -0.13666583934086543 -0.10503245272889822 -0.10473179992335589 
0.002716182037846515 0.31870621210021577 0.5026869307169024 0.46345850751767864 0.5885780901730404 0.507998812835415 0.44299568689903307 0.43775284393870517 0.20380391412098547 -0.04091748627549824 -0.275983764821932 -0.4629957862062992 -0.46881488285361783 -0.4585242224413956 -0.2422277101624418 -0.13269555214947792 0.03015674228170523 0.0036260931043803346 -0.10146181904672562 -0.006896838036886362 0.04103949744927835 0.0023214591079598057 -0.010942042949977804 -0.02850862709410268 
1.3685980588112612 1.2629764296770514 0.3992554456477002 -0.34587744686461785 -1.1029668731450513 -1.055244411338531 -0.7046475510417924 -0.34261185641780956 0.16581435988134363 0.38454596641070515 0.47947138106913617 0.5679006265825367 -0.04094802580847793 0.029882528828631922 0.07986913536934463 0.02406511736436733 0.011715739716382392 -0.010892852833451002 -0.037094477947768385 0.010603509011950174 0.028434349918283724 -0.015056215362396532 -0.034508261043741016 -0.04812715072222174 
-0.5091065770586694 -0.47351923446675914 -0.08287199293269776 0.1822767740341289 0.36198148973855643 0.27422647114512166 0.14875465192330067 0.05347090580486655 -0.07514872503545975 -0.15011372623948213 -0.11516927216460499 -0.07840434603818403 0.42294831725269705 0.49123326430790115 0.3550207935935827 0.19415371692663838 0.061226531886497605 -0.004804494804897271 -0.01727122973587486 0.029038154004816057 0.08013371407262133 0.0652405546848072 0.013389978713029826 -0.04378538646761038 
-0.12061952340028981 -0.11671000320363056 -0.11650591175740477 -0.017492234267493634 0.26138476355536755 0.3427269508577339 0.1857875669909098 0.020950943673938016 -0.10247009643527932 -0.09984202754000424 -0.07539154412194837 -0.1259543817600933 1.2197463640342188 1.2849904563698435 0.8001867578685822 0.6034847084509152 0.007450586466369795 -0.3243040802472132 -0.11676156120957233 -0.026688197315391942 -0.05433699175444873 0.06084457538819099 0.15437770617285018 0.07204393336603553 
-0.5215199786144691 -0.4651503643831467 -0.304494771361293 -0.28319524956079856 -0.2772773238366618 -0.17657338384802568 0.04959181709030652 0.16885698187838322 0.09754500006143296 0.005554846645434833 -0.03872223836547917 0.015287877367846911 -0.3084094663715716 -0.5223262904228728 -0.408287236506147 -0.22964409863282478 -0.17829202789593532 0.002238483058118912 0.10319003622048097 -0.007763334248725782 0.027570911485589156 0.05361555503635554 -0.037559219116330554 0.006161624225201996 
-2.284434332513495 -2.5961793744742856 -1.8904934387437489 -1.9235955604198998 -0.8056892257565516 0.1430677568996822 -0.3047814499965783 -0.3202403025083921 0.24247847259624344 0.12417795380367369 -0.021885254348977257 0.3049227147814147 -0.897121463533893 -1.231248666623612 -0.7642667845177895 -0.651823072421716 -0.31252691030536306 0.2622535772238046 -0.006616665132810756 -0.2115216542334474 0.019584843555385183 -0.08558215037225643 -0.2034977740284661 0.062232134417982025 
1.498029226612648 2.333194322437187 2.0289834800789155 1.8242607330088063 1.4303945680823218 0.36734061894979075 0.08446905175560182 0.24735653164220894 -0.3303357440079886 -0.4229703820203877 -0.029244759702098888 -0.312327766984544 -1.5472606310244412 -1.336095455308638 -0.6857986193824517 -0.9765393874193746 -0.3769234784218545 0.1866206274140001 -0.13069954681154286 0.05985487217827253 0.3055511369843356 -0.11540170832045266 -0.06018472775392495 0.12316502294191035 
1.5609702645878305 2.177863653257038 1.0095553160758595 0.8842489917128518 0.345129548511965 -0.715990782212588 0.18819894505669443 0.6162661314923673 0.05271574493327591 0.3711670379096763 0.5303630386317598 -0.14884296283784393 -1.3867021202341174 -0.8622372289976484 -0.5526270710136388 -0.841114269521014 -0.009943486356652617 0.007320358327918146 -0.1986359948608575 0.15946114190816948 0.24299241196740892 0.02254732995647431 0.1284906279226077 0.049390911902411815 
2.197559615908192 1.1561144876771046 0.30287670937625766 1.2425006366309495 0.27808372429464334 -0.3069059965338907 0.1952002599982987 -0.47896085165681407 -0.7242270470600902 0.22826542955379145 -0.13429220159407285 -0.12732435264825484 -0.3203212577059446 0.975192009686217 0.34137790981312727 0.3091926874686332 0.8370601309055018 -0.0962667821499769 0.1523368304043559 0.4427290184947997 -0.31023355183581486 -0.08002341951689203 0.11934703490399724 -0.1839483730345588 
1.525906833541085 0.579072229898701 0.6304411596484965 0.8906272963320703 -0.19970334479275453 0.4582299896577685 0.23576093046464586 -0.435465036583389 -0.2895531117799325 -0.26908194185283885 -0.3548334171708134 0.06424827190603469 0.5941661833927466 0.8491307240042953 0.01764713230282518 0.24068863716552036 0.4475225219597007 -0.3430880014210514 0.06551799833273741 0.30554687332700126 -0.4099138688587341 0.2168498039392335 0.22638569485232984 -0.18350103723178246 
2.4765247152538548 0.2070140050577045 1.1944068288532153 0.8934935182932975 -0.8083693779818238 0.06903057946454316 -0.3963224321614416 -0.5549649398043119 0.7714993398560602 0.13722436641154592 0.055312363487195954 0.13297173474719315 1.6053123107574738 0.6497709960871983 0.312689586375813 0.7503440176122798 -0.06246470756421091 -0.19045420780637215 0.08249021192424183 -0.2410361067139375 -0.36427100048477246 0.02277771068271603 -0.12190838413285056 -0.11954861883382047 
-0.3610108352632405 0.10502172255385211 0.5108488594289051 0.33668663938511667 -0.4542114662289035 0.12530493405134935 0.28740629613835234 -0.2623724444148875 0.5345941580514032 -0.23386184233690147 -0.2435963284658641 0.2715121051597794 1.6246406938225337 0.5536116545688361 0.9066067740446316 1.0938111349167778 -0.2009993393129291 0.2716428763130195 0.1123116133270224 -0.4244831282688513 0.05381499598252493 -0.11557937003450364 -0.11138055408106641 0.10497099447016134 
-1.6749184819620666 -0.5561732469120662 -0.5753958996413857 -0.731561087732413 0.5927319077053506 0.43091915468843534 -0.07809305861128002 0.15760117240074767 -0.04348768052144064 0.14232224774767469 0.1758144064520042 0.1276895872263342 1.7780555020472504 0.7270112343340421 0.941954643339793 0.8364228892648806 -0.27889789767605083 0.1591890711132004 -0.0828357172930889 -0.452468150467402 0.3285821234411963 0.004628087897732933 0.010471366074328525 0.12336543923844319 
-1.2722936493185546 -0.700169107822922 -1.204477798238098 -1.578278805405408 -0.2972559696975544 -0.5376429268932361 -0.26028859629150214 0.4817012921206354 -0.0435045895387568 0.07510722758260768 -0.08094277641001829 -0.2480236377440199 -0.19526067142835724 -0.1328322957862301 0.04914078675312572 0.16038433327794355 -0.04181937971372266 -0.04372944023282275 -0.12927100764770835 -0.30810363021079923 0.11666189682527905 0.04395658724509391 -0.027058259059819855 0.1644102875783298 
-2.4020003838602393 -1.571424282756035 -0.7737937723326622 -0.6582924271060819 -0.050153433219345844 -0.07706270340276533 0.12603216593275235 0.4304026433301326 0.07480234332755131 -0.03114443224140745 -0.057428510763712526 0.022643288483763235 -1.3510042622181377 -0.8352918388090796 -0.5569343512929976 -0.48436775537611726 0.018193595036991434 -0.07409797303808012 -0.1273447430037494 0.10620865906043221 0.09375345770932908 0.20133391930348354 0.09066221270719647 -0.015228956657453302 
0.5883121299709175 1.0111441278345268 0.4626254355151662 -0.1811006907618795 -0.007310656625387324 0.5104841837954179 0.5731567068094612 0.5255377107528177 0.12546345565107003 -0.27899826407764217 -0.04580009267854618 -0.16919560820392443 -1.6026441631057786 -0.9735423980618095 -0.7478269957292801 -0.7503717313147845 -0.11900528085428126 -0.20798788921668646 0.01614697466573911 0.41391553671784015 0.15106403659757456 0.05006258510448385 -0.14821832696943418 -0.17145261117287766 
1.447791415047611 1.0940456516864483 0.261855537360975 0.022953121074174465 0.39317846605829265 0.12914951845834866 -0.11278148115051345 -0.18294301409664016 -0.4092320762443413 -0.284626764332651 -0.11374357353532127 0.13396244242864636 -0.07832952749766209 -0.662985361718059 -0.8056351830445233 -0.10582012913934984 -0.2796395439686053 -0.6028584806125303 0.29064753470530036 0.5734522824665637 -0.08401342161023669 -0.11669265525534821 0.0678555226922059 0.003700497587270521 
1.6107429405448563 0.8877231191412651 0.5211785341029236 0.33221361444881703 -0.16190607677352986 -0.016785370173733716 -0.18932269674708657 -0.4533724893194986 -0.25467948954553415 0.05166063831477791 0.3918697358840886 0.2106746188021715 0.6283996419200012 0.2551775492544784 -0.07226274354184525 -0.32655681763839284 -0.21803957516712372 0.18346481259033434 0.201381210584715 0.19128439692316945 0.1552270295400017 -0.15935863625980642 -0.08764704077337881 0.02659781314453009 
-2.6782272066542223 0.47924230674477286 1.6138352275070291 -0.5974891922933807 0.8660629087605413 1.9951475154194016 -0.3646707364048749 -0.8004991040334 0.5169140807565635 0.15360408232842715 -0.4798299931216476 -0.1783933177810963 -0.6470975658045521 0.24848049725513643 0.5919933023866646 -0.04282924511796741 0.17908241133856695 0.7754483211640956 0.024163672567131905 -0.3252214625006709 0.16678063912988894 -0.09539745891741884 -0.23625171136899614 0.16760701451311735 
0.7661225150618307 0.5530131525419293 0.003423821067674915 1.1087909188370766 0.4103658475248596 -0.9729092524561116 0.09495770268249693 0.26046256495168935 -0.8032907114693875 -0.020037778628761993 0.40018423943475345 -0.09281116753264337 -1.64357415414569 0.11116768353264768 1.5199744691834471 -0.2877527533855528 0.4567876411546392 0.9428811567508669 -0.10949240817321045 -0.3200495188068484 -0.043257066631862996 0.10552115235794768 -0.1568959167645486 -0.06854062108825591 
3.81139432520278 0.5159591432207069 -1.2552470132813944 -0.23684779576605308 -0.430204730106603 -1.719133503892749 -0.3274126985667009 0.4358038462697785 -0.6352683826720815 0.03741482089137549 0.5908543087963347 -0.21711570794329826 -1.9257337150776799 0.24531085337895822 1.2907760164863153 0.1687043009787712 0.4387494504529919 0.6715114288555721 -0.07641405237205785 -0.39534052866133806 -0.1273753311099897 0.05397582779426351 -0.09794053787190216 -0.14238979113853736 
3.2966546370534253 0.535861650305355 -2.604203753053206 1.0151511763418115 -0.8841351808038753 -0.988288330770259 0.12052550885345777 -0.11137540805054258 0.45118294206437737 -0.2068081880405393 0.32721533521874313 0.4356576771480402 0.2757907250648704 0.373873639957929 0.12268229279828646 0.562325805297445 0.3827920822452981 -0.6823424278298935 -0.10950641930967346 0.22946337465705055 -0.6528750147778816 -0.03452299604478676 0.3585481504873817 -0.09608372030092727 
1.83370787758302 -0.2481145022738147 -0.9546790348914764 -1.056782223982062 0.197065071565933 -0.011697231990240864 -0.14821248237418178 0.5714414684517302 0.2718032473196502 0.08506180365152527 -0.14952392739793596 -0.01545836670582601 1.660995794636003 -0.051007535374427114 -0.5422278885185418 0.2783834135536403 0.06517640058302099 -0.9420842449046715 -0.19741664089665897 0.38083771430000163 -0.3786947406375319 -0.036532202074514776 0.3705928057918964 -0.11459696121788543 
0.9275935636770996 -0.1865709445845969 -0.5149070465221435 -0.16821928294725402 -1.0516453000473025 0.22039989508231506 0.33387685251525767 -0.4957463701104381 0.7017985178683912 0.05970771812552339 -0.30527109393025614 0.09461132275140227 1.2004494548027616 0.045224547113480305 -1.0575979105583175 0.5911415438657833 -0.41596005243693074 -0.38572103325674445 0.11766123919956423 0.012362154734174272 0.19736535239612504 -0.11610459530133865 0.13516365867262758 0.14473751925375253 
0.012937477982934098 1.0301980467889642 -0.6732117009913003 -0.48031280678244137 -0.5419788722339525 0.5027751178949779 0.1581615522923761 -0.5145238156002787 0.3755080513385072 0.01375347403188848 -0.20468089400485495 0.297198352908677 0.7748999824297922 -0.18835270887308 -0.43233419231292897 -0.21007182920117703 -0.23992526525906968 0.07002116370638801 0.139257970805209 -0.0352785404088373 0.23634966611549799 -0.0040409555492621945 -0.12161188260857687 0.12416795979391244 
0.6056914724451836 -0.23896826556647532 0.4278563116716585 -1.0465081638553486 0.7332669484068596 -0.08836140594263497 -0.3856452260785138 0.39452076977293904 -0.19276551713342616 0.17715976267329506 -0.0506971574956801 -0.15488324042046892 0.5610285474198976 -0.189513684930701 -0.1284639191171002 -0.11010562387613469 -0.4036094848394016 0.05629819430222749 0.22595663726214535 -0.20487661300553975 0.16379793980418725 0.05451472130002279 -0.10496593173487274 0.0986693464549679 
-0.3300410240903986 0.34314228483636455 -0.12905813704959046 0.012577704075516505 0.02438474311606098 -0.06738007259692991 -0.20622535549292298 0.2321435197365535 0.01003626647406497 0.038458648025426034 0.08802475221050665 -0.2632149645016278 0.07619660325966511 0.3882668404173681 -0.28080673062579287 -0.18661915937877527 -0.08004725060962202 0.06790974115354202 0.13717121859120615 -0.12718038159934456 -0.026761549447155957 0.018288232448866872 -0.004560691087372244 0.04674382333848517 
-0.5840028275459268 0.725497991183806 -0.4015920711416978 -0.0843476667478289 -0.12399865320410441 0.3365829074215865 -0.1617996053785289 -0.25445019876223496 0.39314059088805053 -0.11618903277131376 -0.13672612183331873 0.07880994209165099 0.3461264176182463 -0.08098663845972325 0.043745247896295636 -0.19415754735037036 0.21317609055855488 -0.1469267600486768 -0.06565193149200306 0.1383320674341509 -0.15774334099843249 0.12834487523798419 0.01750879240804663 -0.1444574624436564 
0.37919481819949397 -0.6168356028382806 0.5839326822927564 -0.4015355771998754 0.12679568040039557 0.08657373775224109 -0.3652749138312348 0.19150281346534193 0.1628396456692367 0.10556317440759228 -0.1479843385739189 0.040120291637161576 -0.25135691633537327 0.30368562919085235 -0.1800059112787941 0.17397883302207848 -0.24181473153055788 0.1772415295516229 -0.09956860737239763 -0.12550846553701492 0.14662723417740506 -0.014162436195982528 0.04153231818487869 -0.036514965939782464 
-0.7873057015545015 0.483980593650017 -0.05987484168840185 -0.25697888116654166 0.04253320808902769 0.2754419690288099 -0.10916465243334872 -1.550793939079087E-4 0.20406281626428546 -0.24142712623174056 0.014781010672392784 0.1268215188411056 -0.3383037041925399 -0.00878800499033261 0.24803999067162677 -0.05037144500310519 -0.263190174814329 0.4367013791683387 -0.20847940384541888 -0.23098642062612326 0.3110011336990344 -0.09600227114271691 -0.02814480962988229 0.09605519887598746 
0.5256811619200086 -0.44715590396929805 0.24010098206014385 -0.4230431877813626 0.6665630070611686 -0.5685341920554103 0.06616299015167981 0.48152135666343465 -0.33530654874626764 0.14356500334358702 -0.11232576859698518 -0.1776758550570077 -0.8530607456165775 -0.2200914615399633 0.5941000615039369 -0.4898912738453271 0.30332358086027983 0.15487318257891233 -0.21748718113024593 0.06174052841277825 0.14956856651191652 0.022503513452499357 -0.14565913053747986 0.13358360440951253 
0.3576651131714357 0.6670221567203125 -0.9737961930402719 0.07752047355223024 0.3956882079084961 -0.6459672651796038 0.2479196541662705 0.2934997915170884 -0.29078971300130063 0.15281686618883955 -0.07012097793213873 -0.10045758118922676 -1.7319083521413365 0.03177353992044404 0.18365816685960068 -0.8316623190374877 0.5576702732286415 -0.013863160667048513 0.129656904643611 0.3047572473218441 -0.07139568184522856 0.2612584963534178 -0.08818065505531875 -0.11563072764997838 
2.365891647686258 -0.04808199975353844 -0.7414068265431193 0.9008885669767198 -0.9597525620901781 0.08265880711971096 0.10864447625969342 -0.14054620722849098 -0.03843978923371982 -0.15906936216019585 0.3314440473407864 -0.24699097157620983 0.8885543154060974 0.43638859265778124 -0.5244197087087499 -0.26781020005479356 0.15206524468070287 -0.6728790767035076 0.06370727259973887 0.32416744179258145 -0.19809605887168277 0.11150175418496962 -0.04339392812756984 -0.03371377358501159 
3.4883141119863836 0.1891230217808051 -0.12009543796557232 1.5760421985668802 -0.8173198270212232 -0.008565048557605204 -0.5193761094181885 -0.6033930394134773 0.26981648204369724 -0.8738854325401026 0.05743806786946323 0.5083712600506418 2.3538051485929676 0.7360513901446168 -0.7047517460240759 0.33553138175668834 -0.3948536565055429 -0.30327033492347144 -0.0900538265926778 0.14122252446332145 0.08788719181581373 -0.26015850709953375 0.08062547742750813 0.0424910017325578 
-3.7053062837057578 -1.517372114472888 1.3865097306490437 -0.3688734501243069 0.8168712904839196 1.1314019297441131 0.2586890541446927 -0.04253455324902679 -0.021321469653718284 0.3224108901531492 -0.04592350711507663 -0.3809489549219072 2.6024385762176703 0.24169923302429228 -0.6095209473161965 0.6231980944132968 -0.4934957303319947 0.12149866627982714 0.003376342792167697 -0.1553347773289209 -0.12722694209049523 -0.4428305805351019 0.160815693067283 0.012906554859548511 
-3.6681513669114594 -0.8064869563538632 0.07650076643587411 -0.2941926631673214 0.6919372511380759 -0.26052782172139055 0.44305884500180426 -0.17917360886260808 -0.5630104482387426 0.6925522613307682 -0.12331363298673159 -0.16095159471405146 1.143986132290493 -0.2032520515400099 -0.011951395152707045 0.6283073056638915 0.009283419888220937 0.4259959978842062 -0.14983532840549654 -0.47673908744557075 0.023474411005168377 -0.229324727902273 0.08388082326902561 0.11622604242852659 
-1.8631913415178314 -0.27537470975908107 0.9888579132047473 -0.03358828539606973 -0.23389391017384376 -0.15585580513787778 -0.382702029326806 0.11334840948283709 0.7596545021789858 0.38620353250967443 -0.06062718143296515 0.0489507912274913 -0.9274317346215758 -0.21102528900850595 0.36694741807646886 0.09073736274804524 0.5820506458867541 0.3075372247381869 0.20859167790055208 -0.04031319734705557 -0.1995868656077686 0.16124289751106655 -0.13382699621456035 -0.2739648981530453 
-0.8647017559790582 0.17788047404393126 0.11458465621469704 -0.4765223007889129 -0.31978748635700427 -0.6429241747692283 0.2508254175340505 0.7488827415573028 -0.19109473688815992 -0.21780757001154616 -0.18685256477866938 -0.05525674030963726 -1.2405832346233867 -0.05194992320732602 0.14446835775881614 -0.09257113645252683 0.40649379555610415 -0.044547423611197436 -0.05841395094458838 0.137227208492309 0.20768598749279676 0.314657429844938 -0.009191503434675183 -0.09170711593156781 
-2.324735885307231 -1.3764799626462674 0.2666255315302256 -0.5499207195576469 -0.423418278428803 0.39998843205347134 -0.27096926582308667 -0.38562313641781554 0.3914812714942961 0.29386211329110673 0.3873269474245733 0.38809831233502157 1.5146666505903585 1.3033166240242788 0.44323532536511406 -0.26266610408339736 -0.21458697517102002 -0.07522687048499821 -0.1942065771980306 0.024628899517323128 0.31628499037338514 0.22502270353955253 0.06554869262840828 0.0983818769860512 
0.2843706088534008 -0.10008456028829205 0.004211883996686566 0.24168696327104766 -0.4327819514027571 -0.4048076694834728 0.5624343160837098 -0.34136946138920876 -1.001981795374788 -0.20524931859476195 -0.31971618711147526 -0.05540400747311319 -0.05825258914844519 0.1760598978005392 -0.2067035278570187 -0.2494262502029222 -0.6019341366928042 -0.22239679009506633 -0.013351182679103476 -0.08578515849888806 0.1674276387095536 -0.023498000437441224 0.05964907614675172 0.12853095473609144 
-6.981727475705137 -4.046342064665805 -0.2856616767815897 0.39530539482414195 0.46636424786209274 -0.04923344632576088 0.044113252992456206 0.5845878124041235 0.2162430603021444 -0.2951437038173752 -0.19084144815178702 -0.2461212061489243 -2.603308486793327 -1.9809831534050113 0.24505231775024092 -0.12361910440835992 -0.23453452613226766 -0.2518551839687656 0.01666789046240998 0.1279704464220329 -0.11945975012604275 0.16165422973115576 0.07270983660105028 0.09032208490706345 
1.6385518066652303 0.9846318316520826 1.0108388439416607 -0.20085660737104072 1.0411236605759604 0.24887713470558687 0.1333377061635895 0.5211327426429975 -0.6057585474207449 0.14718933985501848 -0.07671559543074435 -0.12373984527593859 -2.9257946206931407 -1.389320789495365 -0.0939442823526846 0.26968022607193687 0.24738410640452183 -0.28005095627241366 0.20165310945195544 0.2908878823557338 -0.221383854198594 -0.06551014167815077 -0.3053187939035347 -0.16998374937346142 
4.808098976166836 4.0241113015985785 -0.9718449016929841 0.04220837898847707 -0.45676750602135874 0.8287115818652382 -0.1064246322502565 -1.2007855777000174 0.5517488978954028 -0.36731990512725077 0.047697141781056995 0.15129997651524393 -2.5865069437131165 -1.2671928226933764 0.08970772429986378 0.5164516665503318 0.6867580318897254 0.0474059813060111 0.14528065597378148 0.4089718867748935 0.007618676494528058 -0.17141902653432908 -0.2618670812939255 -0.15539867541627225 
3.166841244996835 0.03265112506561074 0.6291363435104376 -0.39080520702693056 -0.7133683936745969 -0.0036273147617313928 0.03274393034919981 -0.3213464134043398 -0.5055831515756353 0.027369207094628145 0.4769708996327069 0.25583664931518696 0.4195068774003712 0.11298690836206848 0.5402169981110182 0.351326233849107 0.3631631989278347 0.02850127407221298 0.1883651833620237 0.09127441016120257 -0.28429021273023286 -0.11324874927071595 -0.19827070025708038 0.02430839299219943 
0.013648636268410286 0.2312267567075601 -0.36393359946556947 -1.0590753049989088 -0.7166638206818048 -0.06519916551013505 -0.3414318270216934 -0.22108826989688835 0.14329933289600544 0.27902344216580727 0.31791654819826376 0.030286572804329698 2.324020433424434 1.5362212901170376 -0.1850196286697394 0.04081857158103008 -0.23915133197579852 0.40027530709499937 -0.08963663466614447 -0.45914202868396914 0.2689198525685618 -0.17273664013394974 0.10826585599134404 0.15072842462308525 
2.7772563444133294 2.5421133790113863 -0.9137678015051013 -0.7041934669246688 0.08158222112267932 0.6103286861766345 -0.31425424653676315 -0.24253914174217472 0.45133687326965233 0.16376391402063728 0.3829868021318934 -0.13615832239707976 1.6984762869313876 0.13763682454057058 -0.05892570852246289 -0.258565892680988 -0.4558449516309003 0.11190743474567498 -0.0674941863901101 -0.19203680412741997 -0.04070465074235918 0.029760880001213824 0.3067252781513106 0.08776624789456468 
-1.9691698738147139 -1.8392836957254222 0.3546660568240035 0.07644679419425593 -0.1367888174926013 -0.6790923398889428 0.33598436019115835 0.13723687252080752 -0.7334706722329265 0.08269266181159385 -0.2301083774425684 -0.10488781149787843 0.5659340789844723 0.11495953400160215 -0.31537246772944155 -0.3587529532896229 -0.3090818684478111 -0.1603969261320725 -0.1738571744384463 -0.1287368683134157 0.07200208023816786 0.08643012768189186 0.11981780008181409 -0.03711628073217232 
-0.937178360755766 0.6549958776603901 0.4466136409330398 -0.18286857858054884 0.3642289596235022 -0.032403031809352445 -0.10348160408689577 0.0756014277690722 0.05491580321590825 0.03625195726809338 -0.1691924720008089 0.06012509778259697 0.4221342991120576 0.28360314401960895 -0.1596164810676183 -0.13174592405845184 0.11346856431925108 -0.03785022409549377 0.008902081668817582 -0.009422959756602789 -0.09206150212621074 0.1560492878606037 0.09372989316004164 -0.03963008923779946 
0.17306375189954082 0.8299069053782517 -0.0980069174963154 -0.24347888930210004 0.06925841541121702 0.7373574718790759 0.07475337506871188 0.0060520502877352556 0.12550362720837388 0.08348903749640363 0.23455278501917265 0.04349370491100829 -1.42598428161956 -0.23177915725567289 0.2679250701403706 -0.01780990625436374 0.04355048179116835 -0.1937279136817568 0.043361221612433755 0.050448736794809955 -0.1887811393867589 0.0312530234846562 -0.1265622013262959 0.04000392032449327 
0.4397366342200293 0.35670864640072253 -0.2085818711420869 -0.1489928530011353 -0.3618470882869831 0.01565445257910647 -0.21034499898199266 -0.14867785135583023 0.29803422992763434 -0.3047821374035787 -0.13053345857910204 -0.09145881288812474 -0.328101904614235 0.19857962037492052 0.18734137612522153 0.11754908862650204 0.2703565288986593 -0.028241074069044265 -0.12014664413347553 0.1275129634968504 0.10597347113938256 -0.016407606051956885 -0.1547022420219061 0.08526889399821076 
1.6203254735560684 -0.9948026083285697 -0.12151139755954493 0.11293865016764038 0.09559776108913631 -0.12193734103790188 0.2593323928014055 0.09803030169882887 -0.28868646742851284 0.15945063869346127 0.13024871982546582 -0.1491076171359974 -0.8382668622150714 0.42998727404271797 -0.0560172131818919 -0.07239375034460431 0.15161588012721064 0.5195543688236534 -0.04105703288380422 -0.22344272187686828 0.10953511090352346 0.10430859687649759 0.1587090353320033 -0.13803790459219795 
-0.6765035077413248 0.9716117733890393 -0.10365824741101004 -0.7137246141949252 -0.46001029991143527 0.4819675968562692 0.16466881944718398 -0.35292658842702584 -0.055909562883796116 0.047493974825435215 0.34706628666176287 -0.09938092318853246 -0.43598646201622443 -0.6621278193084293 -0.6378848878002922 -0.3937062575433307 -0.19545769844207386 0.10755713032072689 -0.06052647351555792 -0.05069097265577784 0.3232122122605617 0.3065650986435982 0.32407657183371524 -0.01616087068270929 
3.245984409525432 -0.7675064802440605 0.017582910183821854 0.2560682423286078 -0.33650761915818883 -1.0544622067304659 0.010417564505536214 0.7785045844539379 -0.026129809096481216 -0.40557480924759615 -0.48037419359726974 0.46156847383780597 0.9301808269281379 -0.417834659114412 -0.15936574363681125 -0.053704813438213796 -0.17141156233351026 -0.08479463683438605 0.02411728424350676 -0.04061044577914996 -0.1259978559095427 -0.11153655530038976 0.0275224350976984 -0.0024465025985821918 
0.9348665522840207 2.229444040283756 1.6355256383871066 0.9605611235483731 0.4405786971629011 0.1592454944632078 0.09569183571261575 -0.3368420747660512 -0.8028807360200665 -0.9419647093638446 -0.79745171736888 -0.34831424632689856 1.6943840195866953 0.7114462370590541 -0.02799781262328893 -0.18893464706466165 -0.23465829883930037 -0.03425002417763445 -0.051130346308364605 -0.08718479765122128 -0.05349910903497548 -0.1339008724893188 0.001322022979000026 -0.014751167311774935 
-1.9759020372410179 -0.3702147644326921 -0.5130061095481695 -0.5630897783893674 0.1595379495524989 0.293807620661787 0.22146903193816936 0.21181938220579144 0.4627926868682505 0.9887896466892705 0.619940416547692 -0.01730144777106779 2.6046997942265957 0.7692199063965557 0.09921932360180952 -0.13530854742011864 -0.3659697309952608 -0.4592721438145004 -0.004949665231620641 0.2230816781311045 -0.1467201839411399 -0.36374126823370917 -0.3054080105485895 0.155314865196183 
-3.1487123431181856 -1.361372795693807 0.24562970032485243 0.26265833735804733 -0.004058187748878006 -0.08941724430695386 0.21253412465596122 0.19197040565071122 -0.13987348376123554 -0.24798563567504167 -0.2070570873477181 0.18430753955122922 1.9068634286736608 1.8682631428322105 0.475275075011623 0.09296688724940146 -0.13694413257847168 -0.163579640329541 -0.022502947768327803 -0.1385764246943538 -0.2697480347670976 -0.320716580928185 -0.3417287253067444 -0.20403632672847538 
-2.5263255254532515 -1.2797577814449461 0.4148729084095204 1.0109452776841266 0.9837200162834832 0.4476855940981159 -0.0331545842712746 -0.15514669014775684 0.08252711659752299 0.33865945860912994 0.14065252303791786 -0.270687014689807 0.9831510300582483 1.223722620785822 -0.009723756753843552 -0.801646268801376 -0.23477012650231802 0.36126711583384585 0.14716248722777237 -0.15960807487585602 -0.08487644367582776 0.2258124247555997 0.26746420607692306 0.012990049946974655 
-4.510511989630844 -2.9205738797067484 -0.2542390956266074 -0.10535706623657831 0.439320061532824 0.5730454287336664 0.29051248712232114 0.26237023549378435 0.19649615341659 0.34525012746078076 0.4673784053062403 0.39048751731789716 -2.4701492888844463 -1.1003245518310882 -0.1689777443047107 -0.0680275226770048 0.1355697745467256 0.3048745900863832 0.11850443585660209 0.07148339768630545 0.23774780894531625 0.1190703128774731 0.08925328447663898 -0.01682587313198595 
-4.244455304159434 -3.261782084783688 -0.23390044131090892 2.025856729812073 0.642159204418602 -1.1212250633600607 -0.2590076109783277 0.6554436919118228 0.5492371993068209 0.01473449085456019 -0.5196699480100564 -0.15936158649532572 -3.5189435100788735 -2.41074911389634 -0.11527928705104196 0.5655206140511532 0.8422290038995741 0.07770169753430989 0.11241076508952758 0.3909417741014923 0.2945758368171075 0.4309606840493599 -0.015503134563102946 -0.11799059027450116 
5.120800412888244 2.9306130114688287 1.0769496080991992 -0.0407148206749115 -0.23998710545661428 -0.219585685837015 -0.03005266956031849 -0.42777497843799495 -1.0864719519518333 -0.44323409043017603 -0.1446557052536479 0.17912244484994644 -3.4340682140569005 -2.488793398142303 0.07557416980319269 0.7334361954241712 0.304930229430462 -0.07289563880477028 0.1623289560239185 0.5275753609321745 0.18951881454840372 0.04205221264030023 -0.0034173962428198554 0.18631257438384785 
3.214848803523825 3.026896114656285 0.095116417699743 -0.7179376872501662 -1.20331341192052 0.610896058780527 -0.2101043011985375 -0.9828994054863442 -0.15971634116958788 -0.5599804845934714 0.4931789820071708 0.1889672923676719 -1.5372222195801115 -0.8934992648063851 0.3042529518343082 1.1074771936353767 0.08845647934342304 -0.3864749491456321 0.1050847411007582 0.12567294519885686 -0.18888040310431117 -0.29824107976811143 -0.11783599042083903 0.047617977303302715 
2.0620405986982284 1.4014672150001743 -0.6454700345415114 -0.9337684439779719 0.447265681410999 -0.07432821592231664 -0.22092603583932946 -0.5011842986036554 -0.017583519990416796 0.5064509772638959 -0.028793870973913727 -0.3426146452651452 1.6547656093245842 1.15404592070423 0.7257891432332917 0.25879070859656544 -0.25999237502958 -0.12851565719282979 0.18272602340103605 -0.2091243193038059 -0.7280364969362886 -0.3538291364127515 0.058143610400142744 0.19063928012220113 
1.8965912616759084 0.18328860786979462 -0.28544947549347843 -0.8500480394425267 0.033163372954526205 -0.034428950880513565 -0.4788251511410968 0.3151295163980825 0.5814341926390463 0.4346151963118584 -0.22409289388740639 -0.041346973347688054 1.1960746774685223 0.9876260214435076 0.16547090325946565 -0.21671068904668922 -0.24251736226758813 0.34177795242957093 0.10854577010328655 -0.5087635915417791 -0.4074167855509008 -0.1330033027652653 0.35126890551853807 -0.007999154123596844 
0.8156323558384493 0.8902790027493843 -0.9101348750040652 -0.7510317703684275 -0.07824837280539731 0.4886237905719947 -0.443870314792147 -0.44941648146879065 0.7270622719527153 0.12095547835541356 0.039549401493212455 -0.27763826265897695 0.5346431843010565 0.6229226678365288 0.18067006809857059 -0.727051597257984 0.18252923208139868 0.1356398633362221 -0.22610897015811726 -0.38659599397865013 -0.06761107344725957 0.4588483372295283 0.07086632796659409 -0.25228257410461125 
0.24982889254814822 0.31961215645115715 -0.268963871847377 -0.15917395691487068 -0.21300429800955745 -0.6959138017553415 -0.4242694720319884 0.5175074605715606 0.6902111195115486 0.0317771731565657 -0.5947993707820065 0.18047656343537832 -0.4209124155102882 0.5030278585866806 0.2469120146418382 -1.476614650857945 -0.053992070748534494 0.3499638177631994 -0.2678837892967191 -0.05310122445525808 0.19392724558830907 0.4534328632612357 -0.2469767113003226 -0.026936493746163265 
1.281492230358939 -0.5354625628000935 -1.195723040660274 0.9019493065321522 0.0227618206488448 -0.15050538049356899 0.4301230350804681 0.5574147112455559 0.13086123691511076 -0.6686750228470427 -0.05603961642639593 0.30332130865715545 -0.23398357200961506 0.7700371804697518 -0.454303540246014 -1.251743059285491 -0.19215426245974018 0.6008644078122739 -0.3704895561451869 -0.008556884260095876 1.0843239276762002 0.15184852372396687 -0.23673273408931075 -0.181187214584938 
2.926398570946528 -0.6129241851155083 -0.8833914365908888 2.753305374681018 0.14463448847300864 -0.76475581863733 -0.11217045818724714 -0.028982406593316523 0.29775297339292134 -0.5308681428706207 0.5646317489733655 -0.25101727776726446 1.8892208542891156 0.4903106517529065 -0.8126087167186608 -0.08697513296248705 -0.27756707190757113 0.047660866911561094 -0.19562755987772296 -0.2075463225172721 0.33809454943706124 -0.20001500190622087 -0.17319618688051722 0.14377156567634877 
0.17929823266810452 -0.9535643678765382 0.7599895281057326 1.5479577416901011 0.31939502133254016 -1.279548424423833 0.5115488467210432 -0.15050089510606446 -2.329680438016571 -0.05326743480289392 0.17003204388345883 0.4816703016971584 2.7748309721344575 0.05581200253638278 -0.9482524618763897 1.2567176411008705 -0.03259499658097903 -0.5802302405634732 0.04138984063024111 0.18496479410310696 0.049591611377728245 -0.43473026485143657 0.1639956722289714 0.21235865225789438 
-4.866736671473781 -0.94226889626934 1.1910059939256017 -0.221252775606384 0.47138031737130837 -0.2743748805248927 0.12190030178089295 1.494104231299187 0.9061983086662059 0.3241183848531538 -0.18824664029538224 -0.34001263011366945 1.9524596954672415 -0.2701748224100937 -0.5720252024478397 1.3868328707031035 0.2177018084288529 -0.6196640417411831 0.08955794192663245 -5.615687110654041E-4 -0.39861463815316256 -0.21285859926293513 0.26445324633221 -0.01751929016458047 
-3.146433064834278 -0.538226214832326 0.6118356297106495 -1.380924541626758 -0.042826104057367975 1.344994872140632 0.18891813320567474 -0.7590229900100168 -0.32213626485471625 0.2080225078453798 -0.17158743847893632 -0.28925697194332517 1.3273745677006767 -0.5797252059533173 0.537446702767278 1.2495235576705368 0.49139906050168297 -0.48095161275571724 0.22493353118012008 0.24150404875477607 -0.99125128247649 -0.12712644081426372 -0.28673126309631103 -0.006968591466402052 
-1.2681148667040059 -0.010068794407333215 0.906761119950172 0.057247904230136815 -0.327360374118596 -0.21803534169601324 -0.21952892720946027 0.2769633469918559 0.48982480127148154 -0.022937316405952146 -0.057918248842066866 0.18700422954671875 -1.7501700796937405 -0.17804750694613616 0.7112804152270956 -0.4113457327609545 0.3332973599008289 -0.10162364510762752 0.03234664379478249 0.6897230716445705 0.28414155663654184 0.06912419782482572 -0.07300199090945036 -0.14656252703849873 
-5.602136372818814 0.31951119905241043 -0.7102281432083866 -2.3398632712397696 -0.7554318144275565 0.13513664442887907 0.007462867675859464 -0.2664425992167272 0.8522601631102608 0.5016397382694502 0.9650616374457341 0.23906764626617044 -3.194448704598551 1.0389032295292067 -0.6479554096749243 -0.9111945278044283 0.03964809513420799 0.2055687188896955 0.11084787465471795 -0.23399197399261276 0.6627645682694764 -0.2759884311460033 0.10594444686202627 0.05357150210725061 
1.6116252215997084 -0.8369950823732997 -0.2818033652961671 1.4922537874829853 -0.17220890714608406 0.6354251686538663 0.11558800316145312 -0.8213551790311688 -0.5334245752259081 -0.030062823833358565 -0.5375652055293664 -0.1644873581029211 -1.5554919311412652 1.6738482639576324 0.7393716540980191 -0.3991877532259791 -0.6403171560991375 0.6110710907775744 0.07716704608863956 -0.15002112299899137 0.46656064954692206 0.37042750834138377 0.3419936579853086 -0.012613519410802807 
4.997043004809518 -3.2414727594369626 3.1499841013585916 0.6351561001601027 -0.2393461229462479 0.3015584602966057 -0.3111839559439358 0.49211219497933384 -1.7988052814144506 1.0395505549970927 -0.24959730072136532 -0.2742256844402571 0.5686226790950606 0.6398461025271825 -0.23235628543465606 -0.9385314019054145 -0.7010650178953792 0.5740614510244816 0.17718172410830024 -0.5336978115564246 0.015641841714189104 0.4473324470351832 0.16176821838871777 -0.021375998946622843 
-1.9012287620943766 -3.2511216070355444 -3.2414599646273743 -0.232698521791862 1.3355482484381627 -2.1344595219626 -0.2917066536654813 0.3477493188907994 0.41567557489307105 -1.4031752497939247 -0.4765697537144429 0.48149145313234093 1.3171193208295013 -2.3094358314764674 0.24462368529609066 0.6575245708504309 -0.5520961271899417 0.03468659334052978 0.10503138238091536 -0.28994500416800467 -0.5303592136607774 0.10042957419320253 -0.10537770703099314 0.09022294337153504 
-5.5515774182569535 -0.3929638461980147 1.4666690127611852 1.3382070891138977 0.5938846614664577 -0.20210536333633278 -0.32043497623557404 0.7500985864915624 0.3307845629082039 -0.15380138985581648 0.44925925637211905 -0.019793762511592067 -0.4309271155404977 -2.9860957131573405 0.8302787907314443 0.2288412719162826 0.09948029451474372 -0.6865960145598944 -0.23941393580874193 0.5574600760311031 -0.7962493064298531 0.04030527080638091 0.010613192085006254 0.07341070300754844 
2.93457747064444 4.667057955436629 -0.17401687688573586 -0.8318454195452051 1.0674640822173884 0.7831973004487462 -0.19488063383547383 -0.080513362283269 -0.007141856404903113 0.26532442601348843 -0.5708603629831291 -0.5623721491818587 -3.219802339696839 -1.794295061414882 -0.4196280559957903 0.18651342240047422 0.9606776959164677 -1.0963842531966732 -0.5304290158629893 0.7077824908736373 0.04364270194617422 -0.48351038758355025 -0.168034250141658 0.02953116351949009 
3.8719212350616026 1.7577245987989727 -0.8745738147065604 0.2482057332879264 -0.40374492338009194 0.9025180927706158 0.3586448415672862 -0.9661366925269412 0.8013513535240959 0.08438490467424334 -0.23429157234204095 0.02747400769419739 -2.236852828183167 0.06968359063472256 0.6135091625327468 0.5780283691720853 0.790932944898821 -0.13595893983073823 -0.4268805253596901 0.469479476021417 0.07520950722890968 0.045273266627033494 0.04307583129999726 -0.30892254112870604 
3.0464289303368624 1.0564193547106075 -0.8119543829061306 -0.24723811108029908 -1.0476700468879656 0.6023815095739454 0.9600404850220565 -0.9174805142208606 0.04946407374660239 -0.07173723430830384 0.36930841106761114 0.36926407747097595 1.5793340222746304 1.298380656648299 -0.46986407108801237 0.19597065672748396 0.706457260696911 0.32697606765560333 -0.24494898732228 -0.31635310227641206 0.2049471909456846 0.1407816222302889 -0.20713657323221876 -0.1421385129544306 
1.103055336446337 1.2033046822608284 -0.05488972182685792 -0.6881816726348112 -0.7213471086773282 0.29617935159328224 0.38274604041473104 -0.23985626560389273 0.07685307614572212 -0.12109035957602085 -0.15005262455324286 0.4411557475481087 1.826492733640977 0.7053394486629111 -0.4523081629352696 -0.030862596507395906 -0.35727601082149424 0.291251739325391 0.350378728617082 -0.4369652068275345 0.2943900594807407 -0.10161046703314851 -0.16196137960576582 0.10932639119704057 
-0.41899164687181845 1.0491259437608047 0.8257332899384502 -0.9515636867662881 -0.8931066072247262 0.10543846807060309 0.5279157287076437 0.5054057310844429 -0.25973429055276986 -0.05428280855224615 0.008429882819128098 -0.3427974802455226 1.2594102854137994 0.6365840121254399 -0.3146298951934876 -0.42271528672649467 -0.5868650291050743 0.13187809048613483 0.5154767350439564 -0.26427618667177816 -0.019177316300581098 -0.11873579969573415 0.04565321495825547 0.18655979726137883 
0.12515332274301194 -0.35464704171485906 -0.33649316232304205 0.6929563106531086 0.5908013892527711 0.27723439554611407 -0.47642896612675345 -0.36668419469698943 0.07278035723155996 0.38048909289565996 0.432031830599498 0.055525612961324966 0.6361209753140171 0.6354580269222664 -0.02942505594110893 -0.36720608182586995 -0.4980407091525761 0.0953534310751194 0.16962817827786644 -0.3034412875763263 -0.13633306188921393 -0.015531533979695552 -0.020018211800243532 0.07201843334363155 
-0.2428509190528736 -0.07435681967786856 0.2727370229224242 0.33033875745522506 0.05685079146220767 0.21621971613912505 -0.15680221683907047 -0.061237989658977865 0.10903238210542676 0.033680438543058244 -0.058693461383525714 0.0023997529802313733 0.1569266431344302 0.23694533239382132 0.15318953515445935 -0.0775252523944467 -0.3962939302172508 0.029124181492809303 0.040649132297117786 -0.1847411342103107 -0.18529000701064327 0.04026913712219466 0.0738073921650885 -0.14372564531931464 
-0.8933779534051869 -0.14132801678663398 0.30988357950448187 -0.227514649267958 0.2977963194369332 -0.045271565666336944 0.21622047835448877 0.9537894574967966 0.3014689254842656 -0.1184773811845864 -0.05643631705118536 0.05250183090433708 0.4234903634549055 -0.0015672694697821399 0.12524715640038017 0.5740031220975136 -0.11205303619168328 -0.11834927738578345 -0.014487939741311814 0.14565130030548448 0.19569025247841965 0.022231330252181474 0.08378847763092472 0.18404138225582756 
-0.38050593820100964 0.2316304341152282 0.04297631356131015 -0.2587524496224147 0.4422777183349452 0.17931890419840069 0.05964360957566922 0.3993923076184819 0.1817914463528072 0.07439301712129304 0.031241780149204285 0.08989134674091526 0.7738631286682983 0.47232652125515057 -0.12334512262220591 -0.10451763426514714 0.0372968381418187 0.17993639885048043 0.0497892771521418 0.28121245227478137 0.40529459163601916 0.16120076716323933 0.01929762373228794 0.025743105892293717 
-1.0764902580476365 -0.502938860202061 -0.5973542768436255 -0.7345074521006122 0.7342470343914521 0.6507326336738266 -0.5411880601101878 -1.0339532442521728 -0.5506699323273891 0.2934388128499982 0.1356987769403589 -0.5403443306864997 0.4013686471223858 0.4135239422058253 -0.1776724180212658 -0.4161757137409841 0.11928228053158625 0.25303270788672966 0.17697869683801784 0.2802859490713067 0.0872027477700693 -0.1091301687409028 -0.14175121119290432 -0.05148330784566896 
-2.472884152736544 -1.3105309617356067 1.0963913189630956 0.8973880616669936 -0.2732650804405079 -0.671591580082398 0.07253422093684242 0.08899600439116273 -0.6807819638968036 -0.6558799599639521 -0.21265387957616166 0.2215935160987686 0.26367398295067296 0.4355761438477083 -0.07040513477495199 -0.2431189067276011 0.28859607822780936 0.19781156863097982 -0.17727813332167228 -0.22305813527216858 -0.13666078700916248 0.032866119858356746 0.01959931591483731 -0.05812882135232422 
-1.051294787504577 -0.6108191454786924 0.31619333086738655 0.4429422363102903 0.297720877229901 -0.37891444718612655 -0.32116091784015144 0.26812976189653603 0.47114738729886313 0.5740496135807446 0.4907651463902106 0.14110066976241728 -0.12081786873000677 0.25724488020448694 0.2746206207275807 0.182647972576098 0.5724511579736675 0.3313921678705447 -0.23555972634233832 -0.5491325561864232 -0.4836646769906996 -0.12055473658022697 -0.03490959946311795 -0.11151210244598764 
-1.1841256223245584 -1.021157854789581 -0.2025820859693399 -0.11812057364506262 -0.2052474377677072 0.10070773873543787 0.48146443840566777 0.41752521036063334 0.08086514756716845 -0.1645107428191504 -0.2050893523202335 -0.07644468942657057 -0.37188946222478686 0.07246441884086459 0.6157612647272853 0.39673567260560927 4.0820455506285214E-4 -0.19677810471587506 0.027778040592717157 0.1387450011202932 -0.016954077743694323 -0.004404821858616348 0.04498539756606338 0.08178573952412949 
-1.358415917063609 -1.4193600542885347 -0.7717294365601498 -0.774697052172878 -1.0171152608659506 -0.7295935293467255 -0.03897398981758557 0.4491798213223615 0.5195005429127235 0.4094184140182783 0.23664531170174868 -0.05678892058586721 -0.41013665709798164 -0.30414654977391536 0.04812035211691366 0.16452707592844393 0.14734385881001547 -0.03606720715180819 -0.027061051011346694 0.13996447901224665 0.23302668448521469 0.2706255469684923 0.1947594998466401 0.02062552316683086 
-1.2036552012826673 -1.1236537638532793 -0.20693109150499234 0.31600068809174997 0.3829283749422293 0.09408227514552664 -0.15189336485259197 -0.41776402868262963 -0.6540963084726508 -0.5603498946068699 -0.2205501549301208 0.07518109270052237 -0.4340700770881698 -0.42703212507364136 -0.20457279450001487 -0.2046582095294599 -0.22565535887898514 -0.05347795349286353 0.11634273367520263 0.11471989575403581 0.04955645686458407 -0.009235655341925294 -0.01576477197700744 0.004924796303483535 
0.18887997326842232 0.3528684583749029 0.17400677728447178 -0.2676996223434478 -0.43839860555511373 -0.2674000939357464 0.07670113682301852 0.26588094438142756 0.13954806186312874 -0.03990745143087254 -0.08578295184476603 0.003411209198378229 -0.34599861347666616 -0.32441447178776106 -0.1465349647802242 -0.1781049097380907 -0.249477193728587 -0.14116294417825528 0.0704446111487184 0.15037489171547172 0.0915596178980017 0.018551218290721743 0.002180935041899923 -0.040284603489975736 
-0.6555633362260647 -0.6261757359003757 -0.06173180939160605 0.24235534002860198 0.18236031121382984 0.030044881508538915 0.07459867405975783 0.16501496156899284 0.12217201749821363 0.08785915593120089 0.003419095384046167 -0.12131914322914389 -0.19336582281777318 -0.16136037004613027 -0.07555941191044528 -0.1265906834428102 -0.16253767388498339 -0.11489558034022505 0.012140488540071251 0.02072622662072225 -0.11805616258677627 -0.18551086247324367 -0.09843967735648135 0.01895079175169827 
-0.5944660091619118 -0.6948556529017034 -0.4047241832761703 -0.20355964892703188 -0.16839964781598984 -0.2740859999934658 -0.3635538427199157 -0.29333434894986493 -0.14331247376671374 0.029660233877077682 0.11811788141896543 0.16231500784889313 0.013971513555523174 0.07241033974354993 0.054359734713074905 -0.09652555337408353 -0.22748715173531817 -0.25266309927431146 -0.10705914052745447 0.0741310875262513 0.13013170792602177 0.1268479593608939 0.10448951807179617 0.09310528308114963 
-0.2318847416141807 -0.11571059807658535 0.30911262450666455 0.6637027517119726 0.7355419177276176 0.44211196919506146 0.031812659298661394 -0.20033506187915007 -0.15849755289740067 -0.03860114984111401 -0.027181539492542484 -0.0611231818798299 -0.34339683958226264 -0.374130672781049 -0.12885818481233008 0.04379969768921561 0.03861239929852107 -0.06407476880850081 -0.14004797033252955 -0.18363328073349353 -0.1840255711146125 -0.07662716796428122 0.017718782300823795 0.052841952571852445 
-0.06487386470408918 -0.11959512976764208 -0.17449464380388824 -0.18879666806288253 -0.03252795360605318 0.28455566004392674 0.41927156578593017 0.22616269352674512 -0.11051227671712943 -0.3572211766273969 -0.38395118862186023 -0.3060026207197276 -0.3135024377798448 -0.2948927893209577 -0.020440357127702407 0.16463774243492488 0.2256520962511717 0.1521780589328471 0.030597062469171727 -0.01880759137505733 -0.04173935911627328 -0.07263039999462197 -0.12862113419885365 -0.14877999239192943 
