0.0 0.0 0.0 0.0 0.0 0.0 0.0 0.0 0.0 0.0 0.0 0.0 0.0 0.0 0.0 0.0 0.0 0.0 0.0 0.0 0.0 0.0 0.0 0.0 
0.0 0.0 0.0 0.0 0.0 0.0 0.0 0.0 0.0 0.0 0.0 0.0 -0.032099830255211494 -0.028401892971459564 0.003067245390788065 0.02211608835832603 0.027485984379519362 0.024050395122008128 0.0032643978177725095 -0.021572600816466513 -0.01829822987575369 0.005440992679956245 0.025811988278607128 0.029153257779233582 
0.0 0.0 0.0 0.0 0.0 0.0 0.0 0.0 0.0 0.0 0.0 0.0 0.08973062521400384 0.08159113544332282 -0.007901604651924058 -0.06886689211493764 -0.07253208515737662 -0.06060966169155513 -0.049028724822019976 -0.025835832001163475 0.005564813987372279 0.03491815479763722 0.04786936712786626 0.04830790467567605 
0.09629949076563449 0.08520567891437869 -0.009201736172364194 -0.0663482650749781 -0.08245795313855808 -0.07215118536602438 -0.009793193453317528 0.06471780244939954 0.05489468962726107 -0.016322978039868735 -0.07743596483582138 -0.08745977333770075 0.007587687229554163 0.01343348016703283 0.023942818621281337 0.03535100313607461 0.04103605284307021 0.06663255781686407 0.1087249977697462 0.11267100910264542 0.03816451410350725 -0.05547937913503662 -0.09905657064481536 -0.09407954166484007 
-0.31734162102482877 -0.2873762457871578 0.028305682041954272 0.23977480888230196 0.2588252320414089 0.21790457775767758 0.1519827711927187 0.04514859477879066 -0.04414178677574737 -0.09659297537297729 -0.10489011896568809 -0.10119382735817778 0.19093266486590746 0.1814269721514193 0.11579786320310113 0.0761663052191758 -0.02719547058393328 -0.10325803587541871 -0.12474823164721908 -0.08205800742794432 -0.036134654776322266 -0.04160268063645049 -0.055187589568813845 -0.06598827486023562 
0.1359077488237519 0.10338768239248042 -0.08598129688482115 -0.2259404138493748 -0.25252077454991506 -0.308849962329431 -0.402166378905598 -0.36058732469733157 -0.09242264892264807 0.21473462509159852 0.34961477141729014 0.3328355386736091 -0.32583955055906016 -0.31914350932042496 -0.14468489479904664 -0.045765394228594436 0.03661303126042503 0.060167755487651 0.11053743725199845 0.09717023405294793 0.04796670323401294 -0.008729162547940908 -0.06435354513915865 -0.06719916939168952 
-0.5926021236267811 -0.5533719181933088 -0.3090038092530749 -0.14870284127032907 0.16661782245747833 0.4281234961079594 0.5704312876677975 0.4588265858571985 0.18206263360392136 0.009279240343617844 -0.047962599420114216 -0.012182831424948054 -0.24361595584898263 -0.24023329721642975 -0.14220623370498178 -0.0715852874927105 -0.03423431247397862 -0.031160078342750513 -0.04657535697091647 -0.037185044953729395 -0.030368474529776018 0.005782849738365181 0.007089338273846261 -0.002073457993516612 
1.2114483937437912 1.175634043078729 0.5935076938722903 0.2651867426871207 -0.1461933421278679 -0.3577639110041183 -0.5506297634468523 -0.4336318952486482 -0.2021076302646121 -0.04307159825434358 0.08716091080886768 0.06963223687075296 0.2792534679734137 0.3896920602508373 0.3240948799123978 0.25117246150469336 0.20858131897020335 0.13374637201114817 0.028200313661139825 0.02155478708950041 0.08160505083508794 0.1573049047569363 0.1626142160611254 0.11680129947156827 
-0.12426407593790056 -0.10279953448099288 0.11517988777834387 0.2089670930921857 0.30836445325232115 0.33584178712327273 0.3659405343760953 0.19322601491563715 0.10180612748456269 0.014961587084898226 0.0050687965169843585 0.03662819752380013 0.5578661697854285 0.4092418847109535 0.189038478574576 0.3272313492821643 0.16395548530885629 0.013594587055456409 0.10068980852863023 0.06450139372601893 -0.030412448797813546 0.03863874543069712 0.13576503900845382 0.0717799745283531 
-0.9360216789409295 -1.2909746902161894 -1.2703577851377241 -1.1582927655447124 -0.9491380468579464 -0.6639482238705321 -0.38452194324316635 -0.29245140049505214 -0.29710954836823256 -0.2600212625498506 -0.16474357473463538 -0.0419738742154698 0.07201891711997381 -0.3625640029506017 -0.41691856931871807 -0.2590278640035812 -0.28094675173539735 -0.09468554579005618 -0.02601514839577516 -0.19332976444867533 -0.1379452907508348 -0.06711003739719097 -0.14728819913871863 -0.11718896071273151 
-1.192465596640706 -0.54779320567871 0.05581349452820428 -0.4186571350009054 0.07622371889594881 0.5404318913747971 0.18530795198006383 0.19473215730234364 0.32080093904917223 0.0018378361992799908 -0.32930547367372415 -0.171719699466896 -1.2075807730587285 -1.0139324484221492 -0.4963670316059941 -0.5701296059125452 -0.369619172667327 0.07128613507219518 -0.047659160442271475 -0.16712256027107134 0.06694360478044555 -0.09121515493588554 -0.13666339774332437 0.13066889526362205 
1.5294924027352725 2.485822887529393 1.8739465984535144 1.3560824487444099 0.8127172802565102 -0.17600232575971192 -0.3822680270615111 0.14560432690402464 0.10223083620558754 0.16482038938003846 0.6962126433203779 0.5253730675042956 -1.3848606087180866 -1.2729215711674733 -0.6018299629345022 -0.7849660630235421 -0.3638496098213923 0.01102897516482034 -0.23029077794973088 -0.0402661861028798 0.07587177783014161 -0.1960843187505842 -0.10564564381288323 0.04552130525977546 
2.2657212024001834 1.0505990219126637 0.03212879080070685 0.6621683036852604 0.5362943076970739 -0.12198956714872289 0.5077910576120821 0.4755658320293129 -0.298694879143684 0.07618622592761037 -0.015419119280549176 -0.6390519591269487 -0.8326398933405192 -0.09241992180208018 0.055580673118683865 -0.4237184007909695 0.16219923162833452 0.13606209456290427 -0.06515400433573676 0.2639509300666633 0.22760196780874287 -0.0643502842963075 0.10289219420070418 0.10420751653651716 
1.4894667476928858 1.7285939094905434 0.5469744555295311 0.656192704182831 -0.08762451179433206 -0.3658244201032331 0.14510883779001715 -0.3120696795498974 -0.21497697276222932 0.29105749883773696 -0.004749820492573165 0.055128339835230133 0.22766931110311925 1.0202935257292844 0.043185872709977126 -0.032707713314075924 0.637142982263617 -0.20522340231041372 -0.06736668636770049 0.4837297491901613 -0.18797625312662417 0.08368684872429688 0.2881410831781046 -0.055310367905644954 
1.325466910902045 0.10808104874695523 0.5525575466341444 1.2024429396527925 0.03979692003636637 0.22715665485784486 0.11708153256151 -0.3682836296706853 -0.20340105989314788 0.13177013435935322 -0.2875008243693612 -0.2492198852419148 0.6478210086590489 0.49248423274451625 -0.16895110687160844 0.20527678510845324 0.3482496523941541 -0.20879142277809074 0.27027055846302384 0.2834117081483725 -0.33871325402871966 0.24525578147879415 0.11770839073133425 -0.3039226333931317 
1.316611615174984 -0.10379870307560601 1.4841746024068643 1.1840682707028716 -0.8504629727039871 0.26509477016824545 0.015186794566876438 -0.8836601898164602 0.6185126859601919 -0.11403211100872362 -0.0321697536695299 0.49638813427871353 1.179999171279522 0.6269664057892322 0.44523975014245387 0.7387620341004678 -0.1588067157705971 -0.16151141714184594 0.110799700417421 -0.26804062700010883 -0.07778461760588641 0.2080640645753243 -0.04202175603056881 -0.05703695991224537 
0.40868574268198754 0.4893426299621897 0.0703820379768656 -0.21759983490011958 -0.12703541903056104 0.18892510604981005 -0.23805959616541905 -0.0888740372825233 0.3007000535812645 -0.45703631358554175 -0.3548343248860736 0.05208604383070464 1.7351100557950698 0.600427901939948 0.7995561969033327 0.9008751510073466 -0.5035046266632232 -0.1516173306417812 -0.13502851157512374 -0.5241294577248412 0.13317504334475577 0.03736690372695712 -0.1484741089432368 0.04097442583931179 
-1.5921401820356516 -0.34293609848477047 -0.5476570405691912 -0.8500720108421165 0.472211805050923 0.13782560572632208 -0.009719699098781343 0.3523474052563481 -0.2336736766817763 -0.038731470915788435 0.15498219785748946 0.07558625503565652 0.9500168451106686 0.3445270629617232 0.9135997152726737 0.8611296939296471 -0.1166444404286728 0.2742348913322013 -0.012651831246066095 -0.4866508771811424 0.21639404095465423 -0.12929520070811135 -0.07020612736290589 0.20684628077923425 
-2.4254873578778473 -1.5736339593683066 -0.8301952225878262 -0.4831123725967532 0.8889734111485807 0.7456432290041503 0.5346203141197101 0.5861009459674341 -0.17683300860643103 -0.017980896867985735 0.06434552669683954 -0.16174222313832162 0.5754992173810125 0.9000625806966425 0.5405961779701042 0.15303889762301148 0.1364259886831012 0.15877384716673446 -0.04197318999873397 -0.07094545835361411 -0.09458741285014123 -0.31043535638890246 -0.14553076000544105 0.0978770023377391 
-0.11635236987710407 -0.10589159729552744 -0.806335913128811 -1.2665645422377532 -1.0085340665075395 -0.8359689653055284 -0.33319766683748986 0.2388049501019884 0.208097094190077 0.05432578275683242 -0.031141297372268784 -0.017236574574476027 0.42687171973213794 0.6203769929156923 -0.13423591176588623 -0.3723138922028785 0.14219414403613662 0.25769207987861203 0.04753115641960084 0.10007876039298548 0.04031945353723746 0.0716886703872162 0.19039094946581522 0.09161426142231627 
-2.055705815540324 -2.3293673627223592 -1.422067059653637 -0.4684702620713357 0.20405955069936654 0.19950085006553198 0.049598957700137114 0.1807335653554989 0.3635769066957616 0.4277411287448552 0.17481970274512865 -0.19513354837744637 -1.4245573381944594 -1.3883549765854113 -0.8407311098528399 -0.368620384731599 0.1608483632189456 3.972220351355175E-4 0.0437519752388813 0.30309829818724277 0.13404758758601296 0.1595527831561702 -0.053151792333454434 -0.17237549188807874 
-3.057646112400827 -1.826200375554821 0.15098661326137286 0.2595486105038103 0.38808630316712023 -0.3621794444402049 0.09019750985220265 0.25479481438335927 -0.624836994944585 -0.4766584948838575 -0.4714277385641007 -0.18256086661172993 -1.7336506401227023 -1.5768490886055686 -0.8698918305321367 -0.4419485091343171 -0.24626274885062316 -0.48058664316884614 0.039887116255227804 0.4095577042632929 0.06751178184459707 0.024671571701295737 -0.09785029248250665 -0.1167593871714221 
3.318831527967393 3.4515853595175745 1.2133368437756014 -0.1403077947727378 -0.29188186334558597 0.5075568024660819 0.19166680005821995 -0.33118888073497965 -0.16250872679713887 -0.23114710751615145 0.4439441242931188 0.4380463985445415 -1.1527298712995755 -1.4356317759243498 -0.9917075047981011 -0.24268379838913398 -0.32620116834506274 -0.5145008895876367 0.36966608536729434 0.39886608638255766 -0.06918915323731904 -0.17192118496832717 0.012373533577151827 0.028053100034140216 
2.3973308787371437 1.7341793074012113 0.48563762675297983 -0.10480024848410086 -0.021775112933193785 0.451762988000735 -0.5238929367822147 -0.733906939642651 0.26860456540273603 0.3097551857834485 0.12784736930125612 0.016451613478796367 -1.3496695764027322 -0.41927412231223204 0.16794134658276536 -0.45694749567396853 0.14108710385156964 0.3722898975189762 0.14633423464251416 -0.03167597678884008 0.008334553311173498 -0.015110101292976278 -0.21346229877521763 0.02678578293349691 
-1.3250046972105824 0.1973381235726741 1.385729947994863 0.4417555625900218 1.3875937637847118 1.3360323026079721 -0.7523540750845372 -0.5215138167791689 0.12442358623405814 0.5502978433161836 -0.16193845191900524 -0.3787990885251302 -0.13567460527677166 1.0245502666505357 1.2688898130273543 -0.481474337952462 0.18348186984453896 0.842302813464198 -0.20350192443958934 -0.2526404593865978 0.12280859373635489 0.04389984375320672 0.012189086793611784 0.0053028168718255815 
3.3132807293963573 1.0587456093543253 -0.439033978596554 1.339359418844336 -0.8749128219527376 -1.8932868870680784 0.12320524349603873 0.4449852127719741 -0.793306811393704 -0.8220506664210961 0.47190044586761426 0.14550452812261522 -0.30817498492297446 0.3238061539663433 0.9424146777622534 0.30212391583230985 0.3607777968953377 0.6609976618623071 -0.3712190936895441 -0.5123040738005723 0.04169426234119567 0.17872816093226127 0.0011101841839937048 -0.16180668940583803 
3.267880418468101 0.7156514085894106 -2.1309967926316946 0.5820353854204297 -0.41575861836943095 -0.8468267003921053 0.4786234832378612 -0.1627135787824988 2.118039201642885E-5 0.2030562873265007 0.2353503256291044 0.35761149060715536 -0.31092368995238456 0.0020773139248356407 0.5485323386912478 0.9313060475579872 0.5420881326952832 0.11644234783835734 -0.2928093722309964 -0.2040991333113528 -0.3099956845483604 0.03847544380952259 0.06310006587192178 -0.11717208993909682 
1.0254132756667254 0.503604202993813 -0.583243036220502 -1.0813119073962343 -0.20243231254213545 -0.43980049608614746 -0.025724434874781654 0.6236051627607311 0.20572298130016986 -0.05280851901849379 -0.07412757202477982 0.13366639213016773 1.662920515881379 0.37999750220435463 -0.47281116645212445 0.8905456427392737 0.025681072482608498 -0.6860150327247067 0.12701409457140386 0.22513248294014362 -0.5750987306179246 -0.3114445209128626 0.37843658899659066 0.1931280534280285 
0.7517000995113872 0.4686768849784233 -0.18776253926690634 -1.1418269169636548 -0.5749108890064389 0.25996206360193463 0.20053888079386212 0.0014736081605111195 0.5548957435322024 0.05025043818631461 -0.07822464058857351 -0.021363750711616003 1.211721497905492 0.4194762197444997 -0.7319322692148417 0.3135096790555113 -0.07523650224113203 -0.42126501368551894 0.16402048796368665 0.12311774609620652 -0.008828979340796147 -0.04845174368637473 0.21588729832886355 0.16173679729964743 
-0.4173906587694223 0.04224036454675506 0.007782394077425259 -0.4703463581814429 -0.872379904082059 -0.38863617089097846 -0.11879473899617338 -0.31250582951996175 0.6545520988899769 0.18868582088758473 -0.5066218380133187 -0.24439201150208453 0.30822218332883483 0.21799449042791133 -0.08356800974982277 -0.32863380867760966 -0.17405896267011098 -0.1928164242146175 0.09763779527589184 0.16709336001544103 0.07830418057256798 0.009044874741281997 0.009615741209354734 0.07706011652604085 
0.35411789196969856 -0.3120953314205597 -0.2307127001361332 -0.6639764263535 0.1449246841239269 0.39138617806686704 0.03309717140749713 -0.06401132093077191 -0.19790644038049865 0.22766434843258562 -0.19606443636321674 0.061430300524339204 -0.18407480724655567 0.12483587499759292 0.08071651380596871 -0.23649952316851752 -0.3089829984213079 0.07361881775641865 0.10944986355366511 -0.13664824250117696 0.2592730824460104 0.06922270341028293 -0.058820646750269164 -0.00303949099336046 
0.2995378294510651 0.2400068399095705 -0.31106392653642023 -0.33433572666848277 -0.04017321109698546 0.07293671932523882 -0.2349169660092747 0.15506754726004957 0.34721153153881645 -0.1686500983654753 -0.044054897765522405 -0.13891098306593241 -0.48308087703546193 -0.03681517014950586 0.038320203362123086 -0.11453790253789631 -0.2964102864293538 0.06894086238013326 0.1707863367509126 -0.341586527788354 0.08805924099001727 0.14372332568837168 -0.16472309278512032 0.026168372084228942 
0.9454602771408105 -0.004713977695763205 -0.27048892037788974 -0.5003336632145823 -0.06406524023505211 -0.19168083477542996 -0.06974959636058253 0.17763164727403635 -0.06925322013024848 0.02125028758199582 -0.13304617046166417 -0.06498579194961068 -0.3859986440485 0.014648053929774049 -0.10379505023491632 -0.21301696655360894 0.2902194921408534 0.033027103207168396 0.18500551224381048 0.04962999058145579 -0.14530970602319407 0.12159291203911649 -0.21837427578989957 0.05114508524937784 
0.7361807797514075 -0.0010048018671255932 -0.08729010588806574 -0.2085540321372128 0.12134591738549183 -0.30392525161022976 -0.5797303653648713 0.5914322697426959 0.3260477657948 -0.1392771257522354 -0.04396169260873406 -0.25968908151779646 -0.5025452056947888 -0.4220670812207829 0.0594078294256473 -0.44700139466242383 -0.13599753933356915 0.08212001527048081 -0.15230982658247907 0.05415287633501697 0.18725212574583694 -0.04896960885641027 -0.1670950721054575 -0.013491212911311862 
1.2937923489650274 -0.23553367232153377 -0.031214459755561474 -0.0878163739583081 -0.806493356539872 0.48073585391309615 -0.34951266564613603 -0.4310836539164625 0.24860456056109181 -0.15180087399138376 0.4590117884280878 -0.03161590599786229 0.7429634217185788 -0.11790348524882226 -0.08799673588460954 -0.561734051209524 -0.30635718093113007 -0.20217247260978755 -0.37925555084957946 0.04184876436875536 0.16384386610989934 0.20614780759153342 0.003352107506501075 -0.1714473335867118 
1.633007410623323 1.6216179308848044 -0.6089246451245263 0.8004098126906516 0.7390334650561319 -0.5096316708304667 0.36189404838093925 0.2969665688502481 -0.3734737360443645 0.0647843089904453 0.16120133910597412 -0.11512228730787102 1.9492669887772596 0.604276335207563 -0.20190331552082497 -0.14776133141003325 -0.19115571561975445 -0.0797297015341002 -0.31044581087034984 0.29772937466198107 0.44027039966323894 -0.1293707020192452 0.017544199716931063 -0.19771911398822614 
-1.7318433034508836 -0.46231488832526146 0.25431855689416916 0.6803865680000578 0.5461625287230181 0.5176897926640511 0.5972048493152506 0.1993182046139942 -0.2110240675403643 -0.6992238525639448 -0.24568400883852148 0.377072811705562 2.172788640725694 0.6648674111873594 -0.5980578395144832 0.04947484713273979 -0.15095859680385715 0.14619784110197867 -0.10728544566910148 -0.17600360591757824 0.03800449454704583 -0.3224243337465959 0.023359909715819416 -0.09086023539691533 
-3.5988023603724155 -1.7004431994879505 0.3756533323495439 -0.149371508886296 0.018485121613310174 -0.08321311638340667 -0.12175169023451521 -0.6169567835084755 -0.7649491191441888 0.5225464695917807 0.2557536068737774 0.1291239015951698 1.2751508458209393 1.0471892435565016 -0.3176910800979315 0.3241994216807015 0.5403440745697409 0.08051174153566154 0.16719130074618826 0.03649091204484969 -0.16244984613946184 -0.05638419889363241 0.10570356852368763 0.05810569110297406 
-2.6086686877141854 -0.5691053406972344 1.2706700700508533 0.23864974543194634 0.006656605593110321 -0.1710669466163699 0.21416654066889562 0.5538888400156341 0.3303287684698665 0.5865910469477362 0.34165592539672796 0.1188417057413633 -0.5917283973952482 0.022786002735858773 0.23792574471629035 0.31581205337248563 0.15573712997652442 0.1265663161296209 0.38739167454143647 0.06298177847504965 -0.4245614298872887 -0.1812586053425886 0.11452439458834322 0.15323827399681775 
-1.754032434707844 -1.4665545735987138 -0.16402716140907386 0.04867995893260291 -0.6122457970881368 -0.4067885257972408 0.05183930046555191 0.010208515014879072 -0.15680061563109438 -0.408970544084498 -0.4495793335827135 -0.16032380763469387 -1.286655155061403 -0.07364602031318797 0.8880361694332581 0.33202994532495317 0.29118346802126255 0.26218554421831913 -0.09425850644047769 -0.3050480733519481 -0.19964263375730984 0.12200149975295153 0.032078589416763836 0.18006825914576674 
-0.8790430740974245 -0.6476172094774562 -0.18961843037539305 -0.36607532602684856 0.3943165981441683 0.29977854898210543 -0.6517656696590923 -0.30320978007283206 0.7585859703649547 0.31031047030196035 -0.2365907223753057 0.0620818443300406 0.9223416726342427 1.2295328558901237 0.3967493708289119 -0.43672565428441695 -0.3039620725664724 -0.014538300581605582 -0.07368301691960048 0.024773806684459554 0.1677067315033407 0.07231117562881018 0.07912557392928694 0.06915906385850885 
-0.6036497019965871 -1.4402492041582757 -1.5583109257371075 -0.843098809131758 -1.0488952787260064 -1.1051924968376017 0.5939899342509118 0.7267367465916019 -0.3801498188198035 0.2946822586558141 0.4486411625095027 -0.3827009451364691 -1.7075297122798514 -1.3704598675909132 -0.18968971267879733 -0.22106725809656333 -0.5057119920859368 -0.4364559672606832 -0.003434739255238332 0.10877685531809994 -0.026670805276841864 0.049403672354996486 -0.004987890582016948 -0.13753957940818543 
-5.950885071972541 -4.270856593087824 0.7775638397281344 1.9947160923173777 1.1368675641114623 0.2217499406486273 0.16414027453501712 0.12130330417389401 -0.06111682444580102 0.017831118691149672 -0.344831044437241 0.022553082916724337 -2.6064926104378006 -2.350635714051893 -0.23027748900605963 0.2692248065576743 -0.1607453174024651 -0.4361479600749953 -0.0989277575083753 0.3240474189550396 0.3594186846892944 0.2045503663061434 -0.01831397797129895 -0.09176395421658955 
5.904477701069269 4.45644472097921 -0.07854915842444551 -0.46851397594982025 0.5336146961860266 0.941593680151548 -0.3458094538657878 -0.5283785930627838 0.33306319760480907 -0.41094188534408216 -0.38049550080569505 0.2720593112965206 -1.8003486927335013 -1.9107280760425072 -0.6526205723246353 0.23697523163917167 0.027575457478089833 -0.46211691580284064 0.24458924812676267 0.49710599170352493 0.009068791414199659 0.11617794528583077 -0.07337561131252131 -0.1274500213853677 
3.6863710556830487 3.455942970109481 -0.23866684701354512 -1.3610421622908402 0.08529756289554702 0.5848293407125166 0.11491729692438346 -0.6477943671107578 -0.6762765919152347 0.04947144338347831 0.23291954319619002 0.009993578763314387 -0.9739130510266537 -0.9949651651723711 -0.06059978613478608 0.844289921427417 0.8031227984556759 0.210998991171739 -0.02678383362643652 -0.07927731537129827 -0.03314523888409009 -0.13123139314583512 -0.2607969714347485 0.06374251938379068 
-0.02123168762387806 0.42853524237059304 0.907666134607638 0.12385462325483587 -0.6058366505523183 0.09961855053897552 -0.11516632132405935 -0.3800323928766469 -0.09977630932768561 -0.06967173954784256 0.37989270263035113 0.005928871096339036 2.399823106227123 1.9901011186202864 -0.01756313511883929 -0.15541113787533636 0.4356858849248959 0.3947915745838879 0.04301872684672307 -0.10087836069037322 0.06709017107614348 -0.1507184144552718 -0.21814404235507667 0.16098124575103054 
-0.06629122454600633 0.7279936417335975 0.4662555516164508 -0.8343379715672015 -0.7027751578863928 0.009740531939696519 0.12917020914346244 0.2849621501947204 0.2547386456727166 0.24089022523053527 0.05736576814898142 -0.03560925513455689 1.520013785176813 1.4652754546747861 0.1483188448888785 -0.41033573863502254 -0.12950306778282386 0.19195484235479998 -0.008849295831489504 -0.3229469410105352 -0.21982822455920437 -0.02572391098933478 0.07576834992830062 -0.06670078401535727 
0.5813395225024269 -0.14988397069370762 -0.3783209523829256 -0.2656326576856305 -0.3794065981976913 0.044763360786294296 -0.4819920905154965 -0.6921217696444032 -0.33371493441759703 -0.05449603290179528 0.3617135137831393 -0.18808300900763542 0.5100286503771726 0.6168495425706094 0.4632517310008761 -0.05638924702189089 -0.3701509276722595 0.09107805207592355 -0.08314022353275834 -0.22950173201703528 -0.010668653523771637 0.027112282500151463 0.1835606818365375 -0.07503059237829857 
-1.1749559049105427 -0.6506737873827273 -0.04062983818489885 0.06470869408446056 0.36059174006670514 0.03639240852445724 0.32487806901457056 0.4770911443047261 0.10017739430733408 0.119055323028459 0.014704087834894075 0.3071018708613734 0.40216608485137534 0.24851531559067563 0.008987951235646496 -0.2844082793672948 -0.3507324013708053 -0.039556074650259336 -0.10528118752874549 0.01972549379921214 0.1245924705792048 -0.005849501487189508 0.0394948436804371 -0.03782393204215414 
-0.9969852985731276 -0.7326796707830727 -0.22864636349431533 -0.15650096850532247 -0.027067316512088713 -0.18694154398117546 0.03640041933866159 0.21240830611945605 0.00951027692632056 -0.09009113594725882 -0.14945850272221772 0.05966508523326958 -0.22132512349062003 -0.44247772201996255 -0.05784484416021215 0.20062375477936678 -0.036710380839208114 -0.057977258771812555 -0.16701157075997006 -0.1429527945454148 -0.01875127923271802 0.04795040271512504 0.15785255441170734 -0.023121836750937014 
-0.48362706856235516 0.27384554500625313 0.3644544034652062 -0.035678978055471156 0.17325240538322184 0.24426120827420938 0.18581751680261988 -0.22647936908484567 -0.2906513717368566 0.27623628121483557 0.19446724536034865 -0.046011506128546986 -1.2879342289699018 -0.7428704613768596 0.23146993362753698 0.3315122792174619 0.24594910505914216 -0.14747999201657538 0.03618911536090769 0.22393158791568024 0.09310691821160218 -0.02455364134934801 -0.11827924802371965 0.112445715504643 
0.8996504748001932 0.7152895291716899 -0.4073285407273417 -0.817310085953765 -0.1756057883383253 0.11476073722685587 0.08857289787038902 0.08852187068662709 -0.08204671369734762 -0.27693772014035867 -0.20172572821471002 0.05783918974013583 -1.5481936839703323 -1.0031683056943297 -0.20032761803341473 0.03194058370238636 0.3263744172752216 0.030212201914946613 -0.016780801541497543 0.05737343522067303 -0.057023080636521374 0.1626217892566816 0.005247944708146861 0.05469664194202925 
1.7405288953125027 0.8539529967704702 -0.6456985504509967 -0.599423584843704 -0.3029863391976031 0.3279812439701677 0.19022448366598377 -0.1327604017259001 -0.13336486501563838 0.28613953917305296 0.3956754446522992 -0.02932232790598871 -0.5147445190858638 -0.11834582977854691 -0.39514130598651626 -0.5816137953448016 -0.09992328860518818 0.21387212615572823 0.24896705668143607 0.16380119593677803 0.16284478864663043 0.37454036389298717 0.22139736734844187 0.03862136321767573 
2.535517771400441 1.9867715204178076 0.8774129675640303 0.02954958378163486 -0.768071196047341 -0.31943816757399446 0.08453934053147227 -0.006571483222035823 0.10193626547527557 -0.5829081326964124 -0.2658064364926336 -0.11276942970409731 1.2849261119796955 0.7173382551110139 -0.46598304697711107 -0.6489043429909971 -0.3424639662894211 -0.03388646923693991 -0.12498197700774644 -0.16193183682398934 -0.04010834685128001 -0.0025357839441276417 0.11419449775037412 0.03447078092802214 
0.2426728403951124 -0.006857961281165004 0.9075075672790689 1.285732573111234 0.7692549750532942 -0.18025571779255012 -0.5590668745722299 -0.6703362799408483 -0.8711772272630595 -0.6943996041860991 -0.4376845025460152 -0.07657128605945762 1.7738300934049775 1.053755668006456 -0.18450152222801997 -0.39124298687950704 -0.3446257029599446 0.05075514090596498 -0.013004905509085507 -0.2685217841763822 -0.29266123040707626 -0.3029323560358241 -0.07764952540228831 -0.13451561113994495 
-2.2061998336801985 -1.0063197571355342 0.21401754133895867 0.18682486404175735 0.31566545340448937 0.4705386258190345 0.8381645080127351 0.8431053202660692 0.40718450798020295 0.22093920337160028 -0.12762924786667518 -0.02194867396719613 2.757536223253576 1.2332648651165492 0.419083011754039 0.316645804576361 -0.24140406543987267 -0.45123061810073545 -0.3181134905893359 -0.12962020033086444 -0.0914006938345756 -0.5081899873693 -0.47375324639789235 -0.23091189838420043 
-1.2101025823621105 -0.8107683684722264 0.23950372934559905 0.49566773566475586 0.18902244495631548 -0.21927257544424172 -0.14757338354739113 0.24796654905919413 0.5919947049531267 0.7930129392465188 0.5595354265461849 0.3288141276453955 0.9609129087861352 1.4491357573590429 0.2533244879235999 -0.3293184702535907 -0.3216836412617248 0.11531036125203183 -0.04006644091405178 -0.5473950178237711 -0.14522804262170752 -0.23465276357781506 0.013588949480886958 0.03947519105648095 
-5.010703186981677 -1.3110678713363093 -0.04583414873135183 -0.525355411224209 0.2462572653207663 1.0537621155540575 0.8331330667870607 -0.07686229672946371 -0.35544761912909073 0.1979555576951787 0.6568433381549432 0.37727355859607736 -1.849586815171772 -1.0329088085312395 0.09938675707307758 -0.06697354634315533 0.07105798938374029 0.13419155786163137 0.39098149689641243 0.6278880691021029 0.19792537628013374 0.40857929331179643 0.09682456053020032 0.045118168695687584 
-1.2378142093125541 -4.201891176257906 0.2774599485434244 2.6297781215049887 1.76900999288033 -0.8177985464161571 -0.43635183121723736 1.4318325820282314 -0.05417703584329003 0.02105050938555683 -0.8706876439994853 -0.3946079755105372 -3.0957398648302523 -1.2522957900063816 0.05915253474297106 0.4692753590322248 0.5013653847127647 0.04600120645842717 0.21429321995221132 0.4918778623502691 0.26481930299776696 0.36011346467025973 0.2790442943027301 0.2057334253313774 
3.3564164253103392 3.787968072351024 -0.10312083947918671 -0.6793096898488931 -0.6875022887087388 0.36722693772009807 -0.19039075884157902 -1.6324919035247583 0.13649424953801012 -0.618817461633308 0.297008605815559 0.20440787152370749 -3.0931964486467627 -1.586901851797465 0.39976142275828214 0.6840384479132665 0.5358435741825578 0.275315351065943 0.3979363344239551 0.4463731534869535 -0.31132339620654415 0.019937518944643778 0.15188607038673876 0.17348795656281887 
3.8935572059826384 0.39660102970325184 0.0906894704906033 -0.8351812021195766 -0.8481939321672265 -0.014008605902543492 -0.2786911305897053 -0.4498522345939657 -0.4484341383737247 0.12105905489998303 -0.09768009019231316 -0.20195330481255175 -0.5922849651153426 -1.1249530970284365 0.6551934774405835 0.9878134109314192 0.49291000746517133 -0.10976718481281567 0.11830730142243172 0.2970584824164559 -0.3764355761792613 -0.15719739513784234 -0.029308383525450843 -0.009494230746792323 
1.703200451311016 1.1503915810755068 -1.1517331779797877 -0.8449910931517257 -0.05267149470312882 -0.17407890790057845 -0.4395062867985706 -0.4751393488792257 0.775651120755759 0.08813872810403428 -0.18531864990885916 -0.23951764644137197 0.9406272029236433 1.3651044248299906 0.5402389314283914 -0.24704666753076285 -0.3980931515866512 0.07688436503904988 0.05697521856568094 -0.4909844175166234 -0.3770163363067715 -0.11343682069303473 0.1594368563229692 0.08959481006066805 
1.3656486730331352 0.49175636046516225 -1.1638143145280255 -0.2508214096378526 -0.027135426517988837 -0.21784406916737187 -0.6667159715060367 -0.038019142543902484 0.7555512570856195 0.13916459993041275 -0.5415988655609237 -0.14416252428762052 0.7980711376654117 0.5309019136927043 0.06904797681333331 -0.7335276980336211 -0.08945046328837551 0.4047659950305315 0.07582127801854421 -0.6177011056180891 -0.21885743369895708 0.27012943854901494 -0.2012495760761035 -0.21680063468295477 
1.7984890830141609 -0.3549228675199032 -1.0965857412550468 -0.23034958349746648 0.09624791322659587 0.2384915742353626 -0.16730399408045615 -0.36545519699991946 0.6655505607286525 -0.28755977206941863 0.040657424530956665 -0.09327194892076227 -0.2999448406541685 0.17786104890295698 -0.7934758810225926 -1.5914191504268353 0.003596904453060268 0.5788172217805996 -0.6004665544838999 -0.4975923730539438 0.7781430484250226 0.40345893803017124 -0.12241434507208611 -0.1324750347686934 
1.4516994771348308 -0.4434474870771563 -0.14402817831176706 1.058081137154157 -0.6543022462669623 -1.4345918320621085 -0.6422561110043952 1.3484090063206486 0.26318844273669983 -0.5014800106603354 0.3930806008160894 0.37532575047600775 1.7926880644450955 0.4345003568617833 -0.8866222940163156 -0.5885227275480828 -0.226016315836843 -0.157411622717091 -0.6894663117234949 -0.24028065780299648 0.6070775690636262 -0.0036529629114653663 -0.08989368339878336 -0.0610806505894023 
2.5600095712226736 1.084410358137795 0.7188013969798612 3.2748150847327753 0.2501212018121771 -1.302156691795009 1.349663446402308 0.3244236958503302 -1.3125966173448484 -0.8019157806911055 -0.2854153478811074 -0.10183667951710584 2.871788331725227 0.5028258121504022 -0.5817680910672619 0.3886739022347134 -0.16370225909005884 -0.3402906313817433 -0.08593809122080637 0.1956723823019477 0.320997462098812 -0.4785445990293195 -0.03464784571533597 0.0401987085071128 
-4.393175764406408 -1.5314113229490367 0.5883589984034676 -0.23783556110872528 0.5739768766997496 1.024714931999087 0.6431992434230661 0.33788338443996224 -0.0766078610685087 0.40730149297565227 -0.1088814291585416 0.04336179277875818 2.3831027981664983 0.4703637827539757 -0.15148161281506736 1.1991845330598785 -0.07047546299426 -0.5986614235952373 0.21048093863868914 0.5336570109999651 -0.1948498223480997 -0.5924147845345886 -0.13132839337633626 -0.02116933825509883 
-3.8944382913909 -1.3194183860351698 0.2825249435891217 -0.7484129410701654 -0.026784870986583664 0.029710086349994835 -0.5522173976317677 -0.4472095329654193 -0.12754367366517924 0.6936832732005462 0.3955819766642801 -0.0478860955934759 0.9626371711138372 0.2760999654966523 0.15986433739678538 1.2373555435323411 0.014545479957150812 -0.44146092081752514 0.6966758655654471 0.31557600777330036 -0.38156064073363655 -0.30796398841740713 -0.18476154042334222 -0.009988897041922342 
-2.4703849860578773 -0.652624463252601 0.5285548868288048 -0.5278584491240079 -0.30442282088480194 -0.3045409503488983 -0.32275850490342484 0.13325458772862797 0.2552114379411644 0.5279648159976046 0.4465671186724044 0.41185847327948927 0.03280822293898537 -0.3327070549019074 -0.16062809528447342 0.37677970237943986 -0.19308278324824835 -0.4706199623936293 0.16245236299469581 -0.00600844465790636 -0.014512176551810765 0.5505404208949239 0.01885466385907399 0.012828233068412706 
-1.2892973312931029 -0.1832829682003796 0.26911044057683653 -0.29224010185660715 0.6456846107330004 0.6868540118315591 -0.25738527613078754 -0.5199899291139038 -0.3338243446487754 0.06164452305013976 -0.008855000526553747 -0.25611832864170436 -1.3594417145905104 -0.4723030942472688 0.8409328574907157 -0.683693631730451 0.15654661006498974 0.019575372383276075 -0.24010523479343826 -0.13330952460409098 0.07265968520619338 0.12622370504315147 0.33027425415078565 0.1382375396051034 
-5.7941709132722625 -1.1013578671607096 1.0769505357630307 -1.596261087853824 0.8169904855847028 2.1080028564391924 0.008426093688488567 0.3922989164879236 0.07006900407872169 -0.9283003946339163 0.03677306785965334 0.1089932100976343 -3.441682795582533 0.23882889532245014 0.35735697601951905 -0.4199674606198698 0.4793469537660972 0.8948823357203635 -0.7485810992897667 -0.13606161244990247 -0.006743110138107818 -0.11668267791647076 0.32305706018676666 0.0468416025267307 
1.8457798159878234 0.32185759866069086 -2.5144714533501378 1.8368692734860952 -1.0571313544163052 -1.2352879341938787 0.002506007452590331 -0.17680312353279415 -0.252951512352538 1.0431447633868522 -0.3903437603817013 -0.31116608281785857 -1.4057305507491724 1.0672702082944063 0.33808731630705796 -0.40110626086591644 0.5737743322017838 1.3100339456613883 -0.16639726035755212 0.12803728692876917 0.20848275526059223 0.10396104354991897 0.214081012562188 -0.10161469754607616 
6.287124827049258 -1.6216814326504867 0.8482749057337347 -0.3325107549357498 -0.8910556996084408 -2.0281169844972693 1.7930391511741863 0.3698460222877806 0.23500435220736915 0.38726272957866065 -0.3318596819603218 0.2988575427873743 0.19197997499998287 0.28499872386011843 -0.16234640878962328 -0.532419738444839 -0.43307583182082005 0.3424859980826582 0.11672287860610582 -0.24077285218402422 0.1102799299551409 0.09830844696885095 -0.23454903488783208 -0.07353161054714315 
-3.1127535492063463 -3.12493181033871 -0.6308136933296893 0.2792035142821052 -0.22161529327577906 -1.1751879046843752 -0.65050002380098 -0.8928753428001399 -1.0417402844948758 -0.9080201697059056 -0.46678166330313015 -0.04620640234834589 1.4365820332390011 -1.5013454720127317 -0.9852337487478469 0.513043283596668 -1.0928446329164976 -1.1727357131514207 0.6457835248523182 -0.2891116325090355 -0.36960674330339005 0.3669154931323481 -0.05879504678779712 0.07284284518438283 
-3.8908441556751265 -0.2329593342413645 0.6221608821216763 0.7798310070826882 1.6984599504768998 1.050494847436466 -0.015239526503043721 1.472653582673669 0.1336236002844679 -0.24764326899409034 0.7786391239838639 0.1971082015043074 -0.12084284611037018 -2.48481231760788 0.24659416571155682 0.005994387107907506 -0.35614218249638246 -0.9842043495809355 0.6318959798036365 0.20720955864108573 -0.5012642604479082 -0.12885856225003772 -0.05016654858731903 0.24576810306714755 
2.625018207633012 4.1315329654943245 0.554286804699432 -0.2584314583131274 0.926644719290517 0.7436132892935154 -1.030705228265749 0.1391279938013681 0.9065590935190828 0.25985128327618334 -0.7692080229904028 -0.4788199477294736 -3.2815329888173697 -1.770903306573402 0.029060724607159027 0.33463234809986936 0.4022508087682981 -0.45303665865729686 -0.19248623593247152 0.4101594164631715 -0.3513594392043149 -0.48569617126324277 -0.1730998947732655 -0.036678951146729664 
3.7807674869606895 2.204523132256636 -0.4840578404154965 -0.08167642996185598 -0.3967591584024413 -0.034904532743407934 0.08745381399566121 -0.7677843219362306 0.7646474445441144 0.18990268983772934 -0.030146856354728357 -0.22213999372350443 -1.7617517120572408 0.13914899576138348 0.30487588508078406 0.6121355424613374 0.9474858885002414 0.08521912178994069 -0.3871305854125482 0.8041121652553674 0.535841130427951 0.10038691219276495 0.012096657507949379 -0.14268382586659548 
2.8960395959278546 0.9690368761324955 -0.16488650588257991 -0.2939398114952308 -0.3807581651410029 0.7266217613774522 -0.12438798625291791 -1.003134639884705 -0.3031738890117543 0.33029536466791287 0.45691101118596256 0.27345454870574903 1.5099387866565979 1.102755362422619 -0.1456684022817065 0.06540504740493758 0.6549072915979607 0.12973508673495646 -0.5474687949022199 0.02641819947876804 0.6149019099035476 0.38158701471624284 -0.21159774810960716 -0.29399312135595307 
1.2589002863491743 0.9308417231553996 0.06711988217033005 -1.038821443710272 -0.49029627280806465 0.8033332460246755 0.6929936087281854 -0.3685515962493966 -0.8690332997339665 -0.5840260462682499 0.12928963437183316 0.24902243088648257 1.336619866651704 0.6450586720327859 -0.33129505959087835 0.0043945472979715905 0.0821184337345011 0.07645468664067391 -0.029835332779474005 -0.4619753255916026 0.2029395589351045 0.13705082546288394 0.09120003731529995 0.038460188733642625 
-0.6438645520310242 1.460107582777086 0.7157031502516382 0.023925906346267928 -0.9913085983005532 -0.06471086029539563 0.3089312590746485 -0.13974296747835302 -0.12130626405251965 -0.4979453928195556 -0.21413302402486212 0.1675782040333922 1.335171457076935 0.6336945578191712 -0.3199893012483612 -0.48384199783124665 -0.38866125174773997 0.47730323513597095 0.28248942941211913 -0.5630431426162138 -0.2710054808759854 -0.03326572614897418 0.16203361901043042 0.2259948426745938 
1.540859960985017 0.023811762835983075 0.06953251029002949 -0.2537929307765201 -0.3378392430261694 0.13139771817099422 -0.03969981032969999 0.18644581863540122 0.06489495525918354 0.19287059219281177 0.031775049304784114 -0.2845823875882539 0.8614384315468869 0.5848890965639786 -0.23404484863125666 -0.5541569168274788 -0.46421158789849093 0.3146507016398696 0.4209514016621843 -0.13921016472715944 -0.2516147337569263 -0.2832914828953191 -0.11326137005826692 -0.0524437311655962 
-1.2504546126208718 -0.4785318171653099 0.793875083802654 0.7650719255316332 0.7089970752112694 -0.36932018010362005 -0.6055095649603326 0.4084960805215374 0.042878426119627 0.041644223884304554 0.019567446688195822 -0.1377275700806641 0.8703329205369563 0.8863867490113266 0.26630763340489166 -0.1766993979535831 -0.6543927326418059 -0.04575404733011194 0.23791274656376382 0.14619503350812246 0.008880571674247014 -0.20783119825954466 -0.021785222071391996 0.05991063322993278 
-1.0221199779965628 0.14549413343466178 0.7301684612885921 0.253076297179482 0.052185654131496895 0.011685801009178931 -0.11264018424087707 -0.22504062606786346 -0.19628144354926103 -0.003946405934222824 0.3522235091901049 0.5590065114402993 1.1924938726340029 0.4125480446086704 0.1637779393614706 -0.07376070169309039 -0.26636400241497804 -0.1403787291999219 -0.17134871204646684 0.03429668239862671 -0.018084130901074857 -0.012951940026563654 -0.0012705205677493354 -0.040436946596508094 
-1.9733733441511034 -1.2598938495562333 -0.41353772546231804 0.30058948622901616 0.7768571510460311 0.13240724027584783 -0.3683367936610543 -0.37258484565108807 -0.01735977967103841 0.22395670102259577 -0.3090015877533465 -0.43394814517068275 0.18477841954197607 0.3122661569908309 0.41526209467733577 0.374358182178215 0.19066253485465146 -0.2695891534962261 -0.5116761827861489 -0.2399641706486335 -0.1766883874881017 -0.08086038189112214 0.04468949016365122 0.08796707566138053 
-1.6751622911518758 -0.8231513547945664 0.18190509683810374 0.19973039395405956 0.4273227263013839 0.3016701955810259 0.3557599401600614 0.4740962345258338 0.14926645085774082 0.14057017370335712 0.1998711282288033 -0.015161260253720277 -0.17772943219885143 0.2290024176644264 0.3345414812646958 0.1662731582545565 0.027269149015367183 -0.047796172056755716 -0.16238019679403956 -0.22550149911424913 -0.1237278517489958 -0.029395098175749482 0.017413688621027806 -0.010650553535136812 
-1.4782687146691433 -0.9310075440231884 -0.17777951800410907 -0.3313296693903006 -0.05055906543762845 0.2944550830991348 0.6953189211976449 0.7788201621705891 0.4001696413804312 0.21196707973888101 -0.03832483332210701 -0.11454491121779592 -0.4832568778414321 -0.100630167587812 0.23781263267465103 0.44556322406638643 0.5067805305190656 0.1998093390123751 -0.09417708581203278 -0.23536292608005072 -0.10870836911658571 0.057293951716288614 -0.08032746328196516 -0.10535911586469808 
-0.7364839961409886 -0.7059562723251398 -0.39133508623459967 0.07021640022547088 0.38408631532722515 0.07405039576780259 -0.157327451288108 -0.12423863263595464 -0.03386259882800846 0.090233699234883 0.16464406611140178 0.4312565550692663 -0.3364793777210317 0.0339882097890681 0.1905483851521955 0.0622916779467829 0.24210068378042726 0.25345299656532694 0.21506184270247464 0.20826194852414484 0.10209355534345138 0.1806024719183631 0.209652325856449 0.09781500141771095 
-0.9929418581322507 -1.0166008880275106 -0.8403555319499193 -0.9713431891058488 -0.7218662350240861 -0.3532108768546658 0.17073815949912874 0.6326713661699582 0.40032985252159337 0.07724308310796699 -0.05040566684875028 -0.3410797052380818 -0.373282605979723 -0.280655137895651 -0.26216081801694807 -0.2843935489073948 0.0033802992969225176 0.12547663626912295 0.15207783482470474 0.20115513745435368 0.19678399730374996 0.23127768899186948 0.12690491190766853 0.04086218146642684 
-0.908387586257227 -0.8823193121596096 -0.05845205164557754 0.33286211997148496 0.03667425975333094 -0.13485581413805459 -0.027135207098104464 -0.07761521304628527 -0.1570943207431944 -0.3338752437362752 -0.42304543257722205 -0.1953388674967102 -0.2787977105613491 -0.3131420694992475 -0.249135325326049 -0.10059086883236613 0.042231742746118704 0.023371697698930865 0.062022912844818257 0.21004712199479733 0.2573334609735903 0.1552860690548141 0.033843987315554554 0.024446348165457283 
-0.272469101671855 -8.606104190005404E-4 0.442261418752224 0.3905281174588767 0.1130060644585511 0.022478279244694588 0.1739892946285289 0.1520430400126934 -0.1285664895732257 -0.2698115157511483 -0.12519481970080065 0.0761662556659118 -0.3546701890134825 -0.31873088565106594 -0.09230377568621428 -0.059755759268129004 -0.1314645607634262 -0.1238142925004464 0.0565715451846334 0.1828298265398105 0.05174601011749765 -0.12116417743778607 -0.1337357953483639 -0.08146871074088761 
-0.260327242687139 -0.2744002026316523 -0.2852375856075243 -0.3089466465597935 -0.16004506265244955 -0.1839092753786702 -0.3450217573872628 -0.5140658355417141 -0.5414148107013698 -0.20209720850000168 0.10050668059076331 0.14929453012089763 -0.24364757246887944 -0.18386593946574395 0.12052363988497684 0.21721021137883856 0.04154533094516188 -0.04066800289022035 0.034004162314173074 -0.00250787200349759 -0.12211350583569101 -0.24980187352970928 -0.25491777610696914 -0.10204750536092551 
-0.25296146287684707 -0.36436778583829144 -0.450051437910303 -0.4711715280358226 -0.22911289153091727 0.04275873126698121 0.1599667990898077 0.30240719779824116 0.4372520671481881 0.3748465978031884 0.08902566261234886 -0.26899027182422286 -0.13956819125057804 -0.11121928647779063 -0.025362380988635413 -0.04006267366751729 -0.07712853095984157 -0.06349264420427926 -0.014934788528927748 -0.03681665224165525 -0.10389747955637911 -0.08617988811127691 -1.0075086569642788E-4 0.07306185831747851 
