0.0 0.0 0.0 0.0 0.0 0.0 0.0 0.0 0.0 0.0 0.0 0.0 0.0 0.0 0.0 0.0 0.0 0.0 0.0 0.0 0.0 0.0 0.0 0.0 
0.0 0.0 0.0 0.0 0.0 0.0 0.0 0.0 0.0 0.0 0.0 0.0 0.01270011025172657 -0.0027132229575062747 -0.008129035671452659 -0.003386579204877338 -0.018401256654682008 -0.010926871095330729 -0.002266825890661628 0.0010129243037971063 0.002321035743227192 -0.004511212077151244 -0.01381674503579893 -0.028958990414047675 
0.0 0.0 0.0 0.0 0.0 0.0 0.0 0.0 0.0 0.0 0.0 0.0 0.010066380508483222 0.025431082688766888 0.001156365327070752 -0.034505316271251314 -0.034399120019559776 -0.05343102857908904 -0.06587326728105768 -0.05200148851684331 -0.04057805350757407 -0.03430690751612505 -0.019786071378835455 0.02438391508896245 
-0.03810033075517971 0.008139668872518824 0.024387107014357978 0.010159737614632014 0.05520376996404602 0.03278061328599219 0.006800477671984884 -0.0030387729113913187 -0.0069631072296815755 0.013533636231453733 0.04145023510739679 0.08687697124214303 -0.07308445515283335 -0.06987631626689983 -0.026593549233780822 0.004580220214819954 0.05635732003112654 0.08778222251957953 0.07690111277931454 0.03254670139049018 7.954715305200274E-4 -0.0029975318470055238 -0.002498538838166082 -0.00743875780992712 
-0.011148976147859813 -0.08036308250256008 -0.015662649488391245 0.09843608000643794 0.07559547507665632 0.14390277909427102 0.19421956300718057 0.1575238520062256 0.125215714137563 0.09615390443264829 0.038633096582807974 -0.11659023088795886 0.1189451170944853 0.1486906786933554 0.10699044108882917 0.0988860831830201 0.08642418501407367 0.050522288515181396 0.04631671738797614 0.045271193523628676 0.049175324161536006 0.0789975541026043 0.0950652257262581 0.06004452976931609 
0.22482785353242996 0.24981049005197953 0.08761197244553809 -0.06295870064767883 -0.2068696976317078 -0.3352980571058741 -0.3278131198415339 -0.17640203017458334 -0.06499427166034158 -0.039084356675307574 -0.011820931776905741 0.08061138887376079 -0.09385187340704082 -0.08782349940439467 -0.012544113646701383 -0.022551957032644537 -0.0811473238896867 -0.07674403211159392 -0.046103780610461255 -0.009722534188016297 0.04849102599927698 0.08125761860992935 0.09281271279349872 0.08580517416357725 
-0.4882994434272607 -0.5669074466697965 -0.3525837559820776 -0.26009903041790483 -0.12823582124434407 0.03247246965038897 0.028356646592830964 -0.049131951939290014 -0.11851039026927802 -0.21068366585443227 -0.25856009373662303 -0.17700079812375716 -0.11378286754193907 -0.1856556691532271 -0.10920515815611108 0.05926299924370873 0.1386507551656182 0.13696238506520603 0.12148264750372455 0.12502554276732755 0.09017879793213662 0.0133244798555259 -0.05302016394383117 -0.0899504808875858 
0.4820305231056432 0.5148823491693211 0.2304800012013053 0.257083163924737 0.40056138979360634 0.31872786434271494 0.22804327771054345 0.12945673162541538 -0.030573133024091988 -0.07682043445479403 -0.08839130811338383 -0.1403332676306896 0.1910075676895211 0.22398407047273414 0.07325594841777167 -0.05949395000985872 -0.09664062634605897 -0.10692347358638969 -0.09095713560388034 -0.076831321793611 -0.08243940311824943 -0.08119700311230911 -0.08789242722361311 -0.04918853383843972 
0.2015982916913508 0.34406799539845045 0.24051881060205837 -0.23937385001089617 -0.6440723341328554 -0.5939973368256416 -0.44815657828003175 -0.3704821571957564 -0.16253124897697166 0.07504850375581382 0.23597877658254052 0.26373354002702376 -0.19020666460017122 -0.2007177285891121 -0.11347864842408227 -0.09934902913029481 -0.065796993483959 -0.002748073027708159 0.056423836187225594 0.07588285216356053 0.019377076967257004 -0.032767292454443236 -0.05359811441444606 -0.06833250617610377 
-0.6931437170954391 -0.8776294424003463 -0.4287071560998449 0.10516055917839301 0.3409704378507248 0.2987072668913102 0.1833148994065385 0.21476703783448287 0.20433436704825353 0.06164056785649674 0.004586914734351834 0.007809821313689486 0.1418068735816093 0.13172313292727764 0.03964408706734823 0.041948777275940645 0.08823780728587806 0.09539275868441698 0.05555564622450018 0.002472848145574904 -0.047368606238730876 -0.05536932467689407 -0.023651612580864876 -0.019234870953294726 
0.6699076704737941 0.7315016348823735 0.3174457679407443 0.1139093593461516 0.09895063517897366 0.050726987459215805 -0.11855067281684334 -0.31943566153450537 -0.2940953712072218 -0.18161228964674794 -0.14425486191715267 -0.04607482406763537 0.025155184901947347 0.08902641191236733 0.10614027981002826 -0.0534356508532055 -0.22665416981194073 -0.2631621861465039 -0.28329398749943346 -0.27222241887855664 -0.14751877817837397 -0.054552656855393185 -0.0032876368107595997 0.051613326485455246 
-0.17754478703040633 -0.07400386935447334 0.07308426132991763 -0.0454047725816088 -0.23566351671994237 -0.28981257385296466 -0.1034266136945513 0.09651493935806515 0.1773147468072257 0.21761793627716908 0.1726803488790574 0.07227552727652414 -0.03908301999542685 -0.053123604982111404 0.03022745373766078 0.1331284643477558 0.1463576427315164 0.13253610478731245 0.08499292268220116 0.03362861834551118 0.011945519833316959 -0.01877122921468198 -0.00912033729563972 0.046815841286732475 
-0.13166672804700763 -0.32482402686158807 -0.32879773754290764 -0.0037842315712787733 0.32420715258830035 0.48974914198600755 0.5450961407688135 0.5053111486781224 0.2935348956786641 0.1607177901116572 0.16179496994246653 0.07666070758924069 0.09692041496630906 0.12786805361320927 0.10286872607542387 0.13166347467958958 0.13641143580797613 0.030806872555172643 -0.07801553748090456 -0.1520498694147044 -0.16880930009490694 -0.10701292708894224 -0.04399473542213489 -0.029030332066823043 
-0.1751074578487577 -0.19009579658203135 -0.19626776457100126 -0.2353780384061592 -0.21073074904848782 -0.318412124734023 -0.4034872754328934 -0.2984922223083646 -0.12531732589464029 -0.05321078437865989 -0.12107698930853861 -0.19400546837494598 -0.05377806562940268 -0.06532471756162299 -0.058380603154901255 -0.06733832970922884 -0.07413656348993708 -0.06604781456709975 0.027910188539193175 0.14193966468375552 0.14663476049961202 0.10806908587554019 0.05280308890129989 -0.013896333430232832 
0.37792776098404257 0.40594343765652474 0.14351560266493213 -0.18609443178034196 -0.3227500560806819 -0.02739385476577294 0.2655262704950414 0.33421752754282275 0.36364856542843205 0.2748408519479933 0.13460801344305 0.17415666995856882 -0.12730967212460387 -0.19751567471105788 -0.18994641877992605 -0.12179015947182936 -0.05188400935103451 0.007817634194880777 0.0646049777211664 0.09587928730502288 0.10783806464664182 0.1308258093770385 0.12595840411136738 0.08128070140314037 
-0.2710078346577234 -0.2434134489286608 0.012069400690701504 0.24776531665060933 0.31022477808436 0.16690236822422483 -0.04737224417524477 -0.24375724412555155 -0.2976463695664943 -0.16365085226761952 0.027864560424865986 0.06521654638255858 0.03204582701775912 0.036633905669526436 -0.018814824198028973 -0.055319344466603644 -0.004153647001779494 0.02264131821694665 -0.01998364118395657 -0.03219168471856947 0.029815883030264518 0.06451869670765994 0.020912419982670433 -0.02320836785471016 
0.2982124767312868 0.29438182344490027 0.13687293616601914 0.12001456931582503 0.21938141707497993 0.2236389929222413 0.17322369197649 0.1903057976716473 0.05618522357466563 -0.17653960407497848 -0.2905510172583379 -0.2967924039989327 0.07564829852359223 0.06613471942480609 -0.0013832212588259323 -0.08215415759035156 -0.09962081400448657 0.027276022659617993 0.13742003385650675 0.14728226377954365 0.11013501953631229 0.04592409134643278 0.03271571952050213 0.09604944747047116 
-0.23138729677565717 -0.24421670648479843 -0.13650195872745785 -0.22247450555443177 -0.46933554462098026 -0.5118525032288701 -0.297385062621748 -0.12996130321706845 -0.06103330405855062 -0.02107664649015383 0.028765266094144037 0.11109417216793527 -0.14599937626864593 -0.15029429095386812 -0.004227683534275217 0.15073179266749184 0.18106458834640263 0.05611938998525615 -0.06699583934304078 -0.11257891263864218 -0.09809898617880403 -0.024503107851998728 0.06788839892540337 0.07017659213371208 
0.13117259647223278 0.2079409081601753 0.2219509461504896 0.2954879520932333 0.3658925472854479 0.23015551298192055 -0.021727421851227224 -0.16452723425004973 -0.08506302593447665 0.06578147501996211 0.03601050204690459 -0.13693048534553298 1.288320806901897 1.0690983099354727 0.19408029365382365 -0.5421977091365923 -0.2596835389222096 0.04275805094355222 0.23748519528710835 0.06104997796456712 -0.14850100343201553 -0.23785084168434847 -0.1830583207713452 -0.09704074329115762 
0.25051023427774144 0.25068988157530603 -0.017786553698708074 -0.29216675274057036 -0.30622455206008187 -0.004714061761383281 0.2510908307677362 0.2713960097512235 0.0672747137244889 -0.21130206825909364 -0.33908139600396536 -0.22524418934527748 0.553400753925387 0.6435346368107858 0.4020045328978077 0.3054991522971842 -0.10738355064088982 -0.1804223697104781 -0.1939936550123477 0.001783996143475695 0.02937251121950028 0.020784674997683533 0.03742332734765799 -0.005758422669874641 
-3.8076987095011035 -3.16036640039157 -0.5047256473098267 1.781453820318671 0.9168765375611595 -0.15820438064215878 -0.8134698405795772 -0.19352279270620004 0.4375342249791924 0.6321256318625369 0.4425472761047525 0.16249900663114653 -1.3821912271795125 -1.3019071722121591 -0.27754702204171694 0.3074371688965848 0.2684164225037721 0.1241105564053454 -0.10743622538426818 0.007517577290050721 0.1280578549391158 0.13931156208775272 -0.03363018065308085 -0.19735160754963801 
0.0778460944348498 -0.4906669626412832 -0.9791772606907228 -1.8819548965587032 -0.42267688783616664 0.22359455271460382 0.6804671117794701 -0.12081551241942037 -0.410449463173886 -0.3666027499044918 -0.2867731029777539 -0.021345305810780563 -2.3108080116338803 -2.281334676532649 -0.7434603634206534 0.5387551060509937 0.3615539992420716 -0.06340402709701178 -0.2007231959039816 0.10394043617844524 0.3084017060875528 0.21078658996208288 -0.1126677773801444 -0.20725492453769326 
4.3640783479322165 4.4843408469049475 1.535287365771648 0.1680705173125454 -0.3811305523378261 -0.2563304634721092 0.08589311379571041 0.00902579496512007 -0.23037450230263667 -0.27450287042059696 0.1107468974930414 0.3531748955361326 -2.709677996143204 -2.094996287581355 -0.6499483926307356 0.44181125075874944 0.4564788621280344 -0.06783262749897032 -0.16757506177123246 -0.1593678410155018 0.13118052103455916 0.22735491980455122 0.13952390341665052 0.11014015784975927 
3.097045740462722 3.272340287524994 1.192588030022515 -1.1017404193904885 -0.7418830048368039 0.23456106094462725 0.4035789412920372 -0.14169959261977227 -0.5239760408972549 -0.39034758700377525 0.1648221254423234 0.30118263981530924 -0.004105323565383697 0.13705913361412816 -0.5248132464876324 -0.3712395660473933 -0.1326182343374268 -0.01986852788648071 0.2436210754012218 -0.12184270222844844 -0.2219856080935553 -0.2216609287341376 -0.016881685833353432 0.1932222822383678 
2.8117354559145724 1.243118837269357 0.35923688522576125 0.06591282945831534 -0.292956990322625 0.039810247739740456 -0.17230057002216337 0.29502277044048136 0.10075595073719945 -0.03806670900147502 -0.20182204835523776 -0.32918543973117614 1.4913346127887543 1.7792804464142062 0.5833199510894818 -0.07980160971655777 -0.12297920318978235 0.025844127937813672 0.020321233904715224 -0.1615082940739844 -0.1961982655859279 -0.13640455970603935 0.14907069300658177 0.18777012480214325 
0.8663335111398229 0.7187666413341276 1.1832877190451176 -0.7171573544894083 -0.06890896583148676 0.1351297807681211 0.07870072748474155 0.10171410652824425 0.08994213458686184 0.18016195558836 -0.07984357255355401 -0.2598319848922295 1.5813636384505558 0.9090390550729571 0.28679468731689095 -0.22500662422774723 -0.12105271916823623 0.110953706459557 -0.018205728499246954 -0.0668081665828185 -0.07895383009410538 -0.008260454511344642 0.04884290329911053 0.02354813372148697 
1.0054306242274027 0.4232863307577617 -0.21002233200809872 0.21518381401167863 -0.3486799622711376 -0.28414720719729714 0.18736851898521256 0.37184382761306506 0.05126120671308865 -0.15054396259854652 -0.21413233252876518 0.07037183348347226 1.0470061933712393 0.3130585062031166 0.3795196667677452 -0.09179807726875884 0.03429892408793297 -0.13105245467327795 -0.24130419795706667 0.32988783916212233 0.3682046601618117 0.13035285755149584 -0.3087239009417079 -0.19921825892246345 
-0.7438927590453606 0.9551393755619202 0.616833576688772 -0.5013560389839284 -0.3508633613578389 0.06367866903447505 0.2783615822860901 0.020314378542391376 -0.2623671786028834 -0.3093275966712056 0.02444855763175552 0.030759602043524126 0.050494126036357834 0.24741686556667672 0.8516186895111044 -0.1554290381840131 -0.5712641813866067 0.008188302866801353 0.2055239247251457 0.46722174178083015 -0.00840675805903827 -0.17298730580570432 0.012592781078712534 0.03368965397467227 
0.47583001089344634 0.18575695154611083 -0.4960950438993015 0.23340640351185193 -0.25487656482324783 0.46869316762639734 0.4517815964483624 -0.6539408830529593 -0.8277033731533632 -0.18438050552617974 0.6722035893772311 0.12317354356833743 -0.5814941446116885 0.4733449848862626 0.23755751059979113 0.045392749311532914 -0.6897733876013309 -0.09173608640160835 0.8904446139997777 0.27259462339663526 -0.39520870270191805 -0.3610884058382649 0.21060005496189801 0.17038568446100202 
0.9796514396977276 0.09528073423992289 -1.2285319935425942 -0.25998153468745566 1.5979818796043888 -0.2658553152441302 -0.6700775854222705 -0.7870587634812339 0.5546446986972026 0.7160421444692896 -0.5607898767426898 -0.3873018018586789 -0.3000410898028146 0.7422448622833618 -0.017371584798898148 -0.617036627174007 -0.16792619936899902 0.23340374506260955 0.6461847625775573 -0.11554565501671082 -0.4037264328207777 -0.18979289148025105 0.10289153392290547 -0.025868471835265843 
1.888140958690924 -0.5668193032400275 -1.2078691788985907E-5 -0.04168168607115649 0.7462175800517414 0.15582804414683055 -2.00974573915994 -0.04225347156502801 0.8283813761687998 0.4200363843460007 -0.5533132802272366 -0.23175451794843238 0.8725297426331936 0.7189691709942198 -0.4342046064576183 -0.6105164692541555 0.15158891041947278 0.1419448189832907 -0.15978156013869996 -0.5051298001633364 -0.1527309709900457 0.1266094703383393 -0.014747392682145977 -0.09774661011631418 
-0.5499249635356556 -0.8953070838950961 0.4209068484817102 1.4872978873295966 -0.3476318356883364 -0.48010000441357026 -0.4294290376424307 0.061107637848558216 0.12076974519836814 -0.042157367166542614 0.32853239066527296 0.28582904830770656 1.866898719248186 -0.061850284358575536 -0.6514241791658039 -0.2382853048503597 0.7453547901917744 -0.20056173678412717 -0.8031938700824671 -0.5124119565158441 0.2293808837144219 0.3353800234929319 -0.31507649765214624 -0.16668364948439182 
-1.3769710153894428 -1.475856652369039 -0.018200645538598792 1.1913161002657922 0.26316356156469634 0.14998105526124528 0.8108020029745424 0.4373653167721539 -0.15257298343380887 -0.18510916072328154 0.27178463371968775 0.07984794883408719 0.7215571811975453 -0.09468387026595988 0.1458691664860421 0.14259770100798574 0.11802267081055869 -0.0755911364931404 -0.8784188679272816 -0.03126892545225161 0.2935074572835006 0.1055611058980746 -0.16466382979333916 -0.05340243252563748 
-2.9884887310066475 0.7353502618801553 0.7348348273782221 -0.16162451330485084 -0.39655548172741195 0.33875338955104395 0.32923015375788955 0.5103677118977077 0.35697922735524124 0.012474846525134947 -0.028109340759713164 -0.043052086796763256 -0.4628254858544157 -0.4561167451023014 0.16683358584739652 0.660488902838069 -0.06921696204831572 -0.07486849394450512 -0.09199657942923332 0.07153378894268587 0.03601877256329025 -0.04123875174276379 0.13783152302508891 0.12586883746892744 
0.9427512988337838 -1.0980963653297735 -0.5945835675981712 0.35498641122210994 0.4166113906396032 -0.026825243356055378 0.2461812689217446 -0.17307673223284792 -0.1702457367601385 0.07603695980593814 0.11899907486527395 0.09289334718071496 -0.4956846373002368 -0.7363864770117591 0.01372303716359428 0.3998971018280768 0.1083668016577749 0.24698555870780892 0.27972561015016223 0.20303367798984295 -0.027091195603175577 -0.07928184431306397 0.16404752890144897 0.06703187370465437 
-0.32130966308402176 0.2841630078921753 0.20859755196930685 -0.07600397666276959 -0.21670486408084266 -0.16709137327140455 0.12887106767166817 0.15172729552300152 0.02154980417166219 -0.049014172202861084 -0.008569398982786858 -0.0983001632723896 -1.2573799316255512 0.17025547010899475 0.28900697825309135 -0.010724334070848199 -0.09671453395467149 0.14509179657500607 0.07363920327765237 0.07958210027994143 0.09678522254407522 0.0584362175334642 0.03904306557655544 -0.01796434724245145 
-1.2235066374500452 0.9588964056602283 0.20374888067507602 -0.051185473539479 -0.15186215223191302 -0.3380532394509573 0.07180471556716647 0.007584490989978099 0.09641531496750738 0.0834808815799084 -0.2301279238731223 -0.09362363404206275 0.5119265070196811 -0.46620794049375175 -0.37211442774362996 0.02276110641158065 0.0816933437271798 -0.04800049035233104 0.21551951021341917 0.10757548192378856 -0.02535844667277369 -0.015405289171677819 -0.0053436513873864515 -0.0032254277795031178 
1.8667800320119206 -0.8039125339418298 -0.5313523315176756 0.07363443128848823 0.1778248915723606 0.05909199787347669 0.19550082060222154 0.18129079944647036 -0.06670696614080737 -0.16655576696224278 0.029324961879818645 0.10409944554197995 -0.5562736360594657 0.1785234986216254 0.08184259309235549 -0.1628829761317656 -0.23260474363213146 -0.16056574762347575 0.11973715570088578 0.16347183153915487 0.09762657353970632 -0.012940564693840279 -0.09864526494615644 -0.06299000452866906 
-1.6870730697732306 0.8445652270684842 0.8917346573762099 0.21188388801173907 -0.025733518368537878 0.004084542128497126 -0.43369213818378954 -0.510584929965948 -0.050042011585582635 0.18102362470066244 0.11608284859613055 0.001369826112039535 0.29022267814083796 0.4286646984543753 -0.09703516697356414 -0.20379128254950327 -0.1411938388637205 -0.09831630776461842 0.029519447697602955 0.002044311540897061 0.014736486424905534 -0.014564919759321449 -0.13660509934914475 -0.10334910906349848 
1.579294461255968 -0.19424189867682884 -0.3809231156583266 0.2811102709569182 0.41804504988386415 0.1435369788092955 0.02240802744448883 -0.07960348861650013 -0.19810125317091176 -0.058963849681717265 0.11426100962105606 0.04317312023656644 1.3584318451269433 0.18635276404755707 -0.11587418732560535 -0.11722774909882872 -0.022936880394858195 0.028735137957658446 -0.06310646893644337 -0.1652219749729789 -0.1769674635827151 -0.10892141347341162 -0.0038373654835051015 0.02052943127611784 
-1.9504318864945827 -0.6319330073353981 0.41963977366609395 0.4564504542748158 0.1516092852034967 -0.08532680662501146 0.06979276905322396 0.13189870039877216 0.11790299920784297 0.07337968221761 0.13721935030369317 0.24688685580113945 1.5560167199499206 0.8086765199070366 0.4973336174775003 -0.34196530219671595 -0.1836051761487529 -0.4658638013805467 -0.4032715066660544 -0.3623899252131973 -0.04331342013683128 0.1960414021652903 0.053800934060408166 0.033918286720987366 
-2.0768360950082334 -0.6247217088825598 0.05231767231419848 0.303034395453436 0.15796413097091788 0.017592258377255643 0.13307777379304486 0.35571490918304705 0.3802229192106251 0.21403044469951832 0.03026880747655264 -0.08024736313092354 0.2636916702091325 0.5603672141322456 0.2779880455275648 0.627137671647297 0.18405020267966457 -0.027847185972229276 -0.11783224573699723 -0.004643136339108715 -0.01888113811767549 -0.04917871920934921 0.0982470600020416 0.08903121110235494 
-4.527057951490892 -1.36622442754976 -0.8168865890425536 1.226817732353628 0.655122469534194 1.4646483064861573 0.7207875086400957 0.3589256467738704 -0.20926383736585724 -0.5435977289858263 -0.003323852512842229 -0.03867479236717758 -3.925901739026712 -0.7061514096747344 0.014308590842844415 1.1494391783865592 0.09988051505032353 0.3779140146345144 0.26292069211602426 0.3029898712354742 -0.030323228007190173 -0.16925348264137852 0.18616010342670328 -0.027123079326848282 
2.0765324831267256 -1.5081978309663846 -0.5966240708866972 -1.9854863830243787 -0.3858621503204782 -0.547909019829601 0.05040739486204465 -0.1791875527867231 0.022125579468964818 0.39706101354804846 -0.11020856897680104 -0.08113968898633989 -1.6229229376451573 -0.05146428611584734 -0.11365401568634652 0.47264887154845564 0.3660193058749106 0.44330015450047977 0.3278593099234385 0.4713673141732874 0.2073596062046108 0.04707936488901369 0.042407455383474034 -0.0026688872734703475 
7.750589041518075 1.9282592827307177 0.7011848727380086 -1.847606691645954 0.12388088069822417 -0.9363182114251264 -0.6776341178293487 -0.5096196823227656 0.38792135310024367 0.48962484571748055 -0.35102227174973977 0.32870225670939246 -0.41054817484244027 -0.3030801899952061 0.004471647523914157 0.15398108328220375 0.48103699470209876 0.5370841970982688 -0.019500345343386145 -0.1317623738985518 0.10054884933188056 0.07005694952978463 -0.1169536954489243 0.06301730840199107 
-3.346890778577245 -2.1175707056752566 -0.36575601151704307 0.42229999280785996 -0.674472992235829 -0.11182494616854188 -0.1512893427425484 -0.6241143687884971 -0.5404484946362578 -0.44381893731917615 0.07689565094457931 -0.2559292258487975 2.5730479100294192 0.02621354881811233 0.12644427053034027 -1.2105552884723874 -0.12217231926352008 -0.1021155508771166 -0.016210464877323822 -0.3168007527447519 0.2770170726546288 0.18665064842553206 -0.2944453600295998 0.0774261996504504 
-0.583701796111586 -0.1522974202097056 -0.9457355612991232 -0.43901870540910265 -0.6436830936144269 -0.36464632163917887 0.8801369134725506 0.9766761764704128 -0.22962334830888764 -0.3333286021415679 0.2539851238732405 -0.14033194914192199 2.419396131471146 0.5333001019550657 0.27917801597341135 -0.547167939432549 0.08188224503001827 -0.41966515011584704 -7.434926912214997E-4 -0.1540862730111652 0.18232347563642234 0.0690678796263708 -0.16131234199695313 0.01675236212368077 
-1.4754658281467017 -0.54656012595051 -0.1524966654591522 0.9418854892743572 0.36443679462640755 -0.527398312091225 -0.6798467261569335 0.028066776050943487 -0.5001532877903561 0.24858579220097643 0.4706238133005084 -0.07890118501203391 -0.960447422830628 -0.6792465661698874 -0.2599347618166938 0.009643534696307373 -0.2152556798565405 -0.18403513569321164 0.2028202538465432 0.15347326884008475 -0.3027043994169738 -0.32789358687751435 0.06228453388645258 -0.1856521257882872 
-0.44331182811063385 -0.4571463129968527 -0.242978848211171 -0.46589562158155545 -0.6412207478229489 0.5304639218837564 -0.41112494804849153 -0.3734514357089902 -0.1791966772319742 -0.06378115792170813 -0.06394932693684491 0.18993114991996832 -0.32646545396798454 -0.2693650856070611 -0.29682291414000245 -0.10793125284660886 -0.16407042052663273 -0.207953445579626 0.074691116580669 0.431047158717897 -0.03284275435384069 0.11887315107501857 0.30873956177508693 -0.03780315204289054 
-0.5357434940858372 0.07259343922797923 0.06266991738906214 0.40680784680516424 -0.029937125561946498 -0.007274660850374537 -0.1141191735216569 -0.40947036921904995 0.3424513680762069 0.4050881012034371 0.04900927469026428 0.1358956019851189 -0.4299707211641823 -0.24783095375092415 0.1112809821710626 0.1420072372865444 -0.16246495924585544 -0.1000300212580778 -0.354373897006454 -0.18705146880961765 -0.3451685271894657 -0.10387584573637969 -0.01782159369067778 0.060973761451933416 
-0.07416660123806462 0.34622105402223324 -0.16285011030322305 0.1523138743653204 0.045715128059648336 -8.478105207261333E-4 0.3731997874129054 -0.09769672704828156 -0.5523974131806471 -0.768199209867854 -0.46142629214689823 -0.13432088651182678 0.07151071785592267 -0.12057195625153994 -0.0961952684789193 -0.08597151495926782 -0.2814047472470304 0.16062436712997838 -0.13055447629541225 -0.2776589962062985 -0.1312184067339594 0.07446369267929763 0.044283591644706265 0.09905284006534017 
-0.3701262780904395 -0.20475094820728046 -0.526403980926314 0.2067590294412861 0.5083637344226752 0.03834761788524965 -0.00888740286827 0.4513438281494421 0.7219526617523776 0.9124223553831884 0.7228270769775684 -0.0996964511519366 0.09716054151974236 0.16738809818811085 -0.025622572105152047 0.1897637728291798 -0.055898856758834346 -0.1502281632997281 -0.09967310205515649 -0.23005390139999463 -0.03265611537091754 0.050049976021165045 -0.006544312346589846 0.0073579828369600975 
-0.7406525896761007 0.04324174947539694 0.34014390638327496 -0.10795666802181292 -0.06615693607416856 0.025779681126009146 -0.07207740448894828 0.029118454225659396 0.024707896131818674 -0.5408393630494767 -0.5337090030146158 0.010568656292475581 0.04237940851361147 0.11789533421325642 -0.07175384703804204 0.24383785930599536 0.17392534830447218 -0.043690379986093576 0.07424936010192625 0.04018308454449718 -0.05882795138834862 -0.056781770215991435 -0.027667446161272407 -0.16524657800492235 
-0.4939821244260463 -0.27808120306293516 -0.11195937463873074 -0.03234820048880854 0.19369547678146498 0.4300960832254421 0.4075387285947394 0.21728374434396355 0.15186705953272664 0.1412582497307533 0.10478356716389259 0.04137688207208744 -0.2981222198590506 -0.15304635801470381 -0.09941027135619823 0.1634232409243385 0.23811103190701774 0.09159397261979257 0.07813927743428602 0.1971031994625867 0.25235614546663493 0.3064929481253789 0.2711565291145498 0.02878095671372155 
-0.13937690361109567 0.029200178810291355 -0.1548108723328886 -0.45964608858761846 -0.31872678803316307 -0.06565090323254162 -0.057761358624378034 -0.10121593877903384 -0.09087075790577571 -0.21227184639366203 -0.06940219875624308 0.2908821808909282 -0.18501952488562434 0.06694480983467084 0.10446471557916974 -0.03455692666240883 -0.008127179000056836 0.05075051371672739 0.010380605150645187 -0.02854629337729617 -0.0574742767045357 -0.2165609662425163 -0.19198093267749053 2.2949480381768278E-4 
0.22360253845420974 0.2614089111693838 0.019304222500362456 -0.10766598304882656 -0.07968443531888073 -0.19071900779485268 -0.2504632581034132 -0.07479857373597137 0.022673552371270056 -0.17134024732085573 -0.3227959124952673 -0.32619608359232755 -0.015313261724964425 0.03300956244045228 -0.08862973098497791 -0.17255055318331214 -0.11398768132179792 0.03873141974419184 0.13720159504230547 0.09605563094426343 0.027903394169555812 -0.0031172187146744634 0.015274396070647537 0.019696772385138648 
-0.5443863464593557 -0.4273377371447751 -0.03888203892378084 0.03337300324542258 0.0949145569761748 0.1839356854859744 0.22578177340819244 0.2607984933975154 0.2617274798261541 0.2651427842038768 0.2560235348474358 0.19366665471323002 0.052771049758231804 0.12400363326246255 -0.030901631886689762 -0.22982975037657236 -0.20442186549710942 -0.14108530835612546 -0.14989967048916822 -0.12570483548679406 -0.10322245573092205 -0.16586992380842305 -0.12311836154082458 0.024562609982160116 
-0.245537617827023 -0.14884093240675877 0.09596540161164913 0.23879391314460732 0.3288378482421898 0.18910852963360858 -0.14583762254846233 -0.25189036457710134 -0.10814224184190568 -0.08809740942399275 -0.10375248784988945 0.030894328005520593 -0.07544991488876669 -0.043163269611321185 0.006115799598690426 0.030216523174980418 0.0982708777351395 0.05821952536815561 -0.05978717891576 -0.055079726363275516 0.00620851149159211 -0.020622938663405473 -0.0565108736971921 -0.0589038020369266 
-0.06311997474517472 -0.13768579918902502 -0.10043656622846264 0.0566132144453817 0.09027766667762992 0.16769125312160416 0.33962483506565116 0.36444446310191336 0.2842045063935783 0.2437165060831756 0.19043117354354172 0.0386491451455238 -0.316024544191243 -0.2843474853414781 -0.04068228657986931 0.10404137594331114 0.1653079302295106 0.10386187952925625 0.008759390967363445 -0.0016593852111877472 0.02964140546407984 0.05892726414575964 0.0945337823367291 0.1145610461964059 
0.20931909726341935 0.24607275102547232 0.03173408735663208 -0.20993565817374737 -0.37217862337502683 -0.3572553677171344 -0.12802325218486255 0.03861762050165618 -0.0071904953872183874 -0.0987582922702887 -0.12046711075174395 -0.07197592269769464 -0.0721785879072921 -0.05743174002297291 -0.009752425770599408 0.009565524842303266 0.020102472233575364 0.04428349185556391 0.05997444140269751 0.0771520083386281 0.12583097319435196 0.13298212816783275 0.09116797420898289 0.07157211945311476 
0.17625892856915204 0.22824787716354367 0.11528047794333562 -0.05438633892533351 -0.05050099790374868 0.1455319955735771 0.19059641532430222 0.12052265649169985 0.12232739020657091 0.09369143318974588 -0.019220500711824268 -0.09858135852438005 -0.04295678936284775 -0.08813232838497694 -0.12184923990010792 -0.1121152548654485 -0.0848075111239614 0.03939839518402508 0.20051881558878973 0.20537723082914164 0.09697264697591401 0.023129612419123795 -0.03206610989364165 -0.11082796709661964 
-0.14869130576231004 -0.15951255051412438 0.017364156837548217 0.26559711530305513 0.33891976383215305 0.06733768284093036 -0.2512467368858804 -0.36138548628787887 -0.40469660333145785 -0.41203125748077607 -0.2724305733491551 -0.11520677851887176 0.2597845500819713 0.3038297071674368 0.13991367547664835 0.007842333023353854 -0.061156547097399684 -0.0695462616933783 0.012835740702136158 0.0894715925458051 0.06382379936010912 0.010671020310153803 -0.002061320057422054 -0.023968143834461195 
0.24475559485623322 0.32950383673570416 0.272296118731403 0.155192592303326 -0.010848993554075814 -0.16280045770950347 -0.20031986935020912 -0.05168567599074411 0.192039619437956 0.3309641514310479 0.36261123452317223 0.3927484743459713 0.09006912323122525 0.14099955501212338 0.1450825743320702 0.1042304496590037 0.08263462179770532 0.07275454240425346 -0.016741647277684107 -0.1217650726612839 -0.14028330728880167 -0.09293872092897972 -0.031144952491571194 0.017673819413578245 
-0.6042828861260352 -0.7160443502629183 -0.46651475946734666 -0.33825212285813866 -0.2085349842576642 0.005549644004540777 0.02892766804598465 -0.14369299089453713 -0.2335180080832383 -0.24940771232140113 -0.30519901819697604 -0.24573640762948673 -0.10298892514974305 -0.14722880126816884 -0.10344788353675845 -0.03699818943115154 -0.024269079297024748 -0.07778037295551023 -0.1527523268408538 -0.15091291161046155 -0.09548882085303705 -0.08458708059531377 -0.06731418768826286 0.022003237891291317 
0.13384734905733886 0.08351511200157047 -0.07802778690042755 -0.06515306882174776 -0.02467748925195601 -0.041837612220988474 0.100734154691422 0.3769716267788807 0.4575880144488662 0.29119582339699757 0.09059857918679978 -0.08633800220980728 -0.10176107922308979 -0.11568790299252678 -0.048661026572404044 -0.015599159608186789 -0.028069038122210472 -0.02587191017044091 -0.010918357376648221 0.028833026489743684 0.08929054649736345 0.09161637645880409 0.06911487956446001 0.0972354541259031 
0.21572959258636626 0.405168215657449 0.5028697602637389 0.48676451415904665 0.41864124957216736 0.24019737896320353 0.05648323161586544 -0.12297540284130662 -0.25100433827780183 -0.1383858516778096 0.06551831738381969 0.0583267460851436 -0.03729940461280575 -0.06090358473883761 -0.15511454613144718 -0.2459523435049189 -0.18138581074235857 -0.053000237965024434 0.03207157858472262 0.05754828817458035 0.024837388376382347 -0.03322337141383819 -0.11880494519974683 -0.15218466774997366 
0.14003259316930183 0.11596126275310081 -0.0664130614169276 -0.2105182473807063 -0.24022999610236018 -0.20250859467751212 -0.18134257900520487 -0.14854354948659043 -0.0670888549568526 6.040917328399009E-4 -0.030092071960605676 -0.05098946488905312 0.2041720267032363 0.26661024399083283 0.22952903699002014 0.26134430844741957 0.2904933711305623 0.22596084866068333 0.17612450794859455 0.1812284431198586 0.16539117836135922 0.13108890616085545 0.0908734034303444 0.01305780096376157 
