0.0 0.0 0.0 0.0 0.0 0.0 0.0 0.0 0.0 0.0 0.0 0.0 0.0 0.0 0.0 0.0 0.0 0.0 0.0 0.0 0.0 0.0 0.0 0.0 
0.0 0.0 0.0 0.0 0.0 0.0 0.0 0.0 0.0 0.0 0.0 0.0 -0.08133095102839505 -0.09297059937760466 -0.030480208492092542 0.018463754587478103 0.006683428214730058 -0.04032235337171949 -0.07070096327801317 -0.06668076988897961 -0.04606305333798349 -0.0034239672526843825 0.03999612076179946 0.05068049636902356 
0.0 0.0 0.0 0.0 0.0 0.0 0.0 0.0 0.0 0.0 0.0 0.0 0.14887306148405935 0.20126203193369804 0.1519113319627147 0.07664362704287002 0.023962603368693446 0.024840591709567244 0.04803806360469364 0.04809832715379433 0.03551808800186397 0.0034825673278807237 -0.03502425104427101 -0.049856632494044116 
0.24399285308518515 0.27891179813281397 0.09144062547627763 -0.055391263762434306 -0.020050284644190175 0.12096706011515845 0.21210288983403952 0.20004230966693884 0.13818916001395046 0.010271901758053148 -0.11998836228539839 -0.1520414891070707 0.07859659287593453 0.05570923016133814 -0.07462319009675365 -0.15880084761920785 -0.11464919234979258 -0.03034184851316744 0.01737677563855844 0.032601930077504886 0.03510061391167058 0.02177387967199275 0.010389654590442785 0.015065688821485327 
-0.5686156109947706 -0.7432419948675011 -0.5014543086262829 -0.2022352492473929 -0.06186266778398525 -0.13500530518628095 -0.2501656357311007 -0.2443161362948524 -0.17564884401256714 -0.015583652862668745 0.16506693427551222 0.2255906420356677 -0.032944902441006306 -0.07517295362139824 -0.11793505808921807 -0.11155938449129925 -0.045267617184749316 0.05195301711381101 0.12202488666858043 0.14024788494754717 0.09419536807758304 -0.0071873983503523515 -0.09935093121770618 -0.12036738084196828 
0.04851802686958173 0.2044933069497361 0.4745967246034024 0.57752016748132 0.3748789109413704 0.1585281981326428 0.07295249094987502 0.024352277914911555 -0.01747741972872817 -0.057529812584643875 -0.11370243090908447 -0.15799238748228983 -0.15625229879547367 -0.16011703687061254 -0.006077224642984343 0.17782547336474033 0.2782679215553197 0.22692647827715717 0.09798521865962938 -0.010293735201007395 -0.054489937757411615 -0.02711891078570379 8.065752790391475E-4 -0.01242016305045654 
0.19657212043082062 0.26272810645573363 0.16222712470409184 0.0182224378520206 -0.06166174623853232 -0.17463962035017522 -0.29649946056365906 -0.3328986389666279 -0.2047528143614098 0.055463052222405565 0.2949098279649616 0.3640775917135144 -0.27605750458626366 -0.33835374924240286 -0.18172792376177282 -0.039921646620016925 -0.013184329853440183 -0.03647800099269433 -0.0653849861830461 -0.06552209053891514 -0.04416206744116646 -0.010864091644245538 0.040757714880889404 0.06828533094914217 
0.33015588375881055 0.25627785808303427 -0.22216841725995673 -0.6990965274063621 -0.8549545100828759 -0.5399952171343659 -0.05868585372856941 0.27521476660584876 0.3162109584606066 0.05610528157262737 -0.18732953496724053 -0.18402447479462442 0.18772199529995678 0.2584999465329984 0.22366756341508834 0.14272913230027606 0.03489398864476564 -0.05399317677218096 -0.09246188187342678 -0.07829488918909917 -0.028862408910543754 -0.003514102028411068 -0.0019468215736649687 0.017597185783660513 
0.11873797431940591 0.24592697729305835 0.3921120335907151 0.5558380380564989 0.5926070322884585 0.3236904054253064 0.011808495157259818 -0.17318110902357559 -0.21000683078373517 -0.03980892500856775 0.07960734166192204 0.03375069284440846 0.04303910879405981 0.05651400363287432 -0.028998153978587387 -0.1849597955671983 -0.2676493261634069 -0.2529125393996818 -0.17908556857496985 -0.11409251658040243 -0.07598988134051139 -0.021064545357767573 0.04798641278942814 0.08222207538053694 
-0.47573088597458124 -0.5626059680679214 -0.31134842008517427 -0.11947502952174738 -0.05693744425642189 0.07134271556144486 0.19618415870969597 0.17937818051068294 0.07173681521406577 6.484821160759879E-4 -2.1072303656977098E-4 -0.0456204953987184 0.16634273820993264 0.2094831828494843 0.09827466239996085 -0.051541472942165635 -0.127779462908965 -0.08672722460925929 -0.01402617395536108 0.016328420499801544 0.03994334868823365 0.03470020131735949 -0.015318642569372598 -0.02483116728878286 
0.4703981789153371 0.5026280086325885 0.29381158805246277 0.28329107561130806 0.3422776993384613 0.2784290315009646 0.11332223894211776 0.057297203822162246 0.1454539012833948 0.14638508802398398 0.057391183631341824 0.04820937587395055 0.00972309255557402 0.05119411898939393 0.13090306616443562 0.20370755257514017 0.22389211515795537 0.1808746449139784 0.14011543000073454 0.1031507351567365 0.045213593682189614 0.025090187393850796 0.012972864223197128 -0.013904009703450302 
-0.344702433168953 -0.5005222061351837 -0.4678421816907131 -0.40819862735726975 -0.3464514548809824 -0.2571828563444172 -0.06736420375491514 0.11099034868357521 0.018650546362340675 -0.14109232889572698 -0.13026552824383264 -0.11676031444304688 -0.08456052059777663 -0.1378634611103562 -0.07295592483375528 0.03533101696095894 0.03712724732244684 0.010274854581603174 -0.026496517735222658 -0.045278348076037644 -0.016500519389758512 0.02574369649737068 0.05951415976202234 0.01597310608116956 
0.02405447024986973 0.06130273935850772 0.07764971590017766 0.08907717924883962 0.06568769212687264 -0.054670743363697705 -0.27676361361263824 -0.4484393985802313 -0.3191044774044414 -0.04420908168421865 0.1057161515959621 0.1110326314769236 0.03302719885571145 -0.01894654706803826 -0.033653864542751266 0.02308970251049373 0.03354813729336315 -0.010018991391870144 -0.07027771401668156 -0.06609210511336648 -0.03680022962470764 -0.02883574773299119 -9.471265692443295E-4 0.040564107590155975 
0.0011225301514823371 0.07164704990018755 0.015600290492234103 -0.12836113222338996 -0.030024182617968076 0.2070680392489665 0.47071663819274195 0.5680815259399926 0.3535175627272594 0.018714477478065268 -0.2029156863049469 -0.12495144144371362 -0.11391232403510958 -0.1156179766855044 -0.1669896304388956 -0.21088319092440466 -0.11210760563114004 -0.052517414798657396 0.058427026742522 0.10978353637698984 0.0315915756294877 -0.04959833909467317 -0.10463655611429412 -0.11260139809003518 
0.19840410068798509 0.27338302181901764 0.15305194558924295 0.07410322051288698 0.08341965132686469 0.07636055787988322 0.05511496001833388 0.027027930534053002 0.08842108197505835 0.15298892803606143 0.09655764236963195 -0.06938738339618401 0.012500011765840627 0.029888152913091288 -0.037636364579083405 -0.06204277431909807 0.011695029873447069 0.0518232642749637 0.03721748347933932 -0.004789859023486054 0.018797258152593328 0.061433093970481266 0.051709010518457756 0.0390700967548398 
-0.09014027628268195 -0.25970841730892547 -0.004574405218559008 0.2319379247839206 -0.01899461758755827 -0.16514626257023546 -0.4085845707979672 -0.4560939250045365 -0.27988696021587234 -0.09089631647184752 0.1882233947122148 0.31125388726361247 0.06320536292533241 0.071399459202336 0.009171756486065163 -0.054592040228362004 -0.0382297103245021 0.039672004345245565 0.12003627145210431 0.15697316126902353 0.08971524218902076 -0.03687167865587104 -0.10797177112824181 -0.06914111807689186 
0.03218583816942999 0.13731601422379036 0.20064615749282444 0.09505597370247854 0.025087819991326532 -0.024033385278987823 0.051234540444698384 0.07801790396249142 -0.058793990390655526 -0.17370296662070606 -0.24498042046799204 -0.22428032314125884 0.09361833205753307 0.12245381246896063 0.1522192980349594 0.1336824314119684 0.035047010953865795 0.019142243282352606 -6.364193092648814E-4 -0.03941039121647374 -0.057504216500524036 -0.04475068430813078 0.004656908998263626 -0.0037947851452236107 
-0.10538442736523734 -0.0745178239092068 -0.03571208491775213 0.024938611866900273 0.1138308640233073 0.1382489977926653 0.11254803362324678 0.0716670554187028 0.15797937234305412 0.29267546077406215 0.29176865849859057 0.15991838265949937 -0.05429820140059697 -0.11569015183041542 -0.0347394406007161 0.017293925452446308 -0.0625893043101964 -0.08872521951825461 -0.15780022468412125 -0.16408263596068806 -0.09234560150532312 -0.03875166826569668 0.016662591770120073 0.04315118751663188 
-0.07482881994333646 -0.18657371228772357 -0.2880371086660387 -0.22344441726450803 -0.08813412234016549 -0.132763802148625 -0.20354208426447845 -0.11862138602814543 0.04200056519716722 0.09545509233749892 0.030814283481653187 0.01766472434154337 0.09269986416643672 0.1243904735880584 0.048058413677362 -0.05328322891932744 -0.05086379551526066 0.0024150168851248635 0.06289920907429414 0.07280272930677097 0.05144270879946383 0.0345557835376468 -0.023950619986488248 -0.07619962001059682 
0.1262616569754922 0.24930690143807777 0.34398554966302086 0.33930634391007497 0.22538426650877694 0.15539460441934697 0.192204415608985 0.1344736278728461 -0.05324743349381433 -0.10922034115385995 3.3826742703196855E-4 0.06082780097231574 -0.15352167971812772 -0.11908633402698114 0.05595736947791389 0.19265767572283263 0.20829156955876882 0.0854300704065863 -0.053514589052359486 -0.09492008409591424 -0.008236607875942131 0.12446027171953222 0.19980853533966036 0.17047909215865445 
-0.36173679650024493 -0.3977677692140271 -0.13337790082964807 0.09772179443887352 0.12190250529437369 -0.03985123924770324 -0.17729127777105314 -0.17179357018489316 -0.10750871387061278 -0.07642241626968543 -0.02741336497274799 0.05386382773412346 -0.2614684781141093 -0.25737102024186237 0.03384500415327726 0.32914874665333976 0.3988911247087746 0.20355798500049183 -0.03460157512124901 -0.1488590208207927 -0.12048200152531506 -0.0010995231228524555 0.11506120633074095 0.1501711793830923 
0.4986346000676001 0.3883382066348884 -0.2809137972696891 -0.7136175211532884 -0.6160621584702687 -0.16449749487755447 0.2599663975336126 0.3830133997848194 0.2574438355047705 0.005233399919057621 -0.27854312329319 -0.369618445512754 0.030049150125496176 0.019238948260537885 -0.020913814959007477 -0.04183725638913649 -0.05384533134027441 -0.040636859989921385 0.007301533085802614 0.060944820477883486 0.06752382152087111 0.038793946035731296 0.025321691967553638 0.022197405731474208 
0.5233901428529375 0.5160236958394582 -0.07712244765951548 -0.6844287246928455 -0.8640842839769665 -0.5834917075016497 -0.13361834986304522 0.20368579047824598 0.24810093527382 0.04152679116959751 -0.17492864015045873 -0.21762569056519865 0.04848229111305432 0.03461221523111976 -0.07744203025601744 -0.21236411168051061 -0.26289798144300797 -0.21301629586992576 -0.10763943935416793 1.9826288470656261E-4 0.03669469729310227 -0.021819843468696604 -0.10071307124928054 -0.1117150301672396 
-0.40644926307758755 -0.26530567587027853 0.378599267954977 0.855893372643344 0.8799136551652702 0.5491254185160843 0.1484633523975732 -0.2361005138923739 -0.433623722628644 -0.28457678298069533 -0.0018691708867735746 0.12998034292755417 0.3554428256785 0.31186303769230145 -0.07107824044324355 -0.31800538803491757 -0.3154991960520051 -0.1301133344815549 0.08893622689263708 0.1937532601185874 0.1384762230451638 -0.026723951337312302 -0.2135948256024803 -0.25375580105197443 
-0.054641738266814066 -0.17478247365480293 -0.2308083426739288 -0.04994131741791086 0.1626085428056282 0.24238619166525466 0.20137856285947042 0.1371685979995838 0.12794097331678767 0.13394220558628087 0.13638887257188542 0.13920952401568815 0.14839785939107308 0.19167711002328489 0.09543589919468994 -0.07373577078623512 -0.17586213801550232 -0.11015862898762326 0.035290687786293955 0.09573729564076361 0.041812926393154114 -0.038925941886871034 -0.047151047986694006 0.0023582973566179666 
-0.2786779364080241 -0.20184782169488535 0.009163871567248183 -0.07684506068600294 -0.18291098370555076 -0.18709644101634199 -0.17434073950555645 -0.16498778433161176 -0.09790485265220475 0.039197546722652854 0.20658259715307892 0.21323135035272583 -0.1403576078552938 -0.11204617806657602 0.06681328348125792 0.22567847879670241 0.30817801791538557 0.2798171048578761 0.18819361712055802 0.059071581985828236 -0.025362079094913077 0.0017207947902524816 0.05822291901318135 0.05113170823669361 
0.01431090134493651 -0.09073656131809305 -0.1787124470497209 0.0031478043305332992 0.19491444950495093 0.11509510922743324 -0.07808836727036225 -0.1190824612244259 -0.04519727889386198 -0.0035825480214634886 -0.13770138021030295 -0.2663260863476384 -0.036034019648097416 -0.0781268523771929 -0.09684718777938384 -0.04876736459050113 0.04778086781822651 0.08745486941917387 0.03128876283405637 -0.037879729123679186 -0.050865799073441964 -0.016136561588158505 0.035614725417919685 0.032574317716737244 
-0.01985275931758146 0.02880990216109458 0.15211146969909928 0.15231337537901468 -0.060773351930547836 -0.22668035483863314 -0.2763840338991845 -0.28518973023785377 -0.27096835923858 -0.22097679054758057 -0.03949280153522344 0.1793530233991366 1.1252874231227519 1.0901050037367854 0.31577410504854325 -0.264675831497825 -0.34240251944667405 -0.18290969487737718 -0.06267536443263554 -0.10029912227899607 -0.17510564820861604 -0.10636700481405847 0.05556290342845621 0.11658981058994915 
-0.07595226786774312 -0.055730778451214213 -0.01174057840170284 -0.018218441678916286 -0.04180287653655279 -1.864596811213537E-4 0.15853392155411533 0.3109087583237424 0.3670701238303012 0.3124390589858731 0.15258239566227755 0.05842573434227103 0.5990889670213475 0.37490301082964544 0.1928681840774755 -0.17081743306461564 -0.0418292148132035 0.060349133788790615 -0.07119202559550973 -0.06425688729379031 -0.12491380586474476 -0.07082651139537018 -0.1405378754049362 -0.13893658469764575 
-3.6094086211699397 -3.489665724338681 -1.0216443779023905 0.7278655568121968 0.9626552376552233 0.41927342807006696 -0.10462579061988864 -0.07908602726870773 0.22127839061156185 0.20028775766115997 -0.10524800106857998 -0.29891399176207634 -1.7380449126982418 -1.8625138422053062 -0.3371604054001807 0.3744750278946852 0.33447302229689346 -0.1113356286011112 -0.2710144266078414 -0.053472891637448526 0.17488621901765808 0.13394253834166503 -0.023613351259720916 -0.0711731505677916 
0.011821931207073089 0.5437922194428584 -0.17043907548140247 0.2278240128077892 -0.19131220084832412 -0.38892918359328865 0.049608587876519006 -0.029363650827627985 0.08342076377530139 -0.001735287939723218 0.3167898457711839 0.38961717532590534 -2.414044422320894 -2.2112434131696976 -1.1640327811350941 0.6635088639114 0.5278691638475101 4.968927140682663E-4 -0.040884384640588654 0.02814999886758468 0.3321640920839401 0.2673005143239155 0.10589387321128667 -0.015653321729879443 
5.150394879239736 5.316589929829977 1.2429419344394912 -1.0941329355483935 -0.9894377566653425 0.30169789292078414 0.591121912763138 0.045365149250176984 -0.6538023362640544 -0.46571723210977756 -0.050756472810513875 0.22727675461069421 -2.538809037567105 -1.6008781325723624 -0.827542814256177 0.22108034108755162 0.39209415271655534 0.28572834746091297 0.05009923914531358 -0.17512475144100778 0.05463215483601935 0.12655704910331173 0.15147131697266678 0.015400864869459241 
2.786279248890102 2.1748716339735488 2.3480646088326385 -1.0977457872328211 -0.6493638709188003 0.057110629751315256 -0.06668677621563202 0.16423317346154598 -0.1918817889837109 -0.1564599891004046 -0.1923449881006155 -0.1577096736544759 0.3692437661395469 0.5161156931863488 0.014012857986768287 -0.05773191892191328 -0.1863156584318427 -0.040161785387585934 0.052115177558486304 -0.10467535539750437 -0.0774731751233438 -0.06636104336190564 0.1749900740414487 0.2073132157576096 
2.619789832689861 0.49742896611306087 0.20173222270912028 0.7274094335698471 0.015398614540795386 -0.6609315209849739 -0.19677582600975385 0.34948981490972864 0.19503320248300993 -0.10202103906843452 -0.3050945350506806 -0.07145316188026343 2.33706772275826 1.3439270607232603 0.6129692035294397 -0.07281002550045863 -0.3679522760397937 -0.2600050662559146 0.11318212438364376 0.21043211014076801 -0.1197388025090934 -0.2167990096738901 -0.1304326823702119 0.06471911204375554 
0.1693931560633697 1.4050256217422703 0.30812720642347813 -0.5097514149855913 -0.134783411155865 0.21287087952234818 0.287211924587506 0.1326000825351093 -0.10857748022819935 0.015499745625322192 -0.08101134523307879 -0.08295751370144464 0.5007077095969267 0.7928595442723259 1.1583137367336465 -0.2100541976502709 -0.14933702343680832 -0.36824655365473863 -0.24546506442450777 0.42714445322494327 0.2568390877828732 0.001044085261229603 -0.42544050797009464 -0.10041265098865317 
-0.5523652426216792 1.6697317537758352 0.42400302505575205 -1.1697000451706325 -0.14287115842742915 1.0038329668030113 0.07462618921063768 -0.5701146357089086 -0.33623808311452996 0.0986999295490294 0.2848747528663535 -0.004256661497088032 0.06633804371945355 0.5362968247852509 0.557097534280847 0.11930528759057413 -0.31012133831308913 -0.1571623000600058 0.19280699781905145 0.3833599282878375 -0.034990337635736744 -0.13919123161093752 0.02848528813993016 0.06673169069027184 
2.870233657755092 -0.789858392674816 -1.238012002541617 0.48097154508823137 -0.12221791412426308 0.32946804682153874 0.5340074094476955 -0.657397960903965 -0.6967634095335604 -0.25995272919282536 0.7889918918511512 0.10993002911989591 -0.7134998679458775 0.9019621137372873 0.2336195968287078 -0.6676551897451116 -0.3597679781137894 0.50530844523699 0.6748453125046021 -0.05148167541410185 -0.3978333910751137 -0.0909908854933426 0.3193944019737036 0.08458810135240757 
1.0703554506856392 -0.014019501034148618 -0.6964907756508731 -0.1258679092387866 0.9394798809642618 -0.24774320445455172 -0.898594561897003 -0.4055909482342468 0.5940971800429007 0.4532788931734518 -0.825552018012586 -0.36809200536174924 -0.09240462532802803 0.9244259930023248 -0.0863551058727386 -0.9629509773070266 -0.15427575944374164 0.7389062389906679 0.45375952112037976 -0.35571498383932965 -0.3641762859538034 -0.01332719792200839 0.43938200835931546 0.12048959722559549 
1.498532413247343 -0.4589850920645997 0.1675153162906673 0.971298086283821 0.40334500348965774 -0.6772663705598403 -1.2507136373724796 0.20478326504008393 0.6197550614184264 0.11118292029313875 -0.4839811657147197 -0.15480414582633673 2.462899059947597 -0.13561175018530816 -0.7973146600531454 -0.22031884546488875 0.10821334786099225 0.022628684854177645 -0.040674907344498155 -0.3752461616673104 -0.1403344070025509 -0.02006312411029078 -0.10314996009172095 -0.09155242162098985 
0.4106992556162794 -1.2689828755362473 -0.019695316742174285 1.4739896161526524 0.0571746610968354 -0.7095185414783033 -0.39429185074041384 0.06593970283705586 0.09803153927088694 -0.04688630142792749 -0.39678474342865755 -0.23335836570075819 1.2852699230197164 0.03581822251102936 -0.33168214698567694 0.05406703186037248 0.34710749563908655 -0.31310207363485104 -0.670740489679087 -0.21869159440059205 0.3107395061293281 0.21711833303576433 -0.5664030773608427 -0.2578755886801622 
-4.188635424553018 0.24445854513215792 0.8155342481634698 0.34199931878717815 -0.005705347773526631 0.4924696607708816 0.4038807759028954 0.232575198562315 -0.027727368139900864 0.050319240438736645 0.8840581348343498 0.3172204741523699 0.743315781584415 -0.3632755914673454 0.003831300285092413 0.5540942290469294 0.2270727572236082 -0.2903050577711486 -0.6205444233420483 -0.010292456154310589 0.19556955433907408 0.042869248370206677 -0.19321275811471625 -0.06601993203767269 
0.058129600526670266 -0.4731959871656155 -0.025453800630243606 0.02658037892841736 0.10268256967859424 0.10669500078464039 0.28632970050257045 0.23658786820641378 -0.01438012356592 -0.16764426600664012 0.1896375637954073 0.1695224506893841 -0.11954206839389148 -0.6452144562750753 0.051882268668680474 0.640809230856071 0.19684613216621824 -0.09420019909681343 -0.2807896371686766 -0.0038176238387840344 0.05102483843729567 -0.025514720587417706 0.1109435647062691 -0.03993934358970244 
-0.5551301039610976 0.23294823815212062 0.15890065737942471 0.03272001775515054 -0.30062722247204626 -0.21445796837786635 0.27060885703217297 0.15033655081833674 0.08925222981960758 0.04295415747187503 -0.19755404498260343 -0.15818475790838982 -1.7146243612479104 0.2157796963033555 0.3974380722212471 0.08115468627502283 -0.03875001252686799 0.22511538228501757 0.1263524902702485 0.058498304944026656 -0.06635820199114975 0.006209921375491284 0.38935716733879727 0.1578446786869154 
-1.0474271994980064 0.6724156467789975 0.15297467264380682 -0.29379842589954674 -0.38590279805255945 -0.07345412961348904 0.5147130202009771 0.1185118982253971 -0.11353277502075429 0.03334040181775644 -0.18880934763898827 0.12416228109872901 0.04898520682146416 -0.35383046127742307 -0.0025148268576112485 0.2195938400661596 0.07771943721587746 -0.09820197592702773 0.05894533827566153 0.06618528348897658 -0.004605070520739382 -0.025439017903406035 0.05324318901693568 0.051893869095979324 
1.5080160592030518 -0.9756863607502151 -0.4659942051372967 0.2587246623760917 0.35483737367265417 -0.09280192088510633 -0.0893683547570534 0.11611826872074338 0.22092356356096554 -0.06880285759993549 -0.09478991146484417 -0.13363347711304868 -0.6610406083769408 0.12810563691643248 0.24575641772727863 0.12890758263690594 -0.0758971989105202 -0.08798093572543327 0.09384729357025441 -0.0072171256401259804 -0.05323148705120991 0.04054755570611738 -0.04705871959598414 0.009669221506324108 
-1.120399101519797 1.1926126961178216 0.29453811120095086 -0.745203463580532 -0.4582080400413884 0.34047290481934356 0.28948229157019906 0.05514115878828074 -0.06640057887438083 -0.03544870476051676 -0.021474070014279367 0.0015652030037755504 0.03090787450202015 0.01435086226102881 -0.26896117728978997 -0.19559327269461088 -0.15269244970071671 0.0473488617681428 0.2701975014319489 0.08486408908047616 0.022567216040120908 -0.03393617483762321 -0.14608942468512123 -0.04393461563470449 
1.46447767218062 -0.41146719726658887 -0.6491503150809832 -0.12830021131507463 -0.03678300474607121 -0.15747867841798285 0.10168234063679871 0.20367329745727286 0.22538059290005058 -0.044293956357340514 -0.14004552500700546 -0.1258938833798854 0.7748101553554657 -0.19876498794912165 -0.505957188802272 -0.42018358763443775 -0.2587264970424193 -0.045426503267692424 0.08545243815006491 0.09883892762521636 0.09902439324891284 -0.03314879947709624 -0.07830260030699601 -0.08400280320298559 
-1.118381629492851 0.3472534782540979 1.05143625948502 0.48649382902986904 0.26798474025895336 -0.18316233615147914 -0.39140483179179586 -0.1798578833842961 -0.18346293781065953 0.1228944757093286 0.2720867331874561 0.25209633113626084 1.017695052208289 0.8481407625579026 -0.05182073428282733 -0.5548037343955953 -0.34375114144405994 0.05902721422819402 0.15148606766577655 0.06413597991929794 -0.013337085280661168 -0.08648244864645716 -0.23621836489880174 -0.21808041196352912 
-0.817423142876818 0.043288212029011675 0.6734282871274848 0.9034267789742043 0.7679204746497412 0.3052952094033823 -0.00528210752625069 -0.06289899306861729 -0.017618436717633634 -0.04852804940356946 -0.006662512144723853 -0.006890631570334538 3.274986523828337 0.28088091855042574 0.33538189592803896 -0.3608426895529639 -0.13570774452071893 -0.5017639546560622 -0.029755530367760862 0.0011105728988386558 -0.012890451630457747 0.07554937942112959 -0.12850475434350248 0.055525741578175976 
-3.032533850615945 -1.5791872962036866 -0.21128898705480115 0.4033442444616142 0.17069364459288527 -0.06799568177592108 -0.11149368734560589 -0.003980635706668012 0.09511019177644478 0.2261156877019692 0.6204895182509851 0.5963048129895875 -2.884932632903005 0.9000513281286687 1.1372469314841789 0.9208566915654751 0.22827064914872006 0.08744490360592883 -0.26121169863140126 0.08426484936357259 0.01521155379915945 -0.11634764013644645 0.27875882085266235 0.013252492565948107 
-7.403405788742844 -0.29088956568897384 -1.0239333795951895 0.9958026496279444 0.4189857766491196 1.2902298583624245 0.0509933595169863 0.11240295492194285 0.12476538299787165 -0.3225527006170496 0.07126734549173747 -0.46457534904107667 -3.378104437249698 -0.11143175016591907 0.07948321574679722 1.3114145086257858 0.5396449162559288 0.4776182292785334 -0.006472449256931291 0.11332230597502958 0.05885115797383903 -0.1553099832474185 0.27522939835059534 0.20325578505387001 
10.829407592149177 -2.1858116172729156 -1.5116237016061795 -2.322264180993426 -0.24235985818689598 -0.9379643714487867 0.3640925305807895 -0.520303405470294 -0.3002895090658905 0.6089497217254081 -0.6031546581887617 0.4411812121737876 -1.8433019603491296 -0.3327351820939815 -0.5758940988056569 0.40780024002094617 0.23651705806930723 0.3838183200115115 0.052067450356431254 0.17392614288524433 0.22532318005006027 0.04041693645744565 0.17911735360713799 0.12907283023937594 
2.385919447489716 0.6808956230613834 1.0851459971627824 -1.6680125341756333 -0.6444875227281543 -0.6925751335957852 -0.2236578687186545 -0.14470452611189305 0.003527939782016931 0.2259848833269666 -0.2205286189766365 -0.5390961863240447 0.5035675807273957 0.22686454459550598 -0.3083618017711136 -0.15236786752214657 0.08173375096882551 0.2812920679809004 -0.11373397934165079 -0.27068040562891477 -0.012876253370713344 0.10133364603686666 -0.22765714715746346 0.03376943253433554 
-2.397290587684836 -1.0668743442969206 0.4618536209831836 0.5118511163005646 -0.007120879926399398 -0.22804814583135063 -0.13037042429707923 -0.397205323845483 -0.5202406267658087 -0.16940391364237586 0.2290354396637581 0.24634674091294367 4.998477062198873 -0.275443622754505 -0.15801141134866659 -1.1827744741092205 -0.350272349552339 -0.5814522977265185 0.03428770957918285 -0.20312470333089416 -0.1256889791813191 0.47031923394632735 -0.2707092366692035 0.19742217160397613 
-2.300759441008023 -1.530951835963489 -1.0855866355765302 0.03584860354738868 0.056165034612394804 0.09139554161100533 0.6394267749808731 0.8628951309962816 0.2733697019599708 -0.23737682104375765 0.338143738037868 -0.46846641101366127 0.8541195449191713 0.022357010417987322 0.6199530947055768 -0.49044301557900455 -0.13450460659442096 -0.41870293775793793 0.010965811299256 -0.1549134856199608 -0.18525721931743258 -0.0411702901115563 -0.07833386907183185 -0.2849071392260313 
-1.8226841501985709 -0.2535570194969643 0.047776848809476524 0.3741286724727245 0.45813091179984655 0.41440718412737365 -0.17031292000652282 -0.41472912403169876 -0.05814345261091014 -0.5703271279282118 -0.07036312668840339 -0.1864001902933325 -1.3098009064278513 -0.607362410708901 0.18679073251762615 0.1609104793389347 0.3283169921863632 0.13203065831271046 0.1730791530458806 -0.16357513961137915 0.07499031043437672 -0.115476216514061 -0.03159001668556277 -0.11520205794763784 
-0.46374240601093053 0.20716592940744327 -0.5676749008670943 -0.1278222655246996 -0.47359959880801444 0.24230601469866664 -0.23658405476170075 0.32879783084109715 0.32825101065686535 0.5499573608045535 0.16417227141493979 0.5319986969571873 -0.8727466439757742 -0.5563302201025951 -0.3364141521926831 -0.14475506658012702 0.09070260140716646 0.17720927434953168 0.2844729274658566 0.31896323126870385 0.16181569966546475 -0.17305076918300077 0.14176109814479218 -0.1712591258777925 
0.6136036141001715 -0.11384599485568403 -0.35747444392441285 0.11095511281980458 -0.7271895397752843 -0.6995953573133127 -0.21160246856343412 0.3605687450662466 -0.7726522124173861 -0.21664235502434848 0.4107912230319105 0.09172036077043294 -0.3259394578375275 -0.06157380032628238 -0.05339098485178728 0.10288669672434703 0.09759741233930404 0.19370771942863207 -0.01649293795178226 -0.0261001540293934 -0.041091708079004995 -0.12381458188384287 0.07708229662059259 0.12132953321223029 
-0.9006633912300721 0.06818331202365613 0.1262814673684638 0.6017005831142297 0.37671745617846086 0.11676898928275348 -0.19334723313824115 -0.48164349735880263 0.14517698286681457 0.10493310005331294 -0.32771673125666545 -0.09374930891216651 -0.03236559943968431 -0.08648565141226146 -0.1036939427938675 0.09784036695186628 -0.3166170184808839 -0.118563958930255 -0.22198141296396487 0.10427576244760717 -0.0670280262542871 0.1514333729800594 0.08964605034537017 0.14336816233391883 
-0.6264052840764176 6.556901737764242E-4 -0.13902838075294066 -0.29929284201978124 -0.2598198527113032 -0.10394746145056594 -0.14245251696290584 0.06879200215643133 0.15666868552113022 0.023628748098937058 -0.05566551521437857 -0.2375147869953465 0.19823319586478347 -0.04738390486069477 -0.043863445301010696 0.16689639696314895 -0.2533954286503996 -0.2791934778819594 -0.14431149352047834 0.009847262169990842 -0.37596472526661673 -0.09016972708520461 0.10275309375270952 -0.06057209172549636 
0.25335884139641696 0.40937204112949743 -0.3658161040712279 -0.21621938896050558 0.24256661310264682 0.30017394355805826 0.3947852083299297 0.16185891495318327 0.06467464045046839 -0.02447830969726747 0.1284624895019738 0.26651178383832047 -0.2551962156806263 0.014399853092472418 0.003935025188767889 0.24779037193720335 0.1547087389243236 -0.022248054573821157 -0.1035236588938116 -0.015005089457279944 0.1635748734292568 0.10182378236579177 -0.07452758851175081 -0.09325886473780325 
-0.5581070898074234 -0.14228864482652037 0.020164677698465083 0.01922590796772533 0.10007216771382138 0.04628259919491329 -0.0727342087360845 0.009275752400281112 0.3954931345906373 0.11857253110655555 -0.1255576686055377 0.09330608957167855 -0.14247544697887907 0.06918942600142171 -0.07616698825856484 -0.1173987172594156 -0.013245900816938438 0.03966279462577321 -0.0594887501487679 -0.068368101256594 -9.44614689093265E-4 0.0700710161542057 0.14779925161284796 0.10111688738797185 
-0.1692238413226903 0.09645592024638727 0.034879862576457255 -0.3009299076911337 -0.26735477080707226 0.10839812268147733 0.08236458942978298 -0.4068701041088877 -0.4649598619557094 -0.24801013854787163 -0.06918788902583345 0.020616847017730672 0.03395253236013366 0.1173973400731257 -0.1655165103738458 -0.18579398338839223 -0.05632580678984922 0.02561129255204253 0.10280652240394099 0.0046270644864429 0.014984865188685914 -0.014255926603434504 -0.001908219096272451 0.04750229041983337 
0.012312398219773257 -0.050454527388933634 -0.1108753993010887 0.09525856912377961 0.034878541694371656 -0.1270479348895951 0.19222404293347123 0.5582608154572488 0.4243197807914989 -0.074818385938378 -0.4002380807890188 -0.4179179807489672 -0.04162151563422567 0.1331637838426718 0.1181981066990898 0.026600370299533976 0.010404862762637931 0.05400962024707736 0.02280837411819382 -0.07933491209261676 -0.0380915825446562 -0.12086950533577641 -0.16086497487584364 -0.047234391855924436 
-0.13370849969758236 0.011262962191326942 0.19625346555008638 0.3031462306266439 0.4441408464819193 0.31000533294418486 -0.04611348471667115 -0.12651481003462928 0.00530672178397984 0.11498492863550282 0.2715273528825317 0.37961694773914323 0.06451552897907457 0.15128106595728483 0.07095467151739489 0.0011771598666291405 0.028312114166556435 0.08083807709381358 0.10626163005427365 0.03192864390897517 -0.05572219446743628 -0.10660432975224494 -0.08778146372577551 -0.05723044791718604 
-0.45100021371730037 -0.4991835173270056 -0.41511644388561886 -0.3626132720897654 -0.2868902292185882 -0.21654986667767256 -0.07692029401743888 0.10710284164100217 0.27463459035476123 0.2996835135221976 0.18667963506781066 0.05550921477874558 0.09447791492133654 0.06046140008327764 -0.03135545844450571 0.0660550018357867 0.1526671845104068 0.10436500327591965 0.09785622300939088 0.1829461868139256 0.20307288273345367 0.09071606109891432 0.016858681516345602 0.013498836528740418 
-0.1311141222913772 -0.1330227826564312 -0.02586362968346234 -0.07552546668424862 -0.19140672785026164 -0.08936514270592466 -0.10184813225758291 -0.2770770489276899 -0.2229506833350317 -0.11544809902142458 -0.09930235577692162 -0.0444054069945676 -0.14614083044016146 -0.13187429942089532 -0.05698195960518974 -0.03675997213981338 -0.007542496179124429 0.043761705225910524 0.08633847873290788 0.11069191447643957 0.09638646308537109 0.07314517318076692 0.08101929420065394 0.11071381308424567 
-0.27241853524733894 -0.1596958552148875 0.0942495236492028 0.08642941227186579 -0.1053492246707583 -0.24045770689229928 -0.07347730232424553 0.08470337446200231 -0.07077016484935625 -0.23175005540665727 -0.26539927100832894 -0.246403312968333 -0.2570916008822208 -0.3146790670386643 -0.26046708550786885 -0.252866700521767 -0.28050746170542523 -0.24178112069482793 -0.16935905834715695 -0.14506678053649766 -0.05965643877437617 0.040516302984809606 0.045221458187275076 -0.00826226900070102 
0.2154231523879213 0.2371420293979538 0.11251636059824477 0.18890480486526848 0.3759978327453777 0.19067413737376665 -0.30685041676199143 -0.44739081987444806 -0.11115028987007469 0.16126619355762947 0.25450892331863967 0.19843177235994547 0.010439901988813874 0.06840635139947941 0.15180611437187183 0.13909421761481275 0.051450723887909076 -0.005616197372439846 -0.058289624206599416 -0.12743695964071777 -0.09785311842311795 -0.02571859995027893 -0.001369646617076466 0.021610710170836822 
0.14700595158971286 0.25977127776179465 0.2970948174971342 0.263771693700777 0.2709298755998678 0.3687738553669656 0.5336580232762362 0.6274600687238742 0.39770370994541127 0.03977745827824172 -0.12589037904179523 -0.04112256789640789 -0.03888968502342364 -0.013626468614115872 0.006976435241481023 -0.005735819721667946 0.0032608052563777856 -0.039850522495921775 -0.027892402745081216 0.06633980698283813 0.033202988080163136 -0.07811459085052135 -0.11575197952574923 -0.11336753930076231 
-0.3721460716763447 -0.5479754033432105 -0.5827046197230435 -0.5814792602431424 -0.5338984496493019 -0.37713233171823757 -0.23054692243802555 -0.16614451713647255 -0.16362826546306164 -0.17405605601303728 -0.16494786190895908 -0.21187791004304063 0.004282802871811005 0.03619218104372505 0.06226033871147626 0.07520257768539078 0.08380776127128858 0.05733300529715397 0.007301907280149215 0.040154445002269425 0.10888273570515931 0.0849621936989698 0.027847937319891953 -0.01240583740989241 
0.138035131855065 0.27374226699804227 0.4209307080854039 0.4888289039910751 0.3398165007574481 0.16299709514146815 -0.02795184125098482 -0.2549391978554998 -0.14414014129335218 0.17025484193024015 0.2915850601827181 0.2988541461354469 -0.10889921308917942 -0.15932223306233673 -0.11579400428073927 -0.03450874842209328 0.01584049579557199 0.03940636689138407 0.03413720637087003 0.021882304790983926 0.010272552948089042 0.017662057136040275 0.04228856826720837 0.08812739957386424 
0.20706015363981223 0.12157999164865485 -0.13618260083031886 -0.14923153333605288 0.0901312363527218 0.12156350159505347 -0.047951206338828545 -0.12665452159156942 -0.1668765713661709 -0.15885907936527915 -0.03777260825329287 0.0656609275736953 0.05405340287751622 0.022218677349099176 -0.09771265027862064 -0.17524357629665419 -0.20685810454428188 -0.19599165620360817 -0.18522790715853313 -0.17824939183080366 -0.15220419108540614 -0.09797315034494163 -0.03277548116653107 -0.024700155362486726 
0.18410047819917263 0.40296027945287216 0.4212158208929897 0.15117407551351209 -0.08860645478786 0.0012068380361678899 0.33994854611402764 0.5420681565784708 0.36851020405269874 -0.020807201453758167 -0.31634371067125344 -0.44427418542636854 0.02330082872994795 0.03892202197886496 0.048596038014042144 0.063053314863057 0.06038177173079201 0.040416609793141496 3.4318493291031943E-4 -0.07268910336705806 -0.06133508183347741 0.017164811310459854 0.060202250808178925 0.08158162511671384 
-0.5573389534809472 -0.679240441617923 -0.28970922529097454 0.11307888288560158 0.30088734175619786 0.2917377654452371 0.14118660535506766 -0.02990001886104693 0.036659135120131275 0.21539441671378673 0.23734296701761992 0.23378672182532728 0.21880381080375524 0.23257329033709087 0.09891458736774551 0.05466953928219914 0.12774907097676988 0.19057173340435454 0.17901701096964664 0.1203552834743336 0.020582030755676134 -0.07517724212832559 -0.11216175010767886 -0.0930370366342414 
0.45033219922560086 0.5573864176947363 0.3519059062736053 0.16851375129107687 0.053293132863334064 -0.04333986616304816 -0.12355030189666388 -0.08524913911958687 -0.061902749036071014 -0.06836634004067235 -0.02657947987727506 -0.02995362634051056 0.00503366717644349 0.0459865545983524 0.07613145744625172 0.08131842515298077 0.08182695510340547 0.07942447284863959 0.10197027914642616 0.14526383664086975 0.1377194910666385 0.05520393478013341 -0.03978229681635065 -0.10224445562628261 
-0.5824671392846676 -0.6533529484835499 -0.3982714056238632 -0.3219099890714327 -0.3640657704031849 -0.4278783465184021 -0.35325281524242275 -0.17406172416554133 -0.013416187088814424 0.09045221631315471 0.15383052667275446 0.1376117579334905 -0.18840569831917917 -0.1801359975159341 0.01993131132774778 0.13910357518495592 0.12548736689516088 0.07475582073213248 0.019391735384150132 -0.00989330847897707 0.030545670685914617 0.0842517968979537 0.06286492682516605 0.03461168741675629 
