0.0 0.0 0.0 0.0 0.0 0.0 0.0 0.0 0.0 0.0 0.0 0.0 0.0 0.0 0.0 0.0 0.0 0.0 0.0 0.0 0.0 0.0 0.0 0.0 
0.0 0.0 0.0 0.0 0.0 0.0 0.0 0.0 0.0 0.0 0.0 0.0 0.008205591256311706 0.00942716078014296 0.006727135058446095 0.0045719550297554186 0.00172541519348209 -4.4726815376659273E-4 -0.003890018254990043 -0.006749248490228954 -0.0060044139487466786 -0.005268122411047876 -0.0050498624945231425 -0.004286139842716363 
0.0 0.0 0.0 0.0 0.0 0.0 0.0 0.0 0.0 0.0 0.0 0.0 0.0038544887297661625 0.006635402524753077 0.0055989301421056625 0.0035398917827167233 0.0027743139653974755 0.001461751368450161 0.003641923928591112 0.006636744359661606 0.005811946215075035 0.0052403898217638955 0.005112989524140919 0.004286946846908141 
-0.02461677376893512 -0.028281482340428876 -0.020181405175338285 -0.013715865089266255 -0.00517624558044627 0.0013418044612997782 0.011670054764970128 0.020247745470686862 0.018013241846240036 0.01580436723314363 0.015149587483569427 0.01285841952814909 -0.01952730451260602 -0.02547622835567605 -0.019449767644276906 -0.010773352144466878 -0.0016834558485958235 0.005675404890891115 0.012234504312368851 0.016157067854820784 0.015647539293504403 0.01464506315654715 0.014462735929541379 0.013030481299217586 
7.449206951690712E-4 -0.0057654664040447945 -0.006706087838647845 -0.003761742803517043 -0.005734819105969291 -0.0050561563360003725 -0.0167607991682584 -0.03003410581432825 -0.026442459568345122 -0.023623353081863502 -0.02291376231420747 -0.019290050304798967 -0.024844155187444095 -0.03181541863705805 -0.026448656673972993 -0.02384546251151982 -0.020796670898126767 -0.01655586348070438 -0.014139244844860835 -0.011930817385222817 -0.010147063709016533 -0.009646802176406807 -0.00952123489590904 -0.0077819314658187505 
0.05820945319023352 0.07931141826905055 0.061702346852154644 0.034200927835159156 0.007917777098772116 -0.01449813650467316 -0.028323113352977353 -0.03345415065729823 -0.03372138809634065 -0.0321235129287097 -0.0319313266315204 -0.029446418745253278 0.7631272546648408 0.5661182526470427 0.1264511300060691 -0.19097385759813354 -0.6072869020832469 -0.2985960660147758 -0.048940849550080746 0.03327894849302943 0.2248868969736205 0.028746842559696315 -0.09639870816209074 -0.02418534317111345 
0.033119352082747966 0.04164980560643444 0.03840409400817252 0.047577991072346754 0.055843001354771105 0.057587560925099604 0.06241431859355624 0.062643400219661 0.05630850609833994 0.052904346610147084 0.052104161745272035 0.044498213534157435 0.700045496540674 0.2065491276182274 -0.0016360851682958588 0.2568483271639516 0.08279354904204377 0.18093676803660133 0.11059475743489244 -0.05734098001915272 -0.09442276455930591 -0.011815459248997311 0.05914634098049873 -0.010603289411697548 
-2.330185753457247 -1.7503438762867969 -0.42208988611695575 0.5335358407672024 1.785895550438924 0.8658081438750773 0.11890504453430506 -0.12592785302539605 -0.6980229319079639 -0.10870001029195062 0.2668367499401019 0.05352031712201124 0.001775193057532487 -0.1475714375490045 -0.49440610073107066 0.18045989997469267 1.0740465689887393 0.3894773459063809 0.03126898146870097 -0.027935672711115456 -0.23456745672640733 -0.06725912358096726 0.07347882993556706 0.17563344151634763 
-0.9051939656031127 0.2894147980191968 0.24009828415079493 -1.0239741807613936 -1.1431043529021765 -0.9880196006356796 -0.4221591504165769 0.18822568542717882 0.5889766060153843 0.05011127334674889 -0.3497368235415148 -0.028963550003338584 -1.7884677838922072 -1.3447652740377212 0.01797641497010662 0.049373217409013244 0.35412062237698616 0.20071026873224637 -0.1678935521004916 -0.03207621255580448 -0.19910756732914434 -0.01588853868212364 0.032330952937141354 -0.03445862940906734 
0.5220405328605664 0.39814323470968294 1.4440735539740555 0.028597313827951387 -2.614748252738972 -0.6601265934434262 0.12015667674598632 -0.012438275127710771 0.4036469321243592 0.1710503944458912 -0.05144732379482819 -0.5196158615255483 -3.056514060704874 -1.6703429976638384 0.3013196799151095 0.040764563196077096 0.5632157837822119 0.15072183421143756 -0.08673916733732608 -0.013752040117491607 -0.3293942392074726 -6.17058884789537E-4 0.05369776263713483 -0.15413261074816717 
3.972409560600463 3.0017020722213585 -0.948606870947653 0.15192760231493252 1.1938030358127607 0.2184241233876123 0.5654691587891905 0.1021272489382318 0.10279627606961128 -0.039305239712402906 0.11425333980131303 0.4344421910851392 -2.5575375170566077 -0.17771348009306864 0.719770748972163 -0.22469358860114194 -0.359195732611222 0.009890457524038535 0.11291911701247603 0.08716705384439334 0.03295032261813483 -0.048860580307772954 0.05870105772788444 -0.3454685926680349 
4.400554665555587 1.9045414796036377 -0.7316963483130602 -0.17670874035919193 -1.0722054952651803 -0.1895792207708813 -0.11469160805660042 -0.04162251442844772 0.5332499506873405 -0.062140577108006106 -0.12625161964271647 0.2842152788222738 0.22077048858283824 0.3436722035328785 0.5301191981997322 0.013416943091908365 -0.5818807997211213 -0.0783776654097953 0.24263339894397098 -0.009423249306888962 0.18100065412465396 0.0810298042672272 -0.040834066170796844 -0.013537865765236893 
4.828161519219201 0.06935611585142532 -0.8313290116221363 -0.24724038786439606 -0.8367885338054064 -1.2529646595440675 -0.6434923590527116 -0.058683356455632774 0.4253241288794891 0.3132885000470164 -0.488437848801224 0.6055266578268552 2.0929922294520162 1.3894444771850611 -0.7204078911093023 -0.36606485428569213 -0.06190908654550372 -0.6237436609763743 0.1647709827495629 0.20715008196289453 0.30326590874281406 -0.0035564614579764683 0.009770654820780275 0.3406853458163912 
-0.5681469121973173 0.8332996022960142 -0.2049229702878993 0.18793047964189058 0.14618993123347535 0.31070079425179964 -0.0032627611649755917 0.0962367754898884 -0.30061895665454164 -0.24833588823550004 0.37240046901883084 -0.5645444976006956 2.0606890881855366 0.6651988776434955 -0.8281757770950408 -0.40205640333455434 -0.6499447551195029 -0.8339997092744368 -0.3233547281922608 0.09005461849959394 0.5317161974640174 0.03187524426762903 -0.21029729309622336 0.2744246897902048 
0.1777836611208663 -0.6310104206800133 0.9492301133676737 1.0678025551714676 0.770332582199944 1.839515098805395 0.01544178709468938 -0.5882526419096199 -0.39006699648788995 0.06446180022527347 -0.16438466899180146 -0.1632339581525497 1.4220399986563832 0.27009099283086896 -0.577149758109524 -0.0028095310591158182 -0.19031654466232464 -0.6787582916682781 -0.22054802824525144 0.04407714008464941 0.2572114053690844 0.03887312206879853 -0.17259755535437538 0.20071746834383775 
0.5436763300481449 0.25912811493887045 0.8625514204771574 0.3719389981265393 0.07406821209065306 0.7661800278776978 0.5259055034464815 -0.04700172720023599 -0.6542030790210221 -0.03335296000002172 0.3426136697412423 -0.1546784825586382 -0.26273402863065104 0.502905155434816 0.1581891125323501 0.09977170960634267 0.3958965033374288 0.38968318890967363 0.13001539416301985 -0.033090952121757666 -0.15166273582585943 -0.1032126045285645 0.017272831853983373 -0.18343284963589754 
0.006129902127320008 -0.45383111896260964 0.36638306732390724 -0.33081605392937297 -0.2297780402470213 0.5555705986478174 -0.2464324066226858 -0.11929552536451882 -0.16951802604452376 0.08917766972288166 0.0442482169006964 -0.20155875472568674 0.25631204302036564 -0.9479167703413456 0.7048129539944691 0.040459789108580134 0.4065769631415755 0.5487681281907862 -0.21118611759793113 0.009413009266187267 -0.3508526204819676 0.3146296901062149 0.021522542452661508 -0.12338495220900829 
0.30588205319140904 -0.7640055148671356 -0.38806678486306634 0.5879246553732829 -0.5414442675553284 -0.2163765223984324 -0.26237184679534753 -0.03896892641738914 0.04409476560135353 0.04894399060138932 0.2162655305106318 0.004916449593565492 2.0801122576988624 0.5626521768182107 -0.45872399152500565 0.7736957496780841 -0.2888130104451365 -0.07029993363652924 0.031398098458387425 -0.3335817680561692 -0.3198045468788995 0.20615419911097044 0.22347829129530308 -0.10107528692101246 
-0.4722553295118628 2.7243067052470264 -0.5398996459456216 0.8384303592223554 -0.14164206740179175 0.6844889893711015 1.0431388150093972 -0.6205080700996051 0.3133419426468251 -0.9205757453940767 -0.16577822673448073 0.12712343239837334 -0.155594939830201 0.4081023442054235 -0.4111891362484885 0.1603129049742693 -0.4582754579121507 0.3567268550717459 0.43135219317188017 -0.4975392427963343 0.0725510137017193 -0.03143329788411762 0.09023600114119056 -0.031989265127493546 
-5.45746782722885 -3.0178973276205796 2.6918647516869387 -2.5337714574835775 0.8964392570034478 0.9126206334256435 -0.21307440274472234 1.2043498493358147 0.06378057727000183 -0.14693884977445382 -0.22280798232707846 -0.015793715357630876 -1.100759926243462 0.11854065070409418 0.2629062240633713 0.03466727456222973 0.10549571137945539 0.6094971765329591 -0.06106417566606148 0.10297168414805276 -0.011144550501733371 -0.2294305948912129 -0.14038847927896805 -0.0694168386286143 
3.3545896618280526 -0.5511922452021585 0.05998470779437026 0.7490932875762493 0.4261065712100427 -1.0791085444794581 -1.5651377081636388 0.7516628151478821 -0.39701397298400587 0.2814189835631561 -0.006923030104020095 -0.09523587686760791 -1.6907232704721633 0.3070271577501736 0.75355558868102 -0.623051577822842 0.17455174518657066 0.6016857656951217 0.15670139018823726 0.09465522507302697 0.16326084618075204 -0.3503294481883989 -0.16182187150469218 0.0588071839048816 
1.6947393362518373 0.5181220082451743 -1.476727633923176 0.5285913675096467 -1.1418057209996118 -1.16306928507203 1.224958941789355 -1.033969421485291 0.4327063749219691 0.13623841079641158 0.5580033700323057 0.324346620112399 -0.140179915879326 -0.8647991636251863 0.933705236771435 -0.44930553417442853 0.03205284366657968 0.009770080959331073 -0.46164578012686847 0.3536495133671484 0.03157810306874323 -0.09569320483097006 0.03253293197114072 -0.08732682016011828 
1.0238109001642837 0.03521556406362869 -0.7162702191836243 1.1764036801942694 0.3538251860400261 -0.08272334846542673 -0.14598202782235326 0.21468589009186684 -0.3609034947214147 -0.011176031114312673 -0.07071828840009628 -0.21936828705128641 2.070879191903135 0.2727043561108557 -0.687344855738464 0.33130223591345637 -0.20553523840009133 -0.42375007716020185 -0.20319531522039355 -0.11802777711155321 0.22773883974217432 -0.002269937250748829 0.21422706509156086 -0.13448690416102918 
-3.8715386987589877 -0.7167037413779145 0.27887650486163107 -1.399510051269302 0.8364214185887171 0.38511779254063455 0.4622850974652402 0.4118897717623772 -0.049008971067523444 0.28643827205719075 -0.2885091490924625 0.3082529502145632 0.7458033113663299 -0.08162315530803577 -0.7465126582916058 0.023332096314356104 -0.3665205956543823 -0.1448668343280303 0.42246097608823924 -0.24789388761752795 0.232003820735605 0.07463590164124556 0.09277560098651559 0.11214846885472142 
-0.07490889637593945 -0.7518924387231811 1.2442172056173586 0.7192372892253545 0.05359871661615223 -0.5819518518051847 -0.5742148403404008 0.3828165498587076 -0.8393728192157826 0.21312886468501302 -0.22634796581631852 0.31627167056439753 -1.0302167107601485 -0.47328418248506204 0.001299503041257329 -0.10207437225464895 0.5036951741479117 0.11337459689474778 0.010716866672364322 0.34398600600081086 -0.33124084935690795 0.06532510523654005 -0.08293786711583839 0.07190843831713571 
0.006689300422959121 1.1565454755626865 -0.2174333714488501 0.6871782740510359 0.10786930067547207 -0.47885453041806003 0.17169241978366098 -0.3743530885161276 -0.02407042503766188 -0.19982174202698796 0.3574914057808701 -0.27991876525960724 -2.5588809553448537 -0.09003355662439327 0.021965663152113162 -0.26424250836103474 0.6074110248163617 -0.12984951633235262 0.11961135692051217 0.24573324017887302 -0.1693818702265895 0.024613958425563336 -0.09103333920378882 0.1893831362394791 
2.1753470328537556 0.5184435030485144 -0.4720137901521557 0.43928263429804737 -0.7929842774470863 0.009139022329677227 -0.03283628899865659 -0.42415069777131337 0.6203497803343785 0.035978660218156544 -0.1449049644892474 -0.14100774426560828 -0.6278307183859985 0.07542686410671677 0.4776690140811534 0.3425767834604294 0.3500834630243781 -0.21442028301686977 -0.20680295049410702 0.179285501873671 -0.29955377131069755 0.011572136414710684 0.04584808657041795 0.09482191744533554 
2.6799762026607254 -1.0817710423905824 1.0710950132900487 -0.4668051987225441 -0.5625201588287485 0.47912090447026146 -0.16723824896716843 0.07817367504076855 -0.2707246601628355 0.301171499013929 -0.05613063214463157 -0.03125675108887116 0.26715722273170933 0.4200881126115119 -0.14434039888461267 0.48143399719873176 0.10055464478811309 -0.24829802221866468 0.08203193878975111 -0.06893406138167078 0.05437230380873977 -0.03715005687167893 0.05963902036162366 -0.029845288551784938 
0.4719398076631727 0.14098522793330304 -0.833054028995551 0.26849867523085624 -0.6614569427048718 -0.4176787201987362 0.2156593455173349 -0.3813033375407535 0.1826156122788969 -0.07208416507957749 -0.1570812065648216 -0.09252508885697713 1.4762513968869129 -0.13306693678850223 -0.05204074052329729 0.2216400431183713 -0.3699194198667371 0.044129050727370826 0.11072446342215649 -0.12109756948435636 0.183815630217123 0.0699155445506545 -0.13019563111170385 0.010131695765794488 
0.05692124482312266 0.08501027528575644 0.3961079446266855 -0.6717317380115637 -0.25955830105997446 0.47944840750214074 -0.19865121384358808 -0.18897458448639515 0.031679747563859606 -0.03434015876308416 0.1846624657337862 -0.214624227308568 0.7309779487047289 -0.11533307746242578 0.1488575656302987 -0.16924683004889518 -0.3350738384617909 0.2651105651031027 -0.059427487114374566 -0.001939232558062387 -0.03231153571002506 0.010240586337943577 -0.011195627293047553 -0.015518335769500449 
-0.9418796788881814 0.33425365457585166 0.02160196574941775 -0.12317422541255674 0.165293053268738 -0.12341188136837489 -0.34930319682691624 0.07271614044533758 -0.08229931418033809 -0.006012144545300413 0.12528537990665528 -0.07971909345314332 -0.07079735022936677 0.05808802077065245 -0.16555940348919126 0.05771022121986421 -0.2297680527164848 0.038368635575935985 0.14863639043636503 -0.17894563370549454 0.11695973661928753 -0.20947855258797843 -0.055802650233550875 -0.037286180184716855 
1.1939520998222157 -0.8324060233245794 0.19719431902666829 0.23677174174584792 0.029326358569819355 -0.46334421025422734 0.29352548354808083 -0.14301836627808984 -0.041332589803142805 0.2374137297329597 -0.16372704350122735 0.008895258517713278 -0.6899210228536697 0.038704523592844264 0.29604101887300766 0.00372371958147096 -0.21705183274272613 0.373097706669159 -0.0017455502404116936 -0.052159148973652016 -0.058840314496841774 -0.10907046883619292 0.015949938373651818 -0.10165310941003021 
0.11581643085172644 0.4254293149265136 -0.23691900572796865 -0.3588837283074422 -0.11659511437031433 -0.06138831804836009 -0.47633817448759463 0.13255545447157746 -0.1317574288954645 0.4204745484363358 0.1845214987533378 -0.09242629121596721 -0.5298226393851669 -0.09476368931092738 0.22782928209584075 0.012356280893531099 -0.0072585221749695466 0.09629964523926156 -0.08556449166053594 -0.1276398384112898 -0.09605296638896221 0.16954240213834304 -0.12409820743243184 -0.06928918846631862 
1.597836258514178 -0.07669112566810732 -0.3627546262536443 -0.5650481453085339 0.5325412809877301 -0.6708564941653437 -0.1298970742920138 -0.06241679457855903 0.23292974841194813 0.0796279012546765 0.10719459118948949 0.0966886998029346 0.4257120130060847 -0.4880776670874374 0.34553199949974306 0.04457102002659252 -0.026929542700445303 -0.02126686884312956 -0.0409933053664844 -0.19242562763359308 -0.05697837821238447 0.2725921238072168 -0.0774354211638179 -0.1143606497335598 
0.4456461599213384 0.24068727368039777 -0.3819114078979482 0.24066687543404086 -0.06453884141530875 -0.3085546751306014 0.1191015570747389 0.41533486982944157 0.06872841587900308 -0.43574643672118796 0.3621191848585924 0.0842517513032019 0.1835805200567299 0.07259169859462593 -0.050614863645386365 -0.09431266015170962 0.04757936248234381 -0.1210054498523379 -0.33616547947852404 0.10234115406604356 -0.17057573688171832 0.23607621972479734 0.15792785112034172 -0.1585672578921281 
-0.24809880373084425 0.7241979985607907 -0.7669054783875711 -0.19671662020467118 0.08408685019365247 -0.275960425183718 0.11878553386636725 0.29286880894375733 0.029359622446776812 -0.1522521491099287 -0.020219623062400993 0.2636381864588081 0.5174380982801221 -0.07400152470334549 -0.22331970657541111 -0.018584447493557216 0.22853877502150585 -0.5367237438474047 -0.08880048576576395 0.07276630882387419 -0.03675999260013622 0.003133886214702749 0.18715643225289477 -0.03535969141117972 
0.4880424018040479 -0.1927903429718132 0.11700101127515383 -0.2601115104042447 -0.035105986420306934 0.10417999701784075 0.40781695986878697 -0.35211080948771145 0.48175484473227614 -0.17181408555575364 -0.22555494748174215 0.2998007391324804 -0.19499965668361754 0.10563667696007946 -0.1575746144553715 0.08861232297397054 -0.031999829366772335 -0.26306334755978505 -0.020999571819009022 0.17256126081812784 -0.062555120203007 -0.17378535860903202 0.13481593548215667 0.17380242240435403 
0.024323842732457024 0.36205225676803465 0.05774828388603803 -0.25890560990871947 -0.1677914715742883 0.7329474013026496 -0.007853318391745967 0.10300711860839487 0.1366965117857203 -0.061739932972148914 -0.16043763939902744 0.0949932801218345 -0.7853592024863237 0.6830832787425655 -0.10917080490134062 0.26126530013364574 0.12481476574550943 -0.1606464551682693 0.35204427598456106 0.06857828839967527 0.054475788097568346 -0.007802516186483301 0.04968901853246885 0.0877968914201428 
0.8944338067405404 0.1048501136965374 -0.3215144456686383 0.005924401364153398 0.15739980756897864 -0.023818545694430093 0.24541969866082258 -0.007418067457260674 0.20272533181855235 0.04035353103701822 0.027780386580435634 -0.3528330627413733 0.5670986012399576 -0.66813325963595 0.07125349841162228 0.028596862469813245 0.21475406776077413 0.10358633534359045 0.5085110210908489 -0.14870697628415094 0.4103387300568046 0.10662481107743223 -0.26921913580004214 -0.04924828006962758 
1.9047831012598806 -1.4738720660010811 -0.22013533521165313 -1.1135304764898073 -0.3866103440375186 0.26997821167722535 -0.8561486634833337 -0.08521242727049383 0.005447014610933665 -0.23492840884686472 -0.2959543456908964 0.3265644131353066 1.8107690985881046 0.31967338995010514 -0.08519383059942785 -0.6556318550547094 -0.2986917457648808 0.27512927397521686 0.011851737238475935 -0.191816498972482 -0.012931150440764408 0.14246643052953525 -0.041293310291716616 0.11941076898224616 
-2.1534830311795368 2.7295715973205947 0.0421823255891326 0.0814103354768595 -0.5699587534710142 0.024905585799781527 -0.6935684308579657 0.1881198923041857 -0.6836365968507443 -0.4050942808506923 0.6498608130643186 0.3317600128346271 2.4108999978561454 0.15094101275310767 -0.17752961537711875 -0.23117198207987452 -0.6590229693935706 0.19904467781431742 -0.3523529349739431 0.021057255190163503 -0.015758258618850458 -0.1359227228940121 0.1228499587401345 0.14379870882156304 
-3.8840250340718185 -1.9093286548943094 0.13148139005543613 1.6702469881990558 1.0919630462403505 -0.1168024863701067 0.4260855346522204 0.5806876356451178 0.6186709274426618 -0.26641531861689943 -0.3475979217658191 -0.6055355646129041 0.9154039320735197 -0.005270526436711664 -0.21232179070684046 -0.1688681074131626 -0.3973759882297317 0.15739402817713374 -0.6004533406807517 -0.09312244750006128 -0.1309254818584392 -0.2841222733634319 -0.06146117659199629 0.3662131452468751 
-3.4438621191620458 -0.1302446301161715 0.03526603782917337 -0.6924483847406546 1.3951820206107564 -0.4275622301137163 0.6613614045148748 -0.403539864485557 -0.05661184874076036 0.4638651546040719 -0.3149477016025065 -0.3181792003319571 -1.3433854161915617 0.5739123988655346 -0.11691054079101999 0.3575713841760697 0.04308268259476322 -0.170340038537849 -0.1474396236430117 0.17640347897382216 0.03424144176274213 -0.2629946651760769 -0.04318536979958757 -0.21383610734288847 
-0.1962391509694239 -0.02815237297256301 0.4202881807888479 -0.2199967941415623 -0.17705276638920875 0.024030035102573066 0.26774644087250116 0.4899847936245614 0.08471108613125929 0.18295869351604876 0.37083344141850505 -0.4471054160220267 -1.482179780184899 -0.2804203998574856 0.32262195214701134 0.642260991429103 0.8897497451886869 0.00855322090846596 0.4847151572118875 0.24287181553279702 0.22560110566416036 -0.11475749756247859 -0.23296786956780977 -0.423715097072898 
0.032780275843951046 0.06724625976311782 0.2485105525954867 -0.04618192588104064 -0.06469889494052428 0.46550944067698863 -0.17208001303907106 -0.29573912360700255 -0.5193810014832695 0.15920270861106417 0.42020124087091926 0.8940532605678537 -0.8392562136660014 0.31111729790710235 0.09792994781876795 -0.10457298052048643 0.39720319550185107 0.04585047015578303 0.20696275582763182 0.2028336852843929 0.23294352380984704 0.2997332223770978 -0.024729342900390267 -0.10017998280312669 
-1.1758068910201205 -1.166812900261497 -0.9430067237687546 -0.5796692155180599 -0.8473457315500701 -0.588997984490857 -0.6113392282064692 -0.2018281813925505 0.17325218682143534 0.2301883970670402 -0.016268784299102723 0.059493496155884534 0.32100477533135297 0.49462268904070134 -0.051566783786293056 -0.46948680516818553 -0.17320240869315082 -0.06868802295136067 0.030115760333684616 0.007308078411684053 -0.05317187735202311 0.15527875011462108 0.31545558595768336 0.06529027069092634 
-0.43630960813869324 -0.4942662601930114 0.4231236466516708 -0.19889323249094648 0.5387189166856339 -0.25859963078435033 0.48001597157146453 -0.6661344328301797 -0.7997129705153895 -0.45894936430271727 -0.04720856004253182 -0.27093870801153264 -0.20478148111867767 -0.11583967434334526 -0.4248986765293405 -0.3055481080913872 -0.23794941321038468 -0.15694281778545818 -0.17063261437867627 -0.16347821871558213 -0.4042562580688028 -0.12579999850427373 -0.033948351014466284 0.1428660315514599 
-0.9247085349721607 -1.2312641801166027 0.487681985119635 1.2648192746679472 0.0408455538771646 0.5921486396873246 -0.1486488324338205 0.6532582130010978 0.3843927027033886 0.026198479629076246 -0.34182841599781955 -0.060480243805112494 0.32652285393255526 -0.1902940142640045 -0.021522764175892124 -0.05238321255483602 -0.4418443334436157 -0.18947583848550117 -0.32593090958416954 -0.29818074358329416 -0.2905769044012297 -0.04304314872618381 -0.024061156620352186 0.028119428646861372 
0.5215755411760041 0.4469909227207064 0.8078622277393133 -0.05178184669988248 0.20505370197701245 0.3457645819442724 0.10847263221063344 -0.23284766465708032 0.5878175147821623 0.6385976628428673 0.6848261097636765 0.5254420358939725 -0.21679454565132916 -0.5606386536964181 0.31506369136079393 0.3572002555407802 0.2929520040645072 -0.005325532628204131 0.02663135767523071 -0.09051884268658235 0.045049594468634956 0.06393340506820233 0.17092703131021933 -0.11377955187918375 
-2.6343180274751345 -1.0665594489263426 -1.0708077217848995 -0.49607527074908386 0.6450198761350876 -0.3227525753986649 0.5522251702264548 0.47607066527078234 0.35121765737634875 -0.18945567032720068 -0.31010264934115034 -0.42305516173745217 -0.7658573682089794 -0.584477518172726 0.17567213812246707 0.3856409758154428 0.26719853626732176 0.13986282122669197 -0.1642825151956582 0.4376953824975612 0.477140448863381 0.373876342375481 0.09816283805208359 0.3062470124580766 
1.0688787750667812 1.1052973353011128 0.25717742602155624 -0.3900467264047716 -0.6422242566368492 0.2148275746432568 0.04968489721563482 -0.30598413090527493 -0.9182742312577744 -0.5429225045291859 -0.5758525373015244 0.2516874065921884 -0.031170034042305856 -0.45828566200295295 -0.2952311430876689 -0.2375143896616756 -0.06290223512495301 0.18317335094120724 0.4696919148324304 -0.12461608380923916 0.16142288635140808 0.10961284128085756 0.018538501975915334 0.29625128453091265 
1.099211952709389 0.1930151681113721 0.2360079716111123 0.2770287870740634 -0.3371110756178699 0.23802867965775648 0.37359258065065337 -0.6232597013674886 -0.293982770866786 -0.5046704638113402 -0.005977606621469844 -0.8423439665284502 -0.6062425291110495 0.5232334728646575 -0.2917817837966863 -0.4459459842097888 0.4289584185917583 -0.46488544476379273 0.18696145238377526 0.06740271198032481 -0.25123453020710157 -0.08307448484526236 0.005084906630663281 -0.22672376540312492 
-1.2516793467893401 1.1920606002107077 1.0401478103043142 0.2742092933735706 0.8848258832283502 -0.48414609840756 -1.211286817498757 0.6906657700897727 0.4261490698495054 0.4673665357423644 0.4771480824760903 -0.15366741530326639 0.42416421473950844 0.7818763755266415 0.4890786615086156 -0.2380201934707035 -0.14038803351166376 -0.014667639886804548 -0.14407351419243764 -0.2721487660577784 -0.40569358225560737 -0.25795615557007295 -0.26447376651876714 -0.18443566462373875 
0.3446886207860743 -2.6796414999751126 -0.5869475625362196 0.5096346719911113 -1.405380449572787 1.4213905954181216 0.6218266704323249 -0.22446242116771592 0.43270959744401366 -0.44537673592718874 -0.8518576791219475 0.45979354541965 0.011095629593335174 0.11658366100411559 0.42260574390959943 0.0929572664849408 0.11982244867755476 0.05629657847115846 0.07359079227686897 -0.005151102678293033 -0.00530754703753028 -0.24793382045833423 -0.036215759867328945 -0.31000730734713716 
0.17364779680991316 0.19599654276443051 -0.7985807914306248 0.20771091154881494 0.31307453087560067 -0.33285046357651216 0.35778839490211195 0.31106352716817387 -0.06453966864635208 0.2012990982389573 0.6405087985050159 0.15392564448935458 -0.5266831976341536 -0.5123474547481479 0.4116639180034721 0.5706533499296892 0.4194999927683402 0.013107648860381274 -0.3795891379340351 0.2716937915965728 0.3899320105708453 0.23125715949809367 0.15717081757308513 -0.033724534800235524 
0.353261492129757 0.3412962138221639 -0.11244495925021658 0.03140617853161881 -0.4107027454741594 -0.006508873171242824 -0.631717402380388 -0.41800527187181014 -0.0327157605062664 0.3721647163153661 0.020989314966054246 -0.06611857438334928 0.5981362708827943 -1.1094829347623525 -0.23676320033276987 0.4201958154667305 -0.4086412105321486 0.5182461623050776 0.26065845085303746 0.052587040798176755 0.1438985482235073 -0.049320883920836965 -0.16149200813114042 0.05017542259142423 
0.3240838104412793 1.218634107556513 -0.4320952453491035 -1.1986365096857505 -0.8710129471259842 0.19048068930597845 0.5542526327097047 -0.027644179347898645 -0.5109342828878904 -0.635175668873194 -0.430787867287166 0.21046224899893984 1.007570521310983 0.16117357239041724 -0.2916572006120803 0.023243759756050548 -0.42778295557669677 0.06763361251527052 0.13901805979301857 0.05528256598805475 -0.06318494130411731 -0.017090821206883784 0.17167309076677975 0.016854273020190824 
-1.524938198677992 0.137488521915904 -0.05990073457867062 -0.04777906379179753 0.41258692102445105 -0.3950134679383564 -0.2583808010305839 -0.21286969030420994 0.22421125989426094 0.1208232993913978 0.16826667816756463 0.2809989753905847 0.8649380546037175 0.41456272091024343 -0.11853889145513952 -0.28180476314713915 -0.7707136874724839 0.06124852163785268 -0.1190803701621984 -0.22125148870029557 -0.11270957353859291 -0.10310222390502603 -0.04773692747134615 0.07758833245511053 
-1.9099639217191609 -0.18562032845369125 0.05011869806984312 0.17757225344237146 1.1847785643563857 -0.34149900373876696 -0.2459340851518458 0.04264803842020953 -0.0034483549342638198 0.3782422703215928 0.05185084460392134 -0.07019594945818489 0.26530760092429445 0.5396565000619307 -0.12147060189713403 -0.4472199126137131 -0.5017411677160277 -0.02251869075999628 0.10133292890916092 -0.11440939279822372 -0.14966074082757072 -0.25235865410383523 -0.09294045875662442 0.16804996108066503 
-1.1245288056011757 -0.20026473090346425 0.002064743405728653 0.18871608640897514 0.8735425612021073 0.07573540843757186 0.12561706703698244 0.21060308534502256 0.05166999613269907 0.17476241843305074 -0.07711925856545097 -0.15855447252011848 -0.5935947958940547 0.10419930933026234 0.030203881967424868 0.009428706091482109 0.2037514418843888 -0.18945644697148456 -0.13844390171770185 -0.09236203873763184 0.0689627072411414 0.07356647332676451 0.07637516362216233 0.10658302226001566 
-0.6720436888700121 -0.23145876621959488 -0.09866617864990104 0.02477565305500227 0.40373273593327075 0.022662323398003135 0.05825491194843877 0.10384761122215629 0.02431857147560265 0.09493073391748522 -0.029273522650784943 -0.07391091028770364 -0.7058304769100174 -0.05069313971557445 0.03514939955574065 0.08704473549125702 0.4723814008783953 -0.10781435432269974 -0.07381323414116354 0.030944530951053564 0.005095637748958969 0.13906884026333374 0.00707344341696339 -0.03847558348587469 
