0.0 0.0 0.0 0.0 0.0 0.0 0.0 0.0 0.0 0.0 0.0 0.0 0.0 0.0 0.0 0.0 0.0 0.0 0.0 0.0 0.0 0.0 0.0 0.0 
0.0 0.0 0.0 0.0 0.0 0.0 0.0 0.0 0.0 0.0 0.0 0.0 -0.020106220680997804 -0.029798300282105544 -0.029591161244990487 -0.02634035111092231 -0.021968408903719743 -0.017228739135284128 -0.013058250241549088 -0.009795425470469465 -0.005166737475662986 1.0389804855936065E-4 0.0033974743256770155 0.0054024142085817295 
0.0 0.0 0.0 0.0 0.0 0.0 0.0 0.0 0.0 0.0 0.0 0.0 0.022508526003605606 0.03231091406771839 0.030623555013750147 0.027297648065033736 0.022793542767574605 0.016858506242298205 0.013233472301668714 0.013204015014189227 0.010659573883489093 0.0043276964409555375 -0.0011012730858283581 -0.0045437383521600054 
0.06031866204299341 0.08939490084631663 0.08877348373497146 0.07902105333276693 0.06590522671115923 0.051686217405852386 0.03917475072464727 0.029386276411408396 0.015500212426988957 -3.1169414567808196E-4 -0.010192422977031046 -0.01620724262574519 0.012083594729842773 0.019466956774710553 0.021404158652770844 0.01837954189744606 0.013842878556662034 0.009470196285540744 0.004158483658404294 -9.452965246968259E-4 -0.006033553025298112 -0.009724486698643042 -0.010096241631566897 -0.008170710901559524 
-0.09768490903231353 -0.1416301926263135 -0.13625740690873617 -0.12140347086148467 -0.10133324165830343 -0.0764186274298208 -0.059287792267329775 -0.05430518324827188 -0.03972882786396176 -0.01282724225002757 0.008400030746000597 0.02173483636935261 -0.009769615577968516 -0.011802172825741345 -0.008729196340241755 -0.006020682363877955 -0.00288052153690276 0.001351216630310098 0.0036431360474663646 0.001614400830894804 -6.151243365573692E-4 1.8611727386654472E-4 0.001855134035966229 0.001208536189586033 
0.012591670326628446 0.012414225989025085 0.003916227496055552 0.005563109738404154 0.009137985159165612 0.009798724858288171 0.017168445158452006 0.02998848119822642 0.037965073007875216 0.03558708122094291 0.026088709521700393 0.013644714520002266 0.02870274929470895 0.03733502459545762 0.032357878234518946 0.030955411170568676 0.029399533677583384 0.024815557668260258 0.02092883487784659 0.01852127218779435 0.015624286990985753 0.0107032899059423 0.005833863635322775 0.004007488859627488 
0.05317234259208803 0.07389685590586981 0.06861621714018322 0.054791018888815254 0.03702518538670509 0.016890096382851813 7.374464069853648E-5 -0.005144304886093423 -0.009387057280771022 -0.01850773950491013 -0.023705968357264406 -0.018551587141631826 -0.02672417407713971 -0.036591266866516266 -0.034638983857451636 -0.036441006350916176 -0.035089378287828536 -0.024861087818200258 -0.0168913760732113 -0.017666831090154298 -0.014144712181099597 -0.002350803467284208 0.005893413560280905 0.0045188367586534535 
-0.10121821165333422 -0.1303736972061479 -0.11073696299304508 -0.10194242505408907 -0.09147258784409518 -0.06941481750526471 -0.05329252236290666 -0.05075797933306389 -0.04654353383756367 -0.029581315236063704 -0.01164101433136687 -0.008086497449135435 1.3295228750516346 1.258826476705354 0.2873332926541979 -0.35720775454346304 -0.5849324734574115 -0.24795607636156317 0.060019922927755404 0.12192278729503654 0.12322023318273079 0.03411134805033032 0.042486248378429826 0.07036844173933597 
0.03939255418908694 0.0395375695708218 0.02498613990816906 0.04167231558751047 0.05424017970681258 0.037771407206556404 0.026616819712983464 0.03906854028783617 0.04495961210205648 0.02680936638032836 0.009584651991691513 0.019043932077961102 -0.7854458697299505 -0.7368078048882958 -0.19072887379354084 0.11214307151023094 0.17291349723375715 -0.043790515580592417 -0.13331439430331957 -0.012875624790165241 0.03717903670843876 0.02584123632167547 -0.025249015366078143 -0.06041255108599534 
-3.9690870606267747 -3.746885560959513 -0.8362686118505309 1.0837457250194455 1.7553279083713462 0.7432262985311253 -0.17616286116095667 -0.35788630327384796 -0.3588689612317309 -0.0894055158726673 -0.11801534578806705 -0.21625837030780212 -1.217819884565028 -1.7448427656588006 -0.39326825939690635 0.9710381535262727 0.7285252855560035 0.4544565760896908 0.10512610414998112 -0.28397438428737015 -0.22705895183375466 -0.23636921212940998 -0.14501947624308603 -0.08177839927373659 
4.34344437626866 4.0925762024474395 1.0035686629495486 -0.8744822706786448 -1.405115554422287 -0.2580589148935659 0.46145209694968226 0.18704673145479433 0.03523854629099632 -0.06611934815163473 0.10522824346932011 0.26677200254568756 0.7626304801882821 -0.24703780300443964 -0.14380926646307082 0.028782770271820367 0.4515581647645144 0.407689850272619 -0.026093850580569858 -0.24159983739031207 -0.23744600073122768 0.06372022422072636 0.03097690428395068 0.06395015146832599 
1.400215531001964 3.0776352833319454 0.5797765536769843 -2.5569795924998293 -1.547370577447556 -1.284869384724276 -0.5860884734311994 0.7271760779455674 0.6394938545692304 0.7259906784181478 0.3755956186590769 0.1133846651382111 -2.2049266813491077 -0.5774816935833477 0.02422264016300398 -0.037374017222674416 0.6415649414242506 0.35015021081095066 -0.0406143385858451 0.041554262835369095 -0.07028582843049286 -0.006983268748927097 0.08313338718248771 -0.12329695510717946 
-4.933150182190128 -2.6316094435615884 -0.2516086434663761 1.7756866635316868 0.3509149283227204 -0.1712503019835998 0.3098611775898144 0.22133686184906465 0.2581162063952589 -0.5720494034272583 -0.3301515430837325 -0.3376280400500235 0.36013996308572516 1.5197441166166408 0.45887087620584727 -0.8652057271400442 -0.4617922589225438 -0.3775823653807511 -0.19042203353515 0.4499938677718573 -0.028379435021380812 0.21118039770963218 0.16225427811276416 0.11175806292525793 
7.283990262649944 1.347652342795044 -0.28134787913158044 -0.12921669041769712 -1.0473821572739093 -0.3506286403567098 0.021475614276512567 -0.4996941569770904 -0.2594503059923836 0.18450931801192577 -0.1497256140590039 0.45583251631159183 -1.5091878810289998 0.16672689542810323 0.3117589244876038 -0.7559509427475035 -0.28285446572147627 -0.3416108040756141 -0.1836224581195849 0.2603926430652314 0.2020961736006622 0.14836461852937044 0.01695831733601466 -0.11505297681328379 
0.32113712118749405 0.39833532286596807 0.057518250736289245 0.5072534597004217 -0.26973298774147914 0.40756780906490414 0.7289361537012764 -0.5494997543994486 0.5698489316359457 -0.42891986107742036 -0.11887397450993192 -0.2397261118167766 -1.5267514679285572 -1.00656098946463 -0.02443087563959312 0.690669369608892 0.1960384351538639 -0.11956488264148908 0.3196319725157606 -0.044035238626109176 0.333348618046053 -0.17251582430586518 -0.34740757853501947 -0.12928444914861806 
3.3006355224001513 1.0624822138338574 -0.5100636668871597 0.345089837658314 -0.38848322225102727 -0.5494460280216855 -0.24475858712817566 0.3314164568741298 -0.12266102885309971 0.20933205165511753 0.21908188236413262 0.409592631461439 1.9822537680710797 0.6009860748681713 -0.33997182145851496 -0.07318904786860443 -0.4411355861233434 -0.5828100326157792 0.2612008877355562 -0.02985577838213656 -0.06796432238404555 0.039000792326534604 -0.09497838042924235 0.11695755941481718 
1.6387815917204396 0.5306585893128943 -0.06395812266980716 -0.5334747093329948 -0.5666498446503123 0.2868530397733553 -0.5159176392551234 -0.06211272919821792 -0.810324286312542 -0.06691329733125867 0.5276674443097574 0.07334524982090707 0.57853542785743 0.48630104515250894 -0.5954786439575999 -0.10005401036415451 -0.5209555117671312 -0.34474390615799044 0.34073645944872294 -0.1513227465081807 0.22219206084819032 -0.13028228572135872 0.07556473905734423 0.0203199080735801 
0.678406723170232 -0.5214675150329331 0.7993057719470125 0.6107145377048244 0.4244830295505375 1.4581588421364025 -0.13970015245195622 -0.6538203344312961 0.634529270133997 -0.11349634084075888 -0.1880611821811215 -0.05157584275170157 1.317679555289226 0.8193021914702167 -0.406479413553441 -0.12812449882685015 -0.5842203890682615 -0.337884800512468 -0.11766323352932434 -0.020448155917924926 -0.05394740039415311 -0.009654954140365315 0.2484032306604759 0.21873713395011884 
-0.10335476276983613 -0.2685929481581635 1.1892694631920029 0.67460314076963 0.886650421659132 0.43799709245983154 -0.34580244198300214 0.3970868807778064 -0.47532240040217355 0.12334119233459406 -0.14199665940933753 -0.07010159893094664 0.41964379488015197 0.055592044224567726 0.24538792723505906 -0.2530712391155323 -0.2557627639873037 0.248416515145355 -0.08380978054984307 -0.12075639814420525 -0.26587651294248144 -0.04993964257881504 0.2463674638687243 0.06504131046265325 
0.21866503377761148 -0.9957985918412637 0.08276078084225835 0.12542440908755204 0.6375278117990351 0.3886363471724805 0.02317351482373675 0.16316111963989238 -0.12831977062582464 0.1431696692432871 -0.19129575775774763 -0.17489534601299073 -0.10050754904460509 -0.5306174426136206 0.3425877583483144 0.1936047029137052 0.5890728554472947 0.1948921689442508 0.01667701512481166 -0.22391103429417955 0.13524166154617123 0.07019332459033835 -0.202679024833225 0.017808253835254074 
0.6097210517762939 0.6010479950433565 -0.44184940882260726 0.46838407232223833 0.09411605618734997 0.07636474181925124 -0.3459251312434406 -0.1083342618011964 0.36872977289481307 -0.04542737463683655 -0.20981765950810233 -0.060118929936408105 1.644140643282424 -0.6860048187083073 0.14857067616753702 0.7911857329030116 0.27629196421955604 -0.3639232117818258 -0.5698686128856733 0.0758726366406227 0.035506713034040883 0.4988268412777403 -0.01486020914123655 -0.051897772343676624 
0.6233914630309823 0.6355643412071688 0.5871019329093743 0.13300996318740466 -0.9464683540554555 1.0542985106239402 -0.18966985319617197 0.27062333974074404 -0.19322180115301008 -0.23969203112605864 0.45388639236793593 -0.10999193875473307 0.5819643726722245 -4.559852246443323E-4 -0.3409277830293762 0.3697279105007027 0.1696175530829842 0.3006796163976939 0.02404352165335466 -0.08126911286284583 0.07958282647599887 0.07142602298313816 -0.050632420378441435 -0.12570104007888286 
-5.238139907243793 0.9737400414425421 0.49138685865583387 -1.7027468349893313 0.8497726119277091 1.196935646079579 1.470225080683972 0.11573786080551246 -0.5493915242407035 -1.1817084813139542 -0.42000710704846966 0.0531400144709544 -1.2727280719439291 0.8015236748728314 0.25179099889348394 -0.16552885346372112 0.12413153409468129 0.8683548014427517 0.03739777854768774 0.03265993532937798 -0.05123411105308164 -0.3254050515775401 -0.22746677581550281 0.010592825914662873 
1.3967023952709816 -1.1807766593669236 0.6389259961911664 0.10180613124122884 -0.24915312532009715 -1.0736879541507651 -0.9570321561000336 0.29493239692507545 0.09199239851393701 0.4970321536324315 0.06569622714776036 0.14557830201997657 -1.6585777693428687 0.3898110169952124 0.6246857615246727 -0.549561080760417 -0.037221199023055096 0.9171022263215075 0.09214675985730485 0.2999871360344448 -0.20976953045645974 -0.2697428509484872 -0.06470892687207674 -0.08858810461900866 
4.041249801488082 -0.8953525292880915 -1.2231344371439552 0.9805725486864896 -0.6269361604643731 -1.4647064301216508 -0.0744373154345731 -0.21846859638149604 0.3798250062205844 0.5624256877165389 0.6666777505484939 -0.21968252806775154 -1.028913498105501 0.052051550950278656 0.3843231843611689 -0.6530446955025654 0.2100127140335674 0.39443043659511856 0.2287723697765002 0.14617806493910562 -0.16676043105517616 -0.2380077519283362 -0.003073711316741353 0.11083753367219969 
0.9594299166936509 0.40067757558684836 -0.42969470376474916 0.44003351363074517 -0.0964503707902491 -0.36618713023996724 0.3062210652911861 -0.46223483976908625 -0.028521475014274766 -0.30253056279584345 0.1046707441856844 0.2921836463716459 1.871266257865094 -0.3149780868835963 -0.05636835487621816 0.19352809571924512 -0.5573972497781797 -0.5768616336010605 -0.5252601857948225 -0.022401819396593654 0.2666816175833428 0.25923625428489605 0.29507282086091824 0.00557001029237227 
-1.9327631736386248 0.026858271114820198 -0.12727234444971502 0.08727356032360678 0.14338309256208293 -0.3401060756611757 0.15228136065886155 0.055787284335276466 0.011146705688930947 -0.06790386731480824 -0.43027323161720765 -0.3526752587214793 1.505855346026668 -0.2890005470572774 -0.614053201249008 0.27487937930778855 -0.2411542438482921 -0.63882417357649 -0.0398415696223969 -0.03595843582238809 0.1344609051630551 0.13019978822633202 0.22875780147124672 -0.0673911606779601 
-1.2300898907609472 -0.6969477989175905 0.2601000144727008 -0.03212866173506512 1.0378789975012142 0.09459676942217887 0.5053890632377167 0.22500991475647014 -0.5237133039702647 0.03448816829341694 -0.2710467443521436 0.19536463646972363 -0.5481635158985219 0.00936533029928229 -0.15710609808765477 0.053053160170218806 0.0410248466616138 0.06531578669919803 0.1360737297761375 -0.026425411524400717 0.06958863154521398 -0.2755659114055223 -0.060941890600355375 0.004432021034863139 
0.6184436671353772 0.5204617991359601 0.27412780748434384 0.3920154984460291 -0.4706381130652284 0.22137414077674633 -0.054496605540647725 -0.45421566617710996 0.2240382052094141 0.003316957492912609 0.16826309040366763 0.030900458917089896 -1.3808094191831615 0.10035234335987935 0.034534516746514164 -0.0356299406876183 0.38962879658559507 0.16648918309481175 0.17933539342629243 0.12396244827488245 -0.0993972425564819 -0.08512494591892406 -0.2219566848422828 -0.05014062984383494 
1.3283170440022154 0.12577982067843152 -0.15907648546881425 0.12850306405887757 0.08748569203856515 -0.8428745985565222 0.0013888590625282526 -0.12795712993969088 -0.34373311941015827 0.488556759016863 -0.011771745023687108 0.08709972444777189 -0.6446471997281223 -0.06926468991029984 0.1281073001974428 0.08838144188662185 0.5005767650487418 0.00480203054653681 0.3655435128466724 0.05853285770032035 -0.23221667203110738 -0.13260268552059615 0.007877748066734636 0.14940067533488746 
0.9304616165292785 -0.6855625687628288 -0.021287644718499976 0.11384751948949035 -0.5503066444633777 -0.3708379409562603 -0.1337247175324215 -0.13961653814129038 0.2193483410783234 -0.03956332491975911 0.10595932324541249 -0.14812091317899861 0.2513247721127403 0.262784473858769 -0.007638726495719912 -0.10724108167402784 0.027203955907508348 0.05304644354344731 -0.10764173979219488 -0.1686146307426504 -0.08695739209463775 0.06711754104305868 0.015800073890945083 0.09282315923776881 
0.5478427337264691 0.11385845476270351 0.02348583998179432 -0.1581889979166613 -0.42401703194593665 0.37629671864907177 -0.5516274193064137 -0.1078882223624007 0.1752816441886027 0.4537363660615413 -0.26352810497321993 -0.16332670348689446 0.4982884406290437 0.010347044971123523 -0.31321661805080714 0.17618813816327158 -0.020184588797483933 -0.4761687131873084 -0.05649785191398998 -0.18762089310126875 0.00545672106149749 0.12634066263547258 -0.004585192406494927 -0.04929969917435643 
0.2547065059350295 -0.2619309394824829 0.2057628242461993 0.857084774455882 -0.29649861879550254 -0.5473508484563926 0.5449367530204079 0.04159377226219618 0.22540299969394684 -0.18062546915860256 0.2467410487055988 -0.12235580482888339 0.22299713785844766 -0.02364941461140731 -0.14145119011523097 0.22149110633667024 -0.15246530284226578 -0.19396968970419695 -0.1281012346639829 -0.08833611051838608 0.20396149995708113 0.04086123663942203 0.04685624480246755 -0.035353061652410075 
0.17132927741220882 -0.11707712887511201 0.6670481342012575 -0.771679977914133 0.02113544559707936 0.673887994755469 -0.1684483204719165 0.3443003941623721 -0.36313061190246243 0.18006584322986696 -0.06840703053429548 0.22211626779578358 0.11904159691998532 0.06356099861005367 0.03834913931493281 0.1978801212991069 -0.027272394161137026 0.03205926591250894 0.055270966441923385 0.010958340151515386 0.14826046339115334 0.11590049426661725 -0.0035247008722940434 -0.05523763252611243 
0.44972693111106565 -0.49914653310969914 0.0812847785174613 -0.24388030952178452 -0.3154869747080884 0.062275490103131936 0.05898943704227866 -0.10070251484851855 -0.12333003074738735 -0.025311773422188044 -0.13216994838145238 -0.2347832138631074 -0.12574007257095174 -0.10860208376710674 0.28913757418075337 0.20847085698428755 -0.20453915555600513 0.15374476989143646 0.28177364269528615 0.1397096080867854 -0.03995485056480939 -0.13490617695223697 0.06619609594902078 0.0505073144672705 
0.09320773037849506 0.041783255746150605 -0.029322555098635128 -0.20134681982514868 -0.33270567150623265 -0.02469424836821732 -0.47446666064311915 -0.06961509926158949 -0.09513323076419022 0.02837803539348227 -0.06349850381281225 0.05859989860855486 -0.3295202741694876 -0.06799871742168657 0.23720301680945877 0.13275013265478983 -0.4205435371626698 0.3824711831317266 0.10135997349468252 0.19284454690114136 -0.353636055549647 -0.13809332733613222 -0.05807807772740745 0.12997166023875092 
0.6709874971647416 -0.015554880491793988 -0.3134645536461145 -0.05349437554147274 0.4940394064241689 -0.6592940365688589 -0.14737500497984923 -0.1705773052861792 0.2112688608192389 0.2999369656163007 0.045698497497794865 -0.1921195636370805 0.01234798778912527 -0.22963690340345777 0.13598077048073934 -0.024141892144435777 -0.16587988845745608 0.1988015971690972 0.036719403977031995 -0.11728698752497202 -0.1633992088050226 0.019237737774295494 -0.18210874873897476 -0.017198309032086384 
1.0492598168938336 -0.15487680291900485 0.1528137498546691 -1.2651233428686584 0.8780028665189601 -0.1127407913037155 -0.36934601994490013 -0.1992958513222216 0.5304781089631654 0.4317214557190192 0.01689297970830328 -0.18913053803348268 0.06862358694252475 -0.153756116788433 0.13668532686488036 -0.17681745749092037 0.1131435926205399 0.0450582595675408 -0.25678565422577987 -0.21437887793878185 0.1209293449950376 0.17042180697347664 -0.16064153973660486 -0.0569667059973347 
-0.06534307551397944 0.2880942064332519 -0.41772568540140886 0.36043362843327764 -0.4232015783483165 -0.4901060299364106 -0.10372909523792684 0.31599882375671356 0.0540619258040026 -0.284696696907843 0.3739605560749142 -0.05932306844582949 0.48070154200977083 -0.31532036003711195 0.07563771657265102 -0.24222059093943368 0.46436911419876264 -0.38791918520443325 -0.15866065608650815 -0.231751175372262 0.22981994440067277 0.32652323158062546 -0.004793589222652883 -0.23366807371606382 
0.2555022558902813 0.35122706264892667 -0.38724796981562903 0.12214155066023724 -0.21351595698160963 -0.24446303038706385 0.2740673471632593 0.3302334700333097 -0.3793177982416849 -0.1905705542648758 0.25429508610844265 0.16310176900493345 0.5150944447265206 -0.33386220630233493 0.3484835585863921 -0.5543588811215924 0.4226476930672501 -0.24004620228565332 -0.16531741820679913 -0.09511216614456382 0.07911264053201587 0.2658826033280319 0.06867376892748461 -0.18659525523171586 
-0.3742383483627947 0.6773542668355761 -0.27034684352891847 -0.020465049487619513 -0.35330852442183414 0.5703246385861149 0.006900279725595482 0.2599115601528412 -0.02329301878035428 -0.36848672413362826 -0.05862178803431617 0.332768503991903 0.06574625640022032 -0.15593395663159862 0.11348433489340563 0.20930819792072788 -0.22639047205148696 -0.10366289324377871 -0.143901169843523 0.17043763213668248 -0.10843243097619283 -0.11470433725469702 0.14983159034238608 -0.0410305790982067 
-0.3415758808613205 0.6520797857868379 -0.9663263468407521 0.5884026394565676 -0.4248867396460314 0.07718248129198169 0.0712915471937361 0.11408427891340603 0.3318176596592962 -0.3240313406521839 0.027162844980464618 0.17460944144279872 -0.538231179572619 0.4726264231529898 -0.09243621635012979 0.300137976829761 -0.31409833537605003 0.026219868827645376 0.20173568548451404 0.13958071022863427 -0.1522243898172976 -0.11848550624611658 0.18925000864080985 0.03504545638539953 
0.0359572236611605 0.6054697147590922 -0.4686395015690642 -0.5006215097270712 0.36165522913835524 -0.33994010604459723 0.4293623142774038 -0.08723947709338198 0.023791489782090558 0.12614670804990213 0.038031905611744965 0.05801483262985796 -1.2408530249509322 0.4941713695339541 -0.38020304910395747 0.14165946587499784 -0.22284596066446052 0.08386520317975756 0.22117689293329326 0.21857591727079292 -0.06282841462522047 -0.036977888717056984 0.006816903610000674 -0.01230281286979971 
1.6650980085961606 -1.0307099307718008 -0.010792991745166791 -0.53819414970932 0.37129717236644577 0.1320097354453561 -0.542370726566187 0.0850668579705185 0.053813116928985494 -0.08243075161829128 -0.3617817866370174 0.19534223552975738 0.5126855155097031 -0.42376196026068813 -0.38973090902279234 -0.13338371521387374 -0.3155173673168241 -0.3992609666085032 -0.017303879146878847 -0.021292821079924713 0.03923039514666221 -0.02027900758402133 -0.07537126884495136 0.10138681410666184 
2.344983781761261 0.03623501651303318 0.3924956262351613 0.11785494747033076 -0.08286259843469113 0.29131540197015504 -0.3497992621943228 -0.3813074811880937 0.3041944964604625 -0.3783533524994036 0.1153998169444228 0.3593105455578228 1.8599443293952513 -0.012549833979833558 -0.24387716977798155 -0.2993670826075007 -0.061972870876679874 -0.19461696770609485 -0.04489798353895402 -0.22699592331857735 0.06535816025517875 -0.22686486835795172 0.006799059746722837 0.33876435687827194 
-3.03414570644048 2.207983015691932 -0.22770118367448777 0.6793155564994878 0.7439242760909641 0.9593376271101153 0.5127839728702359 0.32499674420053604 0.07392497088012362 -0.010944287625467064 0.21459269584897978 -0.2801988573411692 2.433324663786264 0.27367794775129 -0.1483274074093526 0.1323680169889666 0.19416233209138323 0.10907454594841276 -0.20887984992666775 -0.14349614074260483 -0.02135446371544164 0.03125250283361917 -0.09903467973490405 0.17846827985193156 
-3.1942539070062734 -0.9762272565332735 0.3714461037295409 -0.21127511500897306 0.3612602899061357 -0.1697531487586923 0.036478915176054394 0.4737833497473414 -0.18233891795901475 0.7709980811273451 -0.2705525148714221 -0.7205076915694948 1.3040997646702952 0.9990652790299651 0.13890074939726937 0.4049147144199896 0.3657684476403042 0.3720454880159961 -0.11604125317044804 -0.12506089157567477 0.22639084692549502 0.0055978442035840015 0.25752369171083167 0.021799248978966106 
-2.8652571383788636 -1.3455126375025175 0.44471399173570125 -0.7707331694365679 -0.4332512680781173 0.03532037296454149 -0.1088702654713723 0.08800986473061545 0.361143215285049 -0.7508639769325232 0.1282984184756173 0.19984651453762153 -0.8618367880908181 0.6961317686522527 0.2208745921284843 0.21285736975977476 0.44612438756881295 0.5134900747438603 0.21352282891680588 0.29349785513927806 0.4676064322958669 0.1853091462857712 0.0559621353026039 -0.19038178892544433 
-1.651759796280433 -1.1842129939796373 -0.3604142096617413 -0.3718648328216102 -0.5915801692710629 -0.36281243500504634 0.30915161648782546 0.1123686332738909 -0.5185871665184852 -0.025187040456627563 -0.614024119501391 0.05389011268152912 -1.3075594472095917 -0.09110058693640206 0.2100496694718658 -0.24671043149035135 -0.12099502100434112 -0.21068057609900123 -0.11999847687993526 0.2069508256802578 -0.08709973953229129 -0.02524001876497639 -0.2650952111678593 -0.18119022281016792 
-1.219882397530946 0.22358057845835577 -0.5243948033642996 0.12103830612648209 -0.11802865702687537 -0.48460295399828857 -0.2641208645360673 -0.37478946298057286 -1.1607702017277417 -0.16877916569079426 0.21844209225615252 -0.0962523926903482 -1.1023655412783084 -0.6548430429768065 -0.21289210575134518 -0.07451838205762773 -0.3914396114667273 0.11017704666014472 -0.24913096903289947 0.23737941897157547 -0.01906104448291242 -0.2586168712684214 -0.1010083122571296 0.07544988006279861 
-0.09426293580145728 -1.487472103704504 0.2258514928639439 0.08297044168055595 0.5666340473935381 0.7222502430197264 0.4740996453482077 0.0843305365621621 0.8399170091442545 0.5556757318014098 0.47966128174188816 -0.028887569525006165 -0.4907778908689521 -0.4501199399674653 -0.25284726107038713 -0.23845600259022948 -0.474724357896889 -0.2864162100397262 -0.150928110510748 0.0883258992646249 -0.4355166759557183 -0.14900876598557575 -0.2810140334542663 -0.14248192680004168 
-0.3369089447834259 0.7706460462903352 0.7902574577268942 -0.7745956605147678 0.161960457989764 -0.837742106028279 0.556048627197135 -0.6101093438282466 -0.2609257390975836 -0.26544474925627765 -0.11551934537463349 0.014885715452493342 -0.4171385954697598 0.1127758279665619 -0.5461028907879587 -0.25905024839278346 -0.12109364960089986 0.08466254126833594 0.22524101350641942 -0.055574752859458815 -0.2945107642289452 -0.15334590925118968 0.1837466403269347 0.013875696572370705 
-0.6209128500473367 -0.10738590799323122 -0.2591985569961768 0.7913201582697031 0.6925983469112844 0.6730057711291275 0.3518512021534683 -0.03494912409614692 0.33804063003359053 0.4701720492828414 0.3959986996768009 0.4257668390102333 0.1402498004250415 -0.2077465897869009 0.09640699761894715 -0.03798986338792859 0.2601476721531008 0.3100444546949365 0.46066719308706455 0.02091424297745061 0.31882787636753057 0.25658899314902006 0.258800504812665 -0.013545607013895913 
0.29485834600127303 -0.8047900032969663 1.3564388939296368 0.5440141930102588 0.18227014201695102 -0.713968341857997 -0.8787196834579559 -0.1484253740730419 -0.026299719485574177 0.334010403322059 -0.290966537692108 -0.36520668667508005 0.20509071327510742 0.28885814531857273 0.2479406061616042 0.09270207652118163 0.17741102459634583 -0.2717493583610647 0.2975396478254038 -0.09781656765130836 -0.03516070813799466 0.043292365123589194 0.1644390093443502 0.14070935770087764 
-0.8308959824689313 -0.0765143095501506 -0.34646021809426886 -0.46236489491817157 -0.2239638110793578 -0.26977000315022415 -0.1905177785854405 -0.20925417724779205 -0.2338796297643419 -0.5138188239348187 -0.20901663653736946 0.20179545258046827 -0.25570119342991077 -0.2344269125910278 0.26977550206962725 0.5911337208990013 0.4784333226817108 0.09374784089607857 -0.03733472567987117 -0.4199622468870288 0.06860385878919407 0.2330534162884541 -0.013525955431042217 0.08281157606499039 
-0.847189518397951 -0.11136418888692329 0.09006646979112753 -0.42585936348437525 0.0880084631960476 0.44889385619459077 -0.06538582590962211 -0.2295071142984989 0.1305165152153666 0.09667359198178482 -0.30632870530059897 -0.2952566644352571 -0.1277542978792968 -0.2619671097045127 0.7247687558596153 0.469327619260502 0.06538224657849812 -0.10325812312595706 -0.5139827763966118 -0.14037402832572768 -0.11771320311581801 0.010722068486108868 -0.22945842899682142 -0.142763250957426 
0.7172146624420077 0.24918192257483074 -0.43533885113580384 -0.49714422617998366 -0.6955707817233963 -0.18966885058540206 0.057188450418914905 1.265478486677668 0.05382093631553789 -0.11031979391238389 0.44425764977417304 0.1423570996953507 -0.599907231921044 -0.13087458476187605 -0.25613689236294374 -0.3482098754578247 0.11183787251151249 -0.009741718710104688 0.2591951087183194 0.16142301494433223 0.1275236627193133 0.09571129227133708 -0.17045683425661426 -0.059909647417511015 
-0.09593408281630611 -0.18173679024591882 -0.7734280571284415 -0.846578999140341 0.2219268876034759 -0.44424454876253683 0.5393755312297017 -0.4646696210585889 0.18298960682194 0.100094682852515 0.07077160614258493 0.09280224263975678 0.33482140598352134 0.3981371581981736 -0.1401834625325796 -0.8701661484912379 -0.6706096564991316 -0.3358567153090625 -0.20841292881179707 0.211827514495765 -0.03376372064352919 -0.0954109092036225 -0.033413216648417156 -0.0909631507080441 
0.5931979955033783 0.3512957454149753 0.8536977224543469 0.7926245492832855 -0.6264366408176094 0.20602435545865372 -1.2704837833100606 -0.5759419687007439 -0.6426871637255686 -0.8026632461841949 0.11380371051088134 0.18749494129549438 0.7459392625646508 0.005308156748212574 -0.33897842595955674 -0.2560914972264719 -0.6167953758786834 -0.10479536112805458 -0.06280715530097379 0.4031071050240182 0.06163955010532345 0.0030448270669703645 0.20747620553104865 0.1441952912863785 
-1.7896454028792004 -1.3568325749015162 -0.13390142940620908 1.5397546942577036 2.065270362240549 1.2586173990997505 1.223689077390257 0.05572056990341201 0.5800617271665074 0.7290780457285578 -0.04086208572370165 -0.04493613311119665 -0.24285743810490767 -0.1824817209495202 -0.054884569543211525 -0.261762443340881 0.5465051228116399 -0.17002766238218003 0.07269637837544209 0.012810416502803235 -0.09094924415523065 -0.09777853075686582 0.12597778336553622 0.07431166338843624 
-0.6737474652204976 0.8208053446579917 0.26183311288175015 -0.9220365811995903 0.23314360859411742 -0.726713741132382 -0.0965468567584413 -0.20403792387538688 -0.32963377417271617 -0.4339459565513164 -0.12235412088582964 -0.22135958628830804 -0.42621882827038354 -0.428179822535167 0.5648813503105741 0.7585752118009319 0.8908233957596012 0.16289514466395877 -0.1889425770018963 -0.3485855793206696 -0.19402431572282328 -0.0020781314208095925 0.12243566628601578 0.09072119775555432 
1.2661109618603548 0.13095357298113353 -0.31284204371250857 0.79603889612374 -1.8473786055373074 0.5322074866795211 -0.2656820671724342 -0.6890528929796771 0.2993106445112057 0.2090716303066732 -0.18908282825566824 0.07429451626634925 -0.5409818850747111 -0.8631178231095445 0.10625185695927963 0.6617857513259086 0.8180656301355421 0.4584303535791982 0.47289576476136164 -0.10182542187863945 0.24758401637826688 0.1981545821151163 -0.008253225775078735 -0.1568673480291453 
0.34397629794475115 0.8919421390791515 -0.7514760213242255 -1.1112431870525281 -1.342582344207485 0.08054387767689208 0.041029519976973794 0.8422015007028093 0.07976132477055203 -0.5364256442108238 -0.1793929170811827 -0.14428397665994153 0.7513313226263426 0.36104171139610663 0.08618497146784303 -0.2802660575982838 -0.7534902813143219 -0.1927422754248349 -0.11108382119716671 -0.2817583370511757 -0.03776701471459757 -0.2735864078834811 -0.07632026230557305 -0.08887256801395187 
-0.6755616292376914 1.196952497216538 0.05399756681893986 -0.3509992567935529 0.39893644823472374 -0.5203024710424811 -0.2637864052615355 -0.16192287674976774 -0.3673878714399274 0.18585414321296262 0.012416989699211095 0.3871281061620559 1.1618987141948878 0.4820621134035345 -0.18065898211360562 -0.12081473623549081 -1.33452982431029 0.0465213065391871 -0.16016021444283238 -0.21184759040599696 0.07954997462016056 -0.13340528651014202 -0.06152422819692557 0.0674282293765152 
-1.9569051375505024 -0.7953192516480304 -0.18014160678750313 0.49228066805390763 1.3704569256510677 0.3777680640031238 0.23575677587760951 0.37767207916318557 0.11701652794664312 0.39842201064598226 0.005856757053449846 -0.1111586771943058 0.3929672576727928 0.7060116185143116 -0.1708591891487966 -0.5094024923672845 -0.6234481147148716 -0.12548888629048027 -0.06536962103879358 0.1871921672257463 -0.05893410495310201 -0.20738445475307302 -0.0424387344635665 0.04680027683350798 
-1.0691444629766815 -0.4716020718658789 -0.05653230464005293 0.35672117727699454 0.7996912324642865 0.24403147389884391 0.11743494820574513 0.17875458900812558 0.042033119062678474 0.14186366240869627 -0.0971349807322078 -0.1445528215960142 -0.32971453206541684 0.40397462769429077 0.04859308134521989 -0.05629148225486417 0.2538750193886466 -0.13481790727463583 -0.06193114488498941 -0.023051333515709805 -0.11540779420780771 0.09694085413717375 0.010713535446970004 0.12584125330089357 
-0.6381340582041322 -0.39181543192257484 -0.18363351814833934 0.0631040730140518 0.3273846078223487 0.07484356407767044 0.04652770635971423 0.11028626614662373 0.051853144378555094 0.10772296045052837 0.0026992715252262545 -0.01884434328143042 -0.7315729301846177 -0.2937223014997847 -0.05727848973650518 0.20597198174555795 0.5424622074555836 0.165862461710668 0.10541138099800602 0.15577847656251598 0.052867875589524015 0.14616849378051253 -0.011583656275351953 -0.0540491758775253 
-0.34580357271462603 -0.21672329572906196 -0.09003572153630171 0.0324634874909675 0.1588475489831434 0.03561350074415311 0.01662156415238035 0.040924030305642595 0.011417202967539702 0.040381105899168296 -0.01814487387758712 -0.03655282069706252 -0.40506022284415416 -0.18435344261079803 -0.025931284315217767 0.13915703666112847 0.309676467604397 0.09750012884044472 0.04943658655089667 0.07568824955754123 0.024933306274580864 0.060557745299644535 -0.03033865162036377 -0.050340122179668545 
-0.1238567921276772 -0.041591735217084924 0.00844557087013681 0.03649356771024728 0.06349214502488851 -0.015610334551534807 -0.030070675089726197 -0.0207480711731209 -0.026279140774359513 0.010657807559208698 0.0011126724521953596 -0.0030111500112057557 -0.22389617759211689 -0.12393839808609618 -0.045201942416231246 0.042514327493134184 0.1326382745440177 0.030220037951974237 0.015304969596016573 0.03999884732584523 0.01953079901421861 0.03788388096417406 -0.005067551576119112 -0.014312052602630118 
-0.11110242748244659 -0.09365359238622972 -0.0747779962036377 -0.04744468005448864 0.0026080610498257634 -0.003241963307887591 0.007424379277775325 0.01720700899537419 0.006299342815393176 0.008723002955422499 -0.005325726334601051 -0.0014490516921209125 -0.10938915849580273 -0.057519151455690976 -0.017652187142097004 0.022810716514757214 0.06476572077345812 0.013288005933238005 0.0017658080308788071 0.010177729100231429 0.0019122709042554305 0.015728217679806786 -0.0029039654273023373 -0.006306512935985779 
-0.08379609804387123 -0.08153508933570244 -0.055656553565977596 -0.02448482569262267 0.007589528156954406 0.0036111822477680883 0.005211390008967025 0.002148234824222245 -0.004180322588027474 0.009900369029879091 0.011492352482090556 0.006539930023989135 -0.03657772975765757 0.0012784540367547503 0.018344893143558288 0.019096846884971406 0.026588720429045243 0.004412664109972407 0.0032238957208760807 -4.459702058165008E-4 -0.012462699853458969 0.0010924205197676607 0.002086643074349199 1.2057517897393587E-4 
