0.0 0.0 0.0 0.0 0.0 0.0 0.0 0.0 0.0 0.0 0.0 0.0 0.0 0.0 0.0 0.0 0.0 0.0 0.0 0.0 0.0 0.0 0.0 0.0 
0.0 0.0 0.0 0.0 0.0 0.0 0.0 0.0 0.0 0.0 0.0 0.0 -0.01789538791116622 -0.024418688944206606 -0.021953294975241993 -0.01954898861947481 -0.01782858095934059 -0.015620658579807526 -0.013854387766384313 -0.01261774580646785 -0.010104421901846313 -0.006746366476957283 -0.0052687322301230854 -0.004717553521907253 
0.0 0.0 0.0 0.0 0.0 0.0 0.0 0.0 0.0 0.0 0.0 0.0 0.04476466290484756 0.05803084148573474 0.04760021391653125 0.04000463266355251 0.03510988578679525 0.030459551323697237 0.026777362839261104 0.02190166506303153 0.014228634887309485 0.005810988864307712 3.9430852650824505E-4 -0.001636098381882246 
0.05368616373349866 0.07325606683261981 0.06585988492572598 0.05864696585842444 0.05348574287802177 0.04686197573942258 0.04156316329915294 0.03785323741940355 0.03031326570553894 0.02023909943087185 0.015806196690369256 0.014152660565721759 -0.03465876531537907 -0.044680495874426206 -0.037535105102897794 -0.03173700003853563 -0.0263932705227093 -0.0242794235581416 -0.02134787665877162 -0.01082296262721639 -1.7764796719763978E-4 0.003723308501266398 0.006701640270655183 0.01134562069294874 
-0.161137070581292 -0.21072055787351412 -0.17573058421245674 -0.14933738091986976 -0.13207252879939663 -0.114809641840803 -0.10111367016735978 -0.08463161389879637 -0.05784253751469792 -0.02755251630835906 -0.009086023924709363 -0.0021680351372141415 -0.0087246931910648 -0.007360796915787407 0.0017457601192447751 0.006150855973946119 0.007026044378789971 0.009411471379824407 0.010154880313439826 0.005013664468659186 -1.2876261382153512E-4 0.002840124870667209 0.008326595871476735 0.006442156363113831 
0.18454483123678322 0.23940176656003567 0.20047060741492176 0.16987969057554175 0.1452160759678262 0.1302430915948263 0.11460046505999474 0.07478469483104735 0.02945421265894188 0.002606332650380336 -0.015561908849610867 -0.03295284451023915 0.03745637238002194 0.048772730125430756 0.04092726050095829 0.03366663915887396 0.029408769372370903 0.028291528808401894 0.02381065474769695 0.014611049383610727 0.0097524377151512 0.009946420832421173 0.010239308988748785 0.0075913815192918885 
-0.039255254178447885 -0.06099045911634571 -0.07254264160233222 -0.07406893028039702 -0.06694329968127213 -0.06992497206717509 -0.06698329182074038 -0.03350672211179946 8.158143647631344E-4 2.9600877824412924E-4 -0.009295734844440143 0.004226283448638964 -0.007225242930491167 -0.005212069461090892 0.0018077934425374993 7.775136782224301E-4 -0.006034598744399998 -0.01186007234788713 -0.015368923601803358 -0.015858086879245944 -0.014336747522617163 -0.012943068287289613 -0.014401879531761206 -0.015808371548809912 
-0.11962386160798921 -0.14792717292225666 -0.10851586788221115 -0.07998717693793381 -0.06730517979815319 -0.06045494557259706 -0.046933990117247616 -0.03154235662492708 -0.02827322337964519 -0.023524425609693266 -0.014806874816011707 -0.01181864328508046 0.7903048451214021 0.6865737288487858 0.09988894813835963 -0.21469652391772176 -0.3172566182860403 -0.1544920334807565 0.02579819190339142 0.03537861670755337 0.03431430784785596 -0.007666458350705749 -0.041577532885680606 0.004646083377440023 
0.012623004632567714 -0.0014198797490952708 -0.026660726891502784 -0.02673648819779928 -0.007708104683206929 0.016119593786570074 0.025760328226671472 0.016106172466928678 0.014031423072447105 0.024342067683546582 0.03374209765377467 0.034689978896636255 1.2975832223213224 0.35727271260664933 -0.11998427643198627 -0.009518542004566055 -0.4489832947925921 0.01507861785026673 0.08444534165868188 -0.10004252028281278 0.1752851152226047 0.05238200500864502 -5.434239169275964E-4 0.0917905045513175 
-2.212308833532931 -1.8501047096699466 -0.12213719435557185 0.7903030412874082 1.0673683333269146 0.5506969091102232 -0.009165920673885442 -0.05615760258097682 -0.08009651523846797 0.013582678249846356 0.08765177355832354 -0.06212294236655787 -2.5966401751759056 -1.5160587590325278 -0.11021615697973679 0.30151114934766793 0.899899711529383 0.16151137603988538 -0.08016837203906736 0.15240592611056789 -0.09360737076956367 -0.01431492634989011 0.028143654416035835 -0.062310261343288105 
-2.8856624351799445 -0.2817198285624487 0.2942208509303069 -0.4806584133793699 0.7126698281339703 -0.4207367529593854 -0.3392033515184671 0.27892846171466373 -0.4991278853736395 -0.17540355817746076 -0.05889478728082498 -0.24599308066457481 -1.041038781258696 -0.8384625025674043 -0.02045946853218843 0.5655038290234927 0.8304768331334985 0.37305085760563883 -0.06477679776235572 -0.14344908743997442 -0.34878842923625036 -0.03317755706144334 0.07802486159978787 -0.14153411095644788 
9.119439383825984 4.540399078582004 0.06169181414609437 -0.7575596623901522 -3.1271932807948906 -0.3265609003192754 0.37605296587252374 -0.6201712795804982 0.5091285431520891 0.11929316637048074 -0.05291939559681938 0.3154536705253894 -0.4822065293549242 -1.0025854049524845 0.03774316147425171 0.11464639915349133 0.47948558316987683 0.0012451936830325898 -0.2714281835793544 -0.09420062905366226 -0.05975801051641693 -0.10043963762385827 0.04764163403124541 -0.0625305866690457 
-2.5301347602708013 -0.6812842661728578 -0.0571968255457706 -0.9493166234294974 -0.4018577970227999 -0.6644040743155972 0.027481278240534035 0.7284602732866127 0.7657841815859197 0.07101949480755942 -0.1300469025680175 0.2705040053200063 -0.5028036222691149 0.39172784057991245 0.03014552085915941 -0.4367166812908497 -0.2555056597634819 -0.23504550099572627 -0.24323984865900736 0.10773057444319356 -0.17098458561054852 -0.04964364519412679 -0.04237985231494601 0.038530552952880735 
-0.9434530829227299 1.3574337239927114 -0.05965784054028822 0.680692948851998 0.18617539639566916 0.6687949887392313 0.6217763151846771 0.0016783787940354844 -0.5332785171689968 0.19169006462891108 -0.019697070891816437 -0.1327797253517113 0.0236360894090429 1.4157180585886016 0.18304945968363964 -0.5278817111528243 -1.122754947867479 0.33435171930847324 0.2526898067468228 -0.06921985222935619 0.15186036402839498 0.21679434364601577 -0.03992613971131185 0.005773929004913118 
3.654194665001757 0.13457932699246022 0.26445911569602 0.11036532487210404 -0.17749753117086398 -0.2132781945014599 0.26765451980247834 -0.3551880908021838 0.5350294016185491 -0.06267107172429555 0.051633607311511565 -0.13746804158466663 -2.9879507642889096 -0.28655869712376125 0.1928660162153204 -0.1301406531613983 0.2853707506766832 -0.15760077075814585 0.3690965851590688 0.5861664395213867 0.25823662083432525 -0.07376194771496807 -0.12079116704770874 0.026447638613738767 
5.956366402962576 -0.1146868937664598 -0.6482845355257199 0.2962444969175202 0.1288914298815782 -1.5551789981517639 -0.5021030751489168 0.12931245915196854 0.16892484105058947 -0.46424458130163915 -0.02398123140264835 0.5021179069629865 0.5516790064332117 0.479214345924795 -0.32328923813221533 -0.16801083432487662 0.015034035152691194 -0.3698333637310203 0.5156156062651371 0.002904370323827482 -0.020473155502005975 -0.06529844341605283 0.14801266028074522 -0.021485263232302043 
2.983807789653275 0.9144521340780116 -0.3414815266990161 -0.36667043797806365 -1.2293280657958041 0.9203852314043379 -0.5178687820698753 -1.093856085456514 -0.36002736002684915 0.6202726609177387 0.2344686788305247 -0.12628772667855892 2.7930399627554707 0.13463820955828268 -0.34117747009962657 -0.36143725729295423 -0.7558586164845701 -0.7213260387049187 0.14466168001665863 -0.26208282498371216 0.30874388030546884 0.09914626076670197 0.17176064135591118 -0.0015598422762170643 
-2.2632966645481236 -0.4701457173244492 1.2131801950538756 1.4232433332517118 0.6669885582500656 1.2114633669793933 -0.5323088526745575 0.36229926514971816 -0.024330669840279706 0.04611352855605244 -0.5551525874935587 -0.07391409310785901 2.26429990504272 0.18935074155352302 -0.5450058171571421 -0.2451951290518902 -0.510029407838072 -0.6947901432043911 -0.23417101202913707 -0.1987775115060885 0.2230903131632814 0.007931021702832849 0.008566712766994352 0.1817590445131599 
-0.6150936895093047 -0.09160588990339313 0.35725916070510166 0.631177678583871 1.8210297540986027 0.5673787390477179 -0.15122763148467722 0.3145669811500778 -0.2945744838524229 -0.6152889089532472 -0.1980626387107668 0.15522748527940733 -0.13152154695162407 -0.07671877994244003 0.045765460592158545 0.12399616097980586 -0.10641950898046226 0.21049286347528637 -0.35689646217664556 -0.12419489975217024 -0.09120211134822136 0.06956717426362302 -0.16343137459026524 0.08336376495066959 
0.9629174274157055 -0.17971010643632646 0.6373625722436476 0.5329058257922235 0.13380074344859105 0.7056946776397197 0.017089385645895322 0.021433460366938162 -0.5330725365264678 0.12974313852535524 0.16658428906701434 -0.18391683255547628 -0.05190197316609405 -1.024078348226121 0.5352166499859002 0.9540103152449992 1.2392002292949351 0.14226050421448155 -0.3794914036900199 0.12330721688721265 -0.254891904517803 0.1701299330527262 -0.3080791716924742 -0.011027141496447493 
1.7652653845262325 0.9993906684612703 -0.1908690970703777 -0.293490167187737 -0.64347563145368 0.5417909856483156 0.278121485299835 -0.5508384838086133 0.16794990736090892 0.36975633314221823 0.363894364321034 -0.32137765180675903 1.9742781142679393 0.7063220219905527 -0.2867615618766994 0.7461991369887587 0.36466971887334143 0.4422445029360292 -0.47698510215573015 -0.15762276820651583 -0.061191499346336886 0.06296911009841792 0.03474661400044773 -0.020148359176360375 
-3.29777028206761 2.0565910481715823 -0.11840562601608529 -0.9764536895974818 -1.8183594368585982 0.7974757310356497 0.39149080000324615 0.4250803469674258 0.5090828481064633 -0.9567988916498589 0.08810642606796348 0.19746989992456665 0.5581436086464414 0.8226615566750507 0.15783985854054094 -0.03577976749219647 -0.22369743750805596 0.711013281562401 0.21689591631824512 -0.21419104213081677 -0.040251323113643024 0.04859727255582184 0.09378866580413636 -0.06658832640682406 
-4.407584177571465 -3.328722533179006 1.5954279454650662 -0.8527399746875524 1.703100687632173 -0.8052452964583349 1.0925269678038378 0.5856118424693815 -0.6320776781298778 -0.2609252241608939 -0.2630635492125845 0.024979196568466977 -1.283366580946969 0.5309044721912511 0.30717605105127044 -0.5667577210207823 -0.526875385399294 0.7491018125002329 0.378428495835339 -0.08861155450683307 0.05696007205226448 -0.08788516988607935 -0.0036103393963840733 -0.0811886724758214 
2.37491138252523 -0.4836381756413406 -0.7293055246456972 0.9198700320187205 -0.3683951035701676 -0.7538270259941582 -1.0408011045608414 0.0957814236203911 -0.012304774440145314 0.2992920995094458 0.1986972484214145 -0.15733027752261708 -2.617894775819023 -0.1311613858155297 0.555043448245331 -0.6133377230875565 -0.06708838424254197 0.3335169888174414 0.37432436078040054 0.3494106879890806 -0.0505427328208922 -0.4711770466332474 -3.4981955451557356E-4 -0.03816007093820728 
2.7790242950707196 0.6767918637939783 -0.806947300909383 0.4586211350665086 0.2121683580999867 -0.9298630733374794 -0.14101804992413822 -0.12035435861459676 0.2577635024774198 0.00536634722080398 0.3194299713334607 0.09958845434429703 -1.0518262323375713 -1.3328472322172702 0.5912397302634929 -0.2076866196353299 0.6476385801295417 -0.15820201982947688 0.15448310604741677 0.43408328122360146 -0.3306357171037131 0.03513532001216341 -0.0761003034910613 -0.03790393639751694 
0.9626098090683666 0.44731800713167935 -0.5823483475648539 0.20787892478815717 -0.8716281193648792 -0.14076634697710222 -0.11470977347396735 -0.27016861645782675 0.21579045626549112 0.3235864625590342 -0.2020908755415124 0.27464548385127346 1.2847846744477698 -0.1734513361996144 -0.2789767733337602 0.2539475273387601 -0.3034620469318025 -0.30313259359025374 -0.41051100868210516 -0.04146454552316211 0.19379163422992293 0.13684272837225994 0.026154758005203827 -0.0155007851429211 
-0.5459546938303195 0.2043410720862946 -0.25176983386583407 0.126315437833719 0.011801455140903805 -0.6371695764784322 0.16603198411815046 -0.5336629811623139 0.2457818578284432 -0.37847836572217836 0.16563142324206281 -0.07729687492592746 0.9189669579725678 0.23271599341453708 -0.5423311413464186 0.17933094427114557 -0.16372594150320433 -0.3501372967829981 -0.21898685841974294 -0.06630204163201724 0.2628636930041852 -0.07872297400189505 0.02105790986692659 0.10155501793686739 
0.18304685363244033 0.2729412288113444 -0.16996393816619104 0.3241802986188351 0.6421744887047813 0.009224006347079317 0.037206904464329796 0.426829371463736 -0.5876888548054258 0.08068627086415711 0.19713224845150196 -0.022385257458741536 -0.1753234887950296 0.41848094318995227 -0.5569742708847608 0.21176078231841852 -0.2928032185352349 -0.09258481415468219 0.017461132365968624 -0.25373869138047533 0.15324687935578643 -0.07966752367991277 -0.030355151402228758 0.12751973520324095 
0.41190489887097925 0.06583227271053449 0.6138539184305412 -0.13752238466226707 -0.053555121425230556 0.04555364034942411 0.43998418636594194 -0.26994722767932644 -0.12908792099967736 0.3629853650739277 0.05664467973617371 -0.056561228811297604 -0.5861358449376652 0.463259594499459 -0.3485125722296611 0.276126605647324 0.2127148759818045 -0.23462541614290833 0.17345829537056243 -0.041555316042795366 -0.12409118632677936 -0.15454020609993366 0.1525245072549717 0.0620425528653892 
1.009650479102806 -0.7388704227502974 0.6557625889412408 -0.2954845109191053 0.03945982452389263 -0.2043735129269838 -0.304069271695769 0.3591895809421055 -0.05651529238780795 0.19185716820071952 -0.05653204958188157 -0.1182815448157643 -0.08255891065263891 0.31620566601034933 0.03904295837079097 -0.349924224759574 0.660707381483192 -0.007824926297836968 0.1740345153695023 0.10612105980621467 -0.28225956087926557 0.043531288730290295 0.22147028042848813 0.06568382178950981 
0.7991510282474934 -0.6795318856312615 0.3809046192694332 -0.3922319743392828 -0.32498584071406533 0.17350543158732434 -0.18370481391348747 -0.37517713777311257 0.3524686355999724 0.02955680390934147 -0.1651099495061605 -0.21547638984358364 0.5256653821784371 -0.09400354284832628 0.08826405798948016 -0.10874049228003584 0.08047665621537477 -0.013626772766325068 0.08202343355372635 0.035909182426641574 0.08448643277001024 0.07062893299744893 0.04458130354366397 -0.0035884495185109964 
0.2371005209021 -0.3029936900488055 -0.17061816369800997 1.5013077677360651 -1.2042322961003773 -0.031277110378359896 -0.17305214150446235 0.16108114709198507 0.0183115495325461 0.11680668525557934 -0.3564012782127953 -0.13997914231112796 0.7683493752969976 -0.4161610900075174 0.01582047491357959 0.12228405461234249 -0.2032014408890793 -0.03667281984723347 -0.1709363324730431 0.18452498775225812 -0.00693456491638636 0.18189940102707192 -0.03580179899496904 -0.05234532349498624 
-0.778816268563979 0.1299045349047674 0.7622521207817261 -0.7096970471497448 0.3268609702407801 -1.1424262591264167E-4 0.12840532060910959 -0.27862055803419095 -0.4199606402698851 0.18862380755415098 0.07283538342063867 -0.03494708150808279 0.42811917664856036 -0.4235186109274525 0.2725405458518127 0.32877303987481604 -0.4099379376491301 0.010513712193105132 0.007999326505919743 -0.16434740584521604 0.22531775636216986 0.09360068405327743 -0.13727870572648734 -0.0924142604533268 
-0.5064139983824507 0.10489463700424029 0.4176274134443556 -0.5036041383509018 0.32314074171370777 -0.00754521627866489 0.05268465846206183 -0.24266367218412965 0.3505030402962799 -0.433374536702901 -0.06809931906037403 -0.05151022849855602 0.05950669256794239 0.012588178790295798 0.2758266027595157 0.36860212187227764 -0.07357807150716233 -0.09934668359378966 0.07716761148482927 -0.004610935363455322 -0.05364562562086974 0.029229113368112833 -0.09390574389427613 -0.005056663649440092 
-0.11344924205591234 0.3870797836245732 -0.7308398068571877 -0.3760951409202473 0.14114145332628247 0.13009834795816144 -0.3205711934145088 0.3197374894005929 -0.4895803788684041 0.02384536272874932 0.10257518809709083 0.017531934610110822 -0.33446635425956944 0.08094021160504698 0.33338352855869974 -0.208476775472172 0.12679309900287494 0.1308765810943411 0.03661031496284182 -0.23885868319563178 0.0022981482929382477 -0.0634569192439242 0.0018591305440689803 0.010429979292869818 
-0.2741030700557605 -0.4693458507795958 -0.2515520081571001 0.2287004490044835 -0.8906383231216415 0.20165664511097203 -0.180066718947141 -0.12426507053504088 0.2140582956944148 0.11150856756394167 -0.08955394886819301 -0.15104865942190449 -0.02683450719967014 -0.0207154822913882 -0.10316594551427934 -0.20841989184164475 0.3880037185141057 -0.11808982864362783 0.02300522316577802 -0.08224764488743605 0.16084580285762265 -0.1935469191635695 -0.03160636382635873 -0.017830666324764172 
0.10842733005138427 0.1742041439815445 0.0966912459063547 -0.45041901441092147 0.5533712056498299 -0.49734491660375446 0.13495006442518553 0.3787561907281601 -0.3586327128477673 0.10655301315250221 0.07798530669234122 -0.01646780392501801 -0.4395579167863379 0.15179541971612856 -0.153493924445393 -0.130038883453486 -0.19227185027930446 0.21923999625904245 -0.03598947535282845 0.16940391423364062 -0.1052192008881131 -0.08765235717342408 -0.016412566958367156 -0.01408992822215597 
-0.5368487628370886 0.27347890369991923 0.3133597236054224 0.1588174739193695 -1.046985289990383 0.6604459019331765 -0.2440916399551194 -0.025430088185605104 -0.1975082012869065 0.10591239557593113 0.03901471312107696 0.018981639743300915 -0.38585737486119775 -0.29848301746944594 0.013518714550773803 0.14548252359261468 -0.5048362727807398 0.2289993797904627 0.0603803737507402 5.164287821904645E-4 -0.04401820856554892 -0.14408306694277132 -0.053108284579048086 0.009626663207008954 
1.3365973546937653 -0.43971885276357003 -0.55281389940227 0.048962996982767626 0.7961304875985666 -0.7570162692300682 -0.18059030685203425 -0.2378917444750468 0.03186047228659583 0.28960052024302685 0.08752855797755732 -0.025213430306023965 -0.4262781110739085 0.008752472398823338 0.1492599203666909 -0.24409970953122498 0.03115019934039746 0.10391659155188719 -0.0634182846953349 0.16294806080086557 -0.415063696484169 0.16482415532850817 -0.0648911177029709 -0.04343443827457868 
0.26938404220664225 0.7330647000012993 0.03264442084489083 -0.45743812747020507 0.5024908542462097 -0.3555058179472592 -0.2034376545607517 0.18250961071999117 0.15086632882388 0.4522340148469934 0.06499927922634319 -0.17555583585242837 -0.027527819302466245 -0.14341770389091257 0.05767321206268372 0.005256272199063476 -0.04425517678376586 0.04539955282802962 -0.13756279260718174 -0.21357227343578353 -0.10891529506087783 0.24345614759142084 -0.03303849269867237 -0.13458647254666273 
0.9841452607512444 -0.08184617136561556 -0.21073086381345218 0.5900079148775408 -0.31481746448965886 -0.30111883131919814 0.3048779258140064 -0.21405784112723483 0.7123711115493465 -0.5610802624685535 0.2596663767486208 0.21110424869658267 0.6237463384389876 -0.30826626866390966 0.06237110640647181 -0.08486869738110665 0.4093413459014596 -0.2407719133533471 -0.27823126116323577 -0.13950192130142372 0.010807348443566558 0.26728392280083385 0.06319244486712267 -0.1931081390546083 
-0.27803925795842943 0.5247956746736797 -0.030701430377037653 -0.1274738016252075 -0.3587457835949728 0.2962985244936527 -0.07413737846659452 0.6033697804478394 -0.21101763573564836 -0.1991156558425412 0.052061281831562334 0.30458221788198575 0.1469125824446381 0.19276498138641252 0.04989708377395097 0.07561123032489951 0.2350276257291631 -0.25705156708537846 -0.19733559611892829 0.10701688751012771 -5.261724907811479E-4 0.14707837072925123 0.11876917063205862 -0.16365656254256744 
-0.2609300105406618 0.5892144658919687 -0.7082542930107212 0.1385869262035888 -0.001275231185220882 -0.3606027003904828 0.5894533385905946 -0.029816065434699723 0.18038040923566034 -0.18657641281470738 -0.09557977792642025 0.3140419599905939 0.07866817566463584 -0.13129433684429337 0.01585963961678638 0.3710915208820373 -0.047010928886816426 -0.09519043957144173 0.09447489598131632 0.01410308342808439 0.14345737515001164 -0.19257220242737205 0.10534362835169409 0.07569603492759334 
0.4511839305186811 -0.18076056278673036 0.13171488412167243 -0.4585613241079276 -0.35936313959349864 0.4453908178445185 0.24628142740773917 -0.2306619396566595 0.4184401974530665 -0.17625302216768335 -0.11368515533231216 0.26394499612826827 -0.4984190956306224 0.2610601073046513 0.14294930643135464 -0.11565711388419474 -0.4176071683230716 0.18546273654116907 0.31900015999361836 0.22614536375138364 -0.1383695355566609 3.7443316133289883E-4 0.06197062318349749 0.1367301986195853 
0.38352913951878165 0.6648149578974696 -0.33951793991316637 -0.35772288652721096 -0.17347599982994666 -0.09009365928030588 -0.13875616506710942 0.16064876864076144 -0.0327299304950458 0.005205027976133758 0.0265087102754758 0.004334754790661366 -0.23849577559650084 -0.22600468176022748 -0.2508738434728816 -0.12783167328486225 -0.24663149343908977 -0.3248967921690538 0.3850330509697957 0.10362546894435544 0.10229379815416466 -0.14782798557514387 -0.037164993838629264 0.10780493264857365 
0.8949884539037161 -0.29618489324302466 -0.6439175262198791 0.4676524463927766 0.980176105696605 -0.395344205684943 -0.6670331066185975 -0.17029872784404215 0.31064614079968744 -0.2961296757219605 -0.19489483181987816 0.04924522462319614 1.679758519588355 0.3482824030241198 0.20967284287427246 0.013580335152815223 -0.24646293208258654 0.002700450377684479 -0.16024311637491137 -0.37063528064186424 0.05744169817434697 -0.135094382721715 0.024598341399619666 0.20804767315415776 
0.2326550545563233 1.3249406764007983 0.43218344257869945 0.05897506080782344 0.06884962648699666 1.0344551878814094 -0.10898854730562413 -0.3708740781740747 -0.0726039569001441 0.3168458706878628 0.056520041833250545 0.09797704779740907 1.1333709891024502 0.8199782323035465 -0.338056876027018 -0.10536416517294957 0.25753920935349517 0.010951898467511545 -0.1132738839516622 -0.22036070218517176 0.2832553578938329 0.17848877773558833 -0.27453229942620355 0.03815250451397186 
-4.512654585765155 -1.555670631110754 -0.8831543357470779 -0.7076513032338905 0.25886284349578936 -0.1249849568693926 0.7121269676517306 1.1470053256763513 0.26605211613257473 0.07320970464159715 -0.20248584531005853 -0.40701916983757885 0.9843153699675734 0.6499931040290449 -0.6243340169624721 -0.17997245050694202 -0.16219283039783639 -0.4267506451037813 -0.5090837502622271 -0.17121603993292042 0.15696103828543184 -0.11325218662706449 -0.07794753419799721 0.19076503716724647 
-0.3127623079541335 -1.1653768700793052 0.7942710929314871 0.5460214838049713 -0.5854369967900244 -0.2581289790906157 -0.48851455034728686 0.1630788484360799 -0.8601989918429881 -0.71493099541241 0.8539011152991766 0.11800943847913328 -0.3163528267432321 0.45960312364405964 -0.1545047820466429 0.1602057418314098 0.23447045236741393 0.52904457820842 0.2523568158552102 0.2441583449945485 0.13575961114419952 0.11697055752580858 0.2079160327179129 0.03769703635438379 
-1.7852489747437756 -1.0010054320901074 1.0480406994911435 0.7640465864150288 1.7938979085286246 1.5311998131124136 1.0499811456889152 0.07637292864964174 0.2335605434148139 0.5595153172093694 -0.3597427659588495 -0.5330660822194053 -1.1831941613768657 -0.5498372363703171 -0.11203277376335478 0.1155324153479124 0.19667183769470453 0.36641336849285566 0.3650483416027133 0.5527736570735681 -0.041645710168723725 -0.18724924626290163 -0.03972924499330138 -0.17388036273368399 
-0.18198927072466997 -0.33120129404170395 -0.06989972890048257 -1.1574911095108655 -1.4020792631316628 -1.3807709317347534 -1.034986083889847 -0.5680329146443653 -0.4636370039738622 -0.27721860817344907 -0.48859959599609254 0.047909394925170934 0.054423808627618385 -0.4096700760676943 0.1795363615494796 0.5655481160851545 -0.12092343723527543 0.10996656222584222 -0.035790760511053975 0.2051455690123536 -0.36364941103607556 -0.1637930171922506 0.18890803919955637 0.07873522310378335 
-1.0284586202492898 -0.3232467100186034 -0.11497060354102873 -0.20249225261970927 0.07716846358249496 -0.6629040860258908 -0.10978229038512943 -0.1457597640041302 0.19270825270418296 0.41610124981082164 0.5879522453174801 0.1496719401404542 -0.379879607003659 -0.10438132928387212 0.5781737495868767 0.07060593445876133 0.4460863887192111 0.008524024972220934 0.03234007757810272 0.05011103692107997 0.2978616094155366 0.18106325826108596 -0.23063111996661498 -0.3259076653242979 
-0.8544289110842316 -0.27524600291197454 0.8371676597991344 -0.6673534449331233 0.6356980373888668 0.5090232838010098 0.19873944922289738 -0.34129151227409493 0.2511753866205542 -0.15184491013638435 -0.18667050793765738 -0.45956524201214655 -0.25854455715035424 -0.11764435767808912 0.05237577070653976 -0.6071165119082725 -0.5334929403749906 -0.3797980928721974 -0.3997639193115921 -0.20946159785798626 -0.07786273802810163 0.0059661018018051055 -0.1501265134618945 -0.08586338114568672 
-0.3093903335530177 -0.7158390898033558 -1.1400142436192953 0.3071599507498737 -0.5632499078892734 0.5607306304278691 0.3360981463982349 -0.18733088329873337 -1.017430480129004 -0.04636130659242088 0.1811860499117779 0.6983942322221471 -0.41373845722441493 -0.2846332609831293 -0.1538707626486778 -0.24640748882596544 -0.1693186593561055 -0.2624541805992665 -0.38559925835546877 -0.34456082586098824 -0.09071542582295006 0.1811596827719062 0.2601607305883528 0.0339277302056061 
0.23411025737825675 0.21802796888493958 0.2854947790190314 0.4090323245291606 0.5186087437291933 -0.8531940113450409 -0.05863454434675286 0.0811374385768951 0.37502057652703613 -0.06388563537724312 0.16516304209244215 0.0311383923213846 -0.23020894618091936 -0.38846232797863894 0.330108041921382 0.10437724861672877 0.20060080928439325 0.07505110397679914 -0.09585512024933068 -0.21884127753026364 -0.07337242396735653 -0.014253468895815543 0.0013762812518167689 -0.045134369138999965 
-0.33151283280728916 0.2840160870323274 0.6224781247950562 -0.0014626708729548188 0.6436690884806482 0.8055671033449341 1.1757024814661017 0.6767082381533396 0.4029319352197922 -0.1713574358844675 -0.36844672146262814 -0.19746306764312965 0.1942645744458881 -0.16437278548190268 -0.21613602633891915 0.4190186819036071 0.04498710673899087 0.1574591686857589 0.2621305675425308 -0.09191670867596373 -0.450985086436319 -0.1814678773634253 0.03353530833711917 0.21998349138575937 
-0.15274082291433783 0.39021339260610066 -1.0344026501721872 -0.8261738799718954 -0.5695638886492738 0.1614517354120799 0.06650264243695597 -0.11678724040934049 -0.23888854915177427 -0.04658643880291441 0.08401703399409532 0.12376651533749175 0.22228383959732276 0.17704837280691996 -0.11966724472830736 -0.04590877313053939 0.2864995898332264 0.0950094651473296 0.42204658046699167 0.23187895160689184 0.11077763986045613 -0.1190022447323602 0.08048182633661334 0.10017613613689291 
-0.6987585167443847 -0.3088134452182283 0.16834254999307152 -0.3322929927104197 -0.1541249119170125 -0.418969749007968 -0.5128621496212118 0.1873815822222756 0.6424793420193584 0.4893927272106906 0.12115312894959379 -0.007870303443184581 0.10178828878870112 0.2703179528782786 0.23280472850147416 -0.0962592596320212 0.2777574273633357 0.2970475502115067 0.3857047948104577 0.2887629632396244 0.12161739277599366 -0.14307960083453244 -0.04286044032029171 -0.10215264822672167 
-0.24911841944516366 -0.01670238341054242 0.8715643006049458 0.7121738048395112 0.05800697442834446 -0.5259539806105786 -0.4804919702040712 -0.3698360882782485 -0.07708604645411538 -0.03725398272774161 -0.3210823621235088 -0.3641863981892667 0.06379722885456425 -0.04715244825595766 -0.40721987848518953 -0.5048170815487 -0.2607003142022272 6.077572923758323E-4 0.2098315526083078 0.2651702777258571 0.18528558903790815 0.2407860930665481 0.0992569820036715 0.09221594755933922 
-0.5886889009079797 -0.3234798835941868 -1.0289195360979329 -0.4818587343825945 -0.5033886251481681 0.2581273107217432 0.29208540335524213 -0.06305622763107954 -0.042821494457018244 0.25321513858154343 -0.03731570244295093 0.35297133380041457 0.2799271270739639 0.05397957986672034 0.34892645976374376 -0.09447398454306107 -0.1674061622740917 -0.40857248123381007 -0.20091081822287904 -0.045124720677644066 0.14121261831736343 0.21714442564729833 -0.0021138126804365054 -0.025875121934486368 
-0.3991673173962331 0.5390039565619529 0.7858880283288836 0.7630602355102921 0.38716891057298564 -0.1789200663299032 -0.9654657918761944 -0.7870791686602343 -0.45209489802731045 -0.6508559236879852 -0.13451949632064678 -0.3333021459623255 0.39256018527876096 0.017020012027315623 0.31820427859437184 0.12682199862769233 -0.3024899905732243 -0.24743088838063723 -0.17644753637064545 -0.22897775861274586 -0.032799227542694896 -0.041468884685033125 -0.10839436047181837 -0.10503073886555979 
-1.4635154489907416 -0.748605354804637 -0.8355986931601285 -0.07431425441662692 0.18351260683294202 0.6332307375531246 0.33235721588348693 0.5313772844462007 0.4063459128538657 0.14476042074891737 0.03421313408947228 0.05431293624680393 0.18054700192244022 0.04956685691379862 -0.09642656005732131 -0.08278943329382861 -0.3673932623004797 -0.005389232751819406 -0.11663017750182536 -0.18636146016340185 -0.031189475370165642 -0.07220429829431206 -0.008347900885738146 0.0529817080093754 
-0.9893857012400655 0.1448003161127358 -0.17970895664707187 0.1279355689734504 0.6220263301574622 0.02878697111564238 0.028714732643742746 0.019880431521348996 -0.20327206748147264 0.1413800302436708 -0.03166369897426533 0.10023501718421798 -0.08396095977953018 0.16690529289054692 0.22833851242491657 0.23019482440198624 0.007048243203918281 -0.013226020966725075 -0.3246729931670287 -0.21704036162211304 -0.07199049953023332 -0.2309424100480587 -0.027455694090514866 -0.10004042592719643 
-0.8352207147533841 -0.2750786341109741 -0.25684136343799124 0.08407189876731218 0.48136245196103283 0.17044149025442865 0.1448856736007496 0.0925483527683344 -0.07366448361944022 0.07371005649865162 -0.06369989845892722 -0.022742371800983357 -0.5202678185572415 -0.1868211740992196 -0.2684883556342381 -0.019166237023967938 0.0829286154238464 0.18519402526254827 0.08634950412985876 0.15949976502854216 0.10987592651541304 0.0553957952417696 0.01202083820223999 0.033132660471388964 
-0.4614318051763213 -0.1984752824565193 -0.1885061738069348 -0.006717314287636146 0.21709925839718536 0.09215262021962001 0.10228895876626026 0.08345638204503794 0.003881798800042441 0.07749648858132388 -0.00319589777490243 0.005346785843157488 -0.38366448779248613 0.0433104908404936 -0.06910104209930058 0.06005084584157888 0.25584257167757274 0.025041379345243073 0.013903986585942255 0.002104141406706168 -0.08654311045974407 0.03957254748731468 -0.030316070286371177 0.01962998774028003 
