0.0 0.0 0.0 0.0 0.0 0.0 0.0 0.0 0.0 0.0 0.0 0.0 0.0 0.0 0.0 0.0 0.0 0.0 0.0 0.0 0.0 0.0 0.0 0.0 
0.0 0.0 0.0 0.0 0.0 0.0 0.0 0.0 0.0 0.0 0.0 0.0 -0.07299522887646918 -0.07635476599556679 -0.010830624822112963 0.04661466938376584 0.0323445034716666 -0.01503851534800682 -0.010831742536595301 0.04342352197656669 0.06120151458961574 0.025873899998421806 0.0020257575204165787 -0.007104527780863457 
0.0 0.0 0.0 0.0 0.0 0.0 0.0 0.0 0.0 0.0 0.0 0.0 0.18830267644456042 0.18047121230339633 0.011638260397409108 -0.07134025868987552 -0.014427748269391019 0.0406483680705367 0.032650364384426284 0.024905063010401993 0.011525934898429744 -0.03677001400649926 -0.07486244639834534 -0.048451016139202586 
0.21898568662940754 0.22906429798670036 0.03249187446633889 -0.13984400815129752 -0.0970335104149998 0.04511554604402046 0.032495227609785904 -0.13027056592970007 -0.18360454376884722 -0.07762169999526541 -0.006077272561249736 0.02131358334259037 0.05112044331121993 0.074709087832917 0.06441839597769164 0.04293423452429033 0.029287505580050433 0.006164725303492306 -0.03939825324386325 -0.07005580992154324 -0.0066793572049796135 0.08981915336794756 0.1095478609246963 0.07346222437075267 
-0.674400872648385 -0.6559457859035391 -0.05116071842539677 0.2839427801452753 0.09180000001567296 -0.14450287723362032 -0.1141987069581718 -0.009579906066355948 0.057224467189134376 0.1491208920171305 0.22762597547566088 0.13469625674631258 -0.012488727138120067 -0.007883638360888123 0.01074134277680299 -0.0683325546908665 -0.17858561870046474 -0.1300005480552178 -0.07461763269914613 -0.19662272421837004 -0.3021337249964396 -0.21720877780496003 -0.07949854539454762 -0.02282909182773621 
0.1838391063905327 0.10384562945301856 -0.16767482872037653 -0.27077409364550864 -0.13376251674798778 0.05375726270633324 0.17529411321067564 0.21495738279780768 -0.008574161979628347 -0.34401790611240796 -0.44245657051191933 -0.2877348014854143 1.1998953431446633 0.47477865110494893 -0.47143531750614015 -0.33055581388821903 0.0019525136903501272 0.1881352414880643 0.2529546709215041 0.062105401554482124 -0.260287438898745 -0.2573547353274723 -0.13914104500793115 -0.07353549887668737 
0.055039471533797624 0.08626024934950527 0.06785932326294875 0.2704627068197051 0.5541213592678882 0.38568078583449705 0.15245345529699353 0.41725419829135624 0.8188859840947094 0.7848244364734513 0.45668528515897766 0.22301146789721096 -0.8484453961111637 -0.6046443931807178 0.10414472641063426 0.18088742697495205 0.07057707799969103 -0.1011712881263912 0.011085001725020674 0.32408933962479053 0.448507828635385 0.3717065646845316 0.28263158939142047 0.014610193849639111 
-3.745420514895674 -1.5663746729546686 1.3872878061405867 0.8585634701761448 -0.3340517311121578 -0.7843820099542311 -0.8596948662823092 -0.5300038227720025 0.21642701447460033 0.37659073375899105 0.29681620762088534 0.1977624743972033 -2.4001414165174757 -0.932966002040429 0.7595399703885573 0.48765876354288124 0.03683047513756733 0.05563592924216556 -0.1230438381475533 -0.1253073846915917 0.34842442779452315 0.458848717818819 0.2577886356691023 0.20513613725544422 
3.835565126328209 1.993097544842458 -1.1410762150877811 -0.8233882826904075 -0.0197866268013151 0.5780806234758354 0.3700407776132586 -0.6093673221558225 -1.4007996069441349 -1.326303121972164 -0.989905181765003 -0.15188296274391355 0.3943907280607939 -0.20628755147756342 -0.12580459193603508 0.10210772154219482 0.055545179777629405 -0.14110857690804854 -0.26004231127367305 -0.2129514379691649 0.02174573029145303 0.17762884685689806 0.27934573073985164 0.5236517500663164 
5.494000528545754 1.9493249878278291 -1.8418269707106836 -1.1868248895190958 0.04270005087391188 -0.20935044384083262 0.4356319664952031 1.1041902970961721 0.055995350156224255 -0.6650002803460571 -0.49252724405723614 -0.7156959979311847 0.3755039879973155 -0.27686237463108343 0.018688134439350135 0.11237105423564779 -0.16335935413222707 -0.21591824053079797 -0.2340032904043026 -0.45143983375877234 -0.3081201391885942 -0.33471214552032186 -0.37215289607105645 -0.1389899899192156 
-5.747843234369298 -1.0527269266090533 2.059830487496689 0.9868337220407409 0.19910992894196516 0.5214907335019434 0.2849169727292565 0.23901145226476372 0.8338646253795383 0.7727334029552813 0.013319818778483428 -0.891214546137544 0.49038528065103754 0.3672023032199501 -0.4548461068694099 -0.31110372005258746 0.17852143452066235 0.39043876260942767 0.3918214567916863 0.1506039568675063 -0.48118676924370657 -0.7191926053879717 -0.374938532941205 -0.4042875242510373 
-0.08022829853886737 0.7871246866643373 -0.2692299484696987 -0.3836606948963728 0.04657805341288329 -0.1083323433748912 -0.11512309262740028 0.40012629129402133 0.023455315878546434 0.33120890785623414 0.9116623955623115 0.9843982358516653 -1.5112400643163875 0.36622086665282927 -0.019629029655780172 -0.17970611323078498 0.20254925043912095 0.1725266054379749 0.09935779378494576 0.7265623932504224 0.20331402067717272 -0.044778190272206864 -0.14922286904654566 -0.4674445452923977 
5.151523697917407 1.4725907857643534 -0.5628364056000439 -0.29165921984400667 -0.5572899316327877 -0.6437447145854183 -0.5300460632004987 -0.7091471898572661 0.059030717925823734 0.3331701000906055 -0.5671844027511618 0.2109324931177734 -3.717336731535408 -0.43359585851430166 1.6584816116146512 0.47997313279592513 0.04979251629359426 0.1285541828565108 -0.084190918943374 0.1578944958020575 0.23912779789920538 0.4857283921515156 0.027548022066904303 -0.07741641916521835 
4.578037255351564 -0.41199646831736203 -0.4716064351949767 -0.008460078884367173 -0.18674777015607447 -0.1443125361110764 0.5450401031052434 -0.6014175615940802 -0.1665297581484365 -0.3108840580970986 0.2453934738472234 0.13556411831834972 0.9614007541946545 0.4194107062199694 -0.8258959540725105 -0.3417229760451055 -0.08313125286082935 -0.21354889689454723 0.054002657156523505 -0.01646369920730269 0.12963398935854176 0.12638004548155046 0.042643265738781855 0.3953671807816009 
3.0750341832917094 0.8476212264247014 -2.814426103984625 -0.6406859843530373 0.16639529184566126 0.15381828130050357 0.2074081316930566 0.266099891302642 0.21147376869541368 -0.36340529052259907 0.2638102134353146 -0.2345482298752312 2.882763727608538 0.4601309350526721 -1.5638689261304364 -0.09992853325680597 -0.09765316502972245 -0.3060346734922223 0.14435409382910178 -0.52906221121249 0.19776007935328177 0.12415928341906522 -0.1615851231691254 -0.06869526992926579 
-1.9261858038099824 -0.1586226523257448 3.3342527629401233 0.8160216154934591 -0.06587079974385313 0.13353284936578957 -0.6458581615437484 -0.038106151664024646 -0.4416681775818738 0.30035646671818506 0.3682352902527278 0.02103705500336489 2.044823723888662 -0.4522373209377977 -1.3032209217516513 0.05682555924241187 0.09190313055168793 0.0048411083986773795 0.36960764963648485 -0.29390418842578936 0.2935273339533727 -0.058927997067201233 0.13677055570919813 -0.12731441931713205 
-0.24465595532743478 -0.03448892738947151 2.225840773723715 -0.4041144672625019 -0.32476892174973104 0.13543661315281572 -0.3676592123633081 0.5963837388151761 -0.3966803104173029 -0.344928012574232 -0.14384994144653773 0.4742818345630632 0.8844438994182533 -0.3732961915385209 -0.867790016939081 -0.517512407662747 0.010117914099678799 0.2097690830460793 0.08391932694186188 0.3443116990992044 0.29483486948672066 0.10385026900382333 0.2588638616178487 -0.10785492311957412 
0.10341115299515025 1.3857705714031177 0.9179228912058068 -0.2972225151568705 -0.21687505501344212 -0.1496450272332646 -0.2762491737760288 0.11515307992702084 -0.7430347204521963 -0.14333870586967845 0.0389118841605552 0.16309234405059858 1.2468181494794035 -0.1596648391100771 2.056515118934394 0.027753280806629754 -0.11369309779988368 0.2032537052525715 -0.6281934753027768 -0.04575753205371519 -0.4684328631512706 -0.010211445441864642 0.0924151474750609 0.09217889968598171 
-0.5930959933656168 1.1953131891758328 0.9971088826997763 1.4684733039603686 0.21154367718141937 -0.3339000295382072 -0.22915434301638887 -0.8434648217904939 -0.5223475683295871 -0.4531085112401373 -0.34811966837214525 0.017988894959874324 1.176984121413722 2.1399574753900534 1.0935579467917111 -0.2945670528974122 -0.2266945375775327 -0.6879444300861294 -0.5058584605303312 0.17835760798123027 -0.3924514506079529 -0.2802846055352777 -0.13206878855518092 0.1712850271802628 
-5.492420233229102 -0.29452919327816574 -2.220926648351089 -0.20353211253786543 0.00705219419022271 -0.24155994504641343 1.1694698296911223 0.8190907247999559 1.0264640408280798 0.3850810523767316 0.1931247112903489 -0.02735317425298578 -0.6351497111740981 0.9342394414883032 0.5288584165145044 0.24160452239758212 -0.11708046624903268 -0.2605343931412068 0.0813972454109153 0.1945648687499529 -0.4214322128780688 -0.36017531331484837 -0.026286623366442205 0.1326224850840557 
-0.9776926264564745 -5.61421147121899 0.5145917031270302 0.43274149012023216 0.24335106638103465 2.245227362317778 0.4270566674941101 -0.29065790756498217 -0.1040753392335822 0.23171592490839604 0.17525001065410822 0.055649512174066995 -3.17054416755396 -1.2679954575896633 0.12172747349996767 1.0006084767898875 -0.2567662593947659 0.42746452910720373 0.43521294900533114 0.001817562321549504 -0.12524731947578926 0.09873192251409872 0.02452264856904096 -0.053108269723538125 
2.201158603062874 1.9878145771356195 -0.42739376855133315 -0.5041701754295486 0.1184626491338483 -0.6576055437376366 -0.8485464152640242 -0.7449449834355937 0.31212580363400777 0.5947750160005999 -0.14391308525324492 -0.2536054198086648 -1.800276296447625 -1.4394816292712669 -0.6540972893037512 -0.1341956138823914 -0.19186845976566722 0.3007220888453766 0.4060406233870523 0.2079103597186364 0.22860214053055886 0.17891983118482332 0.06856197059674586 0.033862174023145515 
5.071747091150275 3.8581276767379302 -0.2648399777000048 -1.3830330949634522 0.9261372278939042 -1.408270817514207 -0.5257850675548091 -0.06689965463736763 0.21056350869481674 -0.8541512605943675 -0.2531687158074712 0.2904398269083282 3.366411086654857 0.006802675768498467 0.7015538092864396 -0.6582741098683299 0.1328459433605564 0.44778223677018164 0.16725136449995168 -0.3462949877294295 -0.07280058731328842 0.2203022128053395 0.0790732504087591 0.09708766296386757 
-3.116311202689601 -0.7122538794428248 0.13108105997368202 1.106942021651151 0.24126449273078965 0.6830228783334491 0.4277688270544249 0.08348051918023952 0.18333819527220374 0.39125515157364343 0.20164816273090103 -0.24633485368955294 2.308176980546228 1.4492332739675706 -0.2488921401899892 -0.3915761805379321 0.14478263150026813 -0.26201951079937086 -0.385125622437114 -0.22396165181397484 0.09932709603585489 -0.10436469709889351 -0.18937827286951472 -0.08654101872994842 
-8.418190983544807 -4.284585270235263 -1.8693071389947962 1.6020077211848722 -0.21658768549910523 0.2315664409716901 -0.7128550471649695 0.3340143043153899 0.17872022688718509 -0.32743078129414427 -0.23475036456424203 -0.2392487597770917 -0.6152201347614271 0.4210612617749894 -0.45383869767673835 0.17387099233091896 0.33940265596507296 0.0030660157507245898 -0.36106523889190534 0.08872437765083617 0.3524148404992003 -0.353923313232601 -0.10328554276722496 0.13178186839535075 
2.021596698771731 1.711471228719505 1.1215162326660302 -0.8219620418899145 0.2554772113295486 -0.6914656405824725 0.4003654418523981 -0.2735170074700479 0.030066156430258895 0.6445088676471687 0.41501255773368473 0.27086192972389045 -4.042543810072782 -1.1662121763536177 -0.7355612138060906 0.9122024864393131 0.4450802859038015 0.26188596785076435 -0.12330386778757331 0.12834070081839466 0.2073538449471007 0.11475551955974743 0.13990016369083674 -0.15892773783204592 
4.34845354470389 1.383081337331797 0.6014585289840362 -0.9401940401856761 -0.0991770993006943 -0.7302246053084198 0.5711123417219202 -0.15457402426473243 -0.7700449933818119 0.08099182106667288 -0.049994285007188166 -0.36350416998444574 -3.4666396222249536 -0.9684056066284628 -0.8685998360689321 0.49999231162660046 0.3098267839761693 -0.1961157926882058 -0.17676297029154486 0.16101001309287374 0.07897709943155086 -0.017658526616888454 0.18400014282148935 -0.16081002460156837 
2.627997963404397 -0.04745065416550176 1.1023818674025376 -0.35856455698151457 -1.1526816580798203 0.3782604979212111 0.1556967359737 -0.05724741898488328 0.03565927056540008 -0.15722270828600743 -0.31043036812013614 0.2925760649102618 0.9535802793963836 0.840613097491803 0.19546132930655022 -0.3948664072464893 0.21482422007277413 -0.46980558431969893 0.34879626181933565 -0.08331148418664458 -0.21473058485803623 0.35827412074007087 0.23831834686636053 -0.1480549320916005 
1.6785272508137208 -0.4999075089073717 0.7460595518437465 -0.12966795614912918 -0.4419886027229287 0.2850507497844658 -0.06023178335098589 -0.2571505292058136 -0.0610076284750381 0.12641058652310921 -0.42402933010179966 0.23232424643442773 1.5926725655786929 0.5589219910831021 0.12244290459149187 -0.2952090286029463 -0.2513602020711183 -0.2888639768534959 0.34418783860560903 0.0028515476090148852 -0.3266449718483983 -0.023147129614974022 -0.027512945200121115 -0.059782089424224215 
0.4958190075276647 0.13112635936368022 0.4628317333165244 -0.04262586216872011 -0.21758969717765653 0.2103134348301815 -0.33035128106915584 0.0277056975604264 0.31973922855098075 -0.4530228773012621 -0.11292496031809107 0.4171125177892553 0.947466547945217 0.050628668227576355 0.2319131765416159 -0.0723768318764902 -0.5106051367654775 0.22010011336560564 0.00355355656717544 -0.024101620844017586 -0.08929790222457357 -0.009960970581486114 -0.1518274836167374 0.10896666671832363 
0.6365253259061774 -0.3829731426821006 0.5539048822525672 -0.21253630178323446 0.18735752646157877 0.22034085679758264 -0.21842716557347905 -0.20560522536443193 0.06784994317059279 0.2983332944192223 -0.06620815330784735 -0.24642612815126985 0.5113743845540615 -0.1776295610847063 0.444202328269154 0.006325686599966278 -0.06588051681750855 -0.001819088530644682 -0.08315700755367499 -0.08259642197066085 -0.1271521774208643 -0.04975136992071209 -0.16063324637347987 0.18320435430437457 
0.3065992820225176 -0.25780384196086636 0.5027196725732797 -0.09999988853499131 0.0644606876243583 -0.24968489568216423 0.22413375738342028 -0.010715208373521357 0.2391241914163053 -0.21330115048960563 -0.033858505666900074 0.20505125204813968 -0.03353864686301181 -0.019338514417928998 0.5707902498116916 -0.10925703020669042 0.14477301693902622 0.09327058690719033 -0.19653135701394028 -0.3158462486878939 0.23363500310155305 -0.27818400852869024 -0.03901443309204108 0.17056401404396507 
0.2390139599041099 0.22744627500902048 -0.6064914025920931 -0.11995800276589241 -0.3853722446714105 0.5205071806325727 -0.08800327991624901 0.0098491896731428 0.3607564223548925 0.15580383287941724 0.018337181693044435 -0.21125818360813814 0.058892101087038164 -0.28989476536635844 0.6842782627282084 -0.010524780341483853 0.1355100502301556 -0.0770497294251467 -0.09066240535795601 -0.22923517975048066 0.07273866487073402 0.008541244100548573 -0.12161767645586573 0.028799346982861667 
0.7951906311177339 -0.11606780622809332 -0.6693408736962203 0.23885607894268013 -0.36554386242824055 -0.21958148780888453 0.1940308471440499 0.8675172361053208 -0.5276190203458282 0.4527938790547112 -0.03815432854241374 -0.11216349661420583 0.052323973345576036 -0.16703996519396913 0.4650082974503087 0.16489783305703778 -0.161922749300242 -0.15654022115990893 0.004161059476987398 -0.18727244546633495 0.19143267913971526 -0.1835342071909565 -0.08584925076563565 0.08738191869535077 
0.21555334809745474 0.41584313555058827 -0.9128996327973078 -0.3503899444976186 -0.00417034920258863 0.4364383411363829 0.06861150562007419 0.042984091647588984 0.23300555443945747 -0.06033795265458186 0.30079278749750665 -0.1742167947686821 0.14453797206424035 -0.11009359482953023 0.03839579413845621 0.032408063867393665 -0.28059071163321003 0.12422788606143652 -0.04339416533923415 0.045785623163912735 0.047970587306442915 0.11834034994158683 -0.08349023826599906 -0.09099493085605372 
0.1613576678891171 0.14911762335025713 -0.7391011046750391 -0.4794774168402416 0.3596279877906734 0.2619701875456575 0.1333431861842965 0.5345346770382604 -0.27129841204512284 0.44537236385026346 0.08246144372777575 -0.07561519845764061 0.14919488650450852 -0.020037101564385058 -0.13683746616400916 -0.07932884612196782 -0.18316351326154476 0.23149596224749913 0.24877728784329212 0.33221354474021847 -0.04438147895027857 0.394321419047525 -0.10855046990477261 0.02732892701024329 
0.12231652532569726 0.4251343447084359 -0.6867986695180524 0.14198455352338746 0.09381396511876261 -0.09295231522900782 0.07252304658133013 0.03898359971493481 0.0886843562852111 -0.19550645934311942 0.20850001035594687 0.043452459881740416 0.24854197862110627 0.05552870428654799 -0.18037794405719002 -0.23708472100511058 0.15824709363583903 0.2952620748617349 -0.015479826808965 0.22058590583748797 -0.01412471223684203 0.1826682900224593 0.07655083298189996 -0.04980513827668773 
0.3942243829900871 -0.060602106113861964 -0.37187895684382055 0.23065536829808053 0.13495452019571808 -0.6493740463686866 -0.5542567868664544 -0.1271231521490075 -0.3223139844178693 -0.6625861247435949 0.333643469742684 -0.30298490497014696 -0.22712833560744983 0.094652420403051 -0.16680686424371208 -0.06644743363538996 0.22329252873883262 0.02391744877768461 0.1332631026231663 0.08682011381589753 0.009605273315287563 0.0503622939724098 0.09983251722822227 0.05084767293311388 
-0.6465059453163491 0.35411688742300385 -0.555376874541347 0.005797825948552049 -0.3665748963126281 0.006324233508350319 0.45885097257234464 -0.287944711271241 0.3008874773363568 -0.05436357842503055 -0.05445072445564736 0.08888347331763426 -0.08305727356116677 -0.1762591731949638 -0.4347932355772233 0.30581395339708634 0.01663045743106517 -0.18026622248030896 0.05396884391114711 0.0026584373288799 0.19412780138948552 -0.1734616936462483 0.14123799747367086 -0.09348272780842881 
1.2271539100324897 -0.09933090921617982 -0.3043914094322555 -0.212041752146654 -0.0800551677101291 0.14057956684392459 -0.45961008468070963 0.4375384910836557 -0.40621579251655837 0.2237140414739896 -0.08556074055109392 -0.2508737239749292 0.7682551990017591 -0.4828461138897098 -0.8570113225457888 -0.2506903787130066 -0.053617651531929024 -0.0659018882056019 -0.04603999758543981 -0.24350596697853474 -0.06661109463461838 -0.18848770464867715 0.23698544860176676 -0.13351362457964452 
-0.044976417512003763 0.9732762658444862 0.583837263507835 -0.5541087464455043 0.1514274367784907 0.05286954560561352 -0.1367068362449836 -0.2513225338880365 -0.45174814383390094 -0.1182714615131667 -0.005611876918176745 0.2978450528094179 1.5850296766639815 0.2577404199138587 -0.6314107376813384 -0.522798759347167 -0.3280281120832282 -0.034387924495539214 -0.20689054075167101 -0.21870075062138428 -0.2953773070125764 -0.23871387069958894 -0.18849205439337638 -0.17896715853426856 
-2.211305977917363 1.0783565463445264 1.629547941768955 1.2626797906341285 0.036806308245945774 -0.47494103780051244 -0.11835788970147088 0.5850836600949945 0.2538371100711147 -0.06516906925349542 -0.4017322998313516 -0.006924820977105228 1.455784012110214 0.8024506535972818 0.5409538621022859 0.06451354650257242 -0.04859943340959758 -0.07738102030202838 -0.35075469994806513 0.3703747566812455 -0.3283184047719095 0.009993535705484594 -0.06008246009500005 0.08653641055433742 
-3.6823650313333673 -1.0079481000989254 0.37188566290206304 0.836833332599662 0.559078701959019 0.4172483093171865 0.9088964973377384 0.29438495608724247 0.8569929470802495 0.8062195890374787 0.6691112183646106 0.5038104974215278 -0.16852082833764312 0.7637251629191023 0.7889061846925919 0.29954168706119866 0.013418795672942 -0.13328266486568494 -0.11156111606311879 0.26463590094205625 0.07505936204051596 0.0654576108976619 -0.07944955175451188 0.007191861828597286 
-1.3215038193874709 -1.5160706870363194 -1.8212771954362272 -1.1010534311769544 -0.1380825000716005 0.19053324589422327 0.06985234837212473 -0.9464395239477201 -0.07563112365790509 -0.2685120909177869 -0.24267490790748747 -0.6134656779439964 -0.6022724154139579 0.6605556097128731 0.6294988224913518 0.4866005399829574 0.15426287735484176 -0.03459684973291697 0.1506947223022497 0.27758950160069196 0.3531979503722032 0.18920933644380986 -0.052834152128545336 -0.08169191599846333 
0.015684988235979525 -0.0206856062223979 -0.057468721967349534 -0.27086719672355875 0.19861545391843782 0.1199803983553005 0.10387139290757497 -0.2794686446928478 -0.5121921130909389 -0.21297278337400669 0.1532080823834268 0.5795398958070717 -0.5078098589536358 0.04492309591578655 -0.14748048341693806 -0.2096252032329516 -0.06007888495966677 0.040446570884476674 0.18079357843415841 -0.14142340195225242 0.15452828496745274 0.21970061080647615 0.1903264373469391 0.15405538778722164 
-2.2535137414601625 -1.3969415297323566 -0.04427133327039412 0.3567284353468667 -0.24575069979828895 -0.22251653312081854 -0.16792950439313836 0.039241955682963736 -0.1211642109599006 -0.12320089237918225 0.014721724544876302 0.20028622782551286 0.1487814344433346 -0.19758435632684504 -0.6849693360792889 -0.682255789430346 -0.13017765950076865 0.0910823094330252 -0.10701846809413729 -0.589975885596756 -0.3663513348861234 -0.20699861993254456 -0.031166052977457448 0.022668018116533222 
-1.6929304934361138 -1.2022819664982665 -0.07417581793003936 0.7368180090366062 0.7931494567013636 0.5024334861712774 0.4854066884178947 0.22581442212865777 0.4161746358288891 0.07446215734874795 -0.030566409902388514 -0.3652316188248917 -0.24911501356490007 0.14910461972345454 -0.015085453981403743 0.005645401607492532 0.029054852817817046 -0.13299379310594647 -0.029969784826849494 -0.07458365841412767 -0.17563357209389988 -0.02866743956297833 -0.016979331156857753 0.17724147972718907 
-0.913540381881428 -0.33251943791785 0.24198436078298435 0.44187133423400127 -0.04481652296075744 -0.27394022631284076 0.20014010489937673 0.5708465994317948 0.5592395065405513 0.2087662985184695 -0.05728950283220746 -0.20908397497761444 -1.364711479615748 -0.8507430604695086 0.03583360420012046 0.5512576073770418 0.2688748200453425 0.15559371382427775 0.11957251899693906 0.27838370392944817 0.10965316731798702 -0.01611694102483489 -0.06870046786971554 -0.006666429046314361 
0.09304334914131251 -1.0002105113000148 -0.15534020704982754 -0.3303748509896036 0.010983807046220928 0.544673624269151 0.00974594274186591 -0.32151999132488035 -0.3254932555594652 -0.2929540601338976 0.24015168954254196 0.25250055802706806 -0.5490167844981756 -0.3470453316810525 -0.09683411194978823 0.25013595953832896 0.14739177024407138 0.4368432947291301 0.49828847038100266 0.45680918267664167 0.278947935874441 -0.12616764970288571 -0.13105852927161707 -0.25728150299060837 
0.9476337760983689 1.0542519240770436 -0.1111899513108614 -0.7634479567711536 -0.6612923351067452 -0.7104177436425886 -0.2888166885459411 -0.5222419493786117 -0.0792897672196845 0.10885803943664518 0.08546407843155768 -0.08858057346152393 -1.0107574425340307 -0.7842995240771365 0.02919441153004676 0.6808596593520476 0.609603198232035 0.3061518680215341 0.33223690804453004 0.12862812394253934 0.27314267540515713 0.08218917403632038 0.04456743573619349 0.019962474604816444 
-0.9764672189314854 -0.8545316524525557 0.3929136739662482 0.5890697759241967 0.6592120520421434 -0.5898576393512391 -0.7649803260024544 -0.598068851496064 -0.101404534914316 0.5029192359983172 0.29123238728058015 0.3463611893888882 0.43327793650788116 -0.030019328506368348 0.24211582104269702 -0.10327493643171186 -0.010532291785791218 -0.020927656785860355 -0.0998339999894285 -0.253119126524007 -0.06605141731338839 0.0399501318882682 0.1763401323075238 0.16755446355875223 
2.6534872297570633 1.94753970488983 -0.1197258143151938 -2.060429957279042 -2.1977402401548236 -0.6251301985672479 -0.4092074848620533 0.32323665768976867 -0.37223287999749466 -0.43573787165659905 -0.21653215890980704 -0.3159017144729739 0.8737343054298972 0.5578957420611034 0.025328654238722492 -0.7304875102916739 -0.5979225030843988 -0.5601397577744677 -0.3494109950470327 -0.35333775917572535 -0.17688142464822232 0.08693861025648798 0.11552788223063316 0.10194655402342061 
-2.059717187211678 -1.356796416187303 -0.8774197386757524 0.6279409585594761 0.8108046349276338 0.5648128220890617 0.3694433408682075 0.01509808471295046 0.01913255276960507 -0.14050650025208003 -0.1378705887093471 -0.13650226214346362 0.35250447206124 0.06739893199543075 0.12405740002814815 -0.3507938252487784 -0.3395198004032691 -0.496728876007512 -0.5265083048125737 -0.23136900844906017 -0.0656892334587974 0.20887368584181573 0.09724545584245493 0.007578202231362907 
-1.131944156051226 -0.368302920238893 0.44799079229397143 1.4085789827862283 1.056678882703706 0.3926662989606641 0.19220446315982598 0.23118786004405695 0.3910859628830219 0.16975507679237983 -0.0465680802653782 -0.15298850976560985 0.6940796430720425 0.45360819153997606 -0.19571052094043406 -0.7190845464508063 -0.7018286316399157 -0.20553038064118886 -0.18147189544014694 0.02676043177232018 -0.161406396355232 -0.150362343669556 -0.08929069369695221 -0.15912038721638297 
