0.0 0.0 0.0 0.0 0.0 0.0 0.0 0.0 0.0 0.0 0.0 0.0 0.0 0.0 0.0 0.0 0.0 0.0 0.0 0.0 0.0 0.0 0.0 0.0 
0.0 0.0 0.0 0.0 0.0 0.0 0.0 0.0 0.0 0.0 0.0 0.0 0.003399697912139269 0.0027334211465414224 2.721991217630726E-4 2.9207766726472667E-4 0.003333795896332296 0.005762688346998797 0.005635739366703123 0.004307739377845066 0.0022428055637038016 0.0018253358099398302 0.0038183324769928972 0.004782325448526238 
0.0 0.0 0.0 0.0 0.0 0.0 0.0 0.0 0.0 0.0 0.0 0.0 -0.01370874980314755 -0.016240261494956398 -0.011383047877776673 -0.010193898179136277 -0.01329635655020614 -0.014356194248867036 -0.012082934490131045 -0.009653700210092478 -0.006151634399808287 -0.00259137039725367 -0.0020185881597787475 -0.00237631160225725 
-0.010199093736417808 -0.008200263439624267 -8.165973652892178E-4 -8.7623300179418E-4 -0.010001387688996888 -0.017288065040996392 -0.016907218100109367 -0.012923218133535197 -0.006728416691111405 -0.0054760074298194905 -0.011454997430978692 -0.014346976345578716 -0.002428552687474846 -0.001517683337452752 6.606591434243173E-4 0.0010902513445646318 -5.361187930059778E-4 -0.001773350743222768 -9.223296659079117E-4 3.5106794131110436E-4 0.0016253525848215118 8.251018532887816E-4 -0.0020729719733158375 -0.0038668381109723815 
0.046225796277651554 0.05282091620468132 0.03455744231597463 0.031019811038305922 0.04488976349511686 0.051712615267099304 0.04470241252044782 0.03542270969704503 0.021819111544980563 0.010512114906670755 0.011783263194825588 0.014302422979561108 0.020437828605886093 0.028994860097364458 0.02670788397120966 0.022549632812113325 0.017599983286333113 0.011650529738223914 0.006019803053024094 0.002835151918631179 1.025239412030347E-4 -0.005225354992449897 -0.010840923069006428 -0.012495517099680225 
-0.01582724007640124 -0.021857408089982405 -0.019260698588260267 -0.018780659552846857 -0.0208365253685405 -0.02053625540388135 -0.019584217262500175 -0.018764558672455828 -0.015785613526954817 -0.0077313630132017225 3.272843225347183E-4 0.0044493028431365905 -0.003439305185219214 -0.00708290982474503 -0.01025631597017058 -0.00862104285812001 -0.0040387021957576374 -0.003182820280712336 -0.004012828612554409 -0.0021201487222533796 1.0320295469085546E-4 6.170998332877242E-4 0.0014351305511075111 0.003266298954124801 
-0.05849941264766656 -0.0801560079669143 -0.07090160130214346 -0.05869668516081364 -0.04738238101922754 -0.033327494033229266 -0.016720909577876877 -0.005584785486433222 0.004221026594312602 0.016803742769040807 0.02663162833026258 0.02808841170468302 0.657836464662398 0.474840773818861 0.04856779289932527 -0.07075068631725392 0.01269923796064111 0.10316921009562163 0.1262120133271078 0.08048201255413684 0.042847455153805426 0.0576821182246337 0.022410540570827114 0.017156668658687847 
0.05248142628189889 0.07953692812040863 0.08268187235428157 0.06984514367212563 0.048250791155448225 0.0347804504513049 0.025842928786716207 0.013940975624964068 0.001761016920150009 -0.010473120860867689 -0.02318457165201972 -0.031038867570514075 2.692836075005136 0.7728909805075556 -0.35379093720569316 -0.13870058613553038 -0.07207219200206567 -0.15261456736309412 -0.11134730950545435 -0.03341906027717737 -0.0636720191832944 -0.12857297244625507 -0.2087454393888196 -0.027352718719518818 
-1.9614379308886924 -1.4223985733570972 -0.1621172218532721 0.19895896837758145 -0.02775160864880083 -0.28545336794735876 -0.35664720048548376 -0.2223760951140754 -0.11549656913998815 -0.16116336084339733 -0.043692430530378544 -0.0194234977896771 -1.6224011958833302 -0.9740642523015038 0.184459794090853 0.15848203151531318 -0.06198572321859871 -0.08774425548528719 0.012986289899561252 -0.09371057225589619 -0.0023848998005200407 -0.09999104425591322 0.03392613159541954 -0.06039446871750689 
-7.142866205971297 -1.6694090669175576 1.0877199233043837 0.26849327208454676 0.18556466445244318 0.5633703836424657 0.4844208567076663 0.1898882769728974 0.23508924189007877 0.46697110613178255 0.661725631919314 0.11026341374887311 -3.888497957403654 -1.4420489467666153 0.46730340855950697 0.3508384190383567 -0.0691462671373197 0.11989291308847035 0.03351455880849067 -0.07833687143543296 -0.047257695890397154 0.07028355326541438 0.2525115438437144 0.020443553233839024 
8.406377991128922 3.7165097464565804 -1.1268000090497536 -0.6334668439129637 0.0699178519880711 -0.03438969417294814 -0.2849687432370357 0.18757328060728867 -0.10528838648909165 0.07805476204045536 -0.4176018682416629 0.1386206771975101 -4.584387427966849 -1.1690946937947764 0.3777304432531457 0.2185213012291987 0.3316051335753594 0.07833417655150969 -0.28313848634462446 0.0283905680842433 -0.02834574145935149 0.13956822826051463 0.3094707502302692 0.14197390609239188 
6.534067337484052 1.8362296085134169 -0.8368869597259987 -0.5664572072976719 0.20685486224897132 -0.45043012570131147 -0.11053997626297984 0.04397690207058089 0.13843001326589324 -0.3409328420990372 -0.5937644843275206 -0.17139161476562476 -2.5181460467858225 -0.2607712121869472 0.6061605080970541 0.10670585697675737 0.34997471431305605 0.027875727685296448 -0.17867148404954072 0.13459522235441176 0.09227088732201207 0.31608706458476055 0.23828543586485207 0.20885186149501322 
4.953257581284181 0.33206617031174446 -0.3330051100975178 -0.039129695618905336 -1.0332121082731431 -0.013555642929999293 0.7902486750337128 -0.2345921119156471 0.01787026955015908 -0.17591607150953137 -0.3443596230977689 -0.3045177018096038 3.8915037415781852 1.231445051208681 -0.9939590753354706 -0.4714534761264743 0.1358546939246444 -0.0043315351998830754 -0.09355875390201061 0.059259802726636036 0.09328161591627487 0.05697765814279854 -0.312300781753236 -0.013268614193559791 
2.138132139308542 0.805126357715702 -1.1276590504628967 -0.3487928729927545 -0.31279449835611794 0.469326174965102 0.48282659972091424 -0.002814693828869952 -0.10330274809558282 -0.3543046708475057 -0.08975179824718915 -0.2947229812326097 3.7226284482971987 0.46155835432699927 -1.3196818794970377 -0.30677873916712156 -0.11971561840568896 -0.11548935895622832 0.3045139118390757 -0.09045468092389608 0.07099372968179786 -0.08421053782819736 -0.3712668983132585 -0.2501511620609207 
-1.0701656345178776 0.5377262182293947 2.000463262325107 0.6720614173140006 -0.07782154948331743 -0.48127323890650564 -0.3009757695229509 0.03318967037710596 -0.26426685355717827 -0.08619229801370598 0.2672941339778794 0.24009220301168194 2.586949924863068 0.05384951056615458 -0.8529878300469873 -0.08903504227412713 -0.49775016818746964 0.12671525345640958 0.46732478573951647 -0.14953853481318405 0.08664993750000917 -0.14912820621674458 -0.20537094874638742 -0.17357135470381904 
-1.6221063995065155 0.3487245215735939 1.955424492553802 -0.001716546262760188 0.08830643807112537 0.12989674915562666 -0.4784694895018752 0.18145005369589262 0.06651738577416832 -0.1331631153623578 0.2142093320744305 0.3067569190064945 0.463001012589561 0.0662866179660826 -0.3126238865703794 0.08403841857299414 -0.07883736313730207 0.11144208289149522 0.1580138517473528 -0.08554433629558256 0.17799785036334703 -0.14339758301092673 -0.12691051569398593 -0.06528396934952523 
-0.9274729238974952 0.39871855668433476 0.6844166085350949 0.05443726783847894 0.25948792807564425 -0.2239866903944903 -0.131077637573442 0.12189111876152381 -0.326989609884744 0.1608977693981284 0.11977265798058356 -0.08454358781769873 -0.8733591710317894 -0.24056877125759554 0.7206426619026524 0.339447874154154 0.1479247017207818 -0.00974460648689631 -0.0828422610040988 0.05864325436422172 0.13845931379748733 0.020661229479913595 0.1552954495634379 0.06044797100345169 
0.6777827462296679 0.6757703345899841 0.4682359361432473 -0.2920960539739761 -0.24493714772369257 0.006356652034608612 -0.07616402149589857 0.2094675908656688 -0.605934921021841 -0.04765695552064275 0.36474048683341653 0.06344682223065631 1.7600688509706153 -0.11647369954393423 0.5973255189213907 -0.8589556534976026 -0.653946628248273 -0.18986341233412907 -0.1476124503285584 0.2894641616345771 -0.2363078441271362 -0.04579098299823645 0.42079905975648585 0.0816644170972283 
0.39996730570939887 1.0959096254939862 0.5821295548224272 -0.20109245129285347 -0.3549738617482538 -0.39026937088530766 -0.25360172051364277 -0.1567488613004473 -0.3434186415516356 -0.1909290663743043 -0.2738577920919274 0.18040333838924597 0.406331321868433 1.4629566185612226 0.6806308561620594 0.15634822560753214 0.06153909579398945 -0.48018913731760365 -0.3548694756076059 -0.10063898580232705 -0.2848058672542961 -0.049594709941388905 -0.06584733932262106 0.07354041279710233 
-7.566033067221809 0.3495500858005709 0.21459146264596374 2.702915273795714 2.357377217727893 0.7826283264034225 0.02562990295390044 -0.5476224411768531 0.7836554339890227 0.1801232515185679 -0.8513726221587716 -0.07070979538866276 -0.6405602175985591 1.6836290702952645 0.24539097268254673 0.0242729429634147 0.6497884754139905 -0.22324086558138587 -0.47419587158649507 -0.24125968675415654 -0.2559731397374452 -0.07662010477900248 -0.38027465534297794 -0.0215113991678805 
1.975441017222944 -3.8270411746046262 -1.2306537232024417 -1.9121130728689626 -1.226286542032117 0.8284448843739138 0.8826338270244762 0.8023530921897659 -0.1673671856272877 0.19579179570268979 0.9253712304445408 -0.23808651739934616 -2.5584246963230295 -0.5816669909665976 0.20998512774694858 0.7178469665188736 0.2007098324703258 0.4127109949376992 -0.06299923577486151 -0.12057124902551057 -0.14984054736436295 -0.0037040628726694633 -0.32096440137089804 -0.020208142223668357 
1.8117265432685725 -1.9136414762465037 0.6384546571080416 0.49059542792383437 -1.7586462338237325 0.06672212114915532 0.778305819494527 0.4536956743830318 0.07395877022832065 -0.011157072222132358 0.9059499415941161 0.33722594762859387 -3.199369516692789 -1.891087090195524 0.3109958312258716 1.0648155347397155 0.2094852529239047 0.793691683843655 0.8091082132147921 0.4668117979742503 0.19232030811815734 0.19229743593543777 0.14048792779939948 0.06849314557097201 
3.386361589433296 3.9725063794173163 -0.2597574256494575 -1.2484734279135343 1.1009083666165815 -1.2704492530712719 -0.44094197145937153 -0.29569417200385806 0.4609513324218043 -0.08417671588594577 -0.1896258698556771 0.03705989355162273 3.2224981752005504 -0.35675555137702847 0.3540693630805589 -1.0867399864001603 -1.1404261932604367 -0.008342387582760957 0.7091076621391147 0.3650828304057569 -0.22602101138767847 -0.12301260223739914 0.6374058624841304 0.05440013580931672 
1.3266151967513826 2.123037579376172 -1.2038441798081432 -0.8233511529011465 0.5653240046318299 -0.5489996564049497 -1.7399068374485516 -1.399034203002792 -0.10746474938999523 -0.25678480049342767 -0.7153378554068611 -0.41376243757706327 3.9141148045169927 0.223084471734832 0.040037645421034794 -0.4234996117544962 -0.5241440120700581 -0.18575542421427582 0.18665563655792347 -0.20202405467037524 -0.159853538768664 0.025562057596888826 0.1425373800718194 0.0501029698891274 
-7.449497835120113 -4.775114048284879 -1.371712393986026 2.005080176744009 1.0330069185214121 1.1613329358992492 0.0144171690786713 0.6334695396654073 0.6014076083449056 0.6876434665505349 -0.17620245850736202 -0.025792732224467763 0.4587884526174572 1.140245159708621 -0.7213127663469292 -0.4318527136494886 0.7379485101292 -0.11176769122220498 -0.8274556107879651 -0.3779281136643693 0.3023466009175157 -0.15531381034005218 -0.1557026229621219 -0.03847569389666777 
-4.512688158005701 1.7909153224000978 1.0743192050132215 0.1343174608585514 -0.15226347356597336 -0.5919027006932778 -0.00934066044826476 0.5951859825595249 0.48329124857276196 -0.47375333623103916 0.47162609570450037 0.21834335084925693 -2.763539059101268 -0.10923385227415879 -0.8923406110916764 0.25793646515757124 0.7298276044648618 0.08551385604673023 -0.9449086280126978 -0.008620090511145687 0.40153253488244284 -0.27449854261518686 -0.22115137931588402 -0.033085799495104505 
4.929647908959466 0.7178320287794904 0.7650991809806476 -0.4317495938449174 -0.754143424672117 -0.9136946572604929 1.1761417724043806 -0.15901992379190877 -0.7414664693121213 0.49024898300301645 -0.3159999765249921 -0.16356591897153405 -4.337244254311783 -1.0653914466211292 -0.49577259388419864 0.8232607433733846 0.5548449031426528 0.08579320078066995 0.02254324837605476 0.6419233873951506 0.240080113139866 0.2327169137804382 0.12393140853574969 -0.10824110596877275 
3.4276595020153966 -0.29573390233353614 0.4047718659835491 -0.37874566307939705 -0.7305836371659908 0.23197257203473065 0.5139567449266875 -0.9769291997406968 -0.6406253152088103 0.6654080691258922 0.01801504154960598 -0.24561844571821662 -1.2983580795972884 1.0202569198920195 0.16198811407083147 -0.03482524082812153 -0.053156037979391245 -0.5774347799374194 0.49887328362280686 0.2695726553979502 0.04144105385335726 0.22481091626087624 0.1561100173677789 -0.15551143969752776 
1.592061097804688 -0.5356150960546744 0.45037905718140614 -0.2081704914071707 -0.34236770910653735 0.4920156971932352 -0.3148612787369691 -0.5062430313699338 0.4431255508160937 -0.5800879774692455 -0.32119115703716394 0.5309114839655873 2.1099998703046294 0.24958004243601536 -0.21038879730065943 0.00161942754878804 -0.4886060569513459 -0.36174553905029466 0.639436940927289 -0.2222842275526852 -0.22779362641034093 0.3962241103143569 -0.1750951589624005 -0.08057010718500586 
1.0511794863635533 -0.6431318748588781 0.7457149247003478 0.12700363212404264 -0.19868321741058947 0.43754646189211666 -0.7604589857460105 -0.0399204298453133 -0.23332792305141736 -0.6130176047775369 0.005891633857249556 0.3376389684732795 1.351540767829295 -0.22250896383151053 0.03157646058337408 -0.09645201395998822 -0.4171636403626156 0.10260686698294486 0.31443613177274704 -0.5550735119252498 -0.1055128761287633 0.1680392258799089 -0.09620020689014229 -0.013104043208393886 
-0.21211169412850062 0.1427908877341153 1.2257940435242265 -0.6894825240930014 0.44572453630421993 0.06875501496169811 -0.10496118504113727 0.03932837391845512 -0.261734286159795 -0.05921051098833985 0.2153472042083876 -0.21348430451226452 0.46613869272336333 -0.08660429841078206 0.14868612631195774 0.0529379278851018 0.021141297957411338 0.14388047792541794 -0.23694397728341512 -0.05054132240151347 -0.04402040695449475 -0.3335612668979311 -0.06723215286884247 0.2971171073387259 
0.27512359449410617 0.03258999726660061 -0.07766500893798334 0.15126639514348295 0.1268611612164774 0.1357823122016646 -0.5343016972394695 0.415505633390858 0.028343231665423962 -0.09914834175428722 0.038346481597257065 0.16589157814589095 0.04804903166496673 -0.2957220265785159 0.5020782023166431 0.2279404351350418 0.23994922823537257 0.05486327011476496 -0.3364193088636178 0.014604070373061329 -0.3424969819287767 -0.2943930912316641 0.19282194929342633 0.05347573136878168 
0.5816729655693216 -0.6136631368850676 0.41601064506469854 -0.37911565657219626 -0.5685637922923048 0.21125633826220735 0.28289200886000576 -0.582332095783479 0.44435119432115733 0.16366119171292304 -0.1357221223006403 -0.2745661428868963 -0.4714577897533851 -0.06448946782153057 0.7506369392684156 -0.13698958929618063 0.41298252420072484 -0.03092949888895245 -0.24102579984080355 -0.0429109938047715 -0.08005964401721538 -0.18191009512490733 0.16468061742543946 -0.06775854538183272 
0.510140061519742 0.6222612171862609 -0.3556279830198177 -0.7120011070414853 -0.4113867378184448 0.20170598989756716 0.054872343894271425 0.22709759388646977 0.4411202824944366 0.15872581756682383 -0.3970395507685155 0.20775269355425036 -0.2758280601920949 -0.11501109862936303 0.5033438452139867 -0.11860883491469609 -0.007061915323376707 0.18031462139477714 -0.31009909342668024 -0.11919613226713206 0.2596135316918513 -0.1770802596437242 -0.006552515891994237 -0.004306867703110127 
1.0847534416188367 0.04142368123887685 -0.887135287240103 0.15311999488802464 -0.5240990867804936 0.12858167278060417 0.32352919391440293 0.2622653750849637 -0.22794387952265516 0.35758269472582666 -0.06100163188504448 -0.031139226070946047 -0.035036898120353634 -0.07459187725669307 0.610749070395404 -0.34372312597855265 -0.2624948842942396 0.25001291590348157 0.010902787266925859 -0.30820827535005185 0.39717070224698214 0.00559594912215039 -0.24142819805331442 0.07048337340564259 
0.8510675370456333 0.050079884092717464 -0.9361235784275426 0.24097507415746078 0.12581455443070189 -0.3638242192418652 0.37567699051337256 0.35079529475803284 -0.4143498264882237 0.3351316856704335 0.020643784065441872 0.05709872284724621 0.19243869726018836 0.3388744151008393 0.32853360374417373 -0.3826097270153843 -0.34652904522520056 0.18821463627336024 0.010003594842970457 0.16976945411845348 0.17279273761943467 0.15468039608386266 -0.24716522717344516 0.20979233743712503 
0.5163199221674368 -0.10379683856821664 -1.1259887684176513 0.17556563076398857 -0.049679785534159304 -0.2560173048785213 0.08978132374967762 0.280443879830895 -0.319425857928459 0.05867041029466702 0.37972080444232437 -0.410689277750322 0.483808567133084 -0.04761989278008549 -0.09896483489712526 0.1657585419355577 -0.287528152221707 -0.025011937077646984 0.11566020198119205 0.0037301719853296555 -0.008497857839801615 0.1154894887067992 0.008373455641913052 -0.04655879131408729 
0.21704072946487685 -0.32175176821271023 -1.2218020536635648 0.42460525606668575 0.39099074723398974 -0.1706384300929508 0.1417354944477227 -0.29130002084185636 -0.031516941160965484 -0.15585922846918443 0.12409491258813565 -0.23184929291743675 0.263669889650416 -0.25787673336337846 -0.6171172328718985 0.30853871208026956 0.16611156447548225 -0.2246642310159086 0.17063372759890813 0.07213554708146873 0.11216210120555752 0.18173231566964554 0.011038532594124831 -0.08660025534752423 
-0.049658855990037054 0.3701991857318472 -0.44740154493071604 -0.4359707218732609 0.2058972734829836 0.10702458943908794 0.0935193360036517 0.5721225169289194 -0.39386674866687943 0.256609685675238 -0.13784756307213053 0.2530111557536573 -0.13447220403607277 -0.3101209975399879 -0.37091541920534565 -0.12431610293771023 0.0898995188578972 -0.06843762696929584 0.06974534119322913 0.11376085703182087 -0.2276730613613841 -0.13530179766100758 0.27748413312432163 0.03452941367416342 
0.34304725717312223 0.5867120720328209 0.5759345084446852 -0.3788728857647232 -0.5003086685043163 0.12864752664705603 -0.13809319841033885 -0.011450665035385499 -0.713615684735686 -0.30903489902878856 0.24631237004029483 -0.014950727862170776 1.2988431987099822 -0.37450932354369204 -0.7874826174481454 -0.39625537236927694 -0.13578761872904233 -0.0107635336447377 0.04387642190013016 -0.13029912424688486 -0.363051338787481 -0.17531197533157514 -0.1193976205824006 -0.12239141197150367 
0.8567332704215325 0.37233423392898146 -0.9121107918557394 0.9502530104928237 0.12627136576130216 -0.2003474023406372 0.020459646599020997 -0.20076336916780302 0.7046426979430536 0.5411636385574918 -0.5138403236567202 -0.6227268013004452 1.8090941293072642 0.38031652739902544 -0.4750452717797544 -0.47923946992917404 -0.31692192850527184 -0.12145095940470414 -0.2595539668330286 -0.14478694455507515 -0.5736719763191366 0.07797165171756688 -0.08470822068234858 -0.1397981189936871 
-4.132684929870854 0.8007086783197988 1.3730004221433831 0.9202595069914742 0.8381665572819574 0.01533816673112487 0.0466360734496476 0.4860402949471594 0.5083823518965112 0.22779972108441404 0.6702841546276322 0.5731939215241255 1.2234806379955574 0.4265208865995227 0.02134982528755706 0.24939023252210077 -0.3188866116263713 -0.08547779497781548 -0.07395684831937528 0.1382572723188047 -0.14447239445090673 0.03403667434031815 -0.18669034914214142 -0.24839367326090037 
-3.2390751503898416 -0.877748699608718 0.5792013135591982 0.3521814915361625 0.4874254461056622 0.5280321476111659 0.7798166005727443 0.7577378706028725 0.7161501619744318 -0.24572257953406396 -0.09570879331875348 0.37833318804157046 0.251380109739428 0.8804251317852875 0.25985630005559596 0.817853795240984 0.5466538034013736 0.10179147358408196 0.16504698339015536 0.17090966005778022 0.3244251134676193 0.22041272209520332 -0.13261962449824255 -0.0683805401000721 
-1.2794904464078631 -0.0678091209968974 -0.2337710201254548 -0.8280078238526949 0.27577412620261743 0.0208911366046009 -0.2959011304390746 -0.9054731018771374 -0.28595223339865494 -0.017701813003965117 0.5973176522977357 0.22970029724952246 -1.333874569415416 0.8266125441114586 1.14541399508307 0.8852897719817631 0.6978083863118559 0.08413910455352787 -0.06282840871862472 0.1563636595072431 0.20777768410117495 0.06684088908550302 0.2699693363341363 0.3100937051764926 
-1.3240043005282471 -1.834682261768533 -0.8882939708881084 -0.6291747098080438 -1.2324938289031486 -0.5084983080296211 -0.303412701627084 -0.017735650928995317 0.12853465018777868 0.002676239316071416 -0.07949819899704424 -0.24583836886292737 -0.7659996004790895 -0.0561441322586127 0.25335563848847065 0.055885706088794805 0.10289560891157638 0.13066269228906482 0.2352967601679108 0.06173670537924451 0.2257565724046312 0.015749516975850236 0.1853906674534426 0.19439920734297902 
-1.0885966465554042 -1.2006621729346696 -1.3294939208821732 -1.2449317082817117 -0.39529896414920485 0.2811860808909348 0.7767359507054359 0.40468607719136396 0.17885705548631287 -0.09692235559716272 -0.14772915153563132 -0.04500141555310333 -0.25317757668395724 -0.11091306262295086 -0.4324841703507183 -0.8626304979457684 -0.20556869053745608 0.10170782913925991 0.191920292349441 -0.06448176134553596 -0.04488402593721228 0.05788464811669789 0.23212279770961142 0.06384153252821036 
-1.0365232488788023 -0.14288977686399384 0.3669958484721455 0.39298631548428653 0.5142751645468442 0.005896598600804492 -0.46239222050324336 -0.08255183506911173 -0.19352419968194567 -0.25336085916501583 -0.27935739376239777 -0.06751357758605372 -0.33426605920232394 -0.6609523597738615 -0.5663849706585912 -0.5611263790319226 -0.5732077840358699 -0.12212852996516578 0.12380669845171093 0.14229275210042747 0.14308755236733894 0.16065151767802624 0.08571039630900901 -0.0042299676239212864 
-0.6636982421807138 -0.5809661755803144 0.43603658124657324 1.2488031573384455 0.01909570108998926 -0.5414298041283917 -0.7921722480493179 -0.6796197257704713 0.009729269347844072 -0.06333720811351518 8.788565515782387E-4 -0.05098669597354544 -0.7146401842451136 -0.8864524019384401 -0.49988673542513157 -0.1759894727876101 0.12849293603872255 0.37941561770004273 0.3787693795464384 0.1857413974629353 -0.024788139525395176 -0.08539519483659185 -0.21762247691390826 -0.09273194189001953 
-0.5336553251086205 -0.16167318112412632 -0.07190430997670783 -0.1926630055223546 0.2799321905848642 0.26919522437553944 0.1096213023951601 0.09753899425063989 -0.21616411384500378 -0.4960708874598312 -0.41093339196767603 -0.23015582578094246 0.1723896036114397 -0.09758655070954103 0.12025173387999426 -0.02195692727098845 -0.24378496253126106 0.16460102652181183 -0.013644053085229535 0.2769340893811072 -0.0050619889751706655 -0.12743720536197972 -0.23827793409840345 -0.23911951819556967 
0.8038899442948457 1.468086735010717 0.38961636461764826 -0.4241386294155609 -0.6636062852843825 -0.988710085096561 -0.6455789493830809 -0.24258352985731785 0.26454143114402745 0.2806182430600205 0.5709262783087327 0.3145155342143996 -0.6714961270561574 0.054475363355949526 -0.010755120070016055 0.5696993970501393 0.22192685873052923 -0.29407472929357814 -0.28529638737794955 -0.6159241845560883 -0.06469854450289848 -0.20759565377829348 0.03667343204419454 0.06863408312976997 
-2.287486152950901 -0.8746565800308864 0.029450755146625207 1.295327990674255 1.5869810453278133 -0.2642663404805463 -0.4947567105806733 -1.13187220116901 -0.30574431365452537 -0.04302696866584449 0.1504526976542353 0.4670938619066828 -0.09321722369245815 0.3567707618324856 0.1472797122775563 0.002877377112304661 0.08350579805378615 -0.25401107120080735 -0.23751290497510447 -0.31848392930858566 -0.15031587799290413 -0.13475365116904536 0.06165528331366079 0.15837893385839222 
