0.0 0.0 0.0 0.0 0.0 0.0 0.0 0.0 0.0 0.0 0.0 0.0 0.0 0.0 0.0 0.0 0.0 0.0 0.0 0.0 0.0 0.0 0.0 0.0 
0.0 0.0 0.0 0.0 0.0 0.0 0.0 0.0 0.0 0.0 0.0 0.0 -0.02306552040284811 -0.03461188544672048 -0.04184773326776344 -0.04124814436708285 -0.036684555465345915 -0.03017208091855587 -0.010489141927778334 0.012236894754099595 0.008351354459993465 0.006634989319238421 0.01725326899416039 0.011810604827385876 
0.0 0.0 0.0 0.0 0.0 0.0 0.0 0.0 0.0 0.0 0.0 0.0 0.05309449708607842 0.0771983051549016 0.09462468791831702 0.10455643368784547 0.08812779846986457 0.06923821565173982 0.021261666101741728 -0.035682328967524796 -0.024586516136558212 -0.013799298401027787 -0.031097054087420178 -0.008565606680731424 
0.06919656120854434 0.10383565634016145 0.12554319980329032 0.12374443310124855 0.11005366639603775 0.09051624275566761 0.031467425783335 -0.03671068426229879 -0.025054063379980396 -0.019904967957715264 -0.05175980698248117 -0.035431814482157625 -0.03409243936851573 -0.05613501017262431 -0.07639450119656377 -0.0853524195951675 -0.058971882019720555 -0.06268760312640113 -0.08260306753887718 -0.05588498207845005 -0.012003701279902598 0.01827494711399089 0.020155221560210157 -0.006166109588824825 
-0.19388177186250743 -0.2835127436347855 -0.3466456636565962 -0.37554151761416066 -0.3194102286076126 -0.25297276833305327 -0.07951871119689269 0.12540232903372378 0.08628658009966483 0.05135037918194099 0.11917106575350112 0.043412727283273084 -0.016601627449634265 0.006527632641137611 0.05594023130296518 0.06565573891609108 0.052149451647922264 0.06856069415355136 0.13702868723680484 0.15831115436489276 0.07965833320883675 -0.010517671151922597 -0.04832419544836527 -0.05593424716390812 
0.1992182040368009 0.3101614023352657 0.4025063354179894 0.44382801759258284 0.33662076036296795 0.31454919354573 0.2875685582150779 0.10495378171848826 -0.007132186210124625 -0.08050003093294317 -0.12005119755738103 -0.0032080348751620663 0.01715876502841507 0.020210035246958413 0.003654006577347546 -0.0014913874704627073 0.03085727320177011 0.06362405257217023 0.05596420072644051 0.01049341824752941 -0.024120045594695192 -0.01919242581948342 0.022255923271382917 0.054179751559025095 
-0.015205939065225493 -0.12274577092096495 -0.3063022617162451 -0.3570090089939404 -0.2697319019272319 -0.3176985578556853 -0.5391366279262859 -0.5457656960850719 -0.24793593821143814 0.06185054494338174 0.17911828163254573 0.15169085168822657 -0.027175621938702637 -0.05708451660470659 -0.10099702551244767 -0.1349005979702549 -0.1591413904792352 -0.1433736519126222 -0.07417024232888081 -0.015308867585242395 -0.029721874005861487 -0.0380825695588178 -0.007160908907436166 -0.007832604280365604 
-0.07161765027534184 -0.03717793575762407 0.09440947910107211 0.11895234120252654 -0.007357316549462922 -0.06799302019952708 0.09338378196871008 0.2673930735545108 0.21441733255965667 0.03242222662001462 -0.14850118473615223 -0.2521101313617097 0.14124913923766527 0.17713547374003866 0.16684494973368316 0.17548164563144406 0.12887277394368193 0.060531532444468045 -0.03468358788105258 -0.12140871646180489 -0.10277081012396488 -0.03944978290397776 -0.0014969221580531887 0.029843191796555795 
0.023063021109671844 0.06141047522577914 0.11039384103920546 0.19159811449163217 0.33000298128630845 0.3684192942774419 0.24008440391293362 0.0901092858714397 0.06467744273235865 0.10913695908191551 0.15487878606519523 0.1913615883676437 0.01741991960464177 -0.003979045893008422 -0.06611053529000964 -0.12113793960633273 -0.17267530285404642 -0.22783254802516031 -0.2523116207680076 -0.1629175481539976 0.015753711037197627 0.13833292300479438 0.11285950582679272 0.02624592781411883 
-0.2436636937636436 -0.3133231419582223 -0.3063765651607854 -0.3569204810445356 -0.349865003074848 -0.21010432985423771 0.002008805938625846 0.15124244012564708 0.14487355368987162 0.014206110709723233 -0.10344068329954621 -0.11257297860453801 -0.04871189528843489 -0.06387963507167023 -0.0534279092043902 -0.057329102294328076 -0.026084220504633538 0.0662473613027747 0.1877292008002738 0.25238954919278656 0.21739087623441442 0.13269982222742457 0.06198533342282209 0.036637170502658634 
0.018557323865000086 0.027263969858359438 0.09242236628471256 0.2443412209485889 0.41954784989759997 0.43685474104715094 0.2634857223927791 0.0010622650913527376 -0.2604251818881385 -0.3440401661158557 -0.18199048656613542 0.003184491867284256 -0.09774916713149844 -0.1167486135939964 -0.08103455292973305 -0.03472865437526923 0.044210780523330835 0.08520540013906741 0.06193028215353185 0.04426072679623009 0.0368902852978888 -0.020900297492163766 -0.058674528800081116 4.226576757833019E-4 
0.07677088421229872 0.17153422214109648 0.2636789440914892 0.26456809485703237 0.026122910658791937 -0.3009528274927057 -0.4815044796720341 -0.44525206363380543 -0.27520398383333794 -0.13908867746337347 -0.16602254868895316 -0.2679330946195058 -0.15168172163254642 -0.12857419593389774 -0.015255938249081816 0.0028445238594768294 -0.0065495917944026205 -0.004061004852587489 -0.016395487733307568 -0.056302365628493466 -0.10088129477143086 -0.0752546498862391 -0.028528712647899055 -0.051285588480919 
0.15609323351619597 0.16922763395810891 0.06846974520226734 -0.014960210333344104 0.009376682849495957 0.1582273426794737 0.29605020025766804 0.2555743573624757 0.16404535560029704 0.24848524564495517 0.36219330516014203 0.2677736733477777 0.07439630829035145 0.15276364492888336 0.2694671956907006 0.3299709521875768 0.28125535197979284 0.20011160606527953 0.11350858012050742 5.945636139231455E-4 -0.1334828400328948 -0.22528879893726184 -0.22534910355080406 -0.1843250330365287 
0.1426135163083977 0.001417613793596173 -0.2486324398723173 -0.2358033369819996 -0.12513064416758812 -0.058607616112636624 0.034913030206104104 0.192893490875566 0.23528216925994647 -0.05629264551196489 -0.28994644121898777 -0.09101080390202773 1.0662336311622906 1.2296213837809638 0.6426845829553477 0.11138353093507336 -0.18033039871338666 -0.22317613342974943 -0.1333995664239572 -0.06969231921599113 -0.05111691559623 -0.04259374033507477 -0.024590619934860624 -0.007138904885711099 
-0.23755291705410375 -0.34596866075454047 -0.45982352880548605 -0.49538591969462564 -0.3485914286285886 -0.28465268283872214 -0.3352487729078123 -0.3197942030051024 -0.11521973833609633 0.29042821472022545 0.5560187703512941 0.46769844561813123 0.3645053749604332 0.13165317435105062 -0.19112496909324284 -0.21798653322812175 -0.08440269902339272 0.09710024352832851 0.13023356463186217 0.0477022280625751 0.04481517741722093 0.06521258174295758 0.1360922373758231 0.1524934042918866 
-2.9251069339894236 -3.2597317818454705 -1.4002281677706772 0.17063035673245303 0.7460981625379941 0.5900155855556406 0.23434370618257766 0.05150917419795702 0.01777930992354876 -0.032278940995784294 -0.18916342147994733 -0.3464787660975493 -0.8101390803182129 -1.1832228908506413 -0.8021870978777671 -0.31794369522224825 -0.016987672910657486 0.07260983283876547 0.005084049616665952 -6.269712571013905E-4 0.16172491411824638 0.12944587210153333 0.14557471311425 0.15854261508857023 
0.5964373337838069 1.4048428087244904 1.2176425164311757 0.4357825424937948 -0.173029623433117 -0.45738498873965044 -0.19436583162615523 0.1831598315135549 0.1383512530168331 0.040840648157992154 -0.09647491683684745 -0.06197255843012128 -1.7682038487873646 -2.2641239689090793 -1.0644046677585979 0.2191135329089683 0.22432145234663603 0.11136797806761449 -0.3377614733889236 -0.3922626984653541 0.11977237191639341 0.2880005839994629 0.1887985732005092 0.02851483560808941 
2.156035631844081 2.675680551606005 1.319195831142653 0.2524435175905349 -0.16194852803335147 -0.19007096167846887 -0.05078058928472229 -0.05670261261245846 -0.37667806877125737 -0.31983647853544817 -0.40042373696766687 -0.30180314714361217 -1.7332521041890487 -1.616440288030162 -0.7673821043223793 -0.11611539486014423 0.3664963951499162 0.16604547247468118 0.07906440380812271 0.14122390416579356 -0.004830425127296968 0.04760405753582548 -0.11327216843805839 -0.2723891059989136 
2.526487346391238 3.4786970792469596 1.3736784750136426 -1.1936330988505715 -0.5675324403828239 -0.22871334342451083 0.8205977949926084 0.9110997857961676 -0.27730816473787345 -0.4297947685083313 0.09525320849362628 0.35981612931689444 -0.7158069591415535 0.5094703279809926 0.6391017786123506 0.0808306375160338 0.13922499800538277 -0.36108441957975096 -0.11158378192310864 0.27523514151237477 -0.11083574910726725 0.09361683970815338 -0.058756851869440664 -0.0795574857039385 
1.3096243722740066 0.5526619469837808 0.8239001659052274 1.333684361985069 -0.15613961443690116 -0.022456654525972786 -0.5103313185511723 -0.73613251544073 0.24010029418279294 0.060226594729900995 0.05478902116899098 0.25979420802568354 0.3454832801505412 1.029877487884549 0.7089143262666093 0.06181205931619758 0.17745692120446466 -0.4480884221574852 -0.08373268142857992 0.2897533963314572 -0.22093290199070129 -0.14042618791825218 -0.17134082793784766 0.0858915879483026 
3.167063840993505 0.9379411270926248 -0.45201498678716323 -0.3473297922515736 -0.5936090742474904 0.5420611164233544 0.3701608787763957 -0.30283064160943374 0.1624693188616097 -0.43004140759914256 -0.14781074029685437 -0.10409877890295365 0.1107408901647317 0.8385203626789549 0.91717266749187 -0.17849928183980068 -0.042755600757643286 -0.18393941804562183 0.05812883947637463 0.46050378199180214 -0.04424895566243651 -0.1192134946719249 0.12338638473090613 0.0906086810307587 
0.7992975440913241 0.8564260640295256 0.10529958324322797 -0.3561443136575568 -0.6812809747144122 0.768807074870054 0.42563591310912385 -0.31899758790402943 0.066231895401105 0.10156540476471398 0.2351307212411164 -0.3275204568785959 -0.05210031688656702 0.18067608239030442 0.7173162802905493 0.3414653446081342 -0.49973440276521663 0.12837716796787624 0.156921207617445 0.07808572302115724 0.18198312180168394 -0.2908601371398081 0.07622406177794788 0.2629999376586085 
2.449428089988384 0.8112539326872223 -1.0185392361309678 0.18677908449014347 -0.17669495797113854 -0.07252695398565878 0.17822766073333646 -0.6789790239475892 -0.057627098359719964 -0.09282368950996311 -0.36507679573515484 0.38164741867675805 1.3027145754260483 0.3465719294278002 0.22374888341043353 -0.1112805954709039 -0.9023423871858377 -0.024329320006756916 0.5439399441660094 -0.09815781102942878 -0.25337471126256705 -0.3171019846707918 -0.11215938445562228 -0.12401085963911528 
1.824743198436268 0.07397729701556877 -1.0447865502945184 0.0422338897898078 1.1346065357205726 -0.1002941232250949 -0.8851283323819776 -0.782315493335124 -0.19580086261159396 0.7641981471047354 -0.06525013644570243 -0.7720787037399979 0.410373413996511 0.9124417917792572 -0.20364598718062799 -0.2505239812577893 -0.6398817687343733 0.06645745720471363 0.12298981776082211 -0.4683713617284601 -0.03930248399718733 -0.06734114299841637 -0.09883576882246438 -0.15533725951293845 
-1.2538027124571123 0.2894497223162027 -0.5482185702495905 -0.2126771075625442 1.2054743320925307 1.0495996754911996 -0.6062768309760815 0.22330174419439985 1.0536098316556604 0.18994817524322205 0.33885784191342183 0.49021292344509315 1.2425084836309 0.4574104326466726 -0.8639888323616155 -0.17790961624767934 0.07940252148586709 -0.1378653455485467 -0.19837980347012532 -0.4539259222468655 0.10668353634413158 0.1270581783227637 -0.41085005346090564 -0.07411747122039852 
1.4197927033245392 -1.6199972061227363 0.4810772118444233 0.595155726142155 0.5472796864568734 0.008371388517483869 0.4489187056813665 0.6349761132103562 -0.37147911761502317 0.16220290138337048 0.1796707088842212 0.08420856927605197 1.0218003258318353 0.04933080208493775 -0.9819616574065235 -0.5001767290740256 0.402542415159813 0.2231257009581328 -0.5415505965571732 -0.5575724314650485 0.15946132074885003 0.4904694638722337 0.053119386793673694 -0.2609739887562273 
-1.0756221133484516 0.28600988631635715 0.8104953798844079 0.44404701505700794 -0.12123909779689024 0.286736326788692 0.10634355211204038 -0.025847060479732786 -0.28983857989040007 -0.1730006016175717 0.7450129419826003 0.17585619582992873 0.7884452083931165 0.1572325192187476 0.023160534998400095 0.2802822882768306 0.637142956656565 0.6081647221100529 -0.12204476804474412 0.08960662116128841 0.410946249464683 0.14515552726230238 0.26816559495790687 0.2520497973792441 
-1.3297480786135685 -0.07229519123932171 1.221741446858053 1.2144020157021085 0.5903360051858442 -0.38823955174823954 0.383213265745481 1.014976203397088 -0.002460619085113802 -0.5257358560815688 -0.4276858468613127 0.1680216263362663 1.276302766372581 -0.24349348465339707 0.09531383177679942 0.22978495928133147 0.16716543766094868 0.15823864551805553 0.15678985581202212 0.1916174412403406 -0.09046441666921445 0.047461003228472215 0.29377259976628994 0.13018095333801968 
-2.244367946667408 -0.9560988427817474 -0.9880322927516056 -1.3631471171730127 -0.7274826972416495 -0.5765890207060973 -0.2072898068739064 -0.2355181643828312 -0.36373816600334324 0.09845097218878451 -0.1619606650875317 -0.3078429972227463 0.172343191371771 0.5376389834163774 0.6640348042835192 0.4766452923612588 -0.11278441506347343 -0.2485599300081572 -0.11588913695005047 0.10311829837101483 -0.08316822931668331 -0.23370881347985348 0.14081797756939174 0.13914251517379977 
-1.8247426791337258 -0.26846238761349284 1.0943995528320318 0.8093979144131709 0.348905173196407 -0.03468187428928804 0.1353658177382735 0.1649593414408836 -0.06313607455090825 -0.11590589520522426 -0.24816028687958264 -0.06448469421166958 1.2575014198330348 0.10600611990534503 -0.11633753350547171 0.48901798637425653 -0.2626527414477764 -0.4742899312225604 0.38628944458528874 0.03225722687441549 -0.24533913948587394 -0.13868086540664856 -0.299598962670365 0.09156266780804233 
-1.345154387203686 -1.2288234657456893 -1.1179380859531394 -0.7833868113822997 0.33782956338824865 0.8556372780836878 0.5779346869657955 0.0898064753853249 -0.009996164207452918 0.3232108583838164 0.23279622928356003 -0.12531818941750267 -0.8804079898058115 -0.1258557499221483 0.5939376872960883 -0.48063392572030933 0.4817015091243874 -0.19039825223393048 -0.10574566590512491 0.18182587529313787 -0.24240986806357215 -0.2699824614911471 0.1120564444716664 0.09551276698982653 
-5.551859117844534 -0.2539512394733858 1.635706943975235 -0.5425320963160176 0.8456380992142244 0.3185170925245493 -1.1682673149302363 0.7555422028897634 0.5566857984745628 -0.22207320295913907 0.2737325939642365 -0.1979287809904825 -2.3212496503077653 0.1447824814597035 0.7715489507729526 0.24749232244928357 0.4376571246928564 0.5393305963782462 -0.06473040235015215 0.1715838258550637 0.19374680173975597 -0.08928848403192668 -0.09327637187993859 -0.2737801274495479 
2.2604142421054303 -0.585787167085356 -3.040499050211472 0.7547196653525095 -2.4209536876237205 -0.18199374741122454 0.7617637571757232 -1.0762872209866847 0.05358050167463768 0.961482010539183 -0.7590764389244405 -0.5276592548028194 -2.7127852873541123 0.038909820990160236 -0.6505881980820768 -0.5168067803043584 0.003815594436413013 1.1146919614394606 0.053533225627988644 0.4002905551301481 0.2654805171729131 0.22929725765670272 0.19750892754602434 -0.5332530914196336 
3.3362219571350122 -1.02432798132277 -0.2589668173576596 -0.7021322913020844 0.4153254246238226 -1.1338581506765704 0.2376424896837661 0.23325471206169723 -0.6761648127112214 -0.1671760191871275 0.5276051628642334 0.9580262208296324 -1.5446475834846447 0.8697458681095247 0.407397342581628 -0.18343957780936038 -0.15006117462229007 0.5538460234983654 -0.4233531391751355 0.01581469129460933 0.1623613627631235 0.15157950307707144 0.08134975290510878 -0.19639568278586017 
2.349160937368878 -0.960364557791478 1.781163388959538 0.846833627023809 0.5415391173742106 -1.762250984634134 -0.2856198922251716 -0.8499214445910863 -0.19001241013330006 -0.3921295064722975 -0.4866668378045115 0.8964635839313408 1.6914981444659662 0.17475130185411217 -0.6461548055346821 0.0906222761197139 -0.8898663109020376 -0.21069147475108108 0.07572958649463635 -0.43645498252426385 0.00650619564510041 0.5777594198281161 -0.21880242692733687 0.1591372153191105 
-0.9622897150223233 -2.675900148448899 -1.997316303355154 -0.038270343723586286 -0.18542477941787094 -0.5528923593590922 0.6254839272956176 0.5949152408081362 0.19139816608916116 -5.953684613202448E-6 -0.10652146531105439 -0.3208031519999821 1.7872407493777314 -0.7308133531050588 0.19272462895135387 -0.42434411562571933 0.2569294681136684 -0.46129426382038935 0.24897370742990374 -0.29513581034140435 -0.4107972062548151 -0.05017618341487251 -0.16289580695438957 0.4009045858109163 
-0.6648243552137999 -0.284254989084628 -0.23285989060867884 0.1509218632041187 0.5490203471032393 0.1595977811832796 0.3406542788858884 0.052247462212887286 -0.39971957466085484 -0.8553812816964222 0.21439415594521394 -0.3656562143453437 0.3520997914158211 -1.430049904007716 0.26046381808697094 0.04811902846268312 0.5572695220871987 -0.5111659574005964 0.03223395080458543 -0.018650950784185067 0.21633926572973938 -0.19497579177262991 -0.27267227345154244 0.36750884725185307 
-0.5185076447068431 0.8300572936389812 0.1698709355723873 0.9188559374849188 -0.35920359458169704 -0.7108997421241092 -0.8224157181614751 0.6675776896839234 0.6610803883170011 0.21497841866955242 0.6657620868525395 0.3863723625352257 -0.49890696660789713 -1.7059501261043468 -0.850800479444023 0.22692749767228348 0.21164129212611874 -0.17064726678761785 0.5040300658006319 0.2196244349708523 -0.004976575602226048 -0.26601184072127965 -0.04911048462284817 -0.06541948056012646 
1.0709705279636745 1.5768064331877296 -0.08382168476514551 0.22391340103150714 -1.0433800413054726 -0.14974942104983624 0.3416280780896185 -0.8302998166764247 -1.0738713184364381 0.08530568266850946 -0.054791793531681066 -0.5596507150918224 0.15428591340153341 -0.2580026280871633 -0.25728182640207536 0.44450848085408445 -0.019107923219852035 -0.4279901797606125 0.046561838092688566 0.024334387231585597 -0.11105250533426868 -0.3891669537273293 0.05025326891375224 -0.13896471098390278 
-0.3334662567873692 1.511419518727962 0.48056603205514825 -0.755548605654131 -0.0241484615918712 0.11372304212031925 -0.8870931697081432 0.37731557534023524 0.543403764783631 0.32768608629676 0.17540296329593763 -0.027547459946363373 0.8664944128168037 0.8902595521781556 0.029970171257918066 0.5396641183655232 -0.4047048374896218 -0.6036076170541297 -0.23054337421143312 0.011612709264501272 -0.11013364886868031 0.019971058326835156 0.3108650356976185 0.08436429727614424 
-1.220202789378137 0.14907178263237153 0.3836380403561668 -0.3454013077886098 0.4388165502678825 1.031256928342903 0.23330749038115678 0.12437535768997457 -0.007723746891363736 0.2557657456719619 0.30881391098225813 0.2581978298471592 0.9608521568151088 1.1287097623155617 0.1453366218672618 0.2710434626673339 -0.2054669955669132 -0.09480887108892773 0.047976689922560704 -0.23833790208591155 -0.3777025916325661 0.117415797406348 0.18010669804012744 -0.12260917620996876 
-1.9724042244863487 -1.1268540376178064 -0.15376944076202304 -0.41547906320159234 0.11381262210049092 0.5094199343419105 -0.07662530167294485 0.15540197470721995 0.45840754915050486 0.06983521218732072 -0.44863587249728554 -0.2756448017626978 -0.031071772459404217 0.7031435791912782 0.35320070247029295 -0.09511646555385449 0.05011856082620791 -0.030900888433640732 -0.3425232859150696 0.18298782465569985 0.24654330399123134 0.27910272983850887 0.24948272281351644 0.07354768755964829 
-0.9921169586321623 -0.4901860755860712 -0.2026638139583452 -0.7592517581967639 -0.495959596450914 -0.06317125389384864 -0.20753592569566282 -0.004329310102182404 0.10173456427782315 -0.13801627249581488 -0.28309246975545177 -0.06777451555374893 -0.7167178470486912 -0.26155499333525284 -0.03931266202960404 -0.16407424061850015 0.20048953559311078 0.40028459681476414 0.0749217922928699 0.03367753028757513 -0.028269803584713666 -0.004295454218223101 -0.03622081993369325 -0.022858237907710077 
-0.3542938547821439 -0.27838228973665124 -0.28588514819847455 -0.26327398378849043 0.29288392928890333 0.7536397985396173 0.3608983960754754 -0.1072955647307858 -0.2509553027746565 -0.31273109413487826 -0.2770920147757567 -0.08520434992485418 -0.6319459344243351 -0.3390331670465209 -0.10061722231727988 -0.29084629720728 -0.05719905850443063 0.24229302398922667 0.0950646945427477 0.0866682665255315 0.08985372516363897 -0.08936084182929922 -0.25587850986480415 -0.14676347191360897 
0.12089556691583425 0.5095008886975525 0.5676338801632046 0.07071887436033975 -0.252187710105656 -0.2917067942002429 -0.21021973537166305 0.15469153654625206 0.43176708982535794 0.4599352614877307 0.3317044419225734 0.23155231765136763 -0.3787609958596538 -0.2524463976177829 -0.19295796150851952 -0.3971643876833504 -0.2744814327997982 -0.07471391225214342 -0.10024043055627425 0.0011607360404676272 0.07218991162506873 0.00434334460097464 -0.02150848191862743 0.09157000083128802 
-0.6330726839873417 -0.6095980186200556 -0.2370666208709583 0.042074512141695886 0.1635238544411538 -0.1031913674725724 -0.36047748046318784 -0.18411324819359182 0.023830110885820557 0.03894197068344554 0.011601201258114341 0.014982197375570869 0.1659297204725183 0.09787307980259748 -0.029473585576057764 -0.10431552140880916 0.05200189786850742 0.24286024591767408 0.0926243497988097 0.05133189830698993 0.016483686901012134 -0.05411606462039392 -0.03293033357254747 -0.013204594028203629 
