0.0 0.0 0.0 0.0 0.0 0.0 0.0 0.0 0.0 0.0 0.0 0.0 0.0 0.0 0.0 0.0 0.0 0.0 0.0 0.0 0.0 0.0 0.0 0.0 
0.0 0.0 0.0 0.0 0.0 0.0 0.0 0.0 0.0 0.0 0.0 0.0 -0.006422481517217508 0.01975508415838882 0.05434377477586213 0.09176650488536676 0.10629749004401812 0.053911256606441915 0.01877853916592968 -8.603168217025484E-4 -0.03946129869727035 -0.04240338557096954 0.015405819067652001 0.07875985961203637 
0.0 0.0 0.0 0.0 0.0 0.0 0.0 0.0 0.0 0.0 0.0 0.0 -0.13431187688323254 -0.15307904995282784 -0.07938632334962879 -0.06147038324808532 -0.11455387247687025 -0.16122746438563731 -0.1828981596825184 -0.12140249536670916 -0.015075519945311902 0.02441484559084994 -0.018073311349231663 -0.0875206234748066 
0.019267444551652524 -0.05926525247516645 -0.16303132432758638 -0.2752995146561003 -0.31889247013205435 -0.16173376981932575 -0.05633561749778904 0.0025809504651076454 0.11838389609181105 0.1272101567129086 -0.046217457202956 -0.23627957883610912 -0.012490174705066082 -0.04258710084969571 -0.04118059822375989 -0.04469146160789269 -7.190460197212626E-4 0.09437714970959958 0.1386279066641614 0.10056029505403813 0.09409337373403327 0.08199761480067115 0.01629327040601995 -0.04628974399627298 
0.39330190837387136 0.48886977609606674 0.31967463221267955 0.3220609070723061 0.5031078524966379 0.5645492780665748 0.5768622877964498 0.36291701086757366 -0.013965388209969815 -0.13684961512900412 0.07732866264917299 0.3807016598424744 0.18008148524004128 0.10427412488819614 -0.0486210980684613 -0.13564001296091432 -0.11480058985347592 -0.02839349952118046 0.05872087707273135 0.021777196980161766 0.005771611191152261 -0.006059329599925718 -0.031389074878999744 -0.08767144673408739 
-0.15918043007173743 -0.11667358549894624 -0.036295521435060096 -0.026956068712474995 -0.24939678818915517 -0.5654060881620862 -0.7043148638907091 -0.4831393905959012 -0.2752974270971149 -0.17756803683751138 -0.08754414254264634 -0.051481597932418244 0.3114980613458904 0.45576045897844364 0.25451664419275627 0.10845381005764067 0.06337453080400064 0.19454308796612899 0.21610595965697213 0.20257199461808384 0.06129155007402672 -0.020055636054944214 -0.045847574493616566 0.03190561079879276 
-0.4510205184084288 -0.2841182081526985 0.08249539275912077 0.2827483159109303 0.3096539285889782 0.2870166577349216 0.14782699197826596 0.17752857959001914 0.1795258280210062 0.17056708557498715 0.1148305673068444 0.17061534975041673 0.10211438506249386 0.09907829848152831 -0.05543246696658408 -0.10189416519207271 -0.058471871265445285 0.013974299680982663 0.10176266304791348 0.14096583039441823 0.029820309862790672 -0.04032068106329082 0.02701961829410231 0.1585797215112256 
-0.49306552609486864 -1.0400526372861147 -0.8079916371790759 -0.5810046492483344 -0.4122891005902264 -0.6065967235518861 -0.4901358485596135 -0.5124408177503667 -0.16223636224575713 0.03366871452574563 0.07257431394905799 -0.22695325618645856 -0.15068652706902 -0.16660233975628205 -0.0824200675693883 -0.0470767857651725 -0.11579668658863092 -0.2667362971628111 -0.33259735395213696 -0.2156442713341429 -0.05714430794690566 0.022980018278846732 0.06121627714817221 0.05513300344583696 
0.2539013011979554 0.6533244065450661 0.8718200909844397 0.904767692916454 0.7599696224935094 0.5432216967185268 0.16448479098716157 -0.04532976673844827 -0.15995685022402073 -0.12150594762076017 -0.0837894204789861 -0.007301675564182271 -0.22555222131375116 -0.2835691611958318 -0.11183899590822993 0.018247215347482342 0.0872943584262385 0.02533778645967651 -0.05389540436954637 -0.10589921339632458 -0.04253529604573294 0.0029262044005585832 -0.0048663644008313705 -0.046231800366970895 
-0.05958175866786952 -0.08558787357898234 -0.18369766783955466 -0.19673539991971933 -0.12716457537552797 0.1067002838345445 0.285148298461254 0.2752225965707612 0.06587683586611554 -0.1004715750761779 -0.17188298009424774 -0.12792209561262963 0.07557151513312214 -0.03053038909231261 -0.037479407502601446 -0.024009955880574457 0.007657984078077236 -0.05497731836115203 -0.05193372153456612 -0.10453119671338806 -0.01930019420280864 0.03192546509955329 0.003629540168614498 -0.1388861840322749 
0.008894261819325067 0.08935689358123078 0.10586539581404997 0.03587204520417575 -0.09479140929708652 -0.14564520533732325 -0.0781288684235287 0.10139451261842897 0.19307511710226866 0.22885861717427314 0.2516583075309914 0.259795170564415 -0.04983554338720042 0.06434611340814049 0.19588846512504668 0.2569477059344301 0.22564015377994073 0.16865289431178399 0.08894869113367988 0.04762481531004901 -0.032575345510878734 -0.059067071785242876 -9.902331346537119E-4 0.12123925073940216 
-0.5972765518049199 -0.6664777135272593 -0.31257606708607666 -0.07452695775047191 -0.007882536929160161 -0.09723131744050495 -0.21302785425057003 -0.2722093672886411 -0.2808517633004759 -0.23728996317043088 -0.10603817056177425 0.05615687284606746 -0.07503046723100419 -0.06586027970314039 -0.03985893225576548 -0.02645591965261797 -0.016561614863725704 0.03959093654056873 0.07633920663394896 0.05104453415062777 -0.03296910777585623 -0.06412334274349231 -0.051108544283159606 -0.03289117656349519 
0.6722553279280818 0.7507309862947831 0.3485938952325607 0.07282035402853992 0.02340814193050328 0.13922881442069954 0.14672679394203392 0.08551176926110585 0.11113348589191119 0.12410446178209494 -0.11374112584126173 -0.4630589120117373 -0.03918484196852671 -0.040376049498488865 -0.05096781907452993 -0.09789544599045329 -0.15483528181764955 -0.1538942179151078 -0.12330766707241854 -0.09136859590185664 -0.07523748499429779 -0.044098178934388575 -0.0164555356881592 4.1840077766432576E-4 
-0.16617089002923535 -0.21869408082633734 -0.18548512078151358 -0.1358417953740475 -0.13657950639814576 -0.1545095356661731 -0.0562971526233742 0.13003036579753946 0.20575497479886296 0.14427553085038813 0.16414236944135763 0.3321784753659321 -0.2272768155393329 -0.280749041114471 -0.1592778611334197 0.004671718474187107 0.10315747862450535 0.08183887029930088 -0.031112928351169244 -0.12236740927689721 -0.11740555327856811 -0.07694287092828765 -0.05605323947474979 -0.06317485150023056 
-0.08910404316293707 -0.013406774273763578 0.1952233798853582 0.3602158019873234 0.4340629208903549 0.34467655752083415 0.21342878198012905 0.17438043378090862 0.17548420303549261 0.17037040696702938 0.16593464459390306 0.12052916697148972 0.3653071888194466 0.43632582029493777 0.2458818291381353 0.0693663142984469 -0.01829246909597837 -0.006353039771182863 0.05781913827251219 0.15934792630088931 0.2240467122372326 0.18681337930204142 0.07276272823842202 -0.03216537060771918 
0.4652335803585883 0.5578382901004271 0.24194277398778374 -0.23223983715242497 -0.522682362282602 -0.4454717998884749 -0.15304006321610986 0.05045852828214914 0.039189537963437715 -0.02959432297803516 -0.07771633735510727 -0.046112612144854404 -0.17257094205064671 -0.2176165818268518 -0.16909634480746427 -0.1380758108935047 -0.09821049479489069 -0.035225050108892035 0.06415479998293 0.14709350811470737 0.12854062489335685 0.054768327195137856 0.02956567420900617 0.06552045432260355 
-0.7393684737241699 -0.9465126600534124 -0.6027655395664939 -0.08707956797761207 0.2713369771606665 0.30376906584539903 0.021640834420865174 -0.3527460908838669 -0.477723932402074 -0.3494007492098177 -0.21109995715829533 -0.17741725643318657 0.041543233817559866 0.07468315526659253 0.08432454532328493 0.044032774512714284 0.0013226811754319205 -0.01731253030881173 -0.0045355995284801125 0.030482287342685505 0.039829305835025135 0.0457414322330403 0.06686667741044748 0.0784617361414673 
0.6766741514033212 0.9007086075440425 0.7207983733668053 0.5020333222889344 0.23941494985137052 -0.028380639501779437 -0.15286757879253227 -0.04768689621419486 0.14673716783757568 0.2398561273533981 0.2639626476904383 0.2845903241004596 0.03545533850914347 0.046949524548428045 0.04916234675198431 0.04532727644269211 0.02160477196909416 -0.01305155443362399 -0.06407734556111822 -0.14455896724721126 -0.17631808899970788 -0.1329338592714741 -0.10781900311194821 -0.09507031322118269 
-0.3194540301379831 -0.40889139879534886 -0.29717805577400735 -0.13901910127149913 0.04904622129707287 0.1880685682539216 0.2269493383537806 0.1320062840010241 0.002222470593348236 -0.10157911489780813 -0.20550488016021218 -0.28020750957556917 1.9237165228067177 1.506332462717622 0.6337771348863934 -0.2716393940585718 -0.025708623689703836 0.056138542350389294 0.37409931855440975 -0.0908528198173843 -0.08668768117193469 -0.33317597730141796 -0.1359633059894673 -0.11589952804372498 
0.1489103430380645 0.14817908582611117 -0.05833800816441248 -0.34225189983355775 -0.4763513002580876 -0.3484668877918642 -0.06346227849921292 0.2417592425813374 0.3281706034648502 0.24529643768038242 0.24294313348169583 0.2904934540898849 0.19327977096312812 0.16128054212811546 -0.11715217437865995 0.3424783232323672 0.15137005902177683 0.18652664361450957 -0.18615543734142848 0.04952958824188001 -0.02906514780878165 0.32924806198915485 0.2969201533119709 0.2341093595868784 
-6.246636137961694 -5.089245287347312 -2.1145287534600654 1.1499812252593493 0.7063459732845071 0.2953965629392735 -1.1453597713890238 -0.22491070082948011 -0.3083776066999072 0.647407027530944 0.2072997179144778 0.16732976270327574 -1.5893886287980588 -1.9516882951141994 -0.9959258785405668 0.3440121469886084 0.3245575842853094 0.048318280066885815 -0.3657277474206139 0.03915479236132044 0.12262880637543443 0.07629139780071198 -0.07415654928651194 -0.09687940493942397 
3.0604258924257923 2.757043925435678 1.9809302453458142 -1.1699018106735914 -0.5433451032076771 -0.6416245676879841 1.0917532881031553 -0.01781716852458278 0.38923264991054835 -1.1223811298284425 -0.8332001112828193 -0.641506390799598 -3.229996190226032 -2.5755913253574265 -0.5605008138678363 0.16782526061339934 -0.12625589821516023 0.0029212214018118168 -0.326393340584067 0.01734615233430085 0.09831167039666679 0.35687388439739925 0.06149642265158287 0.21642285076286208 
2.9929540815623294 4.1417410667424654 1.6709654530925802 -0.7572305868173075 -0.8911296300840605 0.18969256800132414 0.7465247973144382 0.14433011247002286 -0.3961949717558041 0.3533854754544684 0.5550363900815812 0.4764306276874442 -3.7866658746061552 -1.8139973372211333 -0.4729270600834034 -0.03963201357973286 0.13129045578353624 0.053709005610696636 -0.14050474885129893 -0.10872827124480816 -0.0575299829721809 0.2650564310309961 0.08548976309032015 0.00854058492019924 
5.219103803954148 3.259459884853502 -0.26958266983722634 0.10787822436457267 0.701154196071677 -0.30437855452832496 -0.030224541098742952 0.005100378928683369 0.07714427480279828 -0.6783144394735776 -0.11541447055660453 -0.5133255306907856 0.7850321206522729 1.1863674210191562 0.562783290107677 -0.24993940456474198 1.9693050552282987E-4 -0.4832436070348633 0.22622141285391703 0.11236293152973181 0.12404149392851055 -0.19056665628592762 -0.238545327675822 -0.07808127829811874 
4.034022530092592 0.1015387446071756 0.429508884381665 0.6299872484794659 -0.3097750437057787 -0.03435346047264598 -0.16285661023417786 0.0898153391783113 0.020256529770510512 -0.36979561073947664 -0.40806239171959013 0.07761757788827178 1.3405460955513202 1.7592472052900439 0.6402734728366376 -0.08545714631543282 -0.1832346421584025 -0.2704721755183201 0.17992843099863778 0.21044460830887926 0.07088064575673425 0.037593491814444456 -0.0060261060216474744 -0.002569364072125583 
0.1847953062038421 1.2180428234458542 0.9133086593782407 -1.113692514627752 -0.8346131879133866 0.9201292676535908 0.8677797533157123 -0.32764857646792245 -0.1911175826381406 -0.18909061787368708 0.36398526264523234 -0.20785603100565558 1.566545848750933 1.1782936319569293 0.18004837111283045 -0.1686840925176596 -0.3638511694280351 -0.1125040084097339 0.5007908593659062 0.239922896270222 0.22148162226932835 -0.49832097792870805 0.03633217308131085 -0.1937405952098851 
1.488470043783522 -0.11529201842384218 -0.8413006300250663 0.10992622162515331 0.42645798838367877 0.38885518346532644 -0.2422626428887028 -0.32062923475831195 -0.47470598030553735 -0.004006910788810214 0.3334148415456052 0.331403970061256 0.3599169619024843 0.47854533399665505 0.767792546067476 -0.4182645671925907 -0.7075084406013138 0.4936778928743532 0.545025042069121 0.31937400783601794 0.0860736791997842 -0.48093333428130824 0.28430888051642916 0.1004805465668827 
1.7922425008558847 -0.16700562950177655 -0.17432302597235205 0.8739610153447077 1.4245911883110534 -0.17847085126810946 -1.492894102869199 -0.509446022913671 -0.3398193369671628 0.6337541443372132 -0.5951496064331347 -0.05899694114762233 0.2937274321332322 0.2917579012723361 0.708625452211924 -0.49366494659923843 -0.44289179987382643 0.08035781091863403 0.3919557377307284 -0.2539072493646075 -0.47224008848538057 0.03823357608575715 0.049626324721989655 -0.22154449733817352 
2.150548047059118 -0.6415730309089742 -1.3300529111454666 0.8909541850710081 0.6831480899859428 -0.9660870796348555 -0.617594808349085 -0.7774079611068683 -0.163613630664331 0.6615820109989978 -0.7814215987296941 -0.29825360674139295 1.3448203138564228 0.03052519591045962 -0.6229348185984371 0.02603389774269904 0.4797422645275054 -0.07320153553572617 -0.34203849440285383 -0.5590443812269621 -0.4508433064593316 0.30143963788368827 -0.17771668469523452 0.013774004187398917 
-1.0274259918336526 0.6059096258714121 -0.9681915566973309 -0.02321165655296431 0.3657171609069607 1.3565269664477797 -0.12042137714628187 0.6624625348001782 1.070056507997398 -0.6365858070248626 0.772524508616913 0.7716062494101895 1.5836168160822275 -0.528872387133625 -0.8390148262297729 0.3786740288862776 0.8403604016347034 -0.3763973577630893 -0.6665138039658366 -0.35433840075005135 -0.07082776640278968 0.29871971231106326 -0.5299263625796615 -0.006438674492586162 
-1.1361566514409773 -0.5933252338418153 1.4244380911327346 0.4804108643458922 -0.4833317914967912 -0.15903911878543964 0.09761647745840024 0.7705496300656498 0.17288601659017705 -0.273155848758837 0.1827278381062849 -0.12521963777984668 1.1435750906299738 -0.21187524877275266 -0.9660227923909966 0.028217331786409987 0.17589500829978136 -0.11055366181405153 -0.3761128278724886 -0.05129663094362713 0.3438518159595312 0.12444757672576179 -0.1814089209445547 0.009786223992939158 
-1.3152555981407499 1.3954876333655193 0.9654759515778659 -0.0567894109515672 -0.51325007585169 0.5471972415964506 0.14904166612456782 -0.22040961624977617 -0.2955858613860478 0.20496393728294093 0.5125547628878603 -0.12619790215063698 0.3336108857890922 0.4172176462401052 -0.09364671074919532 0.12523487043308065 0.0041144248563033115 0.4444367306534012 -0.17976672799985619 0.3364724513077341 0.36604916309429797 -0.30966278611850206 0.43622439825712805 0.3654119783263335 
-1.1362624216772543 -0.40073628833776986 0.6011817118899252 0.8230910669110796 0.594946683465924 -0.22976123176703633 0.376012153632956 -0.1820819927510096 -0.5123478938512016 -0.13253559133218928 -0.10720996303150354 0.12128979706020282 0.36095165610070046 0.35069859074872883 0.6379906014823532 0.406646411902616 0.00991765471675099 0.11156999051711163 -0.23020692991185795 -0.05698786980327408 -0.19231254351126856 -0.1994824246505412 0.15063602809241458 -0.049317680443870145 
-2.0282057640827906 -0.7420377856009264 -0.2756232348283403 -0.5702563691347999 -0.18576535114330683 0.05857783097837421 0.2796809687660089 0.12936099228530568 0.3145259739351933 0.22209242261731976 -0.39117978558557687 -0.44788440298883564 0.6936617413920088 0.6787751590903063 0.5420947916248938 0.24233781486834902 -0.05373301311958478 0.011190493600212847 0.0078894988437297 -0.20433207595823447 -0.4450853189577087 0.1283549935232086 0.21362848255265723 0.07473004070482518 
-1.8625365367720583 -0.5766582966047791 0.13101587988877794 -0.48279489227033934 -0.6768271180012357 -0.24943938502773633 0.7229176158732535 0.7666279352079312 0.4447677294633621 0.31672718252559706 0.18268702806575976 0.1835766539708631 1.971128392591831 0.931823717201589 1.093061106131429 0.2082668073810343 0.2089757149886915 -0.40033864432908906 0.27157159495312905 -0.1685559958526698 -0.053167212034058796 0.02941364358631428 -0.03494091221079664 0.0078109156507500666 
-3.033103764769374 -0.5528768397718951 -0.4257255072962418 -0.13085987596590476 0.2838358642406442 0.523464837426162 -0.048079561526770065 -0.08176835235454313 0.5611122838297964 -0.40473243021557803 -0.27327918031874304 -0.38153145272044264 -2.839857565568954 -0.8642656778964186 0.09445128627673793 -0.060057617892600744 0.2903432641316737 0.37709371433580374 0.4406385381320747 0.27874103380817467 0.43541475828679505 -0.33743077699409446 0.03302137921403275 -0.0513721770107757 
-6.547198599109455 -3.2907879128570525 -2.602950470270411 -0.02140760181647089 -0.266781069192126 0.738811197996337 -0.2748223660800418 0.42915066712692423 -0.47613941269632676 0.09263590432531676 -0.061337529032530536 0.06468057497375612 -2.775032248166117 -0.23210041350401553 -0.41315533147309663 -0.32674486136589476 -0.35413552800269626 0.7177567265872465 0.14356870298388122 0.3407716425292531 0.6156796956141083 0.3610161319216108 -0.18026432918913224 0.1569943488699086 
8.83369796379277 3.2078240562144664 0.8080060814210404 -0.620777160683932 -1.2618181679428828 -1.5668286035410737 -0.5433646546535675 -0.5381234750987149 -0.5312647298453472 1.3464303926997432 -0.36823164467853 -0.23431983245795507 -2.5967585512004447 0.5354293420150809 -1.564537601099687 0.25772886207164053 -0.45960462064274643 1.0899879701212014 0.036331031985991975 0.3448690108463208 0.11504096538098506 -0.0373528479770015 0.06615010427202102 -0.4758965741166968 
0.5291593434452206 -1.7607075040859133 0.7536160799494267 0.7423983341863585 1.1584064820986164 -1.3575628443058578 0.5398540534850086 -0.02750943100774239 -0.856082850541391 -1.641902624696896 0.7709562478130498 -0.3610122027701065 -0.7623181782677589 0.6758683018115778 -1.3830562746700963 0.46134584167000686 -0.4249133479296567 0.02292653359819119 -0.23003582811317558 0.27998566123871466 -0.4903704987829742 -0.07988084875826847 0.18512149544608636 -0.2709051694487298 
1.2189929175546217 -2.9242050702027074 2.5896040208928994 -1.285949430182241 0.9500559505235122 -1.698312051786345 -0.5644108672672712 -0.8880453358261723 0.40596110660937335 0.5745953782265328 -0.8878763815575963 1.259004658501579 3.2138283398694227 1.055250312424895 1.0075672653386218 -0.37359105850744684 -0.23870089774980474 -0.7966785772140716 -0.4936618756617037 -0.5525065460568334 -0.3263715569231481 0.32961633633346027 -0.15027878853781165 -0.07645070056922369 
-0.4528915411871033 -2.2523782550831983 0.6554193840039488 -1.0728589920773368 -0.0979780846363536 0.7357733213243991 0.4258082245663368 -0.23584538622549112 0.5263591654252354 0.7181959578367274 -0.3568796469312565 0.13073383784017847 0.6570734786945779 -1.2320766431745571 1.061039229904886 -0.025793812821318946 0.5988880744293824 -1.0738046701400898 -0.0923809150802054 -0.15413298837834294 -0.5346557215913998 -0.47057179197898974 -0.016060622543678682 0.1524815305422409 
-0.31676161349933585 0.28790849443842403 -2.1655973666220865 1.4076246779702561 0.08247680867401641 -0.2234609547139872 0.9946438867908793 1.2235641406806592 -0.24337106705921605 -0.8224679075674493 0.6465226683070582 -0.25084075105542647 0.29587757087413835 -1.734593603408193 1.3419993867645523 -0.7459245242603058 0.4236771060563145 -0.06885854212250424 -0.03609211581225247 -0.22825394502900434 0.3553063293397846 0.40107612635618534 -0.676865727320969 0.4772943105676377 
-0.6741838271115341 0.3294656431171923 -0.05190091600773883 -0.5270072814259332 -0.2044681702647828 1.1264256175782328 0.03746942169654954 -0.6209152041261293 1.0725504010671032 0.4683443941370642 0.05193859051175864 -0.0635340896183264 -0.1520552054552402 -1.3198982258394587 0.11345133126091984 -0.5022789295940681 -0.055656381975540126 0.6008123308425052 0.5147205696141813 0.07433796840253537 0.5624992531045888 0.45010478176074153 -0.16036703642250752 0.07304350685989769 
0.44200634789442206 0.9886537909216764 -1.0827339893949133 0.6788982872729745 -0.2677303248312167 -1.6870625735457492 -0.26196511839562014 -0.010748591788840134 -0.9330534992309143 -0.5037072189921916 0.9383116816838029 -0.07574430947208173 0.36736360007282426 -0.3235806982033744 -0.8531431549610784 0.26210020788248584 0.11498146324728582 -0.046206784200544325 0.6573310287378656 0.3664799514474652 0.06089613442627057 -0.24686530810972682 0.27094854938713203 -0.031470480819091186 
-0.3761099055182616 1.3569437741935513 -0.2263662983923973 0.7983409920535082 0.24409462804288334 -0.33486286178723557 -0.49004898168295735 0.15829707480165245 -0.816297377802682 -0.7914987317331259 -0.021673044352106263 -0.17594490353118697 0.3249212288185174 -0.03176804021743925 -0.18262431202056983 0.22366495962929153 0.38791819334158734 -0.0916478167275705 0.09416055931065752 -0.2816779607506145 0.0032598167311069424 -0.09027729221140564 0.25123455865227795 -0.15944978157529552 
-1.5678893745144449 0.7449115235103676 0.48106478945347786 -0.04135008241692201 -0.4867489802216742 0.64580363757038 -0.7135899977329639 -0.2654818531256273 0.5183644190968648 0.5480495796968262 -0.12951716242240557 -0.10022390164172262 0.9187590833251292 0.965768993542581 -0.15578603017013284 0.5041450026522799 0.049738600434223366 -0.9120652506989823 -0.16125089567729198 0.005248683045193529 -0.48183871350234125 -0.35394736872631705 0.36678199360102576 -0.12016520628564982 
-0.6439996523626528 0.5466408974751644 -0.2859273693702249 -0.8378779754688597 -1.2587134225943162 0.2349359622028797 -0.019199816566751127 0.3514853087941079 0.337061991709893 0.21329787142677223 -0.16785066339197102 0.4270550511923806 0.06247558860735414 0.7590121025454977 0.13825755907283788 0.3921512173998855 -0.003030120329862792 -0.29684350698242357 -0.37114415691567854 -0.12316780215668861 -0.35412959113888354 -0.2790479200305814 0.03590983590993005 0.023133401159545753 
-2.1803260286587705 -1.5035017513468731 -0.5855953633956009 -0.015427236922681081 0.33445789918471297 0.76423376655614 -0.013637013921847352 -0.12308875792064844 -0.06421704348017801 0.05573658560681047 -0.08894548959934206 -0.01674866797691603 -0.3054942728880605 0.5137793863704121 0.18258123395726755 -0.14862552031648027 -0.4458013494447819 0.07967548188269717 -0.28213192629047706 -0.06508439247898462 0.22159349596876463 0.23334994340874393 -0.005657565552182618 0.08585683756433495 
-0.25731834426816125 0.20411410398567842 -0.10780889918637149 -0.39107408289326884 -0.15741845067072185 0.4964525946671551 0.2734069971585198 0.4566039336692289 0.5373821269024901 0.291801525403626 -0.14968838849342816 -0.28708272384222755 -0.5508438650898203 -0.16678844937759188 -0.31596725428126066 -0.38519965726314553 -0.4201546764007271 0.151904721540152 0.005597276669583412 0.11530683997168685 0.1281095874105085 0.04358811178547032 -0.12823857689905566 0.07431099494091752 
-0.8447472098975091 -0.6251632388561257 -0.1557381475102515 0.18112453224472336 0.3000075821508743 0.2760188756901507 -0.013497625724168252 -0.12278798812623394 -0.24657613640572762 -0.19125207751783246 -0.12162560321512916 -7.255268174234525E-4 -0.685525540392128 -0.4328643093658466 -0.2752506186577111 -0.21874539886268152 -0.0744319879607823 0.18451768284280867 -0.018775572113506278 0.01859963291444904 0.06596558334413814 0.05990684723883205 -0.07092210433121666 -0.056690915298080735 
0.34074253352617756 0.6078369893625664 0.4470457855308825 0.21944511173687464 0.01897576512478441 0.02332924301541836 -0.036061340674340914 0.005414403981840066 0.04391277594114221 0.20602786763268272 0.2332051241130895 0.1961104957898817 -0.23630953168842472 -0.061457765720832835 -0.07264878085997557 -0.12640890902469107 -0.05359259925846944 0.13937132858281617 0.053073003432710986 0.1138688508027394 0.11480444845521502 0.06460531772065743 -0.01936482630070614 -0.034198947529595285 
-0.422779846379556 -0.40677026593777743 -0.03727084978109452 0.33554936235029165 0.4695567551693068 0.4472423938535823 0.19742387133510184 0.046707108179698864 -0.015379118031918534 -0.08109712722421404 -0.06762593290895089 -0.08827253189872848 -0.1996301846504663 -0.11786379903036837 -0.02218918203108189 0.03240762125717731 0.04182720855826333 0.060064457942659265 0.012536146848683247 0.0055738992080373445 -0.04239141086028003 -0.03144586815371457 -0.03095133714309518 -0.026430419889288168 
0.2406265690381364 0.2792909146890028 0.050903794528976753 -0.0890597708719798 -0.08141523940452977 -0.007273150163009223 0.008727238330751785 0.030249833108044327 0.07737027234994048 0.04290809709484449 -0.1185937447443989 -0.1407123787127892 0.16014383359458403 0.27161606238785807 0.26855469987531105 0.27392432262216376 0.24921947002639067 0.24044935778668974 0.1256811538853397 0.03762398093195865 0.01685769293430276 0.092745275256776 0.12785940804023974 0.09179594411533797 
-0.1957986737020896 -0.1072988044282388 0.10890039408394703 0.23815410977761864 0.2247214587407414 0.1111266984513867 -0.07350035577276434 -0.1519274003134481 -0.13613065202928668 -0.015354587787769644 0.14712784264290057 0.2469771701017765 0.06504846766472738 0.10742630228550432 0.1435688580305223 0.2450538331011292 0.24829198488845317 0.15162185350950533 -0.010259193431741087 -0.0952120461085303 -0.0728848648601879 -0.04412020528341389 -0.060013566489056945 -0.09223711080025952 
-0.2531795535963077 -0.35674692855577717 -0.4317039360275715 -0.55363022984328 -0.6062649967401049 -0.5299609826435531 -0.27764268877642695 -0.008140284567462408 0.053715464136917995 -0.10507922785586749 -0.2577499877835554 -0.24690218755638466 -0.03477842526851068 -0.035997427545693426 -0.07179537859147715 -0.1118246849400087 -0.13436666213695736 -0.13444171761874318 -0.11648933045348268 -0.04747515984196888 0.009816347823008323 0.01032735377552992 -0.019572063782559473 -0.0010786645749206087 
-0.3710221880565161 -0.4110302511719004 -0.22667355859438731 -0.16732690746744583 -0.012894320828265138 0.25372074956533824 0.37138641518391446 0.35153830534304314 0.2151028806551564 0.12525715110138363 0.18199288807779818 0.2415337049238478 -0.12320980865680016 -0.10738387756311525 -0.04769622922260188 -0.06707491444244033 -0.0892096367233287 -0.07285059154498934 -0.04717815288601133 -0.01828733913013528 -0.027500426466873104 -0.035563728002932435 -2.96009263591801E-4 0.05588089734697917 
0.4325736020208817 0.5391489206979139 0.43407690664257537 0.44915479257057855 0.44049263679084555 0.32475497713624457 0.1357518442128604 -0.07905754019429465 -0.12769553746130602 -0.05837983367632191 -0.07731007611416929 -0.134754652399063 0.03295672823029457 -0.015982519349198327 -0.15168551954617693 -0.25277950057819526 -0.26190044105682586 -0.18675964729545566 -0.057648532821327515 0.07410759997765382 0.1230436511663811 0.08085428631017927 0.026048760154230632 0.01007752817927815 
-0.1690458255402838 -0.23309509636573855 -0.18090133958332077 -0.062013658101989666 -0.031028447854747787 -0.09767950680354409 -0.13866316360937403 -0.06160675510962613 0.037076128170444644 0.06798689913125487 0.05779591459898291 0.02326071048217817 -0.17584654015651102 -0.17156061276330456 -0.03319455497885274 0.04072500047582359 0.09960923341524798 0.16528282707199593 0.1567462718003841 0.07294090686063323 -0.0368146192754561 -0.09307937989545322 -0.06876283707981877 -0.00825875362492882 
-0.4530379195453076 -0.3977669479112631 4.66513105426003E-4 0.15205164720857767 0.18850338994361399 0.20601808742725508 0.15032769908419985 -0.023890554274089204 -0.22640211311986935 -0.3190069608013409 -0.27379778150683964 -0.1679982748733843 -0.05383085543607358 -0.04660866490304164 0.0287354627836498 0.14403925316140057 0.2118970531176282 0.1811197655048865 0.10684692084818653 0.01984981548336472 -0.029852661582448592 -0.030824103690597127 -0.046277991918906435 -0.06566925680576972 
