0.0 0.0 0.0 0.0 0.0 0.0 0.0 0.0 0.0 0.0 0.0 0.0 0.0 0.0 0.0 0.0 0.0 0.0 0.0 0.0 0.0 0.0 0.0 0.0 
0.0 0.0 0.0 0.0 0.0 0.0 0.0 0.0 0.0 0.0 0.0 0.0 -0.01579930495444189 -0.020856005610157585 -0.017015076896200892 -0.024335397668374188 -0.034241303045241776 -0.03167569633278925 -0.02449841431506537 -0.03473094229493349 -0.052666537510712236 -0.06537540303799352 -0.07093101344838872 -0.05936345411468089 
0.0 0.0 0.0 0.0 0.0 0.0 0.0 0.0 0.0 0.0 0.0 0.0 0.06847871865563393 0.06295618482535636 0.01618963565149456 0.023569188234299616 0.05978948965234899 0.07229394228649395 0.05123180650749332 0.031096210700029325 0.03125091412720513 0.04093328925098095 0.05807999637293005 0.06669050086330217 
0.047397914863325674 0.06256801683047275 0.05104523068860267 0.07300619300512257 0.10272390913572532 0.09502708899836776 0.0734952429451961 0.10419282688480047 0.1579996125321367 0.19612620911398057 0.21279304034516616 0.17809036234404269 -0.03490995344819344 -0.005316022352466532 0.058480501080927026 0.07745801977373894 0.06624532342887464 0.05195008855531034 0.057798820806753054 0.0914196621059179 0.10247932301799668 0.08324358078068757 0.0516545919153956 0.013933898656899516 
-0.22913511339856463 -0.22015256289130547 -0.07409152229878502 -0.10721066120546013 -0.23073042352490963 -0.26439537135866575 -0.19044304099507803 -0.1453850455424882 -0.17275254864768375 -0.22086297230993313 -0.28063650929137324 -0.28911668376192784 -0.03791210301535456 -0.047472723358616076 -0.036979220628971445 -0.03283468379252014 -0.05685902784404002 -0.06578547121267572 -0.051500404641083845 -0.03593383134379948 -0.002028863373975754 0.03928598808546261 0.05151370434351834 0.031361356171706094 
0.21929741704386263 0.12602434850305233 -0.13839574209338856 -0.17876872871848676 -0.08337075852416909 -0.023652579986598143 -0.07817494192272015 -0.20156646354650962 -0.2210616947301482 -0.13929925618709615 -0.014645521100500186 0.10275664591026537 0.057823105100079264 0.09179698865037338 0.06898647376763939 -0.0041069314834570325 -0.06453275065170146 -0.10863223741409378 -0.10869288553232921 -0.044133741085110666 0.015747684580426562 0.04353789202354282 0.04282478206079085 0.01895233550485163 
0.02778655795579521 0.11069000423955844 0.20565814827790996 0.2243915122393651 0.26362441736206726 0.2566962481305101 0.23033630635720964 0.2606811392470535 0.19561724375306971 0.04985476839415054 -0.04082183230772185 -0.05641721029822963 -0.05059237421996906 -0.09202463363052393 -0.1418525599705759 -0.17142236073378955 -0.12724020075079512 -0.05598294407638674 -0.017885812597639345 -0.06531417328090149 -0.1559894485720528 -0.1909617612968361 -0.14975718737018007 -0.0721420587686678 
-0.25453223611409204 -0.3782442326860793 -0.295789025902663 -0.08047409926691895 0.049144740647341256 0.16037799149606113 0.1891842258660399 0.03356095774536161 -0.0734283374095197 -0.06984633730868972 -0.03558864432903208 0.0048836190976386945 -0.07134748059273315 -0.11136516819790228 -0.08499999916618052 -0.006015517147807542 0.030953061803395614 0.0034093810993591858 -0.048933710640295745 -0.06369260950184912 -0.010199520588050551 0.03943214765895209 0.0665711599180877 0.08141885346436586 
0.15955683584031988 0.30805562859483215 0.43016279951757985 0.3579091062701245 0.08473242914172058 -0.18846182487083518 -0.27046518709654 -0.06700623634571937 0.22139911840816043 0.3172958521413719 0.17910661443343293 -0.023753994049611094 -0.16349058797345548 -0.2008608267394084 -0.10780258680434847 -0.0033742303787298125 0.07000740811049637 0.09684545402207013 0.07463799367888375 0.04575109998196374 0.03755145460192521 0.039539708244236006 0.04208063607085366 0.04590579193119851 
0.3674547198797997 0.3614370409191223 0.004351929785318065 -0.22748097429044384 -0.08678394982418258 0.18869831321599695 0.3190269367250419 0.15335505275542416 -0.2033540702935419 -0.39131624103756313 -0.32432322422534066 -0.1578315226071415 0.1314109877273569 0.19245860843774554 0.2450473097830622 0.26378587174634527 0.1610712175820643 0.09854903930103483 0.1156914681057848 0.11440963101990925 0.1042713687950249 0.04892714851059518 -0.04554052952635851 -0.08383812831913894 
0.20726484387921573 0.34343184765518275 0.37899543084696485 0.308017640887317 0.12156653826634006 -0.04800027479566821 -0.05849903010894261 0.063530791796131 0.1479257463893052 0.09197059552587923 -0.022696450572128546 -0.11277701523943506 -0.003763756604522476 0.014213383427031823 0.017708142327620708 -0.008293221909243753 -0.011907931675974065 -0.04363387868284072 -0.05370484924585051 0.005191296252620298 0.02257644762388079 0.007052993825759302 2.3345221854706444E-4 -0.015232027886378091 
-0.6726192033156106 -0.9733081675294912 -1.005347270916542 -0.846885981814551 -0.4524859666611614 -0.20549990144462682 -0.2638732569451132 -0.3749364493852913 -0.3495057577851668 -0.10396515453272892 0.20193447675282417 0.30090951464996746 0.2654058777435804 0.27624241122357934 0.04727502983364521 -0.12519167626957908 -0.11559776136177839 -0.0047009386034347345 0.07847548882096747 0.05233071959812451 -0.07013167252803593 -0.15359880972587842 -0.1526407463225309 -0.12875609224814902 
0.6908850672515925 0.9327880825380435 0.8818879728856478 0.6924912757599093 0.3033072325881322 0.13953891850799888 0.1820994574760891 0.18156562596677747 0.2267456192823305 0.1524613274116769 -0.08472259271129068 -0.2074284290190313 1.9726436589965166 2.034972018636242 0.7975334512613271 0.014189486418095846 -0.0807716867509214 0.12629085530126322 0.07592051678395625 -0.2191006244393291 -0.24176220210825272 -0.0902094070321589 0.10291626735061547 0.12632537657636958 
-0.6705730250371298 -0.7619683101930461 -0.38891943073495905 -0.04414276291800279 0.16913898710025646 0.10903153237446761 -0.03669877353037637 -0.06265452312427261 -0.03236898915594677 0.03923482219717327 0.16461208581183318 0.27576246102710367 -0.8481558257681753 -1.3301493847901638 -0.576321052838436 -0.005103998255968301 0.10157670238192501 -0.08831561163753236 -0.07426295171865883 0.041414451763929494 0.12718787810557272 0.04632682459098337 0.030107812130305656 0.06571266754182169 
-5.711689222249575 -5.867154136921766 -2.321818843027808 -0.13592242781524466 0.05306912163839539 -0.584138557609005 -0.3998478221681798 0.5646917019836089 0.7146439683994533 0.29099882825740486 -0.31278405715347946 -0.4791796181571119 -1.5764265266240916 -1.848265327809054 -0.8111342567886441 0.03857175700036156 0.084770008396431 -0.01556773097233057 -0.09363107353772719 0.09805909782272816 0.2202947355341054 0.17563306268682824 -0.030128432106270305 -0.12436230964514695 
5.073135418739499 6.417111096570904 2.325469295555494 -0.4173671352590691 -0.632097018332068 0.4212856715264722 0.24988923803299778 -0.6907428426854955 -0.9750185666604463 -0.312214378728543 0.22564177258300158 0.23964710659354269 -2.04448042181988 -2.176910741732289 -0.7867447184695345 -0.03014627394033111 -0.05666165067267415 -0.07431965178653331 -0.1584085239896366 0.09571179255905592 0.19690639743748706 0.030228431647767878 -0.0359233129584108 -0.014529678475218818 
2.5483104252355533 2.88804436258323 1.9580963801063538 0.7633881909293578 0.4496152101150014 0.030115041848988278 0.31969867230758364 0.2014324922792044 0.03718620143226414 -0.1987132601859497 -0.02485213977806397 0.18371617713319005 -2.701075164473449 -1.3801313624414384 -0.4411906592774824 -0.10202541082618333 0.19684669351218875 -0.2175908281237954 -0.17872925919057883 0.1964446788074646 0.004286760028767674 0.26194585502166307 0.010230983252557188 -0.13312715997592414 
1.332868416679947 1.3911646652513223 -0.1686428868934362 -0.4033592504693107 0.14085089487997593 0.024863688005070883 0.07875355120065164 -0.1681602959492381 -0.2843592979848134 0.19340557147554693 0.12841606599935781 -0.01209640119239086 0.8425335302849416 2.4205917365346212 0.9329654972206934 -0.15975288428510542 0.03145284416963542 0.2537415026631933 0.0916438521014767 -0.32978695669525154 -0.3637765037119311 0.09679818745155812 0.2645156037177692 0.11942488175669402 
4.261669772200548 0.7862131660623408 0.24880922602910438 0.1631498622684261 -0.9239449155041928 0.2668449185230819 0.22190779881972977 -0.28593360780691357 0.3564540539753338 -0.7476487119096293 -0.29486415361932916 0.04607361566362725 0.8430104232313047 0.7707231558771243 0.4893202755613785 0.3544816177614425 0.25237991082558864 -0.010248780985718076 -0.07748003186250445 0.005452931904495417 0.014984640101072496 0.014544272388246663 0.02999112631255753 0.057165300627466525 
1.6888551544021766 0.20625148522748482 0.38121638093203813 0.36201068192671304 -0.039675488031377215 -0.4583037748001544 0.023853118472494605 0.5423010774433181 -0.043322981796187765 -0.3281412152213776 -0.43289903164967347 -0.04980625794175797 0.43096062511493677 0.39522196445104435 0.13197435976280522 0.2902192267708987 -0.09393436621104122 -0.3559203379604236 -0.04981638594301787 -0.020017442062738606 0.38155684944671614 -0.08191438864957223 -0.3951858243565787 0.02608722777269129 
-0.15871421331947566 1.168331484963776 0.2152059195094811 -0.6827416285529815 -0.2172613309060879 0.30244511620875514 0.5795889842591755 -0.17015699013055996 -0.12828587696526617 0.018427315997772586 0.1658320301087791 0.03107520362547403 1.0801616142343906 -0.06853014726685884 0.34591506289022406 0.14017771818006344 -0.23212247849335768 -0.1797256732590186 0.3620456736488973 0.4124469227555019 -0.06963191476278922 -0.3546764852234628 -0.033025249216109574 0.077400299362057 
2.2501785340951486 0.014439612447471717 -0.5477643129220402 -0.8510711853713029 0.06931220121404713 1.0748246030435051 0.049362116309982385 -0.16599627859919908 -1.1866598808546618 0.05611072347056267 1.0836254472050397 -0.08285887849138812 0.07400600753448543 0.2902718400283752 0.44930891135624224 -0.39033926315084094 -0.2628142770991753 0.3507136770940808 0.5674628973248169 0.6119867926706434 -0.09413895143412081 -0.3403887083670563 0.2994488542555296 0.06501739826391058 
0.7405232396508907 1.0877095442529239 -0.32444561571452857 0.3491576413772437 -0.2820713246468318 0.03945774937830793 -0.8769837210457059 -1.1691256980521607 1.1370182477929385 0.12425477441478894 -0.954050645398357 -0.16960097214772868 0.672321138341674 0.40398083712139127 0.3316678060802311 -0.49845106395947986 -0.34214366126441015 0.06451453266008471 0.36238202058073066 -0.2664191520266015 -0.4414000156826669 0.044917985747878274 -0.07464847144297135 -0.19977507677736817 
1.0172184053135371 -0.6242530645022146 -0.6968845855246837 1.0170788364141234 0.7811723401365207 -1.3789511226671731 -0.9502492208495156 -0.7941749466078116 -0.3935581898729277 0.6401111806712831 -0.7713042566626941 -0.14452036484688835 0.8777632368588595 0.6742488164786984 -0.10974527127310789 -0.4462185697574917 -0.41489298951459624 0.09141747325528475 -0.3017102169375679 -0.6046148248392644 -0.3892377467244484 -0.05220231050626908 -0.16094011679336284 -0.07015311882706245 
-1.559197563953692 0.27573531207444546 -0.7052373624298904 -0.12146344756725513 0.45323958342590576 1.3357893810838402 -0.0077514089032676425 0.9431897999535508 0.7993633245918674 -0.40832686984622246 1.31724229637156 0.6612311771353285 0.6153241381582379 0.3016849185996871 -0.5341888111920299 0.25112096153981217 -0.05218629550001752 -0.3136247105324021 -0.659317423015637 -0.5364462320828102 0.5738936919127229 0.23586790494947937 -0.4182183033522891 -0.1339669637073682 
0.7667492253208614 -1.6023197208993842 -0.02813262574503561 0.7228950683734217 0.9463357157214669 0.15240636742488478 0.519876611051467 0.5916904469157386 0.14988082091921884 0.4790084771198756 0.43079932670016985 -0.2878155966517294 1.0582217345920237 -0.15223219411945857 -0.8112653442818157 0.17402255564220837 0.22893279070103287 -0.28237700585690795 -0.5327239065697006 -0.35015581504903787 -0.020044877451098193 0.10402067930109937 0.04913839589455841 0.13393421454056967 
-0.9802145848274852 0.6716881166524473 0.943744837971737 -0.257113359221842 -0.20809412593925236 0.2146531359294852 0.3659056320507137 -0.2527196985655051 -0.8563823333413034 -0.5027975886579454 -0.30044752702292166 0.3039475348767964 0.8031962750715297 0.3845822354581161 -0.2043779516290886 0.003989177641819386 0.2639815240430919 0.6503973758395721 0.13631750082906346 0.32118193044677584 0.2939277746149331 -0.007818713713816186 0.5951197346498097 0.2079467840296397 
-2.4469382880256374 -0.3655328844328398 0.9124203471199497 0.5628361253147918 0.4250408227160012 0.028748017480728194 0.4610939783825956 0.8542472477988301 0.49444927144695233 0.3752845021738465 -0.10987453264912847 -0.3676811873393313 0.45892342436588524 -0.4729355461753612 0.14923345541705965 0.38187715141855244 0.3683917586007443 0.051669219976329485 0.06709197174993468 0.06600830328964154 -0.07809400355268666 0.13998173730248722 0.19867334589500743 -0.0494376937751164 
-2.3619426324950314 -1.496404812533175 -0.5623799939751173 -0.05340150896339835 -0.0780575422006371 -0.5535735714627981 -0.38731259505602234 -0.1516343918283226 -0.2547042245167986 -0.3330087412317594 -0.1977799779032201 0.0773236203902104 -0.11321790228799904 0.5416577139079971 0.4914675428266144 0.024778744346313775 0.07977520243011531 0.18106995875443252 0.27218516720465896 0.06830995716230731 -0.26218522068653477 -0.17337493788054745 -0.035378809252158784 0.1523369099795601 
0.08084297605697877 0.9005333822195105 0.2772294239772126 -0.5245923110114574 -0.22385785195007357 0.38151206119203795 0.695209809355031 0.3431228836782227 0.08332377716502637 -0.02583115850067913 -0.21655448554470325 -0.026190558083087193 0.14557233954781937 0.2059741272043444 -0.015564675698749161 0.1559825649741031 -0.16486371220152682 -0.4113054445002629 0.25520225087979426 0.24524780254055875 0.014716106304605828 0.13920976089662654 -0.09488992738161321 -0.14359566927625314 
-1.9044515100047963 -1.5863181583977193 -0.2130623289367377 0.2122646259023413 -0.12297039589656089 -0.5049387621894672 -0.5677077850494809 -0.20208738799212328 0.1357360758592639 0.2178850553209597 -0.14097112281865792 -0.32380850969000596 1.1152538697289576 -0.2850535513910099 0.44194629025784504 -0.2448067713010904 0.1724352237023553 -0.3652240357733649 0.18732876895243622 -0.2041188875648545 -0.06719642523666701 -0.18078485145816528 -0.23902175385412824 0.27802249552760805 
-3.1124008679142134 -0.938498593113601 0.7844555416970074 -0.03794463704038731 0.9420883861685435 1.2383469463448515 -0.21431517926005794 0.14373033825905418 0.25508080234510366 -0.3177916787923926 0.1463908219534301 0.26367188552953635 -2.2741734589719886 0.006744958701488428 0.6438776777373661 0.5022427690781434 0.6224366465762982 0.764636689076283 -0.26766509022360263 0.18450508076800867 0.20389639293608774 -0.5024107016556157 -0.15210226374284966 -0.29111130256406265 
-4.111082319696309 0.27827182930641037 -2.14183192360855 0.4376949679543378 -1.1783363323670115 0.11368109328088982 -0.49453640760578654 0.5604185435758251 -0.13899346139683622 0.35532607328859317 0.3378126299100979 -0.9016750879989255 -2.7070071647530902 0.11271932713557857 -0.08456828585238978 0.08271025281757231 -0.1374421136362339 0.6689912083408144 -0.6199111814641552 0.08747803463780436 0.006562795322710017 0.18848743289257683 -0.051925805950346605 -0.24494111989143375 
8.006678757818701 -0.05199648773701959 -0.6900188118989798 -2.1440357892718853 -1.563484823443743 -2.22170793377199 1.4616193913039917 -0.5916453244097776 -0.39100063301518684 1.4126804374823512 3.604293194678365E-4 1.1360766387635606 -1.8836108086622108 1.0242383473783019 -0.42865007377698405 0.2270575283077375 -0.1495987440550427 0.8147029747876927 -0.2791751456309757 0.24596775938376556 0.08535333601601651 -0.007814456813319067 0.5415807362581198 -0.26718348117941176 
0.6570301713880173 -2.3677271924927457 0.7778797054184252 1.0171794435653734 1.5421425498182841 -0.7818849471534897 0.4540584740609601 -0.09683366057112053 0.4390884075712791 -1.2128133014941427 0.08782149134936301 -0.02518752663271684 0.14537983564662907 0.3417767802426304 -0.8300781648419967 -0.45166709470934036 -0.5587272865009512 -0.20966718598263193 0.19486186217349669 0.1698570383644462 -0.04499687964323131 0.4457413993119849 0.14330320065992627 -0.2225260816001643 
0.15437531253025494 -2.688214124348929 0.6105499485144719 -1.0088594597691176 0.03064517724102389 -0.7579789578010367 0.14891281679949575 -0.26554683781876964 -0.2900201401870035 0.48972137903893254 -1.3533558175405618 0.6269785483846673 2.7164118713347434 -0.4351286645680837 -0.017821592197497238 -1.4267278231774156 -0.47317370636924255 -0.7238283542313062 0.5588513020521825 -0.19837495168575772 0.10532368691712775 0.5606223611089579 -0.2690178432382295 0.532311794897706 
-0.6210701039919737 0.5710503068844737 -0.30188180928928565 1.225108087330975 -0.2992194732065415 0.010818163243309087 -0.4227687068740287 -0.1122018148130175 -0.05449306888123395 -0.5204185954256523 0.5847611513603339 0.020452201991014052 -0.022444280893858932 -1.7134406311302977 0.6049638862893273 -0.05920007635265789 0.6788612366527526 -0.3019705422076176 0.5038020942787789 0.1032725280576595 0.07400486303455389 -0.21337190955102392 -0.3526633976200597 0.10935047452058981 
0.4964932815044676 -0.21599924372137824 -0.0966732779526327 2.0321833583775613 0.7767173071763975 -0.4465744262764706 0.22347907561493852 0.011163607768444161 -0.4601809555403136 -0.6153839988787679 0.5589441290286711 -0.48367861024142295 -0.020908179633688812 -1.446546183182627 0.2025660418783529 -0.24539205405077866 0.2852926262544176 -0.02396115019704433 0.17437795511943674 -0.2114200538144626 -0.08180143414420604 -0.1140399877067726 -0.5118273714888054 0.24365864575311927 
0.5533040295824878 1.536487260584372 -0.6834003402160044 -0.3257417364499924 -0.8674772251076602 -0.03167558629291989 -1.0946309381830979 -0.5450064675377059 0.30215422614427245 -0.020144883882220688 0.18966171092492579 0.20208962911855888 0.8024880507172564 0.11989459952473003 -0.04418473607150127 1.248351045874359 0.21137479125693573 -0.33789122451848347 -0.056508785961857634 -0.21475569004392706 -0.23630163219510916 -0.41890102845153065 0.401075923942475 0.09832375860490643 
-0.3700872153559094 1.168705948349003 0.19361108834277263 0.502741614273702 -0.5411038255716696 -0.6648486324417893 -0.0382899329042799 0.5851156499869623 -0.22293948526713858 0.5817044863875345 0.37967601714355875 -0.19481610243846298 1.0779517745671958 0.28661904876748573 -0.14201828277657058 0.977702147169042 0.05633708672386336 -0.43585466651205085 0.05181325196181049 -0.12575285126448754 -0.19363494646212573 -0.2671319108110037 0.27184418107016833 -0.08519225011327136 
-2.5952440077135543 -0.48098608772490703 -0.3144697842224845 -1.755224178240172 -0.2744332806033152 1.1336289398814188 -0.12235784472884653 0.24508923420950468 0.5357910925675061 0.13774024729578846 -0.5288325645245349 -0.4189503277251852 0.5971744124640276 0.7746239479563567 -0.18491603805441795 0.17695872076988475 -0.43285463961203513 -0.3577186329504934 -0.37836985929298095 -0.19700756907344885 -0.026281692559595005 0.03879158116631543 0.10191556590323468 0.022164699158844947 
-1.1630880235490988 -0.06711971586919585 0.1449162923803191 -0.18618186223447497 0.311184074752635 0.2783373101725125 -0.41809722699761864 -0.006625689311698504 0.0039054506344466944 0.10706916796523848 0.10265872354289635 0.08241811852026315 -0.1749223615560472 0.38697326892715367 -0.1305095003348109 -0.14067573145857612 -0.3505928595692189 -0.2524420254799789 -0.020169798098798083 0.2758399426286997 0.002684242631122352 0.23109273866594915 0.08110773957422752 -0.14219264046154606 
-0.8417188037130003 -0.16947175117559876 -0.10430482807152375 -0.5121561605055581 0.004942743566292762 0.5698873412514094 0.23038228674251424 0.3418869093319711 0.26757683587226483 0.10079803182998101 0.02242366001555296 -0.0030215788373390284 -0.9514779018113013 -0.20255195340729074 -0.20779187684610256 -0.6921948269785276 -0.08451782935574352 0.4133425537788358 -0.0387298199242029 0.1550278490306282 0.23956010653809803 0.0930046685330878 -0.14697018687873686 -0.12023003135462791 
-0.7220827326880448 -0.14797102670711215 0.4800571112717249 0.3032347997821234 0.37098674105118307 0.3743482433131522 -0.15415060434356603 -0.29080301546037 -0.09688508481288499 -0.09310262187740928 -0.13927531384916772 0.02379744450225213 -0.446938377921316 -0.034003067447543556 0.026964388657542287 -0.1581920701683809 -0.0022042374318845073 0.028145374168540682 -0.1739962892168944 0.04377997309897619 0.09378887537961351 0.13860900738331303 0.15301617697350853 0.13122492489373155 
0.03868705228982261 0.16709542791592336 0.1413354368701203 0.07665197168711158 -0.05078112568535864 -0.1544041880254085 -0.13814169628326414 -0.07790564980804414 -0.1324939593231222 -0.04118786338215104 0.03304501480770777 -0.02894989665229597 -0.3855027895420675 -0.09797653524825711 0.07813846817666455 -0.017271284343534216 0.09347076331932003 0.20260982127473726 0.018148431434662955 0.023069326214529506 0.02294036181821137 0.02175380528781284 0.010781018861871087 0.004520337991361849 
-0.26247581778656226 -0.13339410307232624 -0.058797006063129764 -0.00600971782566706 0.3456587216741142 0.5560469523052994 0.2881536321659537 0.07193067096138053 -0.07742577790670035 -0.23776490657863458 -0.36170048477370664 -0.298292497253453 -0.1274577188442311 0.06599206649698885 0.18642230701697596 0.09610688298162984 0.1440171908907926 0.1822710246200392 0.03788348373887929 -0.025604423253852315 -0.038503213112734566 -0.07336953286565459 -0.08547264879942255 -0.026269453883023496 
