0.0 0.0 0.0 0.0 0.0 0.0 0.0 0.0 0.0 0.0 0.0 0.0 0.0 0.0 0.0 0.0 0.0 0.0 0.0 0.0 0.0 0.0 0.0 0.0 
0.0 0.0 0.0 0.0 0.0 0.0 0.0 0.0 0.0 0.0 0.0 0.0 -8.493873358587459E-4 -1.448256918396007E-5 5.693776258376415E-4 -0.001640766435756132 -0.0037877015360807307 -0.0031912842258276695 -0.00163575148961644 -0.0021069631724403015 -0.0029952987615316138 -0.00215753963125447 -4.844425503903275E-4 -1.1024857059641069E-4 
0.0 0.0 0.0 0.0 0.0 0.0 0.0 0.0 0.0 0.0 0.0 0.0 -6.664624011169332E-4 -0.0013720718079562415 -6.300452873587159E-4 0.0016526361344268437 0.003250577283174775 0.0025516836995089034 0.0020016330304338617 0.002775938661751095 0.003762265399894336 0.004867456344325473 0.004595725522411716 0.003998079513015854 
0.002548162007576238 4.344770755188021E-5 -0.0017081328775129245 0.004922299307268396 0.011363104608242192 0.009573852677483008 0.00490725446884932 0.0063208895173209045 0.008985896284594841 0.00647261889376341 0.0014533276511709825 3.3074571178923207E-4 0.006245354324969791 0.00514306876582607 -0.001574497511589205 -0.0035666146543959034 -2.9032965744912875E-4 0.004062455552182219 0.002896555652589422 -0.0028367972072799916 -0.007034037778462084 -0.007911840578678534 -0.005799574757138752 -0.004020464956816581 
7.253061995626808E-4 0.004094491570092784 0.00274420230083261 -0.007419058056914729 -0.015433284153645421 -0.012441977437268215 -0.008458526325726246 -0.011488260743913736 -0.01577974434198043 -0.017838678479858122 -0.014513840392820637 -0.012159611394942177 0.020747265223239886 0.010840188280346103 -0.021123962548617186 -0.03262793361742947 -0.01682505899803131 0.004114392659099242 0.00823175963536743 0.001842821835589083 -0.0034745736601027124 -0.002677019007644235 0.0037923330516029204 0.005661180507209637 
-0.019098716074690714 -0.0174764520825246 0.00335139138435131 0.014409372991645075 0.008587631049170097 -0.005966377937912548 -0.004460403794905143 0.014254521993796843 0.028991985506376466 0.032654860975964664 0.024655644467826573 0.01814120056792083 -0.011621267773288166 -0.006692503182729255 0.010795689459188776 0.015442776626396565 0.00318764275358982 -0.010608591395666287 -0.0067836085794533525 0.013135710536483713 0.026280704968498114 0.019229232994506143 0.0012566370420948533 -0.007808432451734878 
-0.05141835662858618 -0.02376061494600007 0.06084212551491944 0.09314026401010009 0.051862913773629976 -0.004573062669599948 -0.02001144977422506 -0.009495281745005218 4.206763694173249E-4 -0.0050600640181679216 -0.022978157563136557 -0.02588876894969471 -0.04695902750654035 -0.024955763982529133 0.05116248564216804 0.08578005546515798 0.05441400705651131 -2.45065769852143E-4 -0.018825472905362548 -7.082510987489743E-5 0.01909402878217453 0.0134681460873965 -0.007218970698777118 -0.01205396930507155 
0.06348379674151516 0.03404851051378607 -0.06314416286212267 -0.0916856916054287 -0.03184792261616497 0.037465169480647736 0.031034541931458784 -0.034082731591584495 -0.07795642897659838 -0.05760438732060012 0.0019155751100443826 0.030620621844370133 0.559834494334484 0.6810231604576621 0.5051398809696992 0.31701056363974073 0.1761556766048488 0.08703677132018887 0.05614666317432304 0.04758179214888777 0.026070865380315705 -0.004864425979651328 -0.031071598081008834 -0.021604426851604106 
0.1003111323110808 0.05319930221952485 -0.11749547750243453 -0.21171169215385177 -0.1584575284905118 -0.03342255383699193 0.03027041952717944 0.012892841378401625 -0.019587623447016592 -0.013113492593765229 0.018513106382401813 0.017762585882047828 0.8198582555965596 0.6005988437288797 0.3723360724349867 -0.21197822964687582 -0.28986934893222943 -0.2792801535368636 -0.057831764085695125 0.09901955292188125 0.010440419029806877 0.049275649961411976 -0.08781305414642226 -0.04017926399283731 
-1.774466943547976 -2.0990258920382736 -1.4228994500160694 -0.7841963398456012 -0.41471917763330546 -0.25265194631478316 -0.19804132796857654 -0.13968491601456987 -0.03921646072635368 0.05127485320271731 0.0971248067380839 0.061128803706861884 -1.1204394412601997 -1.1608314635106607 -0.9176475141494974 -0.13271253330380886 -0.11175149020109092 0.07714615318336575 9.125759680030111E-4 -0.21257115852568018 -0.1406530507333434 -0.05209085862963936 0.08510684496493098 0.04184490740411977 
-1.5920177532735194 -0.7590199448566093 -0.3762884482130673 1.0753302770708137 1.1129065880788884 0.9783259558387063 0.268021777432878 -0.2537528482991563 -0.050270564845125654 -0.20732663416406255 0.1928563890621105 0.07939493209757137 -1.793796218325978 -1.6336193263370118 -0.9473353076820635 -0.36376785048989074 0.16027353330503044 0.12279086368972782 -0.23546059467597683 -0.24826071534589225 -0.06484283890229385 -0.054596873439869555 0.2210696493691209 0.16293648809866304 
4.270966563314414 3.9226525245838353 2.819194864941686 -0.33706907630633487 -0.3322755102975924 -0.6998475449072986 -0.09057886492539952 0.7369535888242349 0.3593441939224863 0.1957747593534666 -0.3405766011246029 -0.12573027347575094 -1.2819900697006243 -1.5332423743408086 -1.0940571276678548 -0.4794555212950084 -0.07845158897748257 0.17231259686295375 0.06988847681639399 0.035239652193157056 -0.04606813147992639 -0.01854778966330758 0.07003258406181613 0.03958516401342826 
2.4589830338578196 1.9432180729195059 0.6034632880648783 0.6560282275461873 -0.6804999620734598 -0.17819734560991773 0.6829209720335214 0.3193557349966761 -0.02433943406455502 0.07842717465046878 -0.42584513779361755 -0.37761733982263485 0.810022583387641 0.16077850477138997 0.24002240121273877 0.2343904096377705 0.10735580474932623 0.31501100033586704 0.49842296945909764 -6.710645196749873E-4 -0.0371652266235988 -0.22973314335226358 -0.1928834957631996 -0.08561188004094011 
0.046002871988227556 1.149582222096095 1.3693960648485222 0.8638212488017372 0.7173388643753164 -0.1913280861793324 -0.6151563557180802 -0.5319581642419572 0.08602236832314017 -0.035958682214625615 0.19637781798049952 0.17087944762668023 1.4377167523728296 1.6616562956989742 0.8047293171768818 -0.05684483805528425 0.02657042508245659 -0.29905920835945843 0.2054901966003236 0.2314934145643921 0.17147003586125834 0.05146491365562916 -0.24099713740185016 -0.007370855551315493 
-1.9096036577733488 0.145179692073091 -0.37145625180470176 -0.2282861143965338 0.26603198649445536 -0.22096677453287789 -0.9649583855480748 0.3827162217929647 0.19788602782534379 0.5977395166767744 0.5030296667991581 0.18792571166917615 -0.2939617919681196 0.5159090480662112 0.24419312512406544 0.21190065838983552 0.15378401658225135 -0.16330257816010352 -0.17355258974908816 0.053677717252083194 0.22474421706250106 0.1497592033095433 -0.027997186793358275 -0.06529791616144613 
2.14210965201151 -0.16329717208988015 0.8924666833458303 0.2756226088308784 -0.8852527598289197 0.21871479463255672 0.11689022406442773 0.010793101732914312 -0.2661786446062382 -0.21827615262657368 -0.0820225912154402 -0.38638923256770996 -1.1380886503581542 0.34972357792629527 0.13158247704337533 0.4431622814871781 0.1122239308913372 -0.15252010565001228 -0.648016896857715 0.04804180179673719 0.1705410653054326 0.10900922721912087 0.34879432090430695 0.02410562808314128 
2.2928150197505373 1.0519306258138599 0.10934860344402786 0.3144255723621101 -0.3405561997180957 0.10668894846444829 0.837555451389532 -0.11305304974700925 -0.522471578787369 -0.2796917000721871 -0.20265337281557283 0.09691074875889866 -0.556830698787928 -0.15175338754541703 0.04887164349643491 0.12458743718393366 -0.22778452978905186 0.12122911443792127 -0.6325956142645691 0.4081506865863956 -0.09931121600676467 0.20021741079480618 0.1993418208118467 -0.09487782073877236 
1.3590594843007473 -0.3529639785531753 0.7342462060940314 -0.7370214390391192 0.6839611648075803 0.10240436927204138 0.42763741638626174 -0.4281989338621818 -0.06542202428680122 0.07572924450249247 -0.49716362492505584 0.14407004483239513 0.8222320537397847 0.06673082995080855 0.205078547436087 0.09326566722054001 -0.09643625822126915 0.19327337349140117 0.0705178457740564 0.029900069781434207 -0.21807849379265956 -0.14688109938238467 -0.09503230377752825 -0.2820897209428029 
0.15241352244581652 0.6952732579409897 -0.438960943668107 -0.09572640201333593 0.16477861354336099 -0.526498905166384 0.7774548610847156 -0.6222398201686742 0.39544136568591925 -0.1499154142721773 0.11257472121842582 0.20732953518544067 0.6454061525046882 0.5801196165685281 -0.13731247162325447 -0.10786449792418933 -0.017086757780263917 -0.07875606419880296 0.2605753614271224 -0.3813447059878892 -0.271257837460346 -0.24552316711738853 0.040932600057592715 0.11320533581859415 
0.7456142394445164 -0.18516097800587072 0.5513858145936368 0.2009015943569814 -0.8486113917958407 -0.04451139902623058 -0.06461301810533326 0.17568627759944416 -0.07089963546490363 0.15747900262057546 0.04546027310014522 0.4046705370474277 0.1247413382804267 0.7247969250643872 -0.051350387840877865 -0.7752085244456067 0.10266995534403096 -0.3784927105082713 0.5682244077093158 -0.344119061458329 0.11994156001551459 -0.07000108519698435 -0.013575698954494323 0.08671520343439908 
0.6633191846645881 -0.7723297241653766 0.6127162140639886 0.16905754943662776 0.47699035192440653 0.4164150252099932 0.3019545843539623 0.7290384624858456 0.29404073918272017 0.41600292222093693 -0.5967631220009515 -0.3730055048044001 0.7079113237570289 0.5303749352653372 -0.27754732389093767 0.14093900012688998 -0.21231367078321575 -0.7534685711632676 0.7725964765094945 -0.4597001911607528 0.3462787517012618 0.24730311796456736 -0.03395288340130185 0.32334605049965587 
0.7293826383500814 -1.7935532626931536 0.36245879075061715 1.4562121585727192 0.2198454295849646 0.7664255356086667 -1.0392856683763092 -0.07148089081445463 -0.3745463910817455 0.0027733318468884105 -0.10176760645188421 0.1740919545241183 0.8770097222547754 0.2739592669910625 0.5436063369456235 0.2607384678148261 -0.0872683701876581 -0.09066093312457398 -0.38515011443077046 0.24044182323823696 0.08133939961102332 0.2783861662042136 -0.24130134559812777 0.1718428412272471 
-1.9632046482780527 -0.0916554055113803 0.48814453992621587 -1.1461986845018748 0.26749121520260566 1.32843834100597 -1.0529982433082794 0.8804443375205336 -0.49157151160944546 -0.8144719327790357 0.2880473111983461 -0.647419325051872 0.2936539540761592 -0.41116006447127457 1.1463820226042294 0.8744847978827527 0.5761887138154415 0.8039089686550192 0.015485205998957826 0.5579834556635521 -0.041132882420318796 -0.1616275906196318 -0.4156095288275992 -0.22839872350038135 
-0.5721530108484894 -1.3473759383060564 -1.0171473591743476 0.0763143078817543 -0.48205671287196594 -0.228540257550497 1.768313739018099 -0.6213421296326107 0.07788829109810924 -0.06244206849207895 0.32695909329487977 0.02634892348942236 0.2775193923206413 -0.30990581599617784 0.47174654058980625 0.3441369348802645 -0.10379339802265929 0.6179785544052858 -0.4889295100520464 0.12461256272855735 -0.19288787830558 -0.08972148188423205 0.1710749413887185 0.12286501512793013 
0.43312514703539584 0.23806180705489854 -2.1366267787862174 -1.764447918866148 -0.9006247182934524 -1.4978289841754822 -1.1483007373401153 -0.6699812850957327 0.1912220453537492 0.933493394249316 0.43570211460846425 0.38606218121409186 -1.1393388930173607 -0.47719807399699393 0.09318523378184758 -0.4139728392404558 0.2795294301799996 0.6006319403209602 -0.10759478034944947 0.09774471586951979 -0.1161676119109029 -0.11870420971576334 -0.06502425248831877 -0.197065644019681 
-1.3013404362685668 -1.0286944209877595 0.25960482833741505 0.7329259711140624 1.1152835904009715 0.3256235349835352 0.47515410879574793 0.3298942323080065 -0.1372795346466028 -0.6020448860145913 -0.6888198323230988 -0.7112438439926541 -0.09924872305358597 -0.2512211399846673 -0.5037727587470281 -0.05050740479150795 -0.21607422754673103 -0.14110722153894747 0.44620974631772564 -0.4144232169345195 -0.1400051943095478 0.0772366660304974 0.012892561309637765 0.02257960007615704 
1.8194057434840678 1.1805980578204531 -0.4297872551752082 -0.23258599839666153 -1.3697672269738619 -0.750539376223927 -0.08363408714875542 0.11159200894166565 -0.03548476300438075 -0.18855789487048952 0.9910095314722918 0.31257399074820913 -0.06691529221078296 -0.16549600367994763 -0.4125859149129287 -0.44018151180492654 -0.28593147441560923 -0.6246073150015157 -0.461928092335272 -0.08322421703719375 -0.07137953953968813 0.09776308946845491 0.11869520941111773 -0.0478957605999795 
-0.9675471399120674 -1.064980643734832 -0.35924884473876784 -0.538094437978465 0.40073722410843193 -0.17886339690943226 -0.10264882503075795 0.23114087415224868 0.6112572782058177 0.2668735779763316 0.010627700934052742 -0.004645781506107394 -0.5611168056624235 -0.4065715559312897 0.11980433400542749 0.5073943394768788 0.43841909160206005 0.042162153879724905 0.30765385243849064 0.1312011822990969 0.08205304750665525 -0.2423369068637132 -0.18982298747243975 -0.2283776290947388 
0.46697437548949505 0.7526929294682776 -0.58944219750934 0.1916068210948955 0.31444288809964505 0.6282364267755486 0.5263850065789537 -0.37093195490627257 0.031092257546603386 0.20574489384848987 -0.27010728025346475 0.176450431770757 2.668488230774545 1.310572609691738 -0.3374487495223292 -0.2751371860911636 -0.06725632450999057 -0.07082098207810616 0.0993546231954789 0.19076606457969447 0.32344986615098 -0.02409821790854023 0.32060620506707055 0.14031651018468674 
1.05822566471599 0.4049728109821973 -0.019980702511801507 -1.0013534570623526 -1.0420787419419622 -0.4902508281553773 -0.7528169953835786 0.1775526673346849 -0.4167271874420606 -0.07218555978294144 0.5112075359570987 0.04195082278028833 0.03243095706598428 -0.6423586525886934 -0.3947515198369689 -0.6326033329262223 -0.07362973717159156 -0.16301080977257118 0.06797957208164886 -0.05244742769871603 0.2491498555403809 0.3609358865463557 0.008964755476792671 0.09810114200582389 
-7.198945351153595 -3.4860964986132754 0.41292492227829625 0.8244550694187731 -0.44659027041869326 -0.38238271436663596 -0.056613871558781836 -0.4339120813886358 -0.4918421286333814 0.05326632773476769 -0.2210990012404429 -0.13167384194904896 -1.7153179408340977 -0.6911306927991997 -0.03918241236889375 -0.4605617454451881 -0.34429148019973327 -0.04471705873449653 0.18550832463374978 -0.2226111796068775 -0.06147950784139694 0.28030278406157416 -0.05901420005418203 0.06426080377417066 
2.768119852211525 2.9814900280720247 0.32382215487832067 1.0432914366382628 1.0021430148823758 0.8154786029793735 -0.015088102206836762 0.41997322048957836 0.1252749046746674 -0.7396947986058747 -0.040770705002836194 -0.14488707066367607 -2.8312046843063463 -0.9165431531417906 0.2786234437282585 -0.27811317574855166 -0.4729934421024801 -0.09971764778231335 -0.06117608853674383 0.04450276252538395 -0.22601286700075987 0.01544965636240464 0.08348518762651087 -0.09527174681713724 
4.7579811042440205 1.5378263993209629 -0.6437963890977199 0.550969610580152 0.32520645028667605 0.10952288741166283 -0.39900441391066654 0.1756913073369133 -0.055470264987569795 -0.3014088389247661 0.18292444038904876 0.07708696717022723 -2.998389709547716 -1.148913241678635 0.2730708514488193 0.4357869510580156 0.07107149263928288 0.1279647374741049 0.17682316747556048 -0.016151012159257277 -0.14742491899188362 -0.13824585247803547 -0.07086815012576032 -0.1908530053583858 
3.573376489936223 0.64264082144045 -0.32749037800856895 -0.030271200397387066 -0.008996775987206496 -0.43705068569758665 -0.39809345859740475 -0.2607573146042415 0.043125481737313176 0.05880305445961154 0.0587402522628202 0.22338565867206195 1.3161994245702964 0.9135479081827338 0.18292216166250955 0.40196931176738565 0.360702366778518 0.33152412011212545 -0.08791105320044494 0.28446340272582377 -0.09694046490337116 -0.32675154101394677 0.04246756484588806 -0.11037029941179993 
1.3935954586272032 1.130067829738417 -0.0806313656247169 0.05387553476255125 -0.15423485290175076 -0.1400122824504706 -0.3955806957901793 -0.045093777363954035 -0.00849266018905337 0.06875495863613101 -0.05825002949599012 0.2567488094582395 2.0262098618550852 0.5805892057431384 0.06515742115566885 0.21121149188854402 0.21766544550501654 -0.011694088541538528 -0.2501113990067099 0.031489703410543406 -0.2048312564206647 -0.1240998709624717 0.059030525918610764 -0.06438315423168488 
0.5017144013090444 0.44472558831509623 -0.5065268418457095 0.08593053924490635 0.15975656614103517 -0.05432617242593607 0.24693319833425442 -0.32302444533745933 0.39260749698552266 0.05547792565551701 -0.04758616459798093 0.09639290642771758 1.3224280221778422 0.375402704745406 0.08050449938248894 0.09441021158506772 0.019304657499009004 -0.08681263547232032 -0.22117735266225136 -0.13708780739962656 -0.22450315616509195 -0.09012490542559083 0.04308548789439228 0.15189138837940228 
0.2151825629923536 -0.10498360134577567 -0.7497504206461562 -0.1407657349066267 -0.4121665572924944 -0.04675710359954688 0.028816454643633582 0.112355762471892 0.38428249665031955 0.07255333836469624 0.05899607106361704 0.33373280598745403 0.2807897471600409 0.39474315516844677 0.04316334338558314 0.13912676039790137 -0.014879799831319781 -0.040442118364359736 -0.05607860033924842 0.008397986181601333 -0.11767498345762299 -0.12225645866102029 0.029942534004901118 0.14069635311809867 
0.19529887122012113 0.1339584227463284 -0.23444434864531605 -0.21618120031800125 0.062055103711138315 -0.22324036870608754 0.05324002417244289 0.07178133767671513 0.5202473718129026 0.32727858087210143 -0.1291392617001602 -0.2707805047307521 -0.492231777477409 0.13056165685436957 -0.28106655605455405 0.2336935472072608 0.06582495638785242 -0.12911807402349648 0.05856910819867859 0.008470270639986769 0.15577690160569135 -0.047753274328498185 0.08737846686645111 0.03414773260545595 
0.7044339821915422 0.10122194701746068 -0.34616264238166305 -0.21244887664969903 -0.06074472219284299 0.06577117078268435 -0.13049830769152826 -0.26769062741584526 0.28071235277012563 0.2996240070108997 -0.10730108295960383 0.018246455683178397 -0.45429637665189365 -0.29183338915381274 -0.26043380867708005 -0.04686775575433281 -0.19262225949921327 -0.0870569394061798 -0.21014823219745069 0.15932401475204044 0.08206058325484311 0.1357905703778847 0.1230554312579472 0.13123017887324326 
1.733784024141677 -0.05006215642963063 0.1348789371857062 -0.5793085315053399 -0.2134292205723478 0.2767639124534378 0.15088325490579957 -0.15841206231355098 -0.022938135891454436 0.08520241431790986 -0.2265729881857238 0.15169288376348755 1.2468273798737954 -0.17587049796732224 -0.10934446755969142 -0.16765030875994688 -0.2997616184100668 0.02610577847450189 0.16316006440248665 -0.09882732711254825 -0.07137132665598067 0.06425415108796943 -0.06337603226199177 -0.02896700420949123 
0.8088291164872565 0.8625268557036421 -0.15311063753042709 0.18140119795004106 0.30344238334688844 -0.035588425960770165 0.6104395358693073 -0.2505195817890963 0.40969350073796873 -0.21378028949186204 -0.26145335946744275 -0.27119442487939555 1.9687531324733583 0.03165253387315451 -0.15694971656345455 -0.10840386988778457 -0.12158312561049071 0.13179227262605198 0.025646365502892583 -0.15077557637195146 0.296818562460126 0.2192832544436817 -0.11504656203339164 -0.06705748166095572 
-3.5973808355491226 0.2809174623052044 -0.0029369483918597616 0.08984468866196926 0.779246406171473 -0.25087790575786595 -0.8067090908154348 0.3596777962009854 0.6698707777969231 0.39121827585957397 0.13806497333973455 -0.03915905182099144 1.4108234820404661 0.33365944948463583 -0.08112099827443507 -0.0750911575034063 0.1543464337215532 -0.20952737966066867 -0.12765419918980614 -0.15327637253018245 0.2640513586082265 0.34765181843708975 0.07922636520578384 0.01082930954277501 
-2.536242985383133 -0.1592254639694204 0.19359445009748355 -0.2218138770699999 -0.19233315873328127 -0.06578473798981974 0.2713587686604112 -0.07440882755725908 -0.9561477914544412 -0.5112336870909775 0.055519622377841915 0.3148448684582851 -0.15794832165448577 0.631890470764322 0.11768068649983236 -0.08043801268561453 0.34947115198914275 -0.07264740667494267 0.03608014030321419 0.029400768441718905 0.3759142012751923 0.05832135592094218 -0.06421088711391744 -0.1557678261772278 
-0.8261503710445268 -0.5401643450470068 0.2048893881950561 -0.15242752148510053 -0.4285807506969226 0.9204442074499686 0.7033862360796661 0.21336167816107773 -0.13217156561992893 -0.8090263421938015 -0.6227385747257177 -0.1738146915336778 -1.1646483724085646 0.5594351121540827 0.3908874431277442 -0.015752226661802277 0.3393758012794075 -0.16199167306844395 -0.47168408337520235 0.04205157380022944 0.2045884045523226 0.12365628261247658 -0.052346734806978545 -0.011453777530669118 
-0.10294115080158406 -0.6226036529132184 -0.6100658653233821 0.5438513410804195 -0.14105749418634206 -0.40330726253985943 -0.25284854848788574 -0.2655638280942992 -0.31702793137918217 0.21137795177199914 0.3115810759070357 0.2634368735086311 -0.11373003238291268 0.14147005416766012 -0.026320510335802128 -0.02063778077152838 -0.028441058284608633 0.20965354324386368 0.02779894802046771 -0.2542249439074849 -0.5607420385818193 -0.4628017218581409 -0.08499134509028722 0.10560900726769744 
-1.3200866356142034 -1.1656987796851448 -0.7737691200646593 -0.24573124042783362 -0.264518829940219 0.40385837572248573 0.8704468178843208 0.3291005750688171 -0.26345436589767424 -0.3410563914093441 0.16707445099607326 0.020906278245842902 0.41812422297883983 -0.5732754060674324 -0.5876641777310055 0.26922274309313066 -0.1405391326177046 0.38745115527794316 0.25045095517895244 -0.005165652893674026 0.05328796672707773 -0.2534585383037802 -0.08610034182194837 0.13430107973074756 
-1.9480847559495564 -0.27086840915333177 0.7618852352347476 -0.1132486752840482 -0.18904094425780715 -0.4364524518576694 0.10443163369668074 0.6303965557113259 0.7917197244298892 0.6431865030912166 -0.08441285521219191 -0.09934263823456757 0.6074146311527026 -0.21090572639773222 -0.5781027711821208 0.22271140914879603 -0.40896662854220134 -0.3426638346061552 -0.0813456994297213 -0.09184006534967833 -0.04709600875038126 -0.1292548071843608 -0.04967524836721954 0.054651049408993645 
-1.1579512374070602 1.0037942512753473 1.281906371109008 -0.6315457425822586 0.01702837219192377 -0.22533666372495592 -0.2266067205494744 -0.21912155506071274 -0.8464092937056978 -0.26455500294206974 -0.16644058370025877 -0.39532817485432115 -0.2687603581833835 -0.38085134570179263 -0.4462724786072027 -0.19894200831470635 -0.24311506052104903 0.16336998402863598 0.5405571213608595 0.3711360743247722 0.166214571554287 -0.025848825032168565 0.0253057064226852 0.011500589127881156 
-2.0062527433632633 -1.0746329892002677 0.09640470263614676 0.068624364711244 0.9450687903741904 0.9392817610023269 0.5397153190181757 0.28406743301950077 0.11573755877597341 0.5608916790914444 0.6273643383568603 0.3076009518317322 -0.4465581310807796 0.20728980501416702 0.26912630021915346 -0.2438812588549585 -0.05794676985765024 0.08934386107066748 0.36893892376801735 0.4117482503597878 0.24884295333311432 0.17278673462800373 -0.060157317478206775 -0.07493922743315101 
-0.4847215673571994 0.37873754744370114 0.8977885820562492 0.2601582645186393 -0.10222851569307068 -0.7741186827934203 -0.9688663888590052 -0.6111430865595867 -0.42410699773357735 -0.22236250431295226 -0.26473126505650846 -0.21706728417095045 -0.22139746054535045 0.5784104289442037 0.5541531302670264 -0.1753439054234577 0.14842987854595582 0.14773600534819825 0.09268208876546853 -0.03984569522858928 -0.35068153319320855 -0.15172106390315823 -0.07441496125567111 -0.10232341240492766 
-0.9450251977321482 -0.5802094722800097 0.14656522910366654 0.17254309773037846 0.04442780925764078 -0.4300930255354396 -0.6312553034526057 -0.4088374296186006 -0.165960283555514 0.10373004989264667 0.14520443790055326 0.03634459872320012 -0.5584653331109747 -0.16942702088257588 0.14411962921781588 -0.02695707731662204 0.17360116343689938 0.10251807448625598 -0.039605419423706954 -0.09328795582282152 -0.14178565627498477 0.01708780115922026 0.062064952233672165 0.03250929084966947 
-1.0243726285865664 -0.9786487940173929 -0.4056332829258311 -0.15747339282145267 0.022059227112331103 0.016142713499332495 0.08083232438951071 0.2468679619441058 0.3464842270396716 0.41918900336680387 0.2978842502949081 0.047270238914727924 -0.2812858864362135 0.0013865204363279944 0.1681087630759656 -0.14898018280183659 -0.35541078680881794 -0.5987133520457374 -0.5937532428465673 -0.3629086131217467 -0.19544511069288475 -0.029142747630372213 -0.002455176057944856 -0.016915459677272676 
-0.06103121341565565 0.11234124417800695 0.3157567474737393 0.3583114253311561 0.36212142866079144 0.23659683939718257 0.13368222066503863 0.13492577623611907 0.15579891521430322 0.18885252177390555 0.15986172398013554 0.0779043177398846 -0.28813932543986204 -0.15856172258859882 0.025001218617109983 -0.07232991529976769 -0.196654163771363 -0.38433983053795195 -0.4101035904231825 -0.2527573177185168 -0.09018521898520122 0.06234964782058668 0.08623041259610077 0.008380203226051255 
-0.08286090020680525 0.02830262790570881 0.30886653364331607 0.6142146491237603 0.8051570350318078 0.6886764408774807 0.42992457762187436 0.20570114987829358 0.0013487349601682963 -0.17749549736246506 -0.26469437992246503 -0.18710076464747466 -0.11641341615186122 -0.0294812492380514 0.09274970185532923 0.09112950195348958 0.0826945726634949 0.02808813094065434 0.03435158150637705 0.11408320394956346 0.17965797666072517 0.22185191353353187 0.17599930915217843 0.06998700323794278 
-0.5513630856024427 -0.6080000154757641 -0.285688335032237 0.0036888226570750415 0.24284139661199144 0.38665960238934216 0.4245093412007599 0.37001792956985585 0.27716311943984134 0.2150233567955211 0.1678025152209375 0.12838949082614765 0.2020228911102014 0.3477453631061218 0.4056853505390568 0.4097350642761632 0.3861284685340652 0.2889432966109732 0.19659254697549056 0.1611794863175679 0.1395829748289595 0.11545498983284024 0.07595262572836946 0.04195900500292981 
-0.4299664440375892 -0.5300344164763532 -0.3831598472388307 -0.2535505973448809 -0.16638447485375363 -0.14315306081871032 -0.16763598039748107 -0.21292772657145304 -0.25317180505527304 -0.2594521547445995 -0.23408407278202817 -0.18793335734223196 0.03685674280549082 0.11116804853762663 0.22211939730050786 0.3340488418322641 0.39857614561830074 0.35211300860587613 0.2536927012043091 0.16612830253840682 0.08505646608553204 0.009510660026563275 -0.03684182257603954 -0.024816437209967648 
-0.4935471148308679 -0.6517263229493274 -0.5552861137023577 -0.4370111442630127 -0.31049322199862345 -0.21431829958764148 -0.1573151412517553 -0.1392982444917113 -0.13568973926485464 -0.11653411903354795 -0.08330130677519128 -0.04755640092152619 -0.1428049756548567 -0.147603568661531 -0.048290773955008505 0.040122785995891086 0.11064990583988264 0.14351549229679486 0.14156681649469088 0.11335395905607522 0.07286677780697792 0.04361242490919328 0.025680114495275286 0.019185266548045272 
-0.22233911400906514 -0.2833383639703894 -0.2226927689231472 -0.16758189291298808 -0.11390409251778696 -0.06717363395165576 -0.04024128476479537 -0.038025670706143294 -0.047394233944079864 -0.04024873952762036 -0.02861700119628203 -0.024678507143734804 -0.1545308418302674 -0.19139134061058302 -0.13750014296562713 -0.08299417422667195 -0.04273002886465699 -0.033888282889209455 -0.0480735347818283 -0.07019264233361694 -0.08912910393651736 -0.09357407776454428 -0.08486163954283156 -0.0680828235483955 
-0.2267618236521347 -0.28853733574415297 -0.2210495523250532 -0.15966388754654462 -0.11534851207563979 -0.08187658793456967 -0.0638884560996556 -0.057494975531024686 -0.044325999536689 -0.025415625540548294 -0.011971364057761436 -0.010793733917236752 -0.20881938363203378 -0.27698288903489776 -0.23550873491062732 -0.183120150099118 -0.1297085464567842 -0.09125751504309222 -0.066866705503112 -0.05477183428910257 -0.05032279569235174 -0.0435311601492069 -0.03196422749033989 -0.017254633515661092 
-0.09976656413615359 -0.13745488824719132 -0.13777769903060155 -0.14324170302309908 -0.1357667432212745 -0.10770906797761787 -0.07012871862804601 -0.04325143405094551 -0.03146636310980373 -0.024289168197466487 -0.015164125512248392 -0.0020662201991901823 -0.14942374774274914 -0.1924853384854012 -0.15891297459155812 -0.13189394599404208 -0.10208461666401474 -0.0662769237294803 -0.04000668450347677 -0.0314485446340439 -0.02672763046883531 -0.011676609030679684 0.003159751187321702 0.005651726912069291 
