0.0 0.0 0.0 0.0 0.0 0.0 0.0 0.0 0.0 0.0 0.0 0.0 0.0 0.0 0.0 0.0 0.0 0.0 0.0 0.0 0.0 0.0 0.0 0.0 
0.0 0.0 0.0 0.0 0.0 0.0 0.0 0.0 0.0 0.0 0.0 0.0 -0.048569379612041 0.09768029713640398 0.04570276854063656 -0.09188266148609037 0.03840865933271439 -0.02569139427470213 -0.05995506704931958 0.04019917523832948 -0.030980760472937335 -0.032511592866768725 -0.00949174132533967 -0.019831188208748452 
0.0 0.0 0.0 0.0 0.0 0.0 0.0 0.0 0.0 0.0 0.0 0.0 0.012230667753453014 -0.09786457229019647 -0.1039777127686135 -0.007986200451250758 -0.02877086611283325 0.0031051168397505844 -0.008296167907930705 -0.05752089177685699 0.02031525811845079 0.07448844431653594 0.06905257081442139 0.03394414300231705 
0.145708138836123 -0.29304089140921197 -0.13710830562190968 0.2756479844582711 -0.11522597799814316 0.07707418282410639 0.17986520114795873 -0.12059752571498844 0.092942281418812 0.09753477860030618 0.02847522397601901 0.05949356462624536 0.11164289099744969 0.008174331976915564 0.040363557029702256 0.07472207429165036 -0.1541144724692725 -0.0645099812542668 0.07439763704553987 0.03107103373276569 0.08419124384542868 0.02500980804764591 -0.032793345126449526 -0.010115712364483087 
-0.10954607267842054 0.4401141625751954 0.38048729111679536 -0.11386539087538328 0.14392558733757133 -0.047852441931304945 -0.06504409685018725 0.2328614381880652 -0.10741691506475837 -0.2722327222497609 -0.22139532443127366 -0.13157921132007383 0.03708665627263841 -0.09022225313188888 0.013503151435148483 0.21376126439407458 0.12850580312163448 0.16702446466232815 0.12793351656561003 -0.05187368018008348 -0.048542114064317556 -0.07095801140925397 -0.057164292529257255 0.014527474506906486 
-0.2801556366531388 -0.2445800772183444 -0.31133431664750444 -0.16723352743725944 0.3903806237390319 0.21745616472845286 -0.19067086271152597 -0.20964382029232967 -0.19886527400390686 0.06108693698194273 0.2090776975949854 0.09613674275348617 0.15742823646009022 0.10258461791446698 0.13952955901525907 0.21183374119917286 0.08273066313357041 0.09377784186396305 0.049575287632715036 -0.07865048029842275 -0.032062540308686084 -0.016925066734933936 -0.009527017376803337 0.019627199427435144 
0.10167191892671568 0.24643635230023286 0.046603551207351934 -0.4198430372344585 -0.638320710233491 -0.5712643849391577 -0.19853251776708775 0.20014418782892107 0.2915301199043121 0.2310979550369436 0.08119164077828858 -0.06190401258433986 -0.29350088015658554 -0.15700754196212932 -0.0747121917023424 -0.144162491331051 0.02340141400215028 -0.003086847203076115 0.0500419723790975 0.20197511578532698 0.04499333897742177 -0.06966441363966706 -0.08207969855176021 -0.056084651805985215 
-0.4321855663467158 -0.5039558400151316 -0.38875511271296515 -0.20686441595970995 0.02770518138667677 0.05744662873614359 0.09788354870826388 0.1317125403598519 -0.010343615139664988 -0.10335535983824429 -0.0942372064983521 -0.03422563302392706 -0.21647893809870236 -0.23153678251187168 -0.22569952468515853 -0.16318521308753225 0.0064277542184384235 -0.06995627049663311 -0.1703151610521244 -0.11973417483417574 -0.08280362417251104 0.001972715069648546 0.03505241158451732 -0.008370972666230084 
0.8469715326381246 1.040824669859977 0.6433342642565529 0.33843752737899496 0.25505906650729804 0.041412867674078035 -0.3594472196973747 -0.5437420894940065 -0.3366577614291446 0.018981667079333797 0.17650122327067574 0.10185593198658845 -0.1579165129371606 -0.13120484295496926 -0.1073508980054488 -0.21270072161152545 -0.25756662841301037 -0.2503192380314389 -0.14998940356265614 -9.086238144231559E-4 0.07210822449634735 0.09352411671467385 0.05274314967775954 0.0030706637161656003 
-0.003368629212736174 0.052836111537398533 0.06739890088337064 -0.056818170481389374 -0.07559252728667792 0.12098634991173435 0.4007319714099907 0.5215018428716613 0.36363953918035463 0.161226935751802 0.05626567159523985 0.03936968846671227 0.22788348071546904 0.2856586668300361 0.1461678556845928 0.06850022062692677 0.1180802679848404 0.10030838081280691 0.021606716542566257 -0.043026796193733556 -0.08627109163952897 -0.05407157101375734 0.015921204684200274 0.06504636710489253 
0.3610129891712077 0.36165490538887557 0.14057923842553044 0.14323600486095767 0.1860280293422174 0.1479234685673637 0.10001148157001727 0.007975408016285823 -0.11178613074473975 -0.18176554290210106 -0.152289247301786 -0.10791366447815633 0.2679793067079845 0.3051525224292588 0.14069596532756284 0.03982020852879276 0.04406044338273807 0.018950529708968777 -0.07656589816131736 -0.10763889333563992 -0.021542576502892614 0.07823034743479314 0.08956608867716209 0.03392444382169087 
-0.8728567367596645 -1.0213469582696892 -0.5758811668512324 -0.3147643165814716 -0.29202010398530415 -0.29673381414891997 -0.19666595155313088 -0.015065819814093634 0.1360338444367195 0.15923295819374517 0.02239441473527795 -0.12447993610623229 -0.0300196582807728 -0.02680076377256187 -0.007500790584834438 -0.029415488036128184 -0.05644172855399802 -0.0015022802605819674 0.1372652008586467 0.2285481938878561 0.17297286350456173 0.055792482333104375 -0.04663101467609745 -0.10523160501407641 
0.4777776662876354 0.6624586374757446 0.5428864021411659 0.34794997484265777 0.23109152470839694 0.19342136057749887 0.16894943626813816 0.04745842185579077 -0.1582271845486492 -0.2147123864460172 -0.07526141433082961 0.08200741280798812 0.016235604948563687 0.025509346112766822 0.06577332655873448 0.1383856278057004 0.14006558267449534 0.07158452222829788 0.022422383655059913 -0.027456253186762872 -0.07174995260650814 -0.07707521038884506 -0.06216653726482757 -0.04534704834921955 
0.02830800707136838 -0.01716346318835038 -0.11125230921994378 -0.07092869136385488 0.07120091069222637 0.10274424468841267 -0.0455326085150099 -0.1838842457116594 -0.13205852443137578 0.010322910524446949 0.157644799138054 0.2601039648658693 -0.011021783437212976 0.024494209519544768 0.0879631570336717 0.0842282101877153 0.030579873860777224 0.0037509656943756076 0.010753656155555439 -0.010618172032655443 -0.055742901565062564 -0.06200399867781927 -0.04493694839203032 -0.04535337280303379 
-0.13827619758999976 -0.21696488049009433 -0.2890551700663173 -0.39383869116495185 -0.4157792260200339 -0.26656912753619627 -0.04282234091422296 0.17475338052535733 0.23750991150883233 0.12391511209908324 -0.03341482770869131 -0.16416446991654846 0.22819059657265792 0.2580758534135426 0.1201497087894296 0.05427090643131863 0.11932788517670428 0.19060981223049622 0.15555772052989378 0.039493864448202846 -0.07394914958641373 -0.08106349688150834 0.027732269004679188 0.1302359876575494 
-0.531764454509208 -0.655117827845404 -0.4237998518485059 -0.19655461414081266 -0.06032435020342038 -0.07799146717519925 -0.12304103142861662 -0.04685878305091058 0.10539400110316643 0.17593120495465275 0.13628196660029976 0.13466612366513736 -0.044273023955813486 -0.10955089534479949 -0.18708985224770558 -0.19755641767225218 -0.12346544267879793 -0.051706089326887555 -0.03461569841334601 -0.006322171309397384 0.07460382770621261 0.1071179831894054 0.06822046743056111 0.04944555924133725 
0.07324210735994985 0.20720825956364353 0.33871104708715816 0.24795021693718078 -0.06112950037389253 -0.2880402201821839 -0.2589695138647397 -0.13953590281919218 -0.05510599855667914 -0.05432604301659508 -0.14777680507599006 -0.24598162956429412 0.10679696609364253 0.03184099205102705 0.04685896608423943 -0.10663149497178769 -0.16064269130392392 -0.1604652858856159 -0.09176507825504675 0.025588840466728074 -0.006335310663464544 0.01809417320600983 -0.10313307969000886 -0.09988390458275569 
0.05536792646383404 0.09940265281917915 0.13613413894643522 0.2008461076018353 0.2642723759055495 0.2685980589920691 0.1663880732002865 -0.007773090111192496 -0.20956205251725787 -0.22191046148593008 0.010164385530020026 0.15267586696573038 -0.0706912689947828 -0.06471757262173616 0.05218473494332743 0.2450443971682765 0.07118797756491897 -0.06153219881171456 -0.10143756802809968 -0.08134210507700396 0.041760985957361614 0.0895321100263944 0.16708326507378554 0.05228992014709347 
-0.7522332863574483 -0.689748096975467 -0.7095990637165062 -0.2726445671209128 -0.09614951516274706 0.041531967037017226 0.08775834153646572 0.07844401265531406 0.41399387030943813 0.26855342570134516 0.3390432018964752 0.12648237218142208 -0.012489739938675193 -0.22453353296899933 -0.12436398099850181 -0.10077840387344716 -0.12385551622318043 -0.1079325342149151 -0.04659322737080176 -0.013556376251200292 0.07267071101981533 0.025853149774046114 0.04348746327187016 -0.04016613629212975 
0.09304704933383956 -0.012486931710640192 -0.056199001276656 -0.6713904136165953 -0.25637827550375003 -0.05818096434965614 0.007907744955079732 0.0881775744428482 -0.25443889120197705 -0.2541048594835006 -0.6083778321072895 -0.2084356376490012 -0.7932021224497795 -0.7238133493200448 -0.5679997738225496 -0.48101377923718935 -0.19369903344915218 -0.05450513232687924 -0.015197542613276918 0.03364407918797966 0.05000452206116565 -0.012898832364278042 0.07183470557830463 0.1393962734941098 
0.09187176574097267 0.9367536507355512 0.8079695601942092 0.9864036891667376 0.5707623740002985 0.199146894133424 -0.03994966762973107 -0.14684210634261163 -0.25067971227376556 -0.11578829333994817 0.031031913927054178 0.05507253161946091 -0.6630095084989123 -0.8066785040216978 -0.7560884576711743 -0.44481147932633663 -0.5814319208975437 0.0946394439842022 0.03991020306314019 -0.08591036368597922 0.1138213569670225 -0.015985052003677263 -0.11706284444066806 0.012691990403449363 
2.012921767763962 1.4575918269238048 1.0813491484587265 1.014363317169578 0.5119135316714831 0.35330599242450345 0.27583470562321566 0.003937731823831378 -0.027238827409152955 0.008956895127550699 -0.051334087220183344 -0.22980803323561838 -0.537407408302838 -0.09808695290877696 -0.2578224202409163 -0.2148859163104543 0.06894166721303163 -0.016966660096631298 0.00395226460347875 -0.0848193313437668 0.04055183646124538 -0.11971422456025237 -0.19647427407802487 0.11138302987528681 
0.27685787992422717 0.9952480357724038 0.9898922344293251 0.21891300546501036 1.2640003439422671 -0.44812984330266914 -0.16593574798702282 0.3782950250227602 -0.041070232488041425 0.1849777044068513 0.4117098627749263 0.09909259876438259 -0.46630957311557353 0.28680740427666124 0.1926539148885905 0.2127026016782798 0.6282996110905575 -0.08522460774549785 0.05970385083803142 0.07593849873978727 0.02999391559232077 -0.0020147357814643365 0.11144566570938719 -0.024101030054673418 
1.612776217150726 0.25252673449726437 0.6263069223285349 0.35701267716563123 -0.8098222621138292 0.31635738465828434 0.05904399132328936 0.08006700279146273 -0.4808991404785753 -0.045345184676143235 -0.20929398429715096 -0.5645947608473225 0.5505104761612384 0.25293838992216394 0.24105255054516114 0.3079524510267233 0.4825480477940265 0.06254197240616659 0.07238837862935522 0.12254678937252887 -0.16192805106056957 0.08671057579917972 0.2012077671309492 -0.18562328664091798 
1.6908732603943113 0.6788639841188377 0.45752892859353356 0.6769712041338716 -0.6532685623787179 0.47329502125302714 -0.11066586299386216 -0.4127222380457891 -0.1138313025160167 -0.0825930460937082 -0.2243251346626236 0.29476898558933323 0.069626027644985 0.377477431105451 0.27386681510338623 -0.2184009230572935 0.5520485828005047 0.07189360440191517 -0.14449653605505539 0.4245053507760512 -0.25578945152073135 -0.02139965919364467 0.13576667084934174 -0.1336948275540737 
-0.34561735095479484 0.8569686829840961 0.6243731497411389 -0.13852313524502247 0.0229038414498961 -0.29503235707184444 0.031034627238569645 0.031805995240519414 0.4949258607865434 -0.11738945701970868 -0.33693988989425605 0.22922363327466017 0.2038609013273868 0.34053776232674754 0.5685638892249524 -9.391751447651586E-5 -0.08037737108480374 0.2239890785494265 -0.06588492115466955 0.22311415618098496 -0.34685362148172566 -0.041215168222086936 -0.2115897029175058 -0.205254571860212 
1.0471765810420326 -0.4394052317873651 0.16925867541286443 1.1218836808422177 -0.8085084562411097 -0.3581157856433503 0.28155854222050314 -0.8710905235299218 0.23838562144159336 0.28519881815956805 0.06823280302545365 0.1032678843656123 -0.19419778163468107 0.39127544034577966 0.4242507254269956 0.37178567056623235 -0.2707947729597197 0.1892164958188335 -0.03998100843885847 -0.07721460070260815 -0.06174690843655512 -0.10656714032617239 -0.19072181877258979 0.015338712237641633 
1.323041852844705 -0.20995194452987676 -0.9352496187559876 0.13483819135488773 -0.49107020192822226 0.060095552458193535 0.06058655218011538 -0.3600913230094258 0.3835532619877965 -0.10559561213652055 0.2791961556113279 0.14691950534517395 -0.032363985750944714 0.11016683504415899 -0.140708128468875 0.07260719936000666 -0.1352788124985615 -0.33583238184280345 0.2525690469669502 -0.15390595320294606 0.1785724560184481 0.03934918434033788 -0.08723233185681471 -0.04567320088443214 
1.4391370033986046 0.038497976838485215 -0.03541186343889002 -0.5750664708647806 0.41610277818950037 -0.2719184209684924 -0.005498800148059618 0.014870223187007925 0.12709572219302212 0.23121145244321487 0.039772298902353787 0.28990491284115144 0.406438028562901 -0.49721240764471936 -0.2655683386925545 0.27688626876332406 -0.6548137387526324 -0.5212311952248158 0.21855268400439762 -0.5435425940347351 0.33932349668835576 0.21628709600369897 0.1734768333641503 0.23350302754045968 
-0.4445056048802467 0.287516573538694 1.1488328045736411 0.49213034252845667 -0.18356533826972443 0.6693661061191369 -0.5831438424779997 0.05054348149089272 0.014853442355484692 -0.2084433271825457 -0.061012642262261996 0.272924721690187 1.5652175914869673 0.3836431294305636 0.08642578625563324 0.2372324974003425 0.18565241926733278 0.0529459246657318 -0.008590867096484439 -0.13950189056662876 -0.20095703312514737 -0.18435827868233223 0.2176409460988266 0.06327806085785757 
0.7116362242158054 0.8034977321125076 -0.07607752017428648 0.11257879896546097 1.0021803281875385 0.9009425232006253 -0.05223431246363219 0.5542198563241245 -0.595234958807318 -0.3122386123285162 -0.28209329813020223 -0.6602438064282732 0.5514504027020313 0.41356883712348 0.5150826709764181 -0.06809182483644971 0.4315073516231349 0.3997846610361114 -0.3158699095646149 0.28048607079186794 0.22502146955690963 0.10317637545547491 -0.02489164986815683 0.36329416591891367 
-3.008860532024797 -1.7433812104585789 -1.174194149155189 -0.9206819357612606 -1.3410662347292397 -0.6851726936235607 0.10972690962735498 -0.21126046787809782 1.3475897018634087 0.7192042562963417 -0.2127938841688739 0.43215968240631353 -0.5723224248496105 0.05784699331981077 0.6281511926030207 0.4088617514979367 0.45562737051070806 0.8199095710368866 -0.3026166935082615 -0.011279444876548491 0.20682461687518705 -0.05286920098555265 -0.2936877032598271 -0.003690698334631685 
1.066963258864786 -0.18675964253331845 -0.41914639950372923 0.33561514278942717 -0.29966882845014675 -0.7940030042054778 0.5956755524931079 -0.6956860145041006 -1.2143368162316688 -0.5421414656626535 0.19033786946013023 -0.8795950652736527 0.14541077074950617 0.46840893089842844 0.12840224051206892 0.17859977308886843 0.2447413591529978 0.41592362859808957 -0.17805230279703718 -0.07533626547072954 -0.08744952174999747 -0.06576154818645041 -0.26805510913329855 -0.1813954293258957 
1.0947981523440946 0.6091042809021747 -0.5640863335706996 -0.8459730838773365 -0.8995228714830059 -0.9428898432884714 7.513055684147396E-4 0.7093347515346508 -0.2960694795579011 0.06511570244118094 0.583834883722053 0.3936724461167718 -0.5290650253150454 0.09744101372909553 -0.06127536916415166 -0.44750505962393355 -0.7576632337299077 -0.4766046618842663 0.004541003552811358 -0.16460663753974863 0.24924115132329336 0.10791742727950752 0.006965912127831005 0.08849831773766324 
-1.776425430217159 -1.7779718062631544 -0.7663381495027379 -0.46057494624310635 0.04718456910542823 -0.21796978776118792 0.5364103979569494 0.3199310430299388 0.48894319715332923 0.21209030915841542 0.1237576453242299 -0.09681390030581527 0.4390546554650221 -0.17263835875930403 -0.407882772701694 0.014113276750448675 -0.37092553887456287 -0.2810250169081026 0.4901234092012827 0.06421622582466117 -0.23614206842719784 0.03741408425548306 0.22991226898809336 -0.3881152069345373 
2.8888461311549207E-5 -1.2400981697809477 -0.8167721666632297 0.8199282876268068 0.7584967676826957 0.4566246838070933 0.12573647623700013 -0.22524908402587163 -0.2517737587989704 0.01833608704728465 -0.20040150848441673 -0.22472585329059494 0.6470828006913671 0.029055632476809794 -0.2714556348866552 -0.003666134091118748 -0.3464540294143783 -0.6651949571997421 0.11046997030541379 0.13718872846487223 -0.10923511363693784 0.013747474762526657 0.12360262860933265 0.10520176434724691 
0.2971839244111112 1.2557566590861549 0.9308448351476177 -0.5396753732139905 -0.015902031409309014 -0.6506852170289522 -0.9371872604450329 -0.4210427741978229 -0.5280584713295406 -0.6309939107321545 -0.10728074140091501 0.5939497052336425 1.1147978017614795 0.8369262521720787 0.384784792359619 0.4702939960141519 0.4079545711820285 -0.04470271748676957 -0.05435947284195183 -0.31293565286301955 -0.1042132782763558 -0.026496541147228454 0.06718084792720082 -0.028315540914332218 
-1.8832549270441419 -0.9949268492029093 -0.5983109212359119 -0.7954244681185381 0.17138251701749763 1.2690527429446372 0.4061402238531645 0.6682554747539149 0.5401366955943474 0.4454153880988859 0.32854619125662754 -0.2673146496946978 1.1651041091905854 -0.41916632626409256 -0.44047513722421283 0.41568413552086847 -0.39311869557369666 0.027819011798643673 -0.011381160300653115 -0.027789761834686955 -0.10123228366262112 -0.2721947532782326 -0.07838837482174525 -0.004659034642315624 
-4.179176927748871 -4.41133622306841 -2.0299231492952536 -1.0637805564128897 -0.8831220191080582 -0.49007566486965115 0.5592869426747228 0.8119857222291043 0.4056278047857378 0.07804028207430014 -0.3422587483278947 0.009427120639232817 -1.7249937325841784 -1.4257466796435978 -0.5972885221768464 -0.8103400901603335 -0.16039548814283902 -0.06578551924844062 0.16585905418603342 0.12989321769463527 0.045052897091349964 0.07301255397932833 -0.060702485521935835 0.09973051177920311 
-1.257103013030454 2.8509472500886126 1.9850372372308445 -0.165071527336349 2.3714628482531603 0.29286287233151176 -0.5883571444209184 -0.7583940467352743 -0.41492004586874626 0.4804032504787552 0.15225261944430885 0.08151254293355678 -3.135889232139513 -2.1499819273221044 -0.7485833041994683 -0.8213075574616783 0.024240576365339977 0.4515294221408281 0.5487784161363324 0.16114665949548504 0.3397893674273422 0.48598037018920176 0.0726327483035435 -0.017617148224456185 
5.159089165156802 3.6100596483711875 1.4310363224447782 1.576168426875915 -0.6347557325986233 0.03476627602293236 -0.9375157388660915 -0.09739766653713414 -0.18568879187204365 -0.8675255038600742 0.16297350107105185 0.1203445735819059 -2.9349909506035217 -1.5431607317803777 -0.256288867544552 -0.42220603121096595 0.48334500021345295 0.09965783378184834 0.1508521573853107 0.08788339163667147 0.0030031596679139794 0.11135698425881391 -0.19028358652231644 0.1160360822087217 
2.8552797229215603 1.4443209970436044 -0.08304074450752275 0.3485237126220948 -0.025522355333239766 -0.34795649392413863 -0.49179368378542554 0.6395071906505789 -0.18357310835878848 -0.5397428295015321 -0.14196817835347625 -0.2699219314926658 -0.592965156147024 1.2270955860048234 1.3133222070813828 0.12267394849903439 1.0766001228349955 0.275660860344421 -0.29909093503915835 -0.28288812171660355 -0.29314035770227503 0.0345061957042924 0.06350631245296039 -0.04870301643972161 
2.569604556085686 0.9214590987952267 -0.22701755579241423 -0.05396008275921371 -1.134664417955217 -0.468639483087371 0.05844874020104429 -0.15061507137383678 0.280944857027017 0.25404236928800206 0.3757024101379471 -0.16296388877382106 1.1795500369048122 1.650949660096319 1.0222655131987082 0.5925958609531247 0.08017717206773305 -0.09640141413320147 -0.4378541149817781 -0.04022230682191705 -0.21109869978103327 -0.28691173181489243 0.04869392937331802 -0.13540192274658017 
1.816534759946176 0.5139607668621231 -1.125902444894708 0.28197088198411224 -0.6083831775735291 -0.2824168291465996 -0.18906657883701117 0.11687902083288773 0.23118420278854845 -0.18389927320816013 -0.14463077244801992 0.36927582343058507 0.7990377753918706 0.7439842233570723 0.4390375785323281 -0.0355236522923866 0.1178074829387632 -0.39006259645938357 -0.21516036003917502 0.17869247746407438 -0.11481926355309084 -0.11083387263429671 -0.014591867189427418 -0.09874990116438949 
2.1398115359300576 -0.8776092168270289 -1.114329366957754 -0.16834274066446753 -0.5838568376816777 0.29120068603376725 0.2246830536050357 0.2845833388374626 0.24022865189738773 -0.18471208656208282 0.01822300999836962 0.206951464360021 0.40976798058238373 0.7240421679552146 -0.23699846090819618 0.09427833233898257 -0.37236019088282823 -0.2304479822746409 -0.22932875341887826 0.18923389066971055 -0.03872944758777589 -0.13323350002712206 0.25266596916585876 0.06350057699355471 
0.6730629068237626 0.11190248478351528 -0.9564975745218373 0.5122859984518815 -0.654348594286299 0.44231121089344294 0.07057023963010384 -0.11416944684729391 0.18124278486529866 0.01213601632640049 0.08054712328459473 -0.15862990456641834 0.29906367012312646 -0.8612984565079547 -0.20001282228261888 0.25140433928589284 -0.3478440773851473 -0.010703531929104485 -0.20627164198251635 0.38445745565718 -0.05211223334247291 -0.06896116987253631 0.1289165933625106 0.09872421515634601 
1.9120365408997415 -1.0496382640311133 0.3992753917457389 -0.45195263801004604 0.005398863049652647 -0.1396595562834697 0.6166165912241216 -0.6027925095428777 0.42210390875196957 0.5557252246020878 -0.49488444522593644 -0.0895127557559835 0.5966496839822355 -0.8897905613187783 -0.7347205492293744 0.5897137948570871 -0.7687264329062545 -0.06801791449143234 -0.100071530596344 -0.07820234414226492 0.38170913329068723 0.023432338769603694 -0.04750787788504509 -0.06384164932054154 
1.0332312470919547 3.1838706599880293 -1.2826663573985977 -0.3304371872007771 0.14052120421624759 -0.034876112200667664 0.23378157830099489 -0.592805421948482 0.29658327438867627 -0.34723441917263653 -0.27482682492339866 0.22133528801954927 2.2724316202079633 0.1430574836553745 -0.8119313948076531 0.5030581986520507 -0.3793148094337113 0.17535987084337012 0.20217964069404246 -0.2943126275566711 0.04729058383858505 -0.25473293192605195 -0.10550336650713937 -0.02419364593036259 
0.169778313849255 0.2557783795270492 1.2529166721687492 -1.5161225324093996 1.3248875617858125 0.7338480910551195 0.44329197605862214 0.7585083588148515 -0.9625689927363628 -0.07532388512137539 0.3384336177575016 0.2084938160286618 2.8521820921046603 0.9921905306695553 -0.09140321702188847 -0.0657678110763979 0.13448469061492938 0.12635122650190497 0.29380629893517124 -0.41957445691469325 0.02573165782101546 0.08553327192881739 -0.09630589319515992 -0.03449797567210206 
-5.273102840274884 -0.9699782879616894 1.0524759696896167 -0.464803650304594 -0.17614851535324494 -0.520522225305962 -0.44930637486927383 0.08811800164385483 0.7317074840937097 1.091859366966288 -0.019601808685706157 -0.23505225266765323 1.628804099654135 1.7344268156627471 -0.04170130376014155 -0.37137599666747717 0.10090048007696517 0.3437967736326746 0.42629364883462767 0.07667987037387085 0.09949172897944276 -0.1469051893103384 -0.12809858680002473 0.003212696179575869 
-3.4913426917308197 -1.9492853820649199 -0.49408612073270286 -0.18746597322894387 -0.2397203490103892 -0.27589017923653736 0.07674167100374224 0.31546914940503357 0.1273468304364065 -0.4204214842538266 -0.33357927375930296 0.24217494160392394 0.07433885993100169 0.2224914350743926 0.48503723168876484 -0.558820265862167 0.20003711628312545 0.13329731366436867 0.17495350915190877 0.29299354051741583 -0.10536720794668893 0.07748037657064479 0.056003529478936144 0.1887995335191575 
-2.0226205490804134 -0.9168779062042276 -0.28406104966744705 0.11936252321142643 0.6201237193834529 -0.5613972979528631 -0.8618242156754482 -0.6013254283651855 -0.5468498241360367 0.2660299483246043 0.4454753812350778 0.1948566366931906 -1.7959048062216256 -0.606444953780529 -0.03686203584665382 -0.24853467851324126 -0.30931187683501743 -0.5125805119330106 -0.4202025207673734 -0.07846928684259415 0.41604466642032173 0.4546647762060769 0.07123180365655847 0.2244840291686081 
-1.6784794115409856 -0.43824611657485946 0.4660734867809866 -0.13174482158090875 0.32664009556808715 0.354393686385464 0.12469036900598296 0.22424945226712414 -0.0071887147814228 0.10514969448753203 -0.06211556563969883 -0.5728592292092326 -1.0713357814656919 -0.5344935075418579 -0.22665095937568847 -0.2270122887924616 -0.3587921611328706 -0.39347859074795116 -0.061707046124831764 -0.0029312298155313257 -0.21251544967229327 -0.25327696070142797 -0.07645461576957327 0.12855636679667992 
-0.7918200617049242 0.09383694063486736 0.6829822734727333 0.2529398094111122 0.4686068928625691 0.7020773776820692 0.7873268384317262 0.369135710740592 -0.4491587425583409 -0.534920551022622 -0.3690290737151836 -0.5009872547668992 -0.4122171133917947 0.04509669578170331 0.05094227302327825 -0.11036110316292382 -0.0011502558948719803 -0.166202832308711 -0.09274856068121273 -0.046720653575907344 -0.11254542733829533 0.19630378944712135 0.23508548175571753 -0.053718268381315805 
-0.8927355910214887 -0.8511622828588936 -0.2976549041757277 0.42678225004859804 0.9124145476486644 0.27280825518984997 -0.5627127176753497 -0.1609677307012612 0.7160476386644383 0.7398846475240705 0.30303680102454755 0.20442778694392905 -0.19634446488468424 0.2465846635731229 0.3083245297442993 0.07755659128221029 0.27109440345316455 0.1668063890840152 0.06848509395229256 0.20759185408864042 0.10686938131374425 0.04000058733842147 -0.0640205713782052 -0.24475254707835445 
-1.1788411191647779 -0.8457099104073205 -0.055023673258924655 0.1711822968854445 0.3306872610277801 -0.021996085428923146 -0.23987699029114365 -0.2685548761532709 -0.5708317188440812 -0.640248896535029 -0.442357247364198 -0.032632066239442814 -0.3622011251662027 -0.16234124492976307 0.04387001900832329 0.1376958897979982 0.39539614569755116 0.3388161193603502 0.1414080772636679 0.07706809648497193 0.02017057469997881 -0.038276802639424456 -0.12504459397132897 -0.17290468618504354 
-0.8959354881570061 -0.7082266817731342 -0.08989712908608238 -0.32353583916470574 -0.41768329887401195 0.21601125068891458 0.4328370015105402 -0.0796808165518657 -0.2669603705797854 0.03781210522847114 0.16661023531942398 -0.07277918223789745 -0.5330466644330906 -0.5256867196002459 -0.21804852246961412 0.12065167558004929 0.3599707256743255 0.1159261792905157 -0.27516441878513426 -0.21401797808733128 0.08899837444112557 0.12081959352502146 -0.01649776131583765 0.036237756761324826 
0.2963832623614424 0.5093928748812768 0.4474933289029408 0.21501118462376945 -0.052532620968746266 -0.2859724781485137 -0.1346722529522224 0.09728796421097846 -0.018166462036165454 -0.06905387195654898 0.07431799105136513 0.15633028837914464 -0.37743790737685384 -0.21825431407746154 0.0930996511143541 0.1116483761474653 0.11109416647899673 0.06689517564902198 0.008967133598169632 -0.11348388401546401 -0.2841366929914622 -0.2974033852251687 -0.2233414330936525 -0.1197050413369682 
-0.031207788485327015 0.04834648329754554 0.1052321621521819 0.04291277943928773 0.024112311623951 0.05701791367809811 0.21017817001059244 0.29816478337860797 0.17271988693710372 0.09182835465976605 0.09419246576427896 0.0012333393506608337 -0.058447290402187026 0.07458226006886763 0.21241221229984522 0.024943322663694905 -0.15648387305015868 -0.03457094357708016 0.06707174794131625 -0.042576070117613274 -0.11766445026925447 -0.06638501969893672 -0.0037311472618522523 -6.432387415586845E-4 
-0.4788912468700559 -0.5692335507102757 -0.4318872722211191 -0.3469871408589481 -0.2234930436581915 -0.14318494387058084 -0.15544897533567864 -0.11702602407211565 0.06173823137186085 0.2249531344248295 0.26387593669433207 0.28947679697718265 0.21283487003572507 0.27746030234630875 0.2009046290395292 0.15016163794716927 0.11933087642459074 0.06101794893613636 0.08700544632727171 0.13595286525735287 0.052297209975097216 -0.007108115591714463 0.04917894090979016 0.10244226283549064 
-0.33295636233469583 -0.3926602491839608 -0.2874434654235881 -0.11736664441443168 0.13724853162118675 0.24833031428118862 0.2420101188783196 0.1552043879425212 0.04608063352396485 0.08996366113459203 0.0830247042834973 -0.1374227203122404 -0.03309587138559955 -0.09180786974878112 -0.19052126528689609 -0.20317331934935942 -0.12119445202253705 -0.07850275973721726 -0.02902101422749878 0.04237279900466595 0.08661333638450612 0.12858409399418702 0.15244024137213572 0.10248530711460509 
-0.19124706082104836 -0.10248466591689631 0.04111725557223833 -0.15533401729087865 -0.4670933602411364 -0.564682525258468 -0.4116045663679011 -0.2390904338430368 -0.11173846525488768 -0.046797178418818586 -0.06763495093761449 -0.08166847029587668 -0.07009945311660178 -0.10623207811312534 -0.15395435466139737 -0.19901704470345796 -0.1909014870163508 -0.15432691929831763 -0.09166170133247571 -0.03622164597787688 -0.005629678803863669 0.004075597084859782 -0.006571142723887073 -0.0030229679901206765 
-0.07574226735303213 0.09039565014719919 0.44029369411619146 0.5566061757033312 0.5094958259830347 0.5032749835836935 0.42531900820920004 0.2320785912500707 -3.817739030403944E-4 -0.15804877090097097 -0.1973728145361549 -0.12064994835662475 -0.25828854598395495 -0.268492868031259 -0.12172247068493643 -0.0541043963971956 -0.033761188655547864 -0.012321752310745596 0.021039059768807312 0.0023732673659188075 -0.027749777199125664 0.013287969496267954 0.025059705985442948 -0.04960557973972599 
-0.3971999350110824 -0.4920652660364797 -0.33389278800681677 -0.0869224168074556 0.16308777020993698 0.19232347937311964 0.027881683996308304 -0.04679818779225975 0.10185847149695448 0.3367325591880317 0.4237881242758194 0.29015931496973685 -0.1258349649081505 -0.07713037216896142 0.05442224981105085 0.021658080593020917 -0.08351789911751924 -0.1254040582174573 -0.10250568735713639 -0.04222584313110029 0.021104923283079186 0.044945358972937006 0.02148807432447088 -0.020946412613803395 
0.544885712712186 0.6076086549696078 0.2652289684207487 0.010740744535443603 -0.07655846763770635 -0.0932074311023684 -0.040850185610207035 0.05193846281937625 0.022531496745420765 -0.14166511615763697 -0.2378659512795485 -0.1745198737258692 -0.034935781060919734 0.010888624410507234 0.14440832328153663 0.26558349520636776 0.32889845465955486 0.30368206857066804 0.207785631971055 0.12997179127007943 0.07941237479141118 0.0334656897132817 0.004523571589155552 -0.009417803123498 
-0.12405615612920595 -0.12970005182121636 -0.03461713101319286 0.05262445651400238 0.07648748392179183 0.10977085673693485 0.1289970926132116 -0.022342840234388706 -0.18650987042835582 -0.1898250827092966 -0.11185260553933032 0.00810573023015572 0.056705307052780395 0.03193656837336597 -0.07105051807333178 -0.12008622037771662 -0.09005904475379796 -0.04452840747414147 -0.03098111156989942 -0.011863052247797504 0.04526881190563803 0.09520709123758934 0.10133454297737558 0.08659272038879819 
