0.0 0.0 0.0 0.0 0.0 0.0 0.0 0.0 0.0 0.0 0.0 0.0 0.0 0.0 0.0 0.0 0.0 0.0 0.0 0.0 0.0 0.0 0.0 0.0 
0.0 0.0 0.0 0.0 0.0 0.0 0.0 0.0 0.0 0.0 0.0 0.0 -0.1128337365549162 -0.15703431739968918 -0.1373912558501095 -0.09452537610826785 -0.043673573166065995 -0.04765447373120799 -0.07691387294525302 -0.05463728732049249 -0.012017324714150032 0.01541844328916254 0.04807973243702077 0.07784333703760495 
0.0 0.0 0.0 0.0 0.0 0.0 0.0 0.0 0.0 0.0 0.0 0.0 0.1660947830056291 0.21436667494481296 0.16317561085856366 0.10410442563916707 0.05454348983521672 0.06263988987162275 0.10620801144378002 0.10316895766347123 0.07810014871558495 0.06874808732046682 0.034857733846721986 -0.029885389366619677 
0.3385012096647486 0.4711029521990675 0.41217376755032853 0.28357612832480356 0.131020719498198 0.14296342119362399 0.23074161883575905 0.16391186196147747 0.036051974142450094 -0.04625532986748762 -0.1442391973110623 -0.23353001111281482 0.12123325219347676 0.15940795833557186 0.11241766757303216 0.03978659306585828 -0.03205841729487587 -0.0497676685177034 -0.04019543307698825 -0.06166635607560065 -0.10337430413536464 -0.12432182384061086 -0.11106942751588182 -0.08540671767414394 
-0.6675349538492616 -0.8786515009339726 -0.6956137163508552 -0.45410134107990296 -0.22914082925474916 -0.25940138021168024 -0.4339948437492196 -0.3914628039711524 -0.2523264332179799 -0.18311659702765665 -0.03245360288463481 0.20642117365626644 -0.11281803817927649 -0.11897261570629762 -0.027859589206804536 0.02308560834706651 0.021332644960601697 0.03620922695728097 0.04128970295331929 0.025911739316865603 0.005801404126359257 -0.029353252949436106 -0.07601409432930768 -0.08428556379613678 
-0.029932279655799476 -0.038898124539729295 0.01055385545633114 0.10769089134237664 0.2107456665120022 0.27900369565895033 0.33758372110557455 0.38073047021237816 0.43628612901508385 0.4645237700356609 0.34943508398996287 0.15300956619429862 -0.025382610888913543 -0.009521580023538275 0.04597241928629997 0.09716540349588176 0.14334680986399112 0.18639489692282307 0.1758462294003091 0.08300860393156949 -0.01835211896945509 -0.08388403745191327 -0.11874661890272291 -0.07292254237617245 
0.5226708591981035 0.6119183854882912 0.2843887236674123 0.01868579345001392 -0.10386040838870719 -0.17664781810450608 -0.1772901599948656 -0.18614452207604715 -0.21752128981539465 -0.16732979110326596 -0.018794857662589537 0.05958690273485362 -0.26744948506839084 -0.34674291531312695 -0.2662249839108551 -0.1355969081995612 -0.04671269903248482 -0.10052837422519485 -0.1790753400255396 -0.1541684344602509 -0.0433321330732467 0.023650305572631276 0.027173545485679903 0.029808486360123048 
-0.18045386419219334 -0.2456172509414496 -0.21574471031770515 -0.24431364942780015 -0.36165992052679635 -0.4575980506284323 -0.4251494112423453 -0.18777309078078364 0.07370575934952275 0.19750337952605687 0.20517128678608373 0.058654751476408945 0.30260445098860966 0.3511401610316323 0.21227766936935097 0.1068151982825664 0.08777075963280277 0.12293404475673819 0.18423024218753847 0.18475937062578007 0.16643716919672322 0.19258793776429636 0.22803048833042658 0.17107318596883722 
0.2100742936241078 0.2649368082062684 0.21621051826872828 0.128691653903869 0.19720006136210458 0.41048461560759564 0.4845977425013591 0.35529427990618123 0.05896015083454076 -0.12055731849074844 -0.041842340739734946 0.16417312193484215 0.9975018655180637 1.107611519866139 0.7702419691092137 0.49317192746397254 0.07016657662044129 -0.22440587764026687 -0.1957996079141703 -0.1348886482043035 -0.13153198577916556 -0.032189522599040885 0.02159796180087534 -0.03412579959378078 
-0.7814473498346306 -0.918827818993615 -0.5921900499523798 -0.2677576337322501 -0.20309684726181199 -0.38336465546731513 -0.5460509567051532 -0.44426704265607625 -0.20126609890005345 -0.13662627956348694 -0.32313263946274423 -0.41250310131220724 0.022125340291513546 -0.39579139842139915 -0.44822596086576816 -0.22282186413477154 -0.22268222008278057 -0.2343766604377493 -0.04333002234509379 0.06826467001197378 0.039974946684370814 0.08247091257312655 0.022061746450356728 -0.03203329976656898 
-2.169337994534869 -2.3743108900840433 -1.8381145138428912 -1.4491079967896785 -0.3936416748825232 0.459453117235736 0.47055943647904935 0.3467683984745097 0.3145605966468901 0.0963036062386286 0.18056322005919842 0.39754322791050406 -1.3197588079279454 -1.306514412692776 -0.7615243414493055 -0.7325384102737478 -0.2209318311510646 0.2777652041072954 0.00808067295609218 0.012179154131127209 0.18437026973453374 -0.05747667269504133 -0.18067850027537657 0.06863322891314794 
0.9428762590127545 2.2613807934679038 2.1560956883354088 1.2130517683232882 0.6018076078438592 0.22104767987074536 -0.28814019119590906 -0.3883041601008692 -0.17401930360976436 -0.15833982055801132 0.02778326703554687 0.03806959778828495 -1.6443548278887823 -1.3684885641134226 -0.9997867351893067 -0.8704725079282264 -0.4717150841652182 -0.2498690124175232 -0.28552886427332574 -0.13173018516430698 0.08163220279174646 0.021444830374920797 0.11083417101165155 0.009400776740651096 
3.3071889129842518 2.594375740053837 1.1266406734727505 1.5859021836973435 0.4575433272624627 -0.7250171643833208 0.3314003408784605 0.2907753762351961 -0.507774056014205 0.06272947009163772 0.32473520683724927 -0.26701291435484775 -1.0163687786620115 -0.9604852818238218 -0.6296429608969205 -0.5124940276148167 -0.10931329883994334 0.16640026396490679 0.09181568103324082 0.0510494926985716 0.07426871780034443 -0.009299935567258088 0.11945351982491093 0.21117062407686485 
1.413353680072156 0.7022945582777123 0.9247925619577195 0.8261547998089176 0.7864559041613495 0.9584775225947829 0.38011518391511845 -0.021079976043498483 -0.0349953809447453 -0.18417370261475388 -0.7277211458867243 -0.1084273604014846 0.6495323844131552 0.6766499062475503 1.1350650935126754 1.079306487286537 -0.09621263998209158 0.15682762833030017 0.029366130760213216 -0.17200565492950073 -0.046141109777900535 -0.07450194717594623 -0.07322260796700043 0.009204553377507326 
0.6445296309214643 1.2866880729825176 0.666465932036715 0.2818225703119568 -0.15802592652143832 -0.40846259602100315 -0.13901529417618685 0.010007828350109521 0.022242481913347323 0.13712035396877414 0.19995486704560123 -0.16272016522520572 0.9767964617028945 1.232722615665056 0.40737302744462145 0.33909863050574324 0.6920128356908704 -0.1887050685292635 0.15630816021928856 0.0411084072424727 -0.22721511472571454 -0.011238022802421596 0.032253514767458386 0.011952535176203816 
0.3256087468046829 0.8852749082609126 -1.0190122214845996 -1.3728278868436297 1.1982301546820846 -0.407712489301314 -0.14103076594922503 0.2680965786301764 -0.3006042432398389 0.027970579031259157 0.30984126083237223 -0.04169043690905805 -0.05959085230350055 0.7306849259943157 0.02094907909704154 0.03960752278466254 0.5960749720346522 0.02009144623577604 0.12644911855137786 -0.05603543550120399 -0.01422021210584438 -0.09304466893490088 0.004702043474215804 0.03141276695300551 
0.9206719945093047 -1.195282281932931 0.8764239828600457 1.6680976355063875 -1.824382305070516 0.5241930471525181 0.12304883515276654 0.02286187717094057 0.30667571931048543 -0.009628602324104008 -0.29080654082467416 -0.3362389816296725 0.37494339365031343 0.34104516850693223 -0.31455664216042295 -0.38420056340463554 0.32426327597118204 -0.018271390635532275 -0.10148146580144178 0.30973086625408885 -0.11172640968956804 -0.06716625665987758 0.13727875307126114 -0.15672502169660246 
1.4540550551887375 -0.24877504224751057 0.7569662992549295 0.014194698857714627 -0.16859082266806835 0.43187536230069423 -0.13026423640349183 0.14059930604969795 -0.13455136332578121 0.16833478233638782 -0.49644657237423395 -0.11590625305826771 -0.6161291211754024 -0.029611153905466203 0.35107612440915653 -0.07965780497189263 0.01978905189931468 -0.06912493671384488 0.01107814281312632 0.30474721232789975 -0.12352241198161378 0.09962163344434961 0.057288818951259986 -0.19562337931043516 
-1.0445237042215032 0.8305775427159325 0.7221465981482194 0.7409129676751913 -0.44740526575990786 -0.7734423499154104 0.16004583845527187 -0.8554361341219179 0.2743952710250226 0.26843702229584254 0.19126252443512087 0.3445628079392065 0.1980572804752098 -0.2683972222106898 0.48930553819600925 0.4777010005790439 -0.5578450804120824 0.2087537201833929 0.0403727766399653 0.2494070996370706 0.04837477003476629 0.026730474599172587 -0.294104606576186 -0.325505551388133 
3.156593959696294 -0.03882154234712054 -1.995101902356156 -0.6702621380123537 0.45037447932883656 0.4484800193741849 -0.19276369603985666 -0.20699605270709354 0.08610321684773381 -0.409927133611763 -0.10305972865130525 0.20477880623780798 0.37724565393091875 0.0021826454640253936 0.012608281734739565 0.1252458190803686 0.07040006798958905 0.20495777654452488 -0.11442223392355937 0.05814200578591289 -0.2896834852107835 0.05498389034343212 -0.18624345978547638 -0.1715926165050091 
-0.524769299170103 -0.49506736525105666 0.7845414690775607 0.5772230522042898 -0.4603297148327212 -0.11037044193440593 0.03318023505105305 -0.5515617423618755 0.051224119119429035 0.19931093185245363 0.39481385704241945 0.4799351428866886 0.12908570399232433 -0.04503623170828064 -0.3699170716756493 -0.13325713908807746 0.2840564357888091 -0.16332862644196178 -0.10963104924537868 -0.13241905644899668 -0.10339451849604353 0.16260746081392288 0.16276513293013245 0.013825535370673677 
0.06244089087028115 0.40749947534390785 0.6879440185860402 -0.2796978006479405 -0.37332880210042885 -0.5145339213233826 0.27643526706929566 -0.1857639071880619 0.846084668259366 0.037946156527785935 -0.03949185932145416 0.3311854289830185 1.3674692062302363 -0.14491666845133677 -0.864915547796698 -0.06707101756633331 -0.1898967400563102 -0.2359599444265735 0.12406849736077863 -0.6331046338731138 0.191745648182178 0.023023939435757035 0.24727363386469628 0.32994200867304074 
0.11529571821453022 0.7425257289952603 0.4903748527040692 0.9454022162572171 -0.8877229324117026 0.1980504997592587 0.25433950463683175 -0.4687950375344436 0.20458810080733703 -0.44332200521570053 -0.32881680902020205 0.23988289045458022 0.15574966063254422 0.6109830960427097 0.4727046826443657 0.22905181743203343 -0.1862049225990752 -0.3713187990144749 0.4937590501030187 -0.23789568652766355 0.46960771867136986 -0.08871124995668618 0.04261425611306489 0.33173237754436863 
-1.265846167686731 -0.22286808411626868 0.7467280492206836 -0.6531386673398174 1.2337613082872578 1.002149381807073 -0.6755488229150819 1.650934496498532 -0.5658157185427543 -0.157682483384957 -0.48306529721408353 -0.6650210935652601 -0.17838000024536602 0.8069655555644762 0.7603864615386602 0.3452167754770666 0.032323358531866 0.19706238261080947 0.023135955871499785 -0.04947721716772872 0.2916631720183775 -0.2385760790450305 -0.2707907421663411 0.23908915944822948 
-0.32787475178922953 -2.0128328736490975 -0.6629645941728581 0.07678803325412797 -0.7052600022293389 0.24524430354379112 -0.9721048702658142 -0.7562238846221818 -0.6516488434936203 0.5632590016788837 0.48875780764953947 -0.017158728472278062 -0.303694643607475 0.6292986136293877 0.7209009276681161 0.13217841861420196 0.09541050517703369 0.47218081103678883 -0.4247171842635971 0.32874801133544035 0.1416539283883493 -0.14163387059820032 -0.18649602320047817 0.05177819251434814 
0.819166126608259 -0.6357178900273421 -1.0165456425914767 -0.8810410355775957 -0.5615303427872087 -1.1293179710480772 0.8202495869061193 0.10638216785899335 0.3992136243547123 0.25038389021558527 0.36409305884269827 -0.25756123989824076 0.1592550626035333 -0.20677685832145568 0.5895407630753889 -0.0595123143142399 0.17364110562298882 0.4036025534525381 -0.5229923865991846 0.17292230041713172 -0.40421846320756405 0.03481927699798184 -0.06002464569991767 -0.11771978453920329 
-0.01612649811053979 -0.938945208937366 -0.790691084394199 0.6628181445335004 -0.2763086224055704 -0.1527582569235325 0.7805918525170226 -0.6827629072209952 -0.7028883558064443 -0.22245358022137074 -0.19290791744715846 -0.11918161392197385 0.011610440944406886 -0.7454535511448519 -0.2938978893196989 -0.12977200102611533 -0.4322763901222331 -0.005636132940829264 -0.25435667271784507 -0.1324173187973604 -0.3248893245600952 0.31285213868153844 0.03361705170404768 -0.12640224718575352 
-1.8994854823366758 -0.13948134150776736 -0.9580309948948127 -0.7676167800367839 0.49836230150640715 -0.009656998316879384 0.017079975491053556 1.0954371065465434 0.67245942723635 0.13071597657122466 0.03784150243401843 -0.2608502972228023 0.6214255377450966 -0.3481194264004364 -0.38177344634436583 0.011771552166925789 -0.2949958353326954 -0.3104829320187198 0.4420897683080936 -0.13301521043716735 0.12687474134973847 0.08925132898456205 0.09344528045419316 -0.2242208678464065 
0.9966197298500172 -0.024590494474328928 0.1894717499379066 0.4093919085620681 0.061622845990552566 -0.29767778399932 0.19254995359525395 -0.8534993975738756 0.18639622874584658 -0.3154634575435513 0.5510324307417364 0.36369254174726323 0.0810690928495769 -0.24243048999106045 -0.18812102150666155 0.5663904126537535 -0.0697688474078469 -0.04516013984469164 0.40832873655182245 -0.21706315435042298 -0.0072150277273874686 -0.08639546294054051 0.12072769499590058 0.10900969161424301 
-1.5514836006073092 -0.048536968057551366 -0.36130672072443204 -0.7896425740926569 0.1544914290128161 -0.12540941145402407 -0.2119987685572774 0.5907960443469356 -0.42605289197064855 0.029134841922989457 -0.28821295661432866 0.17366428580636017 -0.09646698803488236 -0.2782546723705859 -0.1867828084955192 0.2880878243811709 0.2468539797045988 0.2208793240919287 0.1217249388343792 0.1378456796620835 0.28279690982840733 -0.04415047294029762 0.022290277118687557 -0.017941119114765397 
-0.43333471752395386 -0.2571259256892926 -0.5246901569594047 -1.0253401963998232 0.10493335606476584 0.040598369179114746 -0.32985498511427924 0.2207470869300776 -0.1319871130207826 0.0875233759243684 -0.3920637729106867 -0.6634679802792841 1.5534470797424216 1.498560505578096 0.4744183841162901 0.24756451061848864 0.13865135476483056 -0.3871363611797176 -0.04030851292171148 -0.32851002589696837 0.09972579080680292 -0.025679269918141494 -0.05183699870196168 0.22456744824707808 
-0.8951072945450431 0.8115503912114721 -0.040601615959599435 -0.9145142006993512 -0.2638548926444959 -0.8414330471818829 -0.08689237165731745 0.14477682530831631 -0.01673963136555745 0.06167397865815766 0.4425187729041673 0.3065533211347676 -0.0848472226540955 -0.27560144852157203 -0.7261066521954636 -0.8038950756321283 -0.10643192844437181 -0.2120964311886494 -0.11302177756775196 0.37195373469861687 -0.1777652065401739 0.04063172125399124 -0.015624121464541804 -0.09229580047073471 
-3.9919096624083803 -4.950315690843128 -1.39413595479338 -0.2708658099900507 -0.1451580574752831 1.2217431174037623 0.25092229391040843 0.3550402896363391 -0.3174377739771077 -0.2546952161567109 0.34117756208837335 -0.37645432065817463 -1.9760875867917773 -1.470021134946581 -0.7287524201887328 -1.0075652076482722 -0.14307562352941902 -0.02485830982193234 -0.008543007490814067 0.12728483146539218 -0.009117330052082743 0.2010258787563787 -0.03626951611029187 -0.37336347720420154 
0.4823455397971905 3.1248622600840825 2.2517361347789464 1.2448054595988411 0.598832921115956 -0.07969249200039963 -0.16332207536636534 -0.5922117611020458 0.1999680581280356 0.0783489742015554 -0.6079612597202333 0.3070448574080096 -3.0571987605423256 -1.6975982245425836 0.07248917814368123 -0.6911476003388293 0.11081017672094329 0.00907682257608311 0.3628736230866149 -0.09391972180158824 -0.007978852459933461 0.30688760027632783 -0.09596171732516338 0.01600050816678339 
4.806201625680261 2.9962815447141455 0.5153982282375209 0.9176955963958973 0.10281631977279693 -0.2656969789458299 -0.2660111107873131 0.20738688573908204 -0.21298896761133088 -0.5238917581164666 0.24198479173238918 0.4563766831966995 -2.5663139273077125 -1.6043736891164224 0.047378967088499424 0.4074601995295551 -0.08723640302197204 0.6027060039379668 0.3023806906096214 -0.07977224817395595 2.0933438576179833E-4 -0.16559841277571072 -0.09855038905804207 -0.1622028372514166 
3.8774333430376124 1.9310464470605861 -1.2128362419060936 0.5646478971241629 -0.7202726114313658 -0.12494346673533618 -0.9170465385683013 0.5003626926617095 -0.04502747716864547 -0.724390551190948 0.7800003100576495 -0.15786370529301968 0.9711538111178747 0.9828172003826502 1.0287466606609121 0.6367122252265823 0.06568699316763575 0.2996485142055252 -0.044233621189798566 -0.05496325452199646 -0.26566348844501647 -0.3117559767415626 -0.04811321169886529 0.16221000083771744 
2.009488217894546 0.45971328301788716 0.19601333228364182 -1.153167627341377 0.7761039178642939 -0.5637494070426698 -0.27935754631748777 0.04806980727632937 -0.19556800948605257 0.643469784866673 -0.05715205562644182 0.3426084724465898 1.3056202511940231 1.6442411611003236 0.4049510718651544 0.3011792213158904 0.3686887391427212 -0.2574795873147888 -0.30303388528076153 0.3142768365092256 -0.4763919314907607 -0.3590375127773415 0.4059886935415489 0.14454089653915256 
-1.032759189663576 1.4446947897842612 -0.6748113992268505 0.37010039578773135 0.06512814256730026 -0.8296118205685552 -0.023947994031882303 -0.34766345830468004 0.988248044400446 0.4299361329346735 -0.31405320094422196 -0.12270103973008795 1.171897417758931 0.7809296648789014 -0.23845774104234038 0.2450501571305895 0.054230945168493326 -0.2661362677048974 -0.3889890312071143 0.27778134874471316 -0.2551749812289616 -0.09003652644305316 0.4331226803968953 -0.003135051437645355 
3.344437138448786 -1.693266109948663 -0.9684674086975638 0.1114316831164417 -1.3959502746547 0.8590759599151461 0.19654127278676203 -0.31143054830540007 0.6995490660764054 -0.02394256184725274 -0.4289545333913216 0.0051726607977760075 0.500093953591349 0.12173930746595474 0.11823086395130074 -0.21873469652610997 0.20475940170159065 -0.21613466382968982 -0.17149077249854128 -0.07014055289875383 -0.048813755737900255 0.41467011029462353 0.03775563087293047 0.014223225544773807 
-0.30573337051630034 0.664747148907157 0.08477735171153022 -0.8028022294965149 0.20306164932265114 -0.03794734709955194 0.011971145500916769 -0.1532311757815652 0.2729389287370103 -0.12057479850482566 -0.3334664922505965 0.020259354844323285 -0.18936313389180923 -0.09608963554488643 -0.17817592166605903 0.12468774157134492 -0.17984367057987014 -0.06416818706468959 -0.04971377612499769 -0.022973496784372622 0.5016792297480545 0.09837847769268025 -0.2883140108270048 -0.12488164919368999 
0.14569344754686142 0.48446918105857506 -0.5384736350394508 0.08948777487907611 0.09285895938184652 -0.311177652288102 0.2171552014117365 0.16127532471103345 0.30852781555936604 -0.32528508029744807 -0.160712302592046 0.22845859852506278 0.339950659885264 -0.5378149790846974 0.020210305773663784 -0.23367711223568097 -0.23178936002603448 -0.1537332730678782 -0.2503719257829267 0.09842372084501028 0.2017059632014496 0.06683106942638135 -0.08659960548455559 -0.033886511157021126 
1.134702057462814 0.6440960509153015 -0.3552805210577299 0.007009125192379395 -0.13974546271136257 -0.05198045327286238 0.11488637003062352 -0.5150959044597789 -0.32127901958519756 0.2854719590817304 0.41676771613715463 0.14030093898733864 0.05015624236389845 -0.013736197519389629 -0.216928638073046 0.02600755486798671 0.05019261484778951 -0.3058428375647623 -0.3212704166852014 -0.3328022045025744 0.272447895848113 -0.1487211623137566 -0.24496332888704142 0.019486065107437445 
1.6043674448034366 -0.06949562369864282 -0.8090693896339249 0.4075573424790374 -0.5291786385595896 1.327292332205436 0.8961994378706889 -0.4257693465013241 0.3915401506331606 -0.42745914891967485 -0.5442728211315304 0.04681140219733171 1.4892554564886213 0.6059712322459573 -0.3126657825073203 0.41490200399967936 -0.1064062177394786 0.20582476073683256 0.3441332649173565 -0.15712216859342185 0.3211118793610051 -0.044279898763419895 -0.0335410082172407 0.04414255879094664 
-1.1855390962362833 0.9829381438439349 0.8708611432279053 -1.0398596779004556 0.36350260375000065 0.0603461733479661 0.6362602773270449 1.138697773332337 -0.585910926344226 0.3766757227475575 0.5932037536802699 0.05262475768587649 2.060475875846022 0.6423112268590451 -0.47166851150929573 0.4306771543187577 -0.25059642130993587 0.20127706457355166 0.32697414197484537 -0.22107399491119442 0.10658071233138193 -0.13724671320147433 -0.01790063212393613 0.21741150309138935 
-3.161952345069454 -1.5028655621436133 -0.21354711966030737 -0.6317838355735447 0.1604535793696007 -0.984815247809014 -1.0759315469885438 -0.19425500840475893 -0.522491869144135 -0.23804726584010194 -0.14830729671188153 0.13986901280295394 1.1694861098006926 0.14818538642359838 -0.6390103406441329 -0.06107222338895624 -0.4018960805826866 0.17077379347408014 0.3002219164808263 -0.07689178499066722 -0.03822837351769496 -0.23612035623234692 -0.047315458386963126 0.1594732012429104 
-2.6635656751388073 -0.5661526604393483 0.7619638784833486 -0.7653517487376027 0.2672276922538499 0.5002421430137076 0.12002943653570369 0.03236891122552177 -0.18400514669069545 0.602506157146367 0.2724868502991386 -0.5584623755896405 -0.1259277744047851 0.4854666625501925 0.0773453778747905 -0.6025992647145902 -0.0657718625632608 -0.16780968434385343 0.15841137454992135 0.37433789438210274 -0.33600604170803844 0.03956944932090086 0.2821339861013891 0.07234316120290828 
-1.165077595147379 0.2604936191722036 1.162410264670752 0.45352004806447965 0.7246470589365457 0.5950229669503249 0.2536491088238806 0.3580704395240851 0.3052723813594802 0.16798670257796117 -0.24196799428007543 -0.12606463489364095 -0.7283718532837001 -0.05421170767912168 0.1676882569411804 -0.10335450916781808 0.33243907994246363 0.024547065154516916 -0.1762585199293761 -0.035270768614712907 -0.07308151962229313 0.15309903478486808 0.03919672828480397 -0.012835532159913335 
-1.8061931479829656 -1.3551414344645512 -0.049153682561995815 0.22528617442430277 0.27872145165631057 -0.22614388100014304 -0.5037641742289313 -0.2604786337783933 0.008225073528081772 0.05495039057582338 -0.2063678558398006 -0.03143790207455088 -0.6905207746732313 -0.04371337266149666 0.12273739611052976 -0.4225138292422684 0.08102028453373268 0.2631419322668453 0.06922951238226784 0.016915638261357047 0.03061050777998518 0.24873896988570224 0.0036574226207703084 -0.22948744106946548 
-1.4055230487962747 -0.9457360520936469 -0.3110531099611764 -0.8170392696510431 -0.8426105401590206 -0.6952634312656394 -0.23525918181809802 0.05798106994133734 -0.39936242038664427 -0.4235664869094344 -0.02647012849682384 -0.08513662747485087 -0.22935580089043997 0.19201653701755417 0.36918133712645346 0.11046263905821994 0.1851750813240084 0.15292850964581012 0.008087766064642824 -0.011171884507766572 -0.015976532799741223 -0.033084221510805444 -0.1384411801354252 -0.025841770180099755 
-0.4717806242946656 0.1681022931780669 1.1304833774677234 1.1374693978469639 0.807795638200435 0.3559595453211538 0.15679504470988948 0.13166668123282452 0.07648073084241125 0.1520658422329581 0.1537656495452019 0.10953594390936079 -0.4497032051619265 -0.23759773107942062 0.13454349072319963 0.13421261214454974 0.13285016597012125 -0.048047549904159235 -0.12954991493158174 -0.08630048966862848 -0.13040214402949274 -0.13570255293255917 -0.12598090527618808 -0.029709820914035606 
-1.1442164543202091 -1.077177855701768 -0.5349522767234681 -0.3339594808215107 -0.0954152783075417 -0.15481427514775392 -0.10089379883945826 0.19551343554177594 0.31907415110153914 0.2186816412818101 -0.006711206566301045 -0.11902624734529751 -0.39689587182811675 -0.17071694629457412 0.12288321179513646 -0.059431408983907384 -0.14854254710152434 -0.18686433282305562 -0.08345099930853705 -0.015741043988488093 -0.1502988301281721 -0.1168126489870649 0.01854813922915768 -0.01571352885596373 
-0.5877368297352188 -0.5766273394222288 -0.3408345713504489 -0.41889155642411263 -0.4934266771797926 -0.3522258093466081 -0.18229712092350592 -0.07034334757272714 0.04021321987246829 0.14093398527787865 0.16169539902350225 0.07463637060277925 -0.013537464874493033 0.18060166573033318 0.34652024692645694 0.27688028695206207 0.15494351492348402 -0.002884653314975875 -0.0034506454042019055 0.1385153532902832 0.19679014081946888 0.11744168435638268 0.004631613319280775 0.01687030701048377 
-0.15685733059164786 -0.06122039690977665 0.05595622906250042 0.13943543443621725 0.2536282588356662 0.21942224453740844 0.18463989892421084 0.20620921630957745 0.0696678254828435 -0.06756261147069997 -0.08607942092344706 -0.020546254253668905 -0.2728925860714824 -0.29655844783959856 -0.28185751055114044 -0.3441875022394725 -0.3080379762125159 -0.23668214654734046 -0.09828929029513785 0.10536774118158816 0.21373498913767375 0.12474160089039278 -0.04170119038956332 -0.11425081257677956 
-0.9248477915354671 -0.8816814334089282 -0.20453161620463156 0.07013107936191376 0.16844332485837898 0.17749524542350026 0.02438013204066064 -0.28922726902192586 -0.3891865288066476 -0.05713708445993487 0.17955491676593258 0.00968502633209517 -0.12796257069565029 -0.14738058870083592 -0.15708490517999887 -0.2161321618096325 -0.2340563665612608 -0.18212984379661643 -0.0735769806375882 0.023559512598880655 0.0600656221751678 0.06809585424663013 0.07685598974508757 0.08046738660936438 
-0.15698321520563763 -0.03497546518962258 0.24246877735704442 0.45409170800389337 0.4977636493109201 0.2903716371092133 0.09063544556387199 -0.011147827278389214 -0.10743094197192418 -0.056507626520461485 0.10946260573117372 0.2562018625203832 0.07317274183872173 0.13935065801055613 0.12164011515276335 0.0584553917595115 0.04689456286463748 0.028287685356071023 0.04553251727932343 0.08075571674774838 0.05528720268615669 0.04574161421979763 0.06354885730512327 0.06454793901494775 
-0.20378617534127308 -0.14760803917979803 0.037163870042275726 0.07217679222094686 0.08667472726636288 0.1586890257573388 0.08543604766942814 -0.03234336357538576 -0.05143426292565127 -0.068881069937131 -0.16664358353907086 -0.3051398476123399 -0.354786293485651 -0.329943488871616 -0.08285660906764387 0.039975898472671606 0.11234404574830174 0.06622739667010498 -0.05877043015616045 -0.18032682479226556 -0.20557359193908145 -0.07375312337520215 0.017132857721708555 -0.030989662032112064 
-0.7369063642049101 -0.8463090680560101 -0.4298118595192433 -0.03695359727183378 0.1538288690377618 0.1439622983022761 0.017514389271856806 -0.16449988665693774 -0.26506991551612474 -0.1989154613914948 -0.10362674268631517 -0.056777634326294624 0.008987772338553857 0.07734895120909095 0.13623171140689722 0.20157352870877362 0.27224245222361837 0.20485281512729495 0.06159839766697899 -0.04805139925073445 -0.10423799987933753 -0.06862456008580069 -0.022534676917906383 0.022711388021273215 
0.4294726634211221 0.5138158346391135 0.3801785294364439 0.19572603658176252 0.003378577750052944 0.05201772481665391 0.2372519506551496 0.328429235044145 0.30635373378269704 0.23532620310118824 0.23470101780955135 0.25914376085177027 -0.24459951842880598 -0.24934698596157448 -0.06382228007880514 0.045964338858157726 0.05594960126292072 0.0599093951415291 0.03920063608779018 0.023435739987093113 0.037835685859327776 0.015049287759363586 -0.04719135005385561 -0.08320168560413778 
-0.5005759516024968 -0.5977342557263512 -0.3377336865607313 -0.21240350030283528 -0.27731563260177994 -0.27085115780232905 -0.1700676989299257 -0.04737992883595124 0.02638905931191428 -0.0027375827822190557 -0.02360566418941823 -0.09407410577549155 -0.22515240709492787 -0.25726557589986226 -0.10102014683183469 0.002967308402087578 -0.010979005559391741 -0.001292862084258393 0.047290981010368376 0.058407920885736236 0.02670830914596158 -4.007352713557473E-4 0.002733536368539046 -0.014780166977814119 
0.4118471736439382 0.47614551254009596 0.18259162379943517 0.02200872716197444 0.1343981742973716 0.18636756838505408 0.06162518350694886 -0.16121056244715837 -0.3106708079176541 -0.21211787251985964 -0.0650800726259525 -0.03688655507532812 0.12526545870203712 0.15698594826903275 0.13736364131655646 0.06839218441541012 -0.031181106780855627 -0.04301691699285631 -0.007642206127338606 0.012426030014844566 0.039553763188426384 0.07473853572100453 0.1266478838799675 0.12306245782380425 
