0.0 0.0 0.0 0.0 0.0 0.0 0.0 0.0 0.0 0.0 0.0 0.0 0.0 0.0 0.0 0.0 0.0 0.0 0.0 0.0 0.0 0.0 0.0 0.0 
0.0 0.0 0.0 0.0 0.0 0.0 0.0 0.0 0.0 0.0 0.0 0.0 0.35078580035014745 0.4038814500944148 0.1785598272124155 -0.039464530360655635 -0.11605031047027765 -0.05206469317254997 0.03338190205087321 0.06544795879004293 0.02369536086296507 -0.036414129082261715 -0.05001155759007239 -0.028383781933495195 
0.0 0.0 0.0 0.0 0.0 0.0 0.0 0.0 0.0 0.0 0.0 0.0 -0.2464135168132763 -0.29223802797225606 -0.1488704209082695 0.017096001932338956 0.0877553672940587 0.046314339172958956 -0.015382276681552232 -0.04502093230957938 -0.023877810832428837 0.039019779320027176 0.07116191357403333 0.05287200578626339 
-1.0523574010504424 -1.2116443502832444 -0.5356794816372465 0.1183935910819669 0.348150931410833 0.1561940795176499 -0.10014570615261964 -0.1963438763701288 -0.0710860825888952 0.10924238724678514 0.15003467277021718 0.08515134580048558 -0.3104336149980962 -0.3519165333554574 -0.11599688785781377 0.1452477302810646 0.28294675256605945 0.21480675791079396 0.02328657367700243 -0.11990169727903205 -0.0997488789180131 -0.01762190425822803 0.003067879488954317 -0.032350519967046014 
1.2654192509650501 1.4825362590583904 0.7144510035434317 -0.11048480133800032 -0.4373415675875926 -0.21704005727770181 0.09621968312096651 0.23323473511380255 0.10717647379173412 -0.1716805315834741 -0.28850307710720857 -0.20119169025903297 -0.27619772189934794 -0.3049113459919743 -0.12715903043783072 -0.011192390645228626 7.603350271203809E-4 -0.04025429419639725 -0.04057107804144702 0.0031115353124200607 0.02083816707735679 -0.015072192016028357 -0.036390661201094396 -0.0015951731434786555 
0.2985912195117635 0.314481470537177 -0.009234838198274531 -0.3805007901741937 -0.6301694739043822 -0.535900245093531 -0.11796956259149055 0.24308772428019487 0.24565839985817223 0.13870597856642114 0.13504790008674133 0.19764740503065453 -0.18135588120467094 -0.17921173508839092 -0.04011888369769031 -0.04227681680058126 -0.1864720230014882 -0.27802781307727087 -0.20003979199985902 -0.03128277668326613 0.10952999785951227 0.13569546585519832 0.08102039903348478 0.03788942522948737 
0.15311885541694092 0.1516711275657121 0.11825476959400616 0.2830243625637662 0.4868791975762464 0.4668100448947822 0.13062516234377652 -0.229050406262422 -0.22088674245560408 0.030484780388267074 0.11666536994502111 -0.05146251018464851 0.3169082830873866 0.36802994743943246 0.14282378804614568 -0.1255190307929054 -0.2818677683648742 -0.2026488948980741 0.03330847654349583 0.216673144912503 0.20761893953645819 0.07273189709195758 -0.017130351613638822 -0.004828914300070218 
0.04786044033762504 -0.008576579271732498 -0.11722471356946285 0.04846945953282744 0.4454566178333782 0.6483524676632205 0.4827709302355524 0.1286470243677819 -0.23564446804376288 -0.3989266663046804 -0.295610747856352 -0.10338151992516875 0.20646016451818902 0.1702933765348972 -0.0545061593966761 -0.14706351621910838 -0.11198209388870069 -0.04435578017042282 -0.014016759648087249 -0.04709395169449641 -0.09961468770447844 -0.06857779024950454 0.020208698540618006 0.07301205209221374 
0.44005979128995953 0.5399754416445477 0.33997457709058887 0.05158716618720538 -0.12955130836185014 -0.20121972896185525 -0.30407599292304244 -0.35956434966749995 -0.27502891086667286 -0.1210599004237961 -0.02178269829474544 -0.03619048488091067 0.2845696455170028 0.1987677699739283 -0.1172846227108754 -0.14778435833509973 0.09320389952106717 0.3199527151847167 0.29489458946931685 0.09250274790209756 -0.0489088441633136 -0.07511497936169846 -0.0899209500989147 -0.15607561093255515 
-0.46425974197931286 -0.39055081610693243 0.04342373624346241 0.17640835667141186 0.013992060730768197 -0.0688180176539438 0.14143129398618068 0.44962655106622307 0.5715735471771419 0.42021168972096634 0.1436458385847706 -0.029024763897855632 -0.007615986337540459 0.019526216814143016 0.061943153412933404 0.11948270899941134 0.24185843780477745 0.2659295881040579 0.07980878800847087 -0.13656628806637808 -0.20505059006744583 -0.12192346367914308 -0.0025198635899789656 0.022680110252584318 
-0.44452998997559856 -0.25364506393847286 0.38978441282016973 0.6624079889997732 0.4229997775643499 -0.13446285800078572 -0.5833887879394882 -0.6670484133179353 -0.4777692175761157 -0.1537394595394609 0.1667999270212039 0.3795859445993604 -0.21109701379420676 -0.09138480351629052 0.18702935864333856 0.14494330131843944 -0.07026473132276179 -0.21960498396779926 -0.2354612223971472 -0.14594115694949278 -0.03740168567018711 0.03850327790384717 0.08166408608032294 0.11112483585553035 
0.5130032899830255 0.32965502307734873 -0.3279590916730535 -0.6153890788716905 -0.5563942385440541 -0.18281473212948807 0.3830009637183627 0.6920879203921337 0.48087745551329597 -0.016816495709418733 -0.38234246974438973 -0.37931006542305723 -0.09651839973031369 0.015038935830066732 0.24461461651153718 0.2777205477501935 0.1229038656156826 -0.023157444522671527 -0.03386741261010492 0.02243913717365753 0.053929378370676184 0.08100613704273701 0.10983235330183849 0.11940393397779682 
0.5847193166914106 0.4540269326012787 -0.035422084881168825 0.01265598000343826 0.3664360352438464 0.5145935801793147 0.2815228394023082 -0.04297156348197695 -0.11747580802418855 -0.01805564142014507 -0.0037808023711340955 -0.1944223416849009 -0.21699442723667395 -0.1807486561007301 0.07694922341744914 0.20967409316650357 0.09816078771918657 -0.06642913579669611 -0.0741570022302553 -0.005509014321313306 -0.01900598779250967 -0.06825670274667515 -0.07128750059773886 -0.02079343337284854 
-0.6893291961218764 -0.7895036218670084 -0.4778168644404799 -0.3318772820810012 -0.32643766495602783 -0.3238739031759794 -0.1894222818544028 0.0702707146272713 0.2296387072891498 0.10935136953309738 -0.10056085662457592 -0.10023242268911542 0.3134098134070606 0.2350994965327975 -0.10016583369962657 -0.24637625948681294 -0.18309739711766404 0.05110410797953167 0.2976901284785057 0.35494793412739845 0.1993971000744902 -0.057376455256435886 -0.25392970911125623 -0.29047859116142427 
0.8076195347868742 0.848180226835896 0.2338656289515355 -0.10837018889508221 0.013539127612777091 0.13535413491254827 -0.0747061584623396 -0.3396127674715641 -0.2951318800865136 -0.012053283920693492 0.2397716222545136 0.3024274233509351 0.007068764771696785 -0.09286604189123393 -0.11098149339921697 0.08335256790410189 0.24957718482834082 0.26777354993163044 0.13950701850245803 -0.03050824571776295 -0.0820439670866095 -0.031054596782632848 0.01922368886710064 0.013490834979404981 
-0.538676259285888 -0.5727201136383524 -0.1621054474905259 0.1842527840380085 0.16934640662447265 -0.14650733343469988 -0.3319549227848305 -0.22443527999526802 -0.02848580867901218 0.15231169131016314 0.25767044527655514 0.24370082554329764 0.12149694992358932 0.018987873040776204 -0.1853794611865438 -0.2576161167967384 -0.23089443647657093 -0.1496060925678521 -0.09123354665736653 -0.030574576575359547 0.06636062832713231 0.08723400982349827 0.03776957136479712 0.04550374124524099 
0.4881865539583261 0.6242333041606525 0.13966668684150507 -0.49546675676837226 -0.6301875550314264 -0.37741035448621646 -0.06573189563985196 0.19590617098258156 0.257718351219721 0.05362798803922059 -0.24056751992300154 -0.4068614707393224 -0.003251350798546252 0.08778731817232144 0.0664648238004449 -0.021303721499014255 -0.014159662130173186 -0.1157293262372134 -0.22542115870571647 -0.15150390818246218 -0.02363088490850947 0.07379262421421491 0.167059580120815 0.1884290189952097 
-0.8941035554783703 -0.7344937796517153 0.12542099017416675 0.634519352245859 0.6881089857957867 0.38132661922695926 0.079791226706453 -0.10576502487372288 -0.24586829334536442 -0.18519129591735448 0.0263000003697903 0.11790080062029035 -0.11514378858521668 -0.11237476513882354 -0.019863425688242176 -0.19009731988327652 -0.1391084447817965 -0.16441887391676568 -0.10269315541648966 -0.014688294990915313 0.01679456926279545 0.05862070601708732 0.072208681528647 0.037420216265256566 
0.9950872352787541 0.6657051053256131 -0.10929206128214553 -0.2695923085019647 -0.2033631755823604 0.21862513729335886 0.39568424290916804 0.05556382951504983 -0.11554798302780905 -0.06467966294957939 -0.14572189565454902 -0.19995962117319038 -0.12540738957460743 0.014230504613916098 -0.08202806314378745 -0.036616126560643524 -0.07932431416689656 -0.03966477314302791 -0.05935169248203138 0.04388335768726456 0.08207416664516683 -0.03850106027607494 -0.1579054354330464 -0.20450589752885803 
-0.446695234190452 -0.2563317188043621 0.021964203636025914 0.6416075195546344 0.37325955124532906 0.04873154242580946 -0.25458352580987154 -0.11019922428875621 0.10776365065636648 0.03560339875330118 -0.00637841144361212 0.027989251964461948 -0.23536116195216308 -0.06412408150554831 0.38875367993702037 0.6520223680658418 0.5052001099218918 0.35297773153629747 0.16603255900027372 -0.0664484068343487 -0.18983582217905093 -0.07772379375180018 0.03754090544760224 1.5358230298831432E-4 
0.6407045620381893 0.3424607598952276 0.43747926954193783 -0.3891624607408294 -0.2347898952555079 -0.0921184966565578 0.27951055806440445 0.06647319762830453 -0.16532012071664498 0.05873382153211758 0.2494879922828388 0.25161199617516583 0.29964706411427744 0.14696320365784432 -0.1989177000959185 -0.23927909612020812 -0.07174228187925497 0.15749734939138257 0.1394488723040656 -0.03303287554900756 -0.05632026569859629 0.02072348059464746 0.0063563943630939035 -0.09273186814284591 
-0.01082873300159859 -0.3804993624198776 -1.314225715048936 -1.2617626758322342 -0.811777984133315 -0.5222347584069749 -0.36021960787198637 0.08812551157269585 0.3485252420362064 -0.01372665690280242 -0.2839276599417103 -0.1083457549628527 0.01766430615476759 0.07886697971558254 0.24402661184164756 0.2586939346353367 0.05446271475364772 -0.1744581030944891 -0.14852302075879106 -0.03152772363996416 0.03109050878822593 -0.013941053885408691 -0.05609629951195583 -0.01957366144233817 
-0.12178720765850493 0.2868993161598379 1.155555998348091 1.399930077552094 0.6043824377447266 0.03161623953560333 0.030155667028028632 0.05550008823134647 -0.06696798162194012 -0.10218507690546998 -0.026016454494781627 0.14640348671900472 0.20702470239514983 0.09978768309717607 0.05470066344510941 -0.222137492754362 -0.08322552350159663 -0.08228182735719218 -0.004483887001372366 0.06974192988333752 0.08199611766511257 0.08813843936334165 0.14046700080078114 0.1905068445631446 
-0.11844226780640765 -0.4651519360834149 -1.0691539962919934 -1.0290205534978374 -0.20971475951573135 0.5102384836131961 0.31566298198468956 -0.010129498670384707 -0.034683945255663734 0.15788600962832103 0.2996627104810656 0.139314491019557 0.3860300211527424 0.40278696671734515 0.19497666211229303 -0.11870128231103927 -0.2828062563731298 -0.280256264723302 -0.02333006028248256 0.03975685440633488 0.07524188986156896 -0.12186680490970707 -0.145143268667659 -0.03431828727337347 
0.07343722225514426 0.08542399743546802 0.15084141982813826 0.16087895635505817 -0.28614493705950983 -0.36150963559506677 -0.04497907585981642 -0.09362508690016777 -0.21970388006604763 -0.29148782982346905 -0.4637081953308926 -0.4437386605054727 -0.33736142588320434 -0.3606754312571276 -0.09634588599631895 0.15719263676238815 0.13822669297793244 0.22003307870014768 0.18563478853556867 0.07694053789843168 -0.06287592867484093 -0.08229396584038258 -0.044451931803685056 0.056139229856734287 
-1.2665310114166504 -1.4881226032097281 -1.3967984121258388 -0.2861332683005985 0.48190447238819245 0.5150969733282662 -0.25266205558061616 0.043417535919448344 0.19916752167355325 0.44652513428531837 0.3703480164793222 0.28968018046950644 0.04967716034609156 -0.34675587171890293 -0.973879613809395 -0.6239239001101183 -0.29136993516926046 0.1419615325362619 -0.027090004796289407 -0.06540047491694617 -0.07886178504343165 0.15706157014058544 0.0880537951876234 0.0498196072896108 
1.4643414417962295 1.8804109434943772 1.6084158642539705 0.5569085246663101 -0.15610725714103268 -0.6309122414223748 -0.24258617979602448 -0.20209504275886508 0.0047340709379741774 3.7725828717910526E-4 0.07199668791714525 -0.09719704757617287 -0.5565140205210654 -0.49513867866763306 -0.21494282394197203 -0.05640848177370439 -0.023742290751283607 -0.15748770697178185 -0.13338364435040592 -0.08143377773896665 -0.0025352654083347637 -0.055364195210488874 -0.06711421759494023 -0.05256495147423553 
-0.962925858615225 -0.32237779395616073 1.1236976229232756 0.6447363626768916 0.5993762060328114 0.21905518891806441 0.4957365483416618 0.24030690400980248 0.0896824343726203 -0.45923124484875943 -0.23235111670582348 -0.18341513731392534 -0.352570038827015 -0.5395473777745193 -0.5467690432963677 -0.20155607619282523 -0.025048216688513647 0.005051931386702661 -0.2258755541404076 -0.018943706732525392 0.09720062132687472 0.25821010803299377 0.1723392425052125 0.08255588745536784 
1.5911767074176275 0.9879676288115835 -0.46457812587050284 -0.1353304138125737 -0.27365393162796847 0.25897437752537966 -0.01902744476973761 0.05223156227155512 -0.15735554019057685 0.32748294537503647 0.03898402404650092 -0.04949614719105022 -0.22324678749905477 0.3991065475048157 0.6980537783541884 0.2294583232293784 -0.06966581528894004 -0.2679057670963176 -0.06079170860319264 -0.017993500556901677 0.03368002248863034 -0.04463276445349914 -0.0572978732727936 -0.11385321793483137 
-0.2722385277463045 0.5767411874552266 1.280005712825501 0.6646544295173191 0.6158224596972013 0.054997869694281 0.3131852393274632 -0.026914646398185582 -0.011389536742795414 -0.49165803335759173 -0.13016337910099313 0.01816206791084163 0.3594087888348659 -0.009633510055097716 0.052390495051574636 -0.1001942150578458 0.0814899255452668 0.0785960710790643 0.1774934650237144 0.042206981458459435 0.06860550608886247 -0.11451558521758137 -0.08390960326269058 -0.13159590059588125 
1.7887381388589336 0.2335318102742363 -0.5638995157597071 -0.1414254784420388 0.044667061893592486 0.25483371947846956 0.03106460052065274 -0.01450376588416602 -0.045770010970208996 0.15048894590209266 0.19279643893311088 0.14357400361593775 0.2271924799830305 0.588048161938845 0.15146302370896914 0.03134625437918374 -0.08558813831130567 0.06925058483558966 0.07067485942042533 0.06477319541854087 -0.03550135682337044 0.03504723274194007 -0.040888404130460125 -0.04209746538961486 
-2.1399329408404757 0.08374064547780602 1.0161868327131538 0.9483665401651615 0.19574593263623052 -0.014662695295673434 -0.061789869374676565 0.14705362371228475 -0.17192684850415102 -0.027187489459543412 -0.05752851436105673 0.1148374890702244 0.2504938885376981 0.28273129733769603 0.04754465633257876 0.25303553279641483 0.024488117634427525 0.08894385293592537 -0.0887135864623418 -0.02961013448700663 -0.16232534187693085 -0.041087554947295844 0.0465639846144126 0.18680834112609276 
1.8434464740156216 -0.5296765860162411 -0.7870577569412367 -0.37122523227404614 0.1931487468364339 0.08605290551358791 -0.04356446867994368 -0.22907215903930267 0.029417186160212272 -0.009894024799807888 0.12533180406791308 0.028458538398102973 0.7495761587192763 -0.020189297568510362 0.31847156535977234 -0.1625566042164559 -0.2653837306276759 0.09249437126083589 -0.2545760256443002 -0.017394967173457593 -0.35160416228294306 0.0233536784233969 -0.051931301326957925 0.005481150913116369 
-1.0510743609377429 0.1101514935873773 1.2489508644185294 0.02044770804407836 0.468117264322498 -0.12744328213105427 0.6166405333147869 0.16919995364040263 0.43799289032278654 -0.288203883164754 -0.236123015511632 -0.48470522285851925 -0.21693692949279786 -0.021718957840345905 0.42642147092415233 0.6813918755463683 0.44553537617697514 -0.07931951398338795 0.2242291431931522 -0.20929666667089117 -0.12141438812892254 -0.2497403653235868 -0.16271773195973108 0.003668345735352139 
-1.004419627250262 0.28089427892498176 -1.635696227691712 0.8102037502678705 0.7046325879334865 0.0337408991136523 0.4555774761088216 0.026607970672147818 0.7040826064651513 0.21093610748450725 0.43788759348927225 0.42690190684096047 0.11750169209892529 -0.19977197858338838 -0.3834524927782284 -0.3590758018551234 0.5726613349418261 -0.12764270371445838 0.3623533054676758 0.09236578008038339 0.372814601033664 -0.06308174441903747 0.018701436612032347 0.013992760512326027 
-0.06518910172914039 -0.2563879134717677 0.16124165531593437 -1.6865235777449015 -1.3966021164432212 0.24945184985445823 -0.9840482713485158 0.6471035588692331 -0.14501639426985288 0.6116185403690594 0.27434678680745694 -0.09538923235726077 -1.5894635681779297 0.07226641068165011 0.07933819844763083 0.4436595852000757 0.1420270201234433 -0.01671051596235436 0.11831741447945299 -0.09931207047817543 0.5200956453304214 -0.03629149032592593 0.07427801858808641 -0.0588013345172711 
0.9979987681145444 0.25290905326349655 0.9071543259447461 1.559487816185814 -0.5924755676061848 0.28053345066420676 -0.33027998275131987 -0.7451213018948681 -0.7975219746444602 -0.27056000330960217 -0.18600740692772844 -0.20817773838950437 -1.3684322777979088 0.43482666133904946 -0.9529354148361387 0.2933373158618032 -0.09478740969589854 0.22929207139502683 -0.07043166868482172 0.136113176838333 0.20094995656389283 0.1761270735485149 0.2138220358145392 -0.10798902108122405 
2.716107145913643 -0.09265512562683043 -0.2604890077425921 -1.6851730805151204 0.6905902817220038 -0.2007080100192684 0.6546170193064986 0.8530008013584369 -0.3714917551136717 0.061418643210078505 -0.14700957106739088 0.009238603308526439 -0.2926848182403585 0.5251339294074713 -0.3189434441554453 -0.3735474950162261 -0.7582376773138989 0.09618424554663936 -0.49434090558461435 0.27831368116723226 -0.2148521632659148 0.2166197648926412 0.34164067999708186 -0.2108202331471071 
1.7102290823220727 -1.1054520990146353 1.4339753483459674 -0.07048344593242972 -0.05460138206143039 -0.42905538513456487 -0.1524601631642204 -0.48468018108745303 0.21447041719538223 -0.04234516458154702 0.0070996649830785685 0.698555052251739 0.6354759870786856 0.16488394869470469 0.2230820832360069 0.2410470508690498 -0.050499158088628406 0.11173569365402274 -0.1332158218510302 -0.0829481753341 -0.45267729173991195 -0.18158238654400735 0.060221422354792144 -0.023495262799375232 
0.456750195888171 -1.1526091255551156 0.8546614765816596 0.24910453836289848 0.6091738227260981 0.31569353111392595 0.41006453561177736 -0.3180580450361712 -0.006456100392029707 -0.15234817367289177 -0.8471287891391921 0.083705071763439 1.4306948220139744 -0.04852519494009777 0.1584237299677662 -0.5822220035976228 0.3247391380252185 -0.07134001875112135 0.01878399894139841 0.3019050002654497 -0.17153508721812638 -0.043768611272633894 -0.0029193898123702766 0.0812528792810154 
0.2212492818912235 0.2882342071435251 -0.31966716592540045 -0.13079214586034493 -0.40026986384234675 -0.3128744008644586 0.19164372464913138 0.08925264730473592 0.3779920732144546 0.381070564763905 -0.016612064956204264 -0.17492518421883496 0.5168612086541717 -0.1971452407128039 0.6364574251162963 0.3087361304731653 0.10263873419397303 -0.023589057389906132 0.052688467334123246 -0.24584816626523734 0.0784138294539338 -0.20766770184659744 -0.15370480992425628 0.16061053601478495 
-0.8314874199128557 -0.6439226938856173 0.1410610594897932 0.09164728024170565 -0.11079289146319349 -0.044778445900957475 0.4262130785756275 -0.3396806136340067 0.06135267853117127 -0.01898338764474583 -0.12639553666063863 0.2022200837007672 -0.3162469508999098 0.09720691408655102 -0.24862363434177256 0.02908556644585462 0.16213471939717605 2.544586535768352E-4 0.2096981488833977 -0.25048940276501774 0.11348977037293236 -0.057395495930648 -0.20376790895577537 0.051043513413632426 
0.8037642642600709 -0.7683595927109728 -0.11859671845698827 -0.9179632082913292 -0.0025342275487036936 -0.17805222445740476 -0.3185998366485152 0.26367560200717677 -0.054675460628019645 0.5139755479441723 0.10784746851657068 0.15746593823872002 -0.8438578928658721 0.015034088214362548 -0.295210569720559 -0.3588583970963959 0.007497801477531059 -0.139299925973269 0.07992337553316615 -0.005426331262599208 0.2449829920411263 0.17428115139019643 -0.00659255698699542 0.11236488368717812 
1.1142335574034767 -0.9159329678875197 1.4999971558727712 0.5554333702408267 -0.07609815361225158 0.24751906694966852 0.036091869610407556 0.34619868590766156 -0.13059164458958963 -0.04661417747108143 -0.2980548290082534 -0.23562102970623577 0.6349438963347024 -1.0671996031180588 0.3657269846227866 -0.6205313296916166 -0.04516234778740554 -0.16445676871826498 0.14085587603646252 0.02412366312570789 0.07916759943589469 0.19124400114146956 -0.09476876223063889 0.30241350375817844 
1.7799624718306735 0.37913707950138864 -0.11350350495521244 0.7138900004292821 -0.4401106372004109 -0.041123379369964574 0.14693420253224287 -0.23740800867830059 -0.2609847413485439 -0.12795749449351657 0.08899525217858939 -0.2930992785768678 2.4521001775337132 -0.5525841355468085 0.6559091805609705 -0.4445251044471649 -0.0386173186365962 -0.21718515175558864 -0.31308832506985357 -0.11106071845074317 -0.20360178732239062 0.1954657907161017 -0.25205827444762574 0.024351578994354178 
-3.2244182127022643 1.9839277793623786 -0.9586665011294544 1.13731466495625 0.24348235672487673 0.38012743771011737 -0.22912156912413906 -0.16150979766839169 -0.07299547941625067 -0.2717488698503101 0.16733685820026867 -0.47973781916597424 0.6801599604199633 -0.8028417437843475 1.0176329069935885 0.414891974647759 -0.5002362546713169 0.29484829601012763 0.48024757711295546 0.11336442339782739 -0.2426993479230386 -0.08948444266437987 -0.29074343343369674 -0.18146081270114803 
-4.383210383288199 -0.5605375596954962 -0.8569924316387869 0.12467145769245391 -0.046472526807479264 0.40719904542913676 0.7532718579283189 0.8507119991474329 0.5273318187524827 0.0401455219854816 0.6313264482551868 0.20646959598552672 -0.16148022714576213 0.3328297907377887 0.396877232172481 0.6724077989167511 0.023757677118062575 0.08806287360226855 0.15723744906946127 -0.09258627873285051 0.013818489324984862 0.10782167820010653 0.20577118537540107 -0.07954064093395796 
2.155340103703023 1.9624295830639653 -1.1811571017662073 -0.39463328233403616 1.2277915552052332 -0.861187033480265 -1.7078196894264968 -0.5379545881986874 0.20334811912901296 0.13778764228255908 0.30300987325453815 0.05897697111601105 -1.6694709635614007 1.0793111666158623 -0.12770628117403385 0.9593520150123441 0.5144701762613015 0.07004272395004918 -0.17881323290030796 0.14735988814432235 0.3698859573704268 0.16415127001026816 0.23979486414845955 -0.25372889205296184 
-0.42547600493468396 -0.6086031945627708 -1.192889901154279 -0.5373594226758278 -1.0035382677947768 0.31534523541842097 0.4145709154750379 0.22857322278539877 -0.44061200859613026 -0.6561907851602707 -0.5961548114747485 -0.32383475091598657 -0.568602900717694 0.6917786956223898 0.2431137961743378 0.20698947983717128 0.2804834154836656 -0.12583960320615684 -0.13974929186843962 0.31883765265412883 0.3195225903852022 0.1619459843514913 0.193007829212693 0.025905629655574303 
-0.1948725111948193 -1.229972903051571 -0.40759892284960675 -1.4097259398966415 -0.821395301565379 0.21592617086532773 0.4766686008034253 -0.29252007392034174 -0.6986814378532246 -0.4160345263082384 0.061692895619857635 0.5466010304436679 0.3705760341161075 0.39938682892113336 -0.946637411738915 -0.03750450265992459 0.6412957361986008 0.1761644380182149 -0.08409908822549002 0.021083361354987118 0.024825513205181633 -0.30395288155033356 -0.12213565111558398 -0.272944500760319 
-1.5022953736861955 -1.0396724035048979 -1.9731129096201006 0.011249346962242779 0.13667065512682997 0.24616125287481083 0.08027558841867677 -0.2285182159541264 0.01977882608799475 -0.16878134677359358 0.1729614494344481 -0.11505932264502461 0.04948991759181979 -0.26197886041499835 0.009481890079845382 0.28489555012206025 -0.21888362268789588 0.01770002682647916 -0.16899475664495886 0.09605096464989567 -0.34085539993429137 -0.42366598916830683 -0.09778732463343827 -0.06612766780022541 
1.582021685730456 0.9798037007716287 2.0488666376834486 -0.5564241591732977 -1.2662001148513726 -1.3550883562631046 -1.2883747612218461 -0.3726589528938861 -0.10132383782859444 0.8059415677402211 0.2848586961466918 0.7734227592614871 -0.5334713275132108 -0.6651027000683933 -0.14023110218037235 -0.6958295552186993 -0.8763595855886118 -0.12277546860925088 -0.10758205683413487 -0.4637403896072057 -0.19789582185906995 -0.19183475895741306 -0.07908356535303163 0.34787071742888237 
-1.462392856172781 -0.9275549152293756 -2.449568351660343 -1.8186969634036805 -0.1244849930880923 1.0477524185031997 1.8040768664225502 -0.019510231677516088 0.2832753911944288 0.003819135320419942 -0.41437573783785075 -0.2388626119242199 -0.6180184619531609 -0.8885580661178679 -1.1222986110898796 -0.6246717400093039 -0.36806981776013187 0.17674486247752663 0.519795289321596 -0.30567623709683484 0.046081112348157725 0.2629580188170931 0.10899212406376264 0.1210097807340772 
1.3855902125881059 0.709276453015848 0.2513221047116314 1.5927358809424177 1.9382612793079175 0.18345699387888592 -0.062485867696106756 0.9941971027629704 -0.23674225482923172 0.07316950951699402 0.592612185315102 -0.4351094772033814 -0.4189622699050233 -0.470391290947146 -0.5281696821176789 -0.7450249831213777 0.138481162053624 0.07259987500037297 0.4361713015266127 0.030255196165930105 0.020218999042661983 0.22578859382363525 0.028255718406457835 0.20626444709951638 
0.4499757487444622 1.7612654187265964 2.292555190135447 0.810684546932297 -0.3613505886724193 -1.0533460096287643 -2.092054726308981 0.005082467507949828 -0.05075530245615978 -0.5912693741132592 -0.3078916673410449 0.12617745338517805 -1.2127694641807167 -0.6139822899391977 -0.8099817998513466 -0.21914915285118877 0.6134729797441669 0.5337105877790207 0.5961557854338545 0.25263356895252265 -0.06568365237633371 0.04010681864979838 -0.18421007957157975 -0.18961437203659548 
1.8827241929869043 1.0465674066350807 1.2623139131385903 0.3639600350228467 -1.5632108032200813 -0.5223387671982415 -0.6488228694359189 -0.4757208909844094 0.005034511868713898 0.42612004098615486 0.14684950567891536 -0.027890614691761018 -0.12683905519724656 0.18099175510499302 0.6809726731571976 0.9727781446511955 0.7003185128875229 -0.11533083722157815 -0.41935490224532196 0.24098750371552813 -0.33205911111897546 -0.08723171416302367 0.13285959425388702 -0.1434298398252034 
1.92734854616997 0.7457464777786011 -0.5251188563197826 -0.5468615818903286 -0.21416789105659362 -0.20048146429529878 0.3087780109908926 -0.0424519416613941 0.3594379649744571 -0.2929765863635556 0.36113584069498184 0.12637107292975636 0.2754030715069951 0.5907140956106455 1.058630642354949 0.555468331311522 -0.3036793044035219 -0.3292859036851499 -1.0646435155020921 -0.12195037944151528 -0.11756648889458314 -0.07336540892047255 -0.03194061027820327 0.017354559177247115 
1.0274209794670917 0.6740606581748665 -0.3827588915323461 -0.6468254885998563 -0.23628560816256394 0.10301723287688758 -0.004837529610077912 0.29500179620105793 0.5543384448123863 0.18571825813121323 -0.1404803514645725 -0.004916767500060315 0.8386021960135164 0.11859078786010446 0.6581727954034486 0.35966960709888185 -0.6675876457907991 -0.39160543375060525 -0.21402551639323644 -0.15741144527872433 0.2500402787952007 0.06132435043386761 0.09432139846118177 -0.056194183996086944 
0.051418140983383154 0.17537650612476696 -0.06080033459393164 -0.3503276851909174 -0.1137752729906123 -0.378166298610879 0.7798831502843746 -0.01442773776023798 0.027292197755753478 -0.2509722559243707 -0.06840490793469117 0.06262685225758635 1.1731413936457507 0.27903508809985933 -0.26707834827698357 -0.25008308625629416 -0.14528417338023245 -0.13878467915762258 0.1442495673168421 -0.02885903837211488 0.3474340898740782 -0.05387436405879447 0.12106310267921787 -0.020296146562010415 
0.3048828075396486 0.9759800288816844 -0.9443637339346811 -0.8133157346235045 0.389355825119325 0.7413199512113644 -0.24229888990295062 -0.017498657098814485 -0.5790134409075363 0.2211448244649596 0.07865568461020656 0.17256404763258482 0.32410430459654843 0.4345561292839977 -0.04915017979982398 -0.26062871502575796 -0.27469810210472173 -0.15449502111162447 0.2814011412856731 0.014216331359322876 0.20543285269196035 -0.03576153295837566 0.028606592450076823 0.05437197662377089 
-1.2308065488035602 -0.24231847187438582 0.5569186097123355 0.28663279989037793 -0.09113608755684077 -0.1032787859896695 -0.00524001081319736 0.20037540010488675 -0.11618836178781622 -0.1490667773540454 -0.11162148538006128 0.09851910504946504 -0.1204666568100506 0.25071821875694056 0.1573104182120284 -0.13170573816047818 -0.2688814208976356 -0.012440673763106758 0.22704727121546955 0.03737544771428166 -0.1956305033515228 0.007956030046595175 -0.08367595652349447 0.06738254857612241 
0.696220410570918 -0.42076024067755036 -0.5441678242860077 -0.18341958606323017 0.5764891054347154 0.42905853990115617 -0.4564793729183113 0.14495123319052694 0.009780166508290056 0.24205011772117752 -0.20469184009211794 -0.18597882376731234 0.07825016228406738 0.23650815996035726 -0.26147807679157903 -0.23661486549649555 -0.03507634693835415 0.36955691630919335 -0.043091563484703756 0.10649485097887333 -0.370965082679537 0.10006563224194427 0.014543127773174023 0.05527673264200106 
0.21714930989790027 0.12159198463356269 -0.7328295440543535 -0.27015854498962 0.5993023495445993 -0.18471357166645466 0.2058315781456462 -0.20777902604775367 0.3197869041024086 -0.2852929926922652 0.32429672398695447 0.03975064222916769 -0.23023357028869226 -0.4731883643908672 0.08785793003037061 0.1766089948523922 0.12814157757012598 -0.08489407574266015 -0.17860589937379587 0.2552296072323851 -0.02911144227474416 -0.07480873497568921 -0.03644971707383619 0.011608047939832536 
-0.6538456086632838 0.08450032074663838 0.4849445733234006 0.1749245343059811 0.14936564738366742 -0.32663340487782305 -0.21855999392826114 -0.13290599695911426 0.3158941741859622 -0.010938964591763328 -0.1829328033928234 0.036118081116730316 0.2798861979170561 -0.4274496801943493 -0.46271551089732393 -0.24980542829390928 0.3505898961911633 0.09386465613237553 -0.09232383893082063 0.13230347719924096 0.03720447235749669 -0.1598997306369619 -0.10464854801947891 -0.039815115762216836 
0.13492717167961743 0.9246163405861214 -0.22121137918348044 -0.4223662448514043 -0.26199909124169474 0.5292494136278005 0.41161799781316516 -0.4263848065174479 -0.18191103880241982 0.20185396872949268 -0.013151852508200002 -0.0473534912120539 0.465793347134064 0.06154251516158027 -0.32385973966592385 -0.11538671816251496 0.4421998205166451 -0.2511904599626716 -0.3005601735490356 -0.20063316884628093 0.27936838256349955 0.0027025202101545465 0.12174625026906527 0.04639354433736892 
-0.10232711407110884 0.4600766219292183 0.5881696259705276 0.6421005487493898 -0.044629862745627635 -0.209516921143098 -0.2824010659596089 -0.1426563081723488 0.14901572088821421 0.47817582892118426 0.2779780922138961 -0.02298140976005103 0.7402705874252269 0.7355244253238628 0.16643624442714508 -0.202558027387285 -0.031223820261233697 -0.12465784920986074 -0.1276520525695458 -0.14528974580121154 0.07040878358062985 0.014376515428330378 -0.07463910010944158 0.025107775735104792 
-1.4559899788003792 -0.25082371144246807 0.18713714861985453 -0.15758639772377947 -0.6302993569406884 0.5102995663541976 1.139432634808427 0.3989956360977065 -0.43487901693921605 -0.5379579500792027 -0.2713974746236011 -0.0698802453445484 0.7304415687403218 0.7513950108744559 -0.21906714823432968 -0.40930828676264436 -0.14134585168386948 0.30123339289850937 0.2960327849576538 0.0011822557432064063 0.048282212246539745 0.17734746450457317 0.09060520705394363 0.06038995562677895 
-2.079198795698966 -1.5343529292106552 -0.21853842385970212 0.6502086929040237 0.42718724101686534 0.05681506638856065 -0.1995111547172547 -0.10972698086305688 0.23115181251247077 0.3158374485275932 0.1701073079932019 -0.027941869022336807 0.5239801233967989 0.8674205241086276 0.4399006281766224 0.11600696675097598 0.021500168984806927 0.32602489381724314 0.338160729498584 0.09369546970844911 -0.039667611137671005 0.12212088919448184 0.12982136253260407 -0.01361375475507672 
-1.0679616937274194 -0.3323539164673095 0.8393440904346234 0.8015045433592117 -0.07387008807133277 -0.507616758833557 -0.5179253126809733 -0.4463962374017132 -0.3678257213541673 -0.24901923458743125 -0.2310320815596838 -0.22604312846124786 -0.12125098261585165 0.31223426677032345 0.1374366073356275 -0.15744816301143924 -0.2774982569086466 0.1913602340194881 0.36397527109316297 0.025113956325601556 -0.2551485349098437 -0.2625561896306645 -0.1990315743726606 -0.15909766818482882 
-1.8682816267979852 -2.1014198478842436 -1.057635729466724 -0.1854658220450337 -0.3873450041347262 -0.6786334400009502 -0.4682042807106609 -0.0010467805479862924 0.23449190650870289 -0.03265619640814699 -0.13166869191587477 0.09594129606352886 -0.6359756590580388 -0.4251535379828595 -0.08570306657261588 0.026943121851484952 -0.21987162563447038 -0.3629234514252688 -0.3534692480104089 -0.21943999825756347 -0.05675442600322436 0.020022074345585745 0.020545377280488247 -6.208680007716941E-4 
-1.1976956154033145 -0.9039930524166442 0.194375979416483 0.732595348785067 0.6094615363610472 0.30394311749048875 0.1818533845256412 0.26931366696336656 0.3288965407921989 0.42395744128066093 0.4765852484489191 0.3454711766670052 -0.4764184571980405 -0.29970981797379576 0.12943915901002193 0.26341513794629173 -0.07388796349844681 -0.3068922416656306 -0.2966479952306425 -0.21050362104183276 -0.17819271397455771 -0.17737542733452497 -0.12384433442135395 -0.03800048011007049 
-0.10640485768690233 0.026927252712590555 0.3610548313672157 0.6038339246366412 0.7451363057040865 0.7398054825023441 0.5110072407106648 0.19073806172709373 0.05305395944896074 -0.08071711244321012 -0.2453374888525643 -0.31183641758414826 -0.6788518971572564 -0.6298151545785892 -0.09737774785409954 0.2413144398668363 0.1288995012564846 -0.08671356881809067 -0.13161345702408714 -0.02756318218355371 0.05426652608938901 -0.006381464564404314 0.002568699683137341 0.0971164314162984 
-0.5196447066888394 -0.4973980128443394 -0.25831866701241224 -0.38339074382050087 -0.4184468524953987 -0.29615949508831213 -0.11758708769970855 0.08922220458624508 0.2574713940993769 0.30713750543367524 0.19733532017272282 0.09184716869280217 -0.23772797712170504 -0.11170454443086457 0.21576073302846768 0.3796586709555818 0.3636424370735886 0.2856970708213126 0.1877972239511084 0.15238552076750936 0.18871579918331405 0.21943202454973168 0.16952434801234886 0.07851455603699074 
-0.1707513896834536 -0.41527190393462865 -0.5391551626899778 -0.35141609534275864 -0.2600893134759571 -0.11844142725727771 0.07635632647427537 0.17168849719123558 0.10740490158694682 0.0448981652085588 2.50173172811341E-4 -0.06859599419826487 -0.07599692417474986 -0.05710898875348761 0.015331198706773427 0.04768277298250845 0.08455790561900577 0.11412338383651595 0.1070585448438423 0.0714855705321899 0.0905296462916424 0.12915081851414242 0.11040208772560779 0.05960150917655127 
-0.4523384180399237 -0.3477798408004409 -0.002801222640323342 0.07124434590802142 0.02114703473030302 -0.12402464009363828 -0.16421283020948918 -0.17831811307123246 -0.2644263278267363 -0.2971462711944186 -0.1547816266008153 -0.011692703136908678 -0.14840107491471524 -0.18646983141086895 -0.21611256298040063 -0.3325804634857162 -0.36176396531708804 -0.25164808794122434 -0.06691235696452864 0.08982758563946573 0.16186687149588802 0.16281852738949062 0.11612100220999398 0.07322824105507025 
0.08793277051288939 0.12344513295110415 0.187302513060851 0.23346806082485472 0.2716656452342184 0.31136790349545934 0.21314447743402826 0.1100515089592628 0.042413881537090165 -0.16602767967159043 -0.40048527864261857 -0.43887100919894667 -0.14766502815133453 -0.1953562571180094 -0.10355696686937162 0.04906143964930861 0.06197375693856141 1.335778241149758E-4 -0.0065459550610110955 0.03856808930555039 0.037231437268290424 -0.03423547181055852 -0.09805307005161468 -0.12442775595827645 
-0.20378356204286519 -0.2073470370545989 0.0267901840533753 0.32190856855284095 0.40096756410077783 0.24388010335899227 0.014755907714000926 -0.14944205821616574 -0.1956337103633588 -0.07585515429472203 0.04934003945045584 0.05729995302793231 -0.12140511746289429 -0.07395281967580103 0.08787354503696644 0.13317278214615672 0.06420516164110401 -0.021936831805690643 -0.001598819086590671 0.06955011258683952 0.05412260185293479 -0.07998120372004716 -0.17122561005329587 -0.1559933726349222 
0.14796626677202074 0.10058046554647859 -0.24327996542871222 -0.6239325256130942 -0.6359208489768787 -0.3027945324559379 0.006509822695563605 0.041546201847051045 -0.0386857189496132 0.036959022190386076 0.1923485503020198 0.2701909455941439 0.019624761411367892 0.06772168931871884 0.14406997073910066 0.13807000232789005 0.10800957295344182 0.16391370485110604 0.19846758407820228 0.136702089202558 0.03018452649782379 -0.03638028406257672 -0.07516737024493718 -0.1176137790265419 
-0.11813981378080651 -0.11448904807072502 -0.05113061850644107 0.10042629268852571 0.28232479691253953 0.24886707329913227 -0.05609904558048484 -0.3527157972756451 -0.38624433314218903 -0.15869601096526537 0.062478289086753125 0.1017564373713126 0.030627386924054385 0.013500196268204423 -0.031628611872831246 -0.018633981032867748 0.05518915721228085 0.10295637290596577 0.05219823786501022 -0.07991192208547658 -0.16344911701936296 -0.08701632177356929 0.0448741920489417 0.1032908602106345 
-0.013763387852243625 -0.1261489294969893 -0.2059469978765428 -0.07000080822665777 0.0069583099680120275 -0.18286669602792877 -0.3468307981533356 -0.1984178891186715 0.04716561343303391 -0.015466399148588605 -0.18155229272595566 -0.10825791429101114 -0.023969962209553348 -0.057149872281343196 -0.1348410253442096 -0.2084086384477959 -0.18344367930342478 -0.10864686140878992 -0.07166278941789017 -0.08743234472530652 -0.07919403473719683 0.02808883618670044 0.1510707485547301 0.1986461266271462 
-0.21480089550289616 -0.1344829283374782 0.10300953589578432 0.10084465295822598 -0.08603948700851011 -0.1249529335729096 0.03483150454341988 0.21027575352312528 0.25178797450340645 0.21140652169547322 0.10166788481761846 -0.06334819766139366 0.13060371997297363 0.12219878387357978 0.028948953648181674 0.05082809072849747 0.09880463515721123 0.044634710093061775 -0.09543217189082125 -0.16280777055025872 -0.12399141511829831 -0.08171936986024554 -0.05469213411874017 -0.013182785369501635 
0.2682066942617256 0.2820270225238848 0.08417303340280391 0.001084209595443364 0.0985923308939205 0.21005605520645276 0.17603291588728176 0.022347460623585363 -0.12011976856082046 -0.23235875270008455 -0.2804584932276032 -0.24319511677094152 0.009875262703026818 -0.03426652772564687 -0.10090373860922443 -0.08973467006095315 -0.04968455883875153 -0.06931239440211785 -0.08843945902464385 -0.03858750304898375 0.018987100627549144 -0.011457074686512978 -0.08369645658741127 -0.08274768020865776 
-0.650936014756712 -0.6851733757019014 -0.28303749509065945 -0.08760048840801726 -0.0599061190220484 -0.08149843259724382 -0.031234386928329805 0.025324839504002578 0.0693726032096331 0.19490827539121924 0.2760077916937974 0.20877339471978268 -0.06278030241510546 -0.030518927820493296 0.04644414270234779 0.0313027718629588 -0.055906422440140324 -0.10843649491309576 -0.08986703921784633 -0.039547879578772614 0.0010927596324659856 0.02593090995890196 0.03623110054191834 0.025513190310159622 
0.17467838366558386 0.2519958773621629 0.2897877334443524 0.2934257726393233 0.14294530249103576 0.0033432366905918887 -0.0484794753435292 0.009820077037841102 0.08141199719727316 0.02715394806307732 -0.01763287640181127 0.003924330144373989 -0.10714271953094305 -0.10273446655926022 -0.003037832866997714 0.06789842107518491 0.12336997947431987 0.1994767060609618 0.2278110424436671 0.1465540887549468 0.03440803062525157 -0.05104800436781879 -0.11021995724100124 -0.14023631419642046 
