0.0 0.0 0.0 0.0 0.0 0.0 0.0 0.0 0.0 0.0 0.0 0.0 0.0 0.0 0.0 0.0 0.0 0.0 0.0 0.0 0.0 0.0 0.0 0.0 
0.0 0.0 0.0 0.0 0.0 0.0 0.0 0.0 0.0 0.0 0.0 0.0 -0.01602476865728164 0.007550018278178102 0.017019461634167194 0.014227795106463789 0.03762724643881887 0.03643274950911137 0.021635934525336558 0.027761700560045066 0.02024069865841081 0.0037892219272240104 0.002729637778095937 -0.004491663487475585 
0.0 0.0 0.0 0.0 0.0 0.0 0.0 0.0 0.0 0.0 0.0 0.0 4.046602425370101E-4 -0.015602681925471484 -0.024512716621222157 -0.02461503820760803 -0.03244939877975698 -0.027637194358995653 -0.019978027869963128 -0.024758905392030007 -0.02127100377461356 -0.010631499479309145 -0.005721784494428936 3.4074923783301847E-4 
0.04807430597184492 -0.022650054834534306 -0.051058384902501586 -0.042683385319391365 -0.11288173931645662 -0.10929824852733411 -0.06490780357600967 -0.0832851016801352 -0.060722095975232426 -0.011367665781672032 -0.008188913334287812 0.013474990462426756 0.011597473766835323 -0.009631767355824003 -0.012075553551168952 -0.007582870650028772 -0.03550495579688842 -0.039349822482648456 -0.024001492324142882 -0.025639363218560928 -0.015599288058426086 -0.0019443457120753894 -0.005585009147221889 1.4293528410606882E-4 
-0.02525113371353349 0.058133073193681606 0.09906734231491726 0.09518680728251977 0.15378906599749925 0.137560707340654 0.09238798539789422 0.11591926701615762 0.09417405931145689 0.037578331328763454 0.021259810150430714 -0.007759742944712433 0.0256369890055043 0.00316161757422484 -0.006830793737664709 -9.450075327567439E-4 -0.02397722185982475 -0.025687727103060675 -0.011904580336471793 -0.016348917066140167 -0.008188338521000796 0.007199924316344882 0.005393024198534453 0.010461097684649978 
-0.022166854443739226 -1.7123452936879113E-4 -0.013307010503951777 -0.024844791691173568 0.029620334391915637 0.04926911377761836 0.025810484273481538 0.01895845614760397 -2.8916548045018753E-4 -0.012956128528155558 0.006125122366450311 0.00345106562003801 0.046673789085219575 0.03066373923006496 0.02529204187867055 0.02414805052154666 4.471694197424418E-4 -0.003337647917550613 0.005221728580034927 -0.005281858728351088 -0.00500381170908976 0.0010794464829854966 -8.493270711457645E-4 0.0034482596459449294 
-0.041790386808720825 -0.020724262875257277 0.001616694013719222 -0.006084274215838667 6.806287252881238E-4 -0.002220499843294213 -0.009645402915330226 -0.002075027715449082 -0.005651449684388729 -0.020805541575792882 -0.023336090445972422 -0.02637133063275556 0.13361539483285334 -0.06548184047956435 0.09557589724425851 -0.004743878195429351 0.022894725202537564 0.020263185300565065 0.04581151244999768 0.002295128438869018 0.018076699717248425 0.009060366844777875 0.007947581463669424 0.006005077265036067 
-0.08367743473622014 -0.07521260449025974 -0.07820918638791421 -0.06449199613485213 -0.03766902893957838 -0.029394701182708156 -0.029556295159502227 -0.008442378129278581 0.0042020936499596664 0.014585931221649646 0.01665701817735105 0.012436005368613532 0.04179681614936973 -0.11844200982001572 -0.007524507683537268 -0.017866969331776374 0.04472133221183593 0.06836033405369765 0.018662583520342012 0.0728312598402442 0.00965229414403841 -0.007167654994909583 0.0020051924352312025 -0.03006517897658707 
-0.39534202806585306 0.2920992796128202 -0.15520926147587705 0.1292420440906471 0.11874957205563356 0.11610305891912207 -0.017363162235606924 0.12273429883799185 0.037698330594506696 -0.0033737990804727745 -0.007848882146027927 -0.030267444614108394 0.09476430660795583 -0.08308005276528307 -0.08218193821857926 0.18874100974593166 0.014592928474251985 -0.1500816257700687 0.003467289959531989 0.11892694146267124 -0.08577853951966095 0.0627926825293702 0.04700610932882707 -0.018245197302144904 
0.029218517736717686 0.19874302368663965 0.08767949029145816 -0.03890704284908733 -0.16357813390876488 -0.21497366776468274 -0.026318386627406154 -0.26193998664984913 -0.05092093805201313 -1.6903479108686115E-4 -0.007634059089215543 0.09559465954047563 0.09731503915364732 0.3155247594310298 -0.21173408878405053 -0.06080992924564749 -0.20554921672276602 -0.1537719453806082 -0.09394879493451073 -0.07193853575583177 0.14397110899272925 -0.09120668089908913 -0.0868997417347069 0.09168869519284478 
-0.38253128286905724 0.09153808133214225 0.16521817032977082 -0.585099780096516 0.019856395787125416 0.5408138607578992 -0.02166622705997423 -0.23210704784317754 0.27924568472558053 -0.20180610615753525 -0.15220887979917033 -0.013215065812251903 -0.8691981881350879 0.7622194742813687 0.006448360674863614 -0.03065367178744031 -0.039796533246573236 0.4507303517843105 -0.09971983584291778 -0.015442860040219067 -0.20297002488989588 0.0643365693299336 0.1174203204580559 0.05528439160922377 
-0.38202792479556 -0.9215062836430101 0.39677936406141345 0.4751087036956719 0.6284252093629737 0.2195657340397279 0.25444162205621357 0.3847939024788014 -0.548484910393765 0.3874221274574483 0.3495362422080429 -0.271156269610849 0.2307690462229385 1.4170374435778805 0.9362439856465662 0.4167964610259065 0.1858981893947638 0.2518591627602888 0.09542160217890427 -0.35137855556695863 0.32018942193369787 -0.060665607516551624 0.049658231178878944 -0.19102549332615051 
2.4178757576055494 -1.434434489566461 -0.32910428038544554 -0.035804813819411585 -0.15786249984051604 -1.4533576973360147 0.1414163409513366 -0.15430406560567622 0.8953903914350703 -0.39017908819454117 -0.5386949941688248 -0.012745154866117422 -0.8631704463827091 -0.8218321118695822 0.022796186606660458 -0.5014926771297803 0.24160172155799634 0.2671128368779499 0.11099107912276514 -0.16533267013162753 0.2556797865121427 -0.0978755031938342 -0.1300241448309393 -0.003945757856192861 
-2.063292141169401 -3.2893830215977 -2.473891241290632 -1.563943909065359 -0.6324132542792356 0.026534623001407853 -0.3941244771697744 0.7532941889322762 -1.3195615572078516 0.27601427877707096 0.03663430455897487 0.66843618404586 -2.055310072731841 -2.1532173505366705 -1.3701760015416866 -0.43769430732931425 0.7409580779978652 -0.25459174213946567 0.2399580953294008 0.07738978676209159 -0.1079784101507878 0.2576536162617711 -0.19948169834972393 0.18358807676155 
3.0476121644659906 3.7409727859182333 1.5321649131858122 1.9389045576733404 -0.07452953706575904 -0.16400909435679045 -0.03035641481527565 0.0796408193249677 -0.10225535140380426 0.14752432776415603 0.39431452351818164 -0.4711740190720278 -0.8142528151435663 -2.132443852466601 -1.3095875070734422 -1.1459225676244045 0.00623242134647628 -0.6715391895719726 -0.22393959433421576 0.33080898374418277 -0.12444967666777391 -0.021234861159163287 -0.11768492409881687 0.2308157793480471 
5.4690340899697425 2.950442130224654 3.576672771900845 0.8008369399372386 -1.6361155060180006 0.3386666589685128 -0.3795462860486827 0.03565209972720468 0.27427319147803564 -0.6543904293072136 0.4814765784137114 -0.5927060677925438 1.0915990042420634 -0.7642093093711063 -0.6810354016152883 -0.36548252547818766 -0.9087776235955806 -0.13851583007831011 -0.05454370968361801 0.4329010964069582 -0.6031155188344626 0.06459815543919399 0.22666690435089987 0.04520011137841007 
1.0944710874666768 1.8429844919221665 0.5743762342391427 2.219572464552503 0.32529136198943764 0.40519385339635045 0.8059460283934381 -0.7879099722356888 0.4718220470954484 0.13872784932509097 -0.4080613587997425 -0.0746213669910567 3.5343535051321617 1.6754740174153941 1.434518316892823 1.419756641136112 -0.5046359705317666 -0.08491290214388493 -0.011320424966374523 0.1759725720798714 0.043862142480459936 -0.1073042365382985 0.44429201427180987 -0.2895015919091978 
-4.361518615395934 -0.04776094648634732 0.04810930302856775 -0.6078302860703775 1.8940091669799077 0.15748063935976775 -0.6486445697232772 -0.11163370450827004 0.20274630004590982 0.08661805167902153 -0.24217846733476273 0.33455952387014426 1.1831250524495387 1.8050249827465994 1.3791695760180227 0.3012812385304197 0.03365442766906209 0.37079468520663167 -0.06985566366755859 -0.14655552071570513 0.1395153594479077 -0.31733954369596074 -0.0923662345962765 -0.374727164053627 
-2.6401719982476566 0.21365227202755133 -1.0071083030565187 -1.616031752731188 -0.3256839619694134 0.18132262187923687 0.1381540019211452 -0.3746339947969092 -0.19807833312912115 0.09893279688593393 -0.5767339964230109 -0.06630203917577854 -1.7277639139894754 0.5290928609999118 0.6364101238077282 0.757968884237061 0.6269577770673358 0.4056731040538116 -0.07905668557211747 -0.22851862728729164 0.48409172062635913 0.08806882261374642 -0.456553984294468 0.021524051543651234 
3.786980475478293 -1.6499667080678373 0.2299063124946077 1.814795332987825 -1.4115911270457613 -0.6617817808928256 0.16391671819013953 0.26868067315493027 0.19067730324659737 0.31752572800024714 0.8429116010141752 0.5273157604606982 -1.0901193207427098 0.2656183751137749 0.4437593436079432 0.3175258566662502 0.6057746754188271 0.10757236754672912 -0.21426770623956629 -0.08714694287193984 0.2148539047683539 0.2723601502292798 -0.012195753323926287 0.13207803996777032 
2.2035132839979896 1.056808789713176 -1.4257526419170619 -1.2656469976877813 0.09721817780026476 -0.4021942486387876 0.6368354411530821 -0.2925112792054141 -0.974418616383973 -0.2409324566767611 0.4190555599091925 -0.23557163991728736 1.743513646395063 0.4657192095794708 -0.3184199525728369 -0.12483489502802077 -0.937762280234724 -0.5985886529798674 0.1466034419264664 -0.06929426140545948 -0.16074910521813143 0.11089905900400503 0.1622477983923635 0.040633814965684766 
-3.513003294290628 -1.2661943306704844 -1.0738465583649903 -1.7356002335908316 -0.13476592916141272 0.1265219719785926 -0.2551821706205468 0.10874576631180194 -0.053645272631725915 -0.5605297722274704 -0.7034859855290856 0.022960204337587747 2.516125460208911 -1.0544814229469288 -0.8213768086675254 -0.06405069602660947 -0.8046267550785909 -0.7916802666262082 0.12461397987121729 0.10917644229990263 -0.14632601172886087 0.008273737469548589 0.22207966842777846 0.15053927915739151 
-4.2207210525483845 -1.3753915454095376 0.6000279900917911 0.5336707156422027 1.8491902797925839 1.5829367043831302 -0.09210687945291085 -0.08678375715896658 0.4063302704644348 0.2052633699877776 -0.29027859832847097 0.06397429398872237 -1.121320656889815 -0.7500717944717897 -0.9263632810461234 -0.8052881458057716 0.1274705658276126 0.27247388004631473 0.11046463077540442 -0.19625151870359672 -0.2641788532906306 -0.23303214983033413 -0.09226218779349489 -0.10202138329146425 
-0.5492787368752534 2.7295777283343057 1.6811464224927573 1.1072885644026615 0.12630308719385225 0.72069354247484 0.15454593887948415 -0.16171241476800136 -0.06071910499102395 0.06960660225933202 0.5313396748496716 -0.07407504396448127 -3.476491191888906 -0.9822589282497503 -0.311552247795728 -0.35059028262360864 0.36736410620422166 1.014872638465248 -0.041441202177981605 -0.35154543485874273 0.06901699900062101 -0.16390201179740813 -0.268181938708629 0.030420324762194164 
4.085612975959747 1.30913814362615 -0.024159289207565493 -0.27122695926721274 -0.41572802786020546 -1.5167016740258554 0.10057749407685337 0.4314723674452777 -0.17834514033243204 0.14309580557084 0.07842929310029854 0.11901013410813988 -2.9972187834663537 0.0775345554298396 0.6180140664748391 0.5088463694086751 0.6834302473282486 0.830112369915069 0.21672039318705583 -0.26027774627171457 -0.011220137403264977 0.08726967142818993 0.06796269267145816 0.00335272149499116 
2.763303267122023 0.3383176095609226 0.17290382467187193 -0.281380548265298 -0.1043990939476831 -1.3682767542126588 -0.22720075085148414 0.9042540085859079 0.03164143576484446 -0.03773995462677715 -0.08329411511758338 -0.0958186900087035 -0.4509516570905559 0.9932034450327348 0.8940067440815381 0.39150033061184275 -0.01434471491570464 0.16614704010325965 0.06570307554695937 0.034320839091016 -0.25478370135246936 0.16977118070876954 0.28950300327999784 -0.11354482317003517 
3.11464429585204 -0.4123651523123648 -0.49989291042228357 -0.29853383624984287 -0.08574937162139429 0.1370847429816724 -0.5513947141485942 0.16106626997922247 0.39381041229629554 -0.002872365853737624 -0.18684978135921795 0.06478795252586 1.3995254082423154 0.22264107331096739 0.3689123013381624 -0.1058791448521089 -0.12176594039425619 -0.6450953676093376 -0.08630449134382774 0.36489971006618244 -0.1736307788375265 0.09510430770775907 0.04784782552221232 0.011761307126296574 
1.289060574450268 0.6107190412053587 -0.763006999144498 -0.053558988941551644 0.004347903821560584 -0.6046407863387029 0.2834228163513298 -0.12947188330802173 0.41755422275202025 -0.36672285415468775 -0.20452979776056363 0.29367051633676416 1.1125755331535407 -0.02562926952101119 0.04093194322886721 -0.07883856219316264 0.17244108929895377 -0.6343466528364984 -0.0937883754763803 0.341469426892331 0.022885460747868607 -0.027937698806705935 -0.07498329994386953 0.03510010637759026 
0.624158097568678 0.5050142078710298 -0.6629407813138677 -0.06750030437275922 -0.10480370556205876 0.03676644486517944 0.10417918450692965 -0.14636381680630484 0.14959080268655955 0.02227433221151809 -0.004496342144848314 -0.11101839044348367 0.7359460973830636 0.017910208142310147 -0.1357839659740071 0.0012204576120798765 0.12569972915327843 -0.27687039733181773 -0.02962178858046627 -0.04008338731256378 0.16500340707790667 -0.04369832711138205 -0.1642328817201665 0.07509316786552815 
0.6708197668030813 -0.043484261967741134 0.13163193043106236 -0.16038162762435193 -0.6121951948742121 0.5849223533550827 -0.2736225737501051 0.03356077130167856 0.08509485832610664 0.0334997927607128 0.05047906510684039 -0.11321583765680242 -0.49033245380342194 0.45184002069185275 -0.10372393933685375 0.1459458120997061 0.1103284055012187 -0.3062083558556071 0.18872775083932466 -0.07553763546192112 0.08146754465286898 -0.11856578814530198 -0.11685307072594571 0.08206869888116304 
1.2159264075264424 -0.13899412515274534 -0.5398604772880424 -0.24878388974468235 -0.1545770097333432 0.3729143651302328 -0.18400665335647792 0.19980010461206366 0.06502987327553233 -0.07188870797729174 0.1783444323675796 0.04295162592605885 -0.6292099098131368 0.0690556923496457 -0.3663080801796515 0.06202434487841809 0.32748911854414464 -0.0032419394855086234 0.13833358645725133 -0.05464956145331923 -0.002795372722554886 -0.006392651566396253 -0.12593476479320864 -0.01848273285800236 
2.4641737808816515 -0.42279685435831205 -0.5133753331468494 -0.40075463255470845 -0.3017506605964533 0.14591032109559166 -0.1386675172349403 -0.0759409376314426 0.2154320534989269 0.036056030375623105 0.05460902716105956 -0.029520588491496233 1.7322018845756686 -0.7008023507774839 -0.32732037680208764 -0.48277807357171815 -0.8688421739528183 0.19393802544083125 -0.03013811692957095 0.30140709424625595 0.09762564858060063 -0.1971430975491144 0.004473198651758201 -0.10802417200020191 
1.6151108199688036 0.48750342701737814 0.7584870910140427 -0.13338683654283523 -1.2424933283333721 0.2659982794514508 -0.3782991031224068 0.07233572202021343 0.09280832326781407 0.040174168103251695 0.3712429712076681 -0.0974178164521297 2.6727313518925366 -0.009072900451845278 -0.4974351617944217 -0.38882077475917703 -0.39130910766076726 0.32609215020369225 0.05188408369587505 0.0764588036416222 0.058368129645288924 0.08711435689739043 0.3542074734242197 0.022493815567797643 
-4.725378093145105 1.7456740142796487 0.4644192766862827 1.230254066489879 2.538289486284257 0.05656631987198002 -0.08606199807842785 -0.8069283201411641 -0.22167131241183613 0.5688976473677843 -0.059389800268478454 0.2810413995328976 2.223891100118793 0.6215666591374922 -0.32358624757053606 -0.20563412814285495 -0.14742863967094558 -0.2025782199400454 -0.28013000739863053 -0.05583004484051838 -0.008544092270996931 0.44102937025471317 0.20810536852900172 0.19368993249311847 
-3.2074917111377883 -1.19601085811619 0.4635477031786568 0.10217408501055503 -0.40066976019139666 -0.560690084869038 -0.3659616640223593 0.3359173849420578 0.10847716729504708 -0.5996525871655436 -0.8272785741903104 -0.17981081478953098 0.6212926370784491 1.1539891389569765 0.4631141730940775 0.2946834424628217 0.002564880958102552 0.005581760850503677 -0.5679299950344378 -0.1845956024923553 0.11549842420273897 -0.05233066968191341 0.007301350896870655 -0.020298999442882146 
-1.7961982539214314 -1.4457396892040046 0.6048531034824518 0.09836729109716125 -0.28037652565460425 1.1669891630759723 0.6955537854109276 -0.04024163457080965 0.2332299082983012 -0.9671187027541187 0.029553694273043607 -0.569393886802151 -2.1284848138134533 1.0601602290867365 0.23055578135242447 0.6620057709914623 0.8842549876301611 0.04232509795602266 -0.2435492475759262 -0.3918258372305335 0.2531089203042391 -0.18057872440858871 -0.24474976321416583 -0.06062763959392201 
-1.7133570108783802 -1.3787571381117245 -0.7010723416662743 -0.4514937762349415 0.1591450347617509 -0.30595842470205636 0.9346829902362286 0.24277918671210208 -0.4811375596954715 0.9651743522099434 0.30486717124629503 0.388696825044041 -1.6776406884681565 -0.31804144416163044 0.21178586660663953 0.0598101758507813 0.03535532306956424 0.20164434194756772 0.21056385267850217 0.09063953213406196 -0.003843260464839099 -0.4135751158760401 -0.24298242286631497 -0.11291397019375266 
0.9130089981655509 -1.343433532982793 0.35506195505147486 -0.47892931586175946 -0.39438287408280015 -0.19777480407957881 -0.005736582479943242 0.41511829066541417 -0.6861907098292941 0.3282203509058068 0.10878661665571639 0.1786704983978776 1.4671128414476768 0.22353428548408397 0.6450909281465236 -0.023110499293600234 0.1594851622174073 0.4576242498325344 0.5530341591562641 0.16938968856964023 -0.09469168953402841 -0.29513044380166964 -0.015757689486550024 -0.2317805068031744 
0.47082672822319027 -0.2930396037419043 -0.046914322425773314 0.21139186093767148 -0.4497325551859914 -0.4832411271339656 -0.6470080381124304 -0.16368117407824 0.579717257753362 -0.006596766367385876 -0.1379477667827019 -0.2151010968082873 0.6430883097459068 -1.365274858660272 -0.6978025969175059 -0.14635978767816601 -0.09745660531126639 -0.21379360320463825 0.2768710571122444 0.10126123725407167 -0.10765829249309321 0.4155595281989628 -0.008378256156053199 0.11748719962314624 
-7.289628647815248 -2.6592013128411667 -1.6574986905773694 -0.16374402960834455 -0.454393217332955 -0.11724223520567612 -0.17270317788353529 -0.34518051988455933 -0.013122431824030278 0.4041581879395549 0.29823423174719216 0.42784659453353646 -1.206360656517707 -1.758230186110107 -0.18458722223080662 -0.08962737063471837 -0.547191383548573 -0.09050621157981846 -0.12893304356177204 0.11445002284147905 -0.1458281906972364 0.2737417831519732 0.04570478900457142 0.06503287845822693 
0.4586968828742988 3.3749513277982786 2.3986157719006655 -0.17000705632715096 0.4815200223206275 0.29515610047490703 0.18755311660129137 0.3191448802248738 -0.4946968212188238 -0.31947315090381917 0.2352781321687168 -0.08835282189322713 -3.4911067772687914 -0.9127784938207603 -0.13703397364656575 0.1494580098637449 -0.4608495275844855 -0.08544287580744529 -0.18294707439521718 0.04758584470189466 -0.04021955445276467 0.11097325883437943 0.057438607648167 0.07763984607458525 
4.538155890393117 2.0972615595774364 -0.3139414254193247 -0.019347745325193122 0.7815649878096093 -0.31545478314455977 -0.036218029151487974 -0.16964480501057988 0.28850090174850807 -0.33656680628189606 -0.21494069983370723 -0.07980227443433326 -4.145507139251653 -0.266078907387274 0.07499635558094113 -0.09349209659738596 0.021571960143124125 -0.08341480888251096 0.13362368373375158 -0.01049527146396397 -0.14167642369930075 -0.02791217727595195 0.19634141016352355 0.08323116292244138 
5.030254790925381 0.06706444151107505 -0.30759103406509847 -0.30918031079513897 0.3148369249961831 -0.12780622574218792 -0.16640938929280247 -0.3942065656209137 0.5495642543253869 0.030845954240201284 -0.053676123936753264 -0.19419620054810816 0.6186518359118361 1.2527657591640493 1.1632412714790183 -0.11660351414370708 0.38498963746874343 -0.0908029013590057 0.15133377628574188 0.2081718828752249 -0.16493570585920073 -0.19283789863867115 0.06479044495488777 0.005500342668534747 
2.8611138159141714 -0.20702114753574286 -0.5293843543373108 0.18631888741780733 -0.4357675491001052 0.34448335455040424 -0.39659297613774314 0.042981017430226365 -0.11022369849823344 0.31273516719540045 -0.14631287069064353 0.2310747950936528 2.260349903776967 0.3037234896406356 0.26639486145097124 0.050320735473050084 0.212640492116829 -0.14830162965718172 0.0034721916454756676 -0.047993130691028195 0.1282136347509142 -0.0469878482277166 -0.15719871963544668 0.01777758861708662 
-0.5587375876217369 0.76879540386272 -0.9833865780773967 0.07697016973247006 -0.06478262163074555 0.23759573570444215 -0.08626073876280671 -0.41168367962120395 0.1994725964821491 -0.065610441726454 0.006592882732521628 -0.2602923846628244 3.6862927482686545 -0.05801963331699245 -0.4744737843567745 0.13190548470911825 -0.16340071891355804 0.06126266385583471 -0.24583180104914726 -0.1183642176604545 0.155180042810969 -0.10168010139165262 0.00804459283367837 -0.06346616308379625 
0.5516023683357751 0.835225609479707 -0.7752282377660894 -0.3633851920081479 0.3334532847725866 -0.053250874896329625 -0.08670892935291286 -0.016926855937350188 0.0789058264173843 -0.14737506361541858 0.22652095573799536 -0.100086948228235 1.6266372827764937 -0.24316919223362157 -0.4315182566925679 0.26311771401839673 -0.21224185853079444 0.16467772011081835 -0.24006745965237405 -0.1475549228411381 0.03833809248032266 0.021967888124683272 0.0322847296905997 -0.024442583997365208 
-4.873867730091385 -0.28000003704567256 1.2387522607196142 -0.4300447252095161 0.42042866480051133 -0.11272710258632512 0.41614399046222417 -0.009159975955761956 -0.010540636565328998 0.5659413738205686 -0.2642268156521078 0.1617831603642245 -1.3037723748949064 0.7955430996628522 -0.19334449490338992 -0.20106253758764178 0.33172777407914966 -0.10221237138647825 0.015500107459211043 -0.26530396372570464 0.1325149437433685 0.03228657313795167 4.1468694263978545E-4 -0.07438594801153722 
0.13876703881951435 1.0468841496193182 -0.34589900365811277 -0.34952680716638973 -0.04164761672335038 0.02561161336333284 0.07240703820686356 0.28438393412091967 -0.12023135941546237 -0.0689444049521607 -0.10775721057012791 0.09336477457222403 -1.3307283679015178 -0.05053547574706633 0.577923569127269 -0.19234807534258466 -0.055463055893627544 0.21784957174891528 -0.08549817845036778 -0.10893114504291661 0.1708050523252226 -0.050358680135546875 0.04414448078412849 0.08273411758065856 
3.5589972018211125 -1.7236631651956422 -0.6180177104212151 0.6732285900745163 -0.872415493120226 0.5048016057340456 -0.21231904492032805 0.23357281652677497 -0.09850364183153304 -0.20168549047193796 0.1724879050586639 -0.13386040202844224 -2.3270167390224796 -0.007868631823800301 0.27572816031973035 0.31705863166839077 0.11306606684505845 -0.1679764144831496 0.37069179678468833 -0.01105925701845728 -0.1314556379988064 0.18055228445998392 -0.05029047313996846 0.047870908041140615 
0.32735500608407975 1.7086636007958909 -1.5806139595774817 -0.33797762362241013 1.146264531413838 -1.015563944303261 0.4840171236894666 0.18850018295013116 -0.3895278279251815 0.38751440893747535 -0.12426984696977597 -0.20046751977387728 -0.8302604702851228 0.0027616452230324975 -0.9612346223857217 0.41826046751359947 0.5207344487233422 -0.1628603310196496 0.14043458301152986 0.21017270439211147 -0.08960493986327156 0.08938403243964366 -0.2908736116941653 0.06690180148151789 
2.0128885033437705 -0.587283867162558 1.0289252577201076 -1.3869952119866782 -0.5127256098032582 0.9117899196964205 -0.9017364426331422 0.07195967068500414 0.5184745116859498 -0.20394488650420114 -0.10509907803237839 0.1650865834138533 2.0790144174409417 -0.35362823311277286 -0.8900022894322809 -0.11388641743293466 -0.07230567623246094 -0.19326647359865756 -0.1017818992504886 0.28726196721216185 0.022566665874260077 0.10379225192883941 -0.10690747065630007 -0.09394798029073008 
3.402602798913554 0.4704095649336786 1.7143333794283908 -0.5741963086765909 -1.7836959045518608 0.31069844944109426 -0.004188011971318906 -0.2653276061345293 -0.15990561658438912 -0.33596680425496006 0.9036571160578892 -0.2568141225934774 2.436045222494385 0.5537513759345449 -0.6154679450313479 -0.8770605354212934 -0.029757893781098128 -0.12626161687605533 -0.11736212552507548 0.17191947230075122 0.04961528417412434 0.07353704428497307 0.08998412775600802 -0.06861463896519905 
-4.21566994691645 -0.04365144792621756 0.40451548837269113 1.1329971849004106 0.8094817535600062 0.42146982965784074 0.3371292206615305 -0.4012991905673804 -0.2810147451247094 -0.15132163966223852 -0.02075316448626846 0.17615684025354805 4.283378308086846 0.024450809085291958 0.3490016815837353 -0.9104567704578602 -0.4809357736451445 0.5488735353691152 -0.6068945501547338 -0.2067749305102009 0.2523482323263542 -0.32396840377594416 0.2862734994105804 -0.1018139223222974 
-3.8665014362689654 -0.22440673662591415 0.5779947601902702 1.0332077841979257 0.5744345310755001 -0.391619048655805 0.21667066861735662 -0.09062880332593026 -0.13862905204222487 0.14059165266157483 -0.436395187010855 -1.587312981274902E-4 1.1614399641925648 0.7776245434634568 0.6626509404705436 -0.3817413227389599 -0.5545530081055109 0.06062095261525169 -0.22501096301536103 -0.10114752391736598 0.02684388545073214 -0.1816793828870135 0.3521997281928737 -0.0434733920206854 
-7.202694303325505 -0.3132281436386375 0.5500895225879621 0.5406730529496443 -0.2489835066815051 -0.3836719373624753 0.8085178675367215 0.6049350608113072 -0.24920846756419496 0.5296810963653638 -0.29389342472974755 0.3422006547330705 -3.4871321262458252 -0.18005958801175836 0.38464064562721445 0.8432850356209419 -0.17717691900707958 0.11343883223095517 0.32152310718798555 0.10540645967839775 -0.23641391013430055 0.19639268378415708 -0.2339895377399881 0.21693987057599373 
1.4117950845403868 -1.7276757176004818 -0.34640645909087553 0.8671897255156719 0.40919574988542773 0.5314064751054972 0.4351505536371686 -0.4650021600717752 -0.25634041171684274 -0.13143002360772071 -0.016371938398992425 -0.20941585377118244 -3.8506608005514007 -0.6546527487271673 0.3737197023187952 0.8056670198519855 0.0671764826829343 -0.25533420271558155 0.5278617664783538 0.2529710137884339 -0.2246524271451157 0.14481977480307837 -0.20697529685891192 0.1267681512184559 
3.6065781714163485 1.2481618065963413 -0.28720583886837936 -1.3138488926212881 1.4236319011762812 -0.38035942891567587 -0.7366800434123322 -0.5303318912296513 0.48708266511550113 -0.604488852880062 0.47120382442776465 -0.3700342102379057 -3.0218491199222797 -0.5513441207614393 0.13285033646114597 0.4374209440046963 0.38491317310123 -0.2331789251139708 0.5346231392199514 0.12220708370863533 -0.21657959060344256 0.13216855560212773 -0.11722241979215771 0.15121559195170936 
2.2808447280143103 0.9588565344380982 -0.12451666603794465 -0.4565323025725647 -0.46340262090219597 0.37272730526753994 -0.5943156753431778 -0.28190836867075275 0.16718266305327423 0.27321730287505264 -0.19801792101287535 -0.024345752468007076 0.630558710968498 -0.36827060861725275 -0.09452045195498153 -0.018420711101496384 0.6225499582128545 0.11936776846507212 0.23387308262130257 -0.5128810530824577 -0.1436115523307789 0.019925592021915167 0.07953674455628434 -0.1815444375864849 
1.428328234704372 -0.0024619073736094066 0.04059361667805872 -0.10972876502032636 -0.9674238405913833 0.39520442289841573 -0.2806184356329595 0.14676691398489 0.18876876686107424 -0.06914823368240608 0.14859682595366702 -0.20398117177364528 1.2104337606146638 0.8461254253904427 -0.21917524659213514 -0.5533000932634042 0.6257349083495801 0.03629067851605746 -0.3737697643122376 -0.3668753409105572 0.13292639183837848 -0.18402940089691566 0.1666813705120356 -0.22191696336531255 
0.609243919990881 0.0024479652362519033 -0.22674483099915 0.3203917950196801 -0.26292625386930357 -0.21447875619676493 -0.49449949811642546 0.7350915965683272 0.3236511944027074 -0.4588771092722942 -0.09367867283079667 0.252190939756142 0.6216971277683664 0.566851281317659 -0.01920021958802261 -0.33248962074046057 -0.055717451121330086 0.2760067197642773 -0.3744200855704702 -0.01668196383218749 0.026242046491614268 0.00248714873322603 -0.023122782264423086 -0.1372372598369361 
0.8110772935840718 -0.8120101849740635 0.4214339833886287 -0.042410661627197754 -0.5538110073889055 -0.1956284337316958 0.33472116091100435 0.06179414888248019 0.010069223925649129 0.3136465558843583 -0.08100991119938156 0.15744833374595746 0.29802745893427424 0.012685315915489603 -0.05828149645438422 -0.19463602225611756 -0.28127000063334745 0.5464375081083483 -0.5179724060865439 0.19745974269321165 0.2641922067854459 -0.019132288050273505 -0.0814162930396428 -0.09767585999772559 
0.7243788152693611 -0.33692317071465183 -0.2573361906291618 0.5072775079522527 -0.5030566841394446 -0.1598764257102363 0.22127478309625082 -0.18937609462298538 0.17780629504614398 0.07435846189199236 -0.01384620564308181 0.20665127428299981 -0.5323377766023526 0.28759644136061774 -0.21066767680505594 -0.40538722057349075 -0.3332859304456921 0.049852689496901616 -0.3848929931581413 0.09664568425222782 0.5893912447748737 0.20417375117114667 -0.06581882832432936 0.07743144166713667 
0.47667841026230917 0.12916771285537365 0.2307337858562173 0.3807364452817401 -0.0035486235562705026 -1.2714092666698935 0.9154116420203342 0.01662153150091128 -0.5308854038169818 -0.27836915511372884 0.352929471478738 0.11181624095610254 0.5446356955707555 -0.07247788840442822 -0.27903168294274705 -0.5660605497139647 -0.3023779165372206 -0.25903499869399266 0.20585805637842983 -0.3935260390279198 0.20190113115831776 0.23993292780990064 -0.09130122767938849 0.3851992861353512 
2.37345669145882 -1.3309303077603198 0.5006082981822235 1.3249799032856835 0.4618003455514552 0.17385359178162907 0.3698342408033333 0.46774085250242825 -1.1740452260505982 -0.7753905072866907 -0.11319187919686835 0.04271266114965944 2.1595356882972108 -0.3757925870552728 -0.2783602653337396 0.18880931623576788 -0.4059402569393719 -0.35982895605339493 0.36361973400876196 0.018906822493636084 -0.11385729850839359 -0.18403745300388463 0.16274778687672556 0.14781435282460764 
-1.6473687312229242 -0.09757295123794485 0.8795567878111772 1.246919789847981 -0.12910577262269363 0.41461155360434954 -0.35713273707782645 0.913813792403533 0.08029159099906702 0.01872225704399788 0.2425666086156772 -0.916180218093426 3.533435278896954 -0.5190519723649062 0.04564343552583757 0.4438255481032813 -0.5296685934901727 -0.2749406163517686 0.8074462942470321 0.5019053213760535 -0.4838987521135076 -0.528465058235407 0.14771174645334237 -0.06935652476576898 
-4.692204678879655 0.9038249224978259 0.253333104394577 -0.49224211303817134 0.7775426612118828 0.07660003231282708 -0.23331222938095464 -0.6946926925552045 0.21378969316330032 0.4779251148247829 -0.4469081348417281 0.2772064453339411 1.607619480529458 -0.3226506592566614 0.5392352291180121 0.7583140487712751 0.26557841720975484 -0.0838893598682217 -0.03243039061524622 0.5707708495671646 -0.5679995350742032 -0.4214759276428217 0.108432299288585 -0.2960634483701832 
-6.5907967412593145 0.5689460148210195 0.21744107617252784 -0.04212919086617628 1.427585999084034 -0.39796063788018676 -1.2053540056286178 -0.9078776600984327 0.22689339291659155 0.6803682085367554 0.07665235994114072 0.20263892316126864 -3.2646015941829085 0.2346207971193374 0.4523123562244824 0.8025837921692197 0.6780414705823287 0.43243661142453743 -0.34162010676127896 0.13860865781228235 0.20692634276038227 -0.05800759710491565 -0.12180086184576135 -0.2674449692590723 
0.022312254888641192 -0.6962378130198177 -0.7860395333524881 -0.30543775267106343 -1.1132807919311731 0.8318077671285623 0.8912360469244677 -0.3337259699480829 0.45665247821324917 0.15821429989539582 -0.3555316527253551 0.37149343563286175 -3.4853923510128575 0.7761415498650125 0.2940376031786733 0.021802750240471996 0.39223715404676823 0.013627379391968009 -0.6307635451277086 -0.6940606258852197 0.31000079100371664 0.623190787706665 -0.030891803025116498 0.36711059848681066 
5.789177584441654 -0.00140397483713528 0.04230603801126254 -1.2542337668432322 -1.2178184577981521 -1.2603021480771304 0.10545344505329932 0.31750445766312513 -0.6619188298070542 0.35260045582343835 0.5622809530947748 -0.1609888054656694 -0.5322793805638127 1.4772200622293028 0.3593241662118924 -0.4557956833299097 -0.24184457194605882 -0.22341982156266446 -0.17254240291734999 -0.5144936725500261 0.2501084125669064 0.160599107806997 0.062089696824848224 0.001464431911202435 
-0.4260147886915666 -1.1394247322681341 -0.5412121860608101 0.04840192422894063 0.9235334275126712 0.46688864923539486 1.0035746806612127 0.7747981262196756 -0.2718065684860267 -1.2277633719385537 -0.5970470223431956 -0.6423114858130219 1.3587381150525442 -0.29027607226267554 -0.5067653436483958 -0.683304614868378 -0.5628449024600493 0.0053731202943422636 0.5654180489375774 -0.11261388547625865 -0.2882034175215001 0.17889230988634477 0.07307241331032815 -0.0034820091538084554 
-4.769795077777773 -3.6411207122427305 -0.9829450961089883 1.1483380206735507 1.1347126052002885 0.4547583857543904 -0.7438961137449404 0.0813413094677663 -0.1592023214344897 0.8915597210327392 0.011140954275516285 0.7051480881506031 1.0680898289150471 -0.9588659740816968 -0.3932282473182946 -0.435793041477103 -0.03258272619478412 -0.33073667124939043 0.24476065744016373 0.44924992527851476 -0.4757867468655393 0.06552799839121265 0.007829434460465023 -0.07775403046451866 
1.225584240840722 1.9944487724710065 1.2468820646528247 0.543190198175679 -0.6010116160502457 -0.041841860670224884 -0.38034332048914493 0.12219726057837246 1.0699044765914671 -0.647942262368289 -0.2991788932467103 -0.05112898371384916 -1.5453304827251328 -1.756679569328691 -0.33733246337551615 0.5959782005925618 0.5708265266951059 0.24083302514407914 0.21697198263795348 0.4056217143500618 -0.09226037791618787 -0.29853359345977165 -0.3521629196170318 -0.052567413729953695 
1.7591085829303683 1.3082571950383848 0.32794365460932884 -0.19424877938529228 -0.3577977574323412 -0.013726879376149137 0.06313047330798699 -0.7039448853517676 0.09458588825081675 -0.13389409413533193 0.3898585851651371 -0.22331796512169977 -1.8171333857514957 -1.580162937077916 -0.04961575063961199 1.0905778623844187 0.18592838269744696 0.24607888028403377 -0.5733931249737627 0.17551580710646386 0.1748132606742483 0.11758901766029302 -0.19533007550426537 0.1466402103368868 
0.945524829129762 1.6559250220773816 -0.18465917129342024 -1.0682392775193232 -0.04269097125633148 -0.021367793631572818 -0.050854560779111435 -0.04942391942074276 -0.12191953958011628 0.18056431602479683 0.2700829210630894 -0.020376217987009337 0.41805332553271785 0.3954507206198734 0.6353550346045934 0.4827922442123825 -0.12696596283009542 -0.07625653260597827 -0.4253265234570128 -0.030583028882152058 0.4975471988647589 -0.317510469284779 -0.05628868803578186 -0.11173262558808646 
0.8216347853321944 1.2686299741878297 -0.11832722621702985 -1.3176808286322041 0.2977671347109905 -0.2937152886170369 0.8115388813213309 -0.3593955218520677 -0.087730095371443 0.12453937885531718 0.3125002736334126 0.2498510742765229 0.8289559288677428 0.5670662923220146 0.11509992264734221 -0.3468536618057793 0.08717828919343433 -0.15021309212304343 -0.12540155226509342 -0.27541109542181147 0.08148627478454178 -0.05392013055957614 0.3551338808221973 -0.004900812374769821 
0.44016116304165553 0.8279102210366638 -0.4360475987477761 -0.3434705098380126 -0.5478961736316252 0.3269219417681538 0.5214320458752215 0.04167166547497869 -0.33157912819167973 0.17537240899072337 -0.09163367337350248 0.0474843733512989 0.9606036779839014 0.9194751994994537 -0.2137774243565517 -0.8886058733664831 0.007406354015317529 -0.07960413697745018 0.15625354369389888 -0.1251199552277473 -0.034064894852823845 0.06687855544168024 0.23512807786438672 -0.02101093716589369 
-0.47507737062880695 0.021065718592700122 0.10833810039448011 0.4839278221913903 -0.3667300238249973 0.26276752929311786 0.15319182677610077 0.07674060846580621 -0.04504314179702684 0.03046225106043321 -0.49468476008315904 -0.24254582366654442 0.8131728288741211 0.7361175559479521 -0.27649675776749927 -0.7779741469030729 -0.02933594313943892 0.10241368405480833 0.47464798645913425 -0.20130280246296475 -0.15244700942480796 0.012351733111351496 0.12022284815980651 0.03248542181096988 
-1.2879301268414416 -0.4787184486234146 0.3433404384704799 0.6967740171683288 0.26733854596570983 -0.06079679165429963 -0.190441664588193 0.10786788110356216 -0.04106833180885283 0.026967213597198114 -0.031708795671784945 0.2888550424822054 0.38733248920461055 0.362282670616918 -0.2129766160610259 -0.11776844611778704 -0.37038067466520647 0.1529670383133031 0.2896743433108407 -0.004019889081299337 -0.08577409520729039 0.09993010373127202 -0.10468910039489225 -0.036140855790145365 
-0.7538380563486202 -0.28640835882598736 0.32146902847633996 0.4961193485738442 -0.021842395669360304 -0.40709697407023515 -0.25646822282436466 0.21141477772253492 0.22435553471156744 0.16168677721802532 -0.0781307096968657 0.03170947427816001 -0.41803255344595835 -0.09136327010478833 0.18998725023609575 0.35071343662586046 -0.09916833805137144 -0.02444864403116422 -0.01042061051766241 0.11906700900922451 0.03153023493302187 -0.04319437738137207 -0.18857564069452984 0.004517736970888901 
-0.5824559617122693 -0.10520075210474644 0.0963167853943716 0.0037390653241216043 0.3908020362861757 0.202953078509921 -0.14276095925706778 -0.013605751909487651 -0.20895618082410572 -0.19003016528188876 0.014156602618027592 0.01877929174938278 -0.6055638686724208 -0.3027389270923531 0.13467868495026636 0.335901143333649 0.0961946050733885 -0.11384245680469231 -0.1216653730170711 0.08158788777054837 0.04375852925119176 0.05499069978846526 -0.01691830002502942 0.06225056720433914 
0.426283207144482 0.108396680647731 -0.338111823775753 -0.22169501176408768 -0.1309567548311159 0.20423852630450023 0.16061330566352539 -0.2197236020553424 -0.055689922088466015 0.26854407264409286 0.0481094628555242 -0.12106115921279981 -0.5287385119754716 -0.3940597367612 0.09315157280463222 0.40456850100403835 0.157983703960721 -0.12482502039046761 -0.12135895563143317 0.0011162598129700236 0.06094557434979253 0.10464915740406933 -0.03987730237266802 -0.0473021760178341 
-0.061299152570730264 0.2320958129167856 0.2690948097457273 0.04797776733634751 0.03331191032642211 -0.024937171427590388 -0.033986309780924706 0.07867340768085568 -0.03232119116241139 -0.19143353348123143 -0.04407398187289163 0.17848865761466787 -0.09962666954275866 -0.1410845661503961 -0.209643472149998 -0.12563394858927834 0.015381378071288513 0.09911188730723963 0.04265078776619097 -0.11708333879494263 -0.1738829795846583 -0.049964285364201666 -0.014968638287165792 -0.009332656093429226 
0.5717990750070253 0.7271225689468466 -0.044374702113234576 -0.7397055054443837 -0.31704844457164655 0.08132321206992335 0.05322131933186336 0.16192641848845318 -0.04679868316865732 -0.1515590108945113 0.07061648966659798 0.09376131939901974 0.6308371704695114 0.4985862296985995 -0.10596245399351097 -0.348755764997385 -0.2799715426267447 0.09469493979716648 0.25066932950046444 0.04979953624828936 -0.007607316217778918 0.06984588842158294 0.04982685433568682 0.0775523168540434 
-0.356333887015265 0.008690002196884095 0.5783786410131064 0.6396461579321047 0.43770374694257547 -0.03292492629450945 -0.21701732938980967 0.14681925420344244 0.3082471384699649 0.1699142325800183 0.04780900407398808 -0.060633979276239314 0.924135135442853 1.1188304255630517 0.4595163968484886 -0.15923424362567304 -0.2511094959957799 -0.10552223631817159 0.007294010681259021 0.06014169989169657 -0.03343125405407247 -0.09105812906968909 0.017863497062685255 0.11611126240993906 
-1.3187109370417849 -1.2756591030881168 -0.17486637742890965 0.5287380879301886 0.5067619547410414 -0.0758524156535397 -0.49987917303342544 -0.40319513406150387 -0.2031521382513174 -0.12166747565128083 -0.14731259312497613 -0.23415679132947648 0.8610786188868471 1.0857383948998482 0.5412598721236987 -0.023505219965125484 -0.10339194091651054 -0.07256229980807408 -0.09132801718937777 -0.0048103389917326655 -0.054800556197280616 -0.10139167027724867 -0.03725609400118313 -0.03871103559960584 
-1.8884495528748841 -2.1230046277548875 -1.044208543141901 -0.10854129847391958 0.37473519865741783 0.3702173513886559 0.22068190435794263 0.1808090842807445 0.14614929854113606 0.06679508610622065 0.011300068334839652 -0.005886074250901173 0.13909476785831107 0.3670343934020943 0.5396617965152897 0.48801285694169666 0.2975921355295976 0.0036714431153522568 -0.14469850933403505 -0.03631280700928282 0.030164765618474948 -0.006583283846949052 -0.05031509832633955 -0.09520661713550282 
-1.2453789487237064 -1.4642453007768124 -0.8568607264068271 -0.29509611734599517 0.02461165232046386 0.09743897265256288 0.10835575402612053 0.15936252042500015 0.19865190538759897 0.20417557317413354 0.2006392395397216 0.1825204736851682 -0.4710510297764867 -0.46546605458393325 -0.09097942564123306 0.16059719870961012 0.17256730430799486 -0.025673794861673916 -0.17516766038244355 -0.12737794527065116 -0.030817236499677412 0.022464264906496872 0.0275375142370536 -0.0023276480944631286 
-0.8102841847492375 -0.998120079165051 -0.6996095740438039 -0.4124753102548934 -0.21399750843592857 -0.1305849497936175 -0.08703926491747746 -0.025521152011961118 0.01685081979508185 0.02674255970815828 0.024778382720657882 0.016647239622946827 -0.8414066492526052 -0.932465889563403 -0.4230819908332483 -0.003966028164328746 0.18357259971483664 0.17680958806436775 0.13555215681689228 0.13306118368140102 0.11156591264447376 0.06282403575527555 0.0331458282603096 0.03186857840334031 
-0.44464053177514806 -0.44170321363123544 -0.07422758505425908 0.1989134976918452 0.28342639536372993 0.25157011952261876 0.1794843927516152 0.08210381989680239 -0.04605118937925805 -0.16903400717174025 -0.23666429302904607 -0.2384405039830111 -0.4914059110976378 -0.5665304340879577 -0.3050594863339961 -0.07072066940647752 0.04765778191144989 0.06376444092153759 0.05519567777854024 0.05719176392622719 0.04556175574182511 0.024748835764398014 0.017261244405248316 0.021869445695115453 
0.23540118640865249 0.1631219973625333 -0.16627914131844013 -0.3436480214998535 -0.30538997200872514 -0.23727698623947527 -0.2215388854554816 -0.17974511649935968 -0.0661968920088567 0.06492776901333092 0.13051434983829469 0.10898867937316754 -0.21714507562955956 -0.2579406990481113 -0.15433475141939282 -0.055483715018505554 -1.7663889680339753E-4 0.005494051619765017 -0.007616113404006637 -0.020959006451053547 -0.03592364012662786 -0.04445899100035423 -0.04661495820578796 -0.047290710797163814 
-0.29400390100973794 -0.34527503677673155 -0.20834748376752066 -0.11734775350408255 -0.07266546162748752 -0.040508331889120994 0.010018530959501878 0.06489921089001784 0.10349049406409291 0.11083646122835318 0.09598752276515826 0.07074141672471149 0.010118897687280507 -0.01687840027804749 -0.014082993753892584 0.05813789915693268 0.0740976467305126 0.037213546671111576 0.03704435995777413 0.028431883296450203 -0.01926824706607816 -0.035389616340159274 -0.024876422175755114 -0.041507265622585915 
-0.2341672732432638 -0.272512070447969 -0.16954537042899465 -0.08789353960141288 -0.03542166324990964 -0.0010278789470426972 0.020542006190599114 0.04595817184459181 0.04985089845328995 0.020184298509174255 -0.001702650559080393 0.003928411660576961 0.1286130530308703 -0.0574092951441425 -0.25342636161003834 -0.10131995808054979 -0.07032167688024184 -0.20215100603736147 -0.17079085676353864 -0.047446608747193746 -0.006351840210027518 -0.0059470890443529545 0.031050117011864387 0.06449889340665116 
