0.0 0.0 0.0 0.0 0.0 0.0 0.0 0.0 0.0 0.0 0.0 0.0 0.0 0.0 0.0 0.0 0.0 0.0 0.0 0.0 0.0 0.0 0.0 0.0 
0.0 0.0 0.0 0.0 0.0 0.0 0.0 0.0 0.0 0.0 0.0 0.0 -0.001266028483896046 -2.705791557504426E-4 0.0014766965524879068 0.0020049153147964627 0.0024964929082651834 0.0028617647091173835 0.0035794599160097196 0.004274312817070876 0.003764438776742115 0.0027544517801702806 0.0014126388607749913 -7.869827847677147E-4 
0.0 0.0 0.0 0.0 0.0 0.0 0.0 0.0 0.0 0.0 0.0 0.0 -0.009723869152322115 -0.013509558218009615 -0.012590605302492675 -0.011533857694803426 -0.009943425467327146 -0.008282184155160346 -0.0077554424270234 -0.008161923524087253 -0.007378214439569097 -0.005440516270467678 -0.003706070912054623 -0.0023570724368458945 
0.003798085451688138 8.117374672513278E-4 -0.0044300896574637205 -0.006014745944389388 -0.007489478724795551 -0.00858529412735215 -0.010738379748029159 -0.012822938451212629 -0.011293316330226344 -0.008263355340510842 -0.004237916582324974 0.002360948354303144 0.01579113075648338 0.01859260187689003 0.014310840729368566 0.013732888537659768 0.01381939404170617 0.014124454869795938 0.0120670337859268 0.008233037184204059 0.005453467069339958 0.004324724547551155 0.0054906144578804605 0.008184257838173684 
0.027272564731122273 0.04012280592040318 0.039986860736209884 0.037608946056604975 0.03357501576437921 0.02913919952915711 0.028635517155084778 0.03089723979786807 0.027781301483820464 0.020453226481658454 0.013237171027326355 0.0058907431333861116 -0.008006897205636262 -0.011817287176423505 -0.013360377904184586 -0.016207561215113866 -0.02068951513765402 -0.024220312307469655 -0.02233065403839532 -0.0151087510006149 -0.007618143601223676 -0.0038990016586333645 -0.003282337142140185 -0.0017716152025016214 
-0.06100967463501128 -0.07583920859087168 -0.06292595255621064 -0.06000313864128179 -0.058245690007308115 -0.05694296437396637 -0.05051885993532279 -0.04014773145154621 -0.030251051949930108 -0.02320078688348269 -0.02309042888730456 -0.027498145081214106 0.09337102709262475 0.0302633405049156 0.06422832068426199 0.07292387433394641 -0.0030555375713965938 0.04900555287231977 0.005947838537094667 -9.311554395468694E-4 0.014532715743280208 -0.011573095364180249 -0.006390622446662174 -0.006117026652225949 
0.05642457166025849 0.07377733455833202 0.06932906516192722 0.0756168799937878 0.08744665105421834 0.09683977204571607 0.08688220220883278 0.05898864950201149 0.03233329861352291 0.01916572074738602 0.019273267578910347 0.02024439232526349 0.23287114366993666 -0.2624061889207085 0.0419991691730478 0.009800807885482215 -0.10751776035396649 0.005214726894713653 -0.056736414235779624 0.047391623950296315 -0.059720729843811826 0.04530953247841563 0.005965066760279751 -0.012508105291106355 
-0.29089099929075424 -0.10680554836645989 -0.21178615392310834 -0.24379033591482002 -0.025258683655525332 -0.18945223900259095 -0.05770523788618716 -0.02407517698464373 -0.05716746212491819 0.027099683619166124 0.01191590248186955 0.013535203715042302 0.04664201151833636 -0.026562254433867855 -0.13500298957105075 -0.019681578003850415 0.18712552696309803 -0.33264622700531804 0.033221786991111425 0.015573388686071046 -0.08132015385507453 -0.09360321566487563 0.10519535487632821 -0.028384988666047453 
-0.5564002039508162 0.8428245425703227 -0.011580546099484668 0.10010012103692745 0.33963479365038723 0.07974965615932844 0.20243794883785582 -0.11931390928647212 0.22040169610274998 -0.14062560620491288 -0.022161194938099954 0.022898384608576974 -0.5084635538295833 0.3209479177935246 -0.023576846641850085 -0.13818138332417065 0.11405243611590925 0.1602605191906086 0.277074437544664 -0.0652590566938548 0.18716261118409463 0.08435301524715266 -0.1354620031338967 0.03528754269033526 
0.10547667861551702 -0.38067604929526344 0.3825378217876475 -0.013200025151300365 -0.7457163421946865 0.9495407745851816 -0.2079620942231686 0.0022833818844824605 0.11967521087067995 0.33750452358729366 -0.31795926225778404 0.056329824775271514 -0.07257930696983787 0.36031658066382644 -0.12610257483374843 -0.26129202985654276 -0.28356780684795163 0.026673323635323765 -0.06066684483821969 0.20055263339775045 0.04204092826316478 0.12699071980251717 -0.14691034111163281 0.05882197981025933 
1.3836313941958727 -0.75213116835784 -0.15710238276790045 0.3748658745845399 0.10551817197607125 -0.953438292319996 -0.6692126822566684 0.24158654014901285 -0.61757587143656 -0.3890957449781357 0.5905968593504273 -0.10701554627585688 -0.24205371099882603 0.30695973053463493 0.060614301363881996 0.12034614923832536 0.10533825462764274 0.4459594077945391 -0.17225070101330867 -0.18368502052869418 -0.07328449180353187 -0.18601790308905355 0.20368569651995713 0.09491444423053837 
-1.043168877454585 -0.3902774348938578 0.23928248891234483 0.40270287688100204 0.9425030477254875 0.2471217643311 0.5601206121757341 -0.8061833018956376 0.23569853685524245 -0.22963740640177394 0.14626789867250442 -0.09797377027351878 -0.33083900039524855 0.4847993161569881 0.3716527740714953 0.12515070785758328 -0.21964403411875297 0.36535351313983383 -0.43940236073822153 -0.403810603675208 0.0200683417365027 -0.11567781598017723 -0.08256517870819258 -0.14485100104712947 
0.7440837070807129 -0.07325395623428488 -0.12179578375347933 -0.4688897776941998 -0.820489665192628 -0.906919062097248 0.33514869867833047 0.8359744941896704 0.38224350852106437 0.7009990680567816 -0.8653318649631155 -0.184693150558643 -0.8904586569019214 -0.6561197769668398 -0.26095343582532543 0.517184639235877 0.6148417861300284 -0.22411448629647354 0.10302764727808704 0.1708523134273736 0.20925809490536826 0.06432337134115096 0.11727630439745879 -0.14675093075119103 
1.4177675233588425 -2.1745126038280054 -0.7500737999340488 0.033225677415319704 0.376219678745922 -0.16977937994569392 0.6080642975239964 0.9165212158897778 -0.44043950431764034 0.13949056501036672 0.6577006360235651 0.5297216300580531 1.154471549133716 0.5335242919640744 0.9722174338343382 0.8357144301271978 0.3280548591419116 -0.08074121158778384 0.4342518855728373 -0.38038211503034364 0.27136911306796346 -0.09464476333856726 -0.13421779467000863 0.10873111009647196 
2.824539164494923 2.108345747009753 1.1204360691312727 -0.9919494433902498 -1.4558655019242313 -0.07264426129217849 -1.0022674667650606 -1.1323226590258155 -0.9072811355662236 -0.7666298447076589 -0.01694842251747941 0.01938954581193031 -0.33114095724984005 -0.9497718311544671 -0.5195102877385532 -0.5144862486896448 -0.13309394044958653 -0.2862559450638617 0.059963003855248255 0.21668256587181076 -0.012385476174480234 0.3274744382991827 -0.10163726703346232 0.24231060980193384 
-5.546811253562838 -3.0816501624081 -3.298485739033046 -1.8429105806525665 0.2760263886655543 0.07220799869191674 -0.07392696182108222 1.3191116198031363 0.06635351969499603 0.7881113399961481 0.12472956145971228 -0.5262084487482214 -1.742894401736286 -1.5596113375013074 -1.4576550416509146 -1.5074739930114482 0.40307582230816125 -0.17113754100738987 0.03706418213414977 0.31990725598751585 -0.4580109363352341 0.0011795914849775195 0.17263613828978483 0.28996365909547644 
5.219795967291073 3.2296303165191635 2.710941049011679 2.012637097408678 -0.3711111988036846 -0.16914491622446826 0.496255316785125 -0.015368405382441108 0.16600342503818688 -0.6057346343336573 -0.2939345265808021 -0.38365994056130726 -0.6915207475174077 -0.5763931143880953 -0.8793508422600059 -1.5449758410611516 -0.22175275812374848 -0.2963096457912014 -0.29567225944142206 0.3207886842773477 -0.5800446245405501 -0.11036962955979668 0.047780254556520574 -0.23453896639670732 
5.448822327169625 1.9436791239212123 2.827638835078492 3.0533543860502004 -1.3753849397388351 0.3918835705426206 -0.25238964065354574 -0.6016776788944571 0.39695102438585683 0.05550418536843332 0.27828527318587193 -0.1386446040417576 1.6185799918373054 -1.521034500488554 -0.7120277475865139 0.4668565846494708 -1.132485957144824 -0.3114439055602461 0.0788389988312471 0.5983965889862465 0.12237188150400995 0.24261850025987133 0.203533384736212 -0.3191107171685796 
-0.5987153833190848 1.3248604470093825 0.6954263088555219 1.1948455964418212 0.035098436649208864 0.6564468901560739 -0.026019349024562717 -1.1342940625090616 0.6675539857099962 -0.06921737871441147 -0.23706704205012094 0.5292245226488204 3.9202579198986744 2.107159995106852 1.8685657530557556 1.1858276254065319 -0.8569133345653602 -0.06921150539993519 0.0825667815751276 -0.11244112097491223 0.21064744026321622 -0.21547355990965164 -0.021550347980150236 -0.18780266180108632 
-7.493295553769675 2.4338382738124524 -0.15464512619542603 -2.8345845841175503 3.47037944237358 0.5937438121823837 -0.04930662540997968 0.08338468140770694 -0.5515374051529385 -0.2080027885930888 -0.5143043350142643 -0.02531852884754654 -0.22182545916672622 1.1383057311850202 1.1288298272906312 0.5908342572329554 0.16214075094054392 0.4719497995447874 0.16841551693116089 -0.42879283775905 0.17348061764637882 0.17977539814883126 -0.13874272626941145 -0.042413513896302026 
-0.06991885193530045 -3.3369292437470124 -1.4036142295186287 1.3991237062729578 -0.2232533861638113 -0.06244052084454427 0.14701346443795915 -0.020576222608786443 0.008305319017935853 0.1724395323760587 0.16701132145971673 0.12308500724484622 -2.139619958927429 1.1894781803915406 0.21167231462924238 -0.28466429444024133 0.9347286063721493 0.3675363919408623 -0.021758335169453108 -0.16981766527240705 0.16996458326381925 -0.23738676559195268 -0.08762326653467152 0.11959981825470907 
5.849900438977911 0.8596567757443491 0.4906696223936735 1.1787125594357661 -1.7326312811539568 -0.6645221225914325 -0.8441525981782894 0.12784191443255555 0.20613350479275055 -0.6046504646232955 0.49247427023918755 0.19166569534913558 -3.1925500852887807 1.2625176006876866 -0.14205215722816855 -0.7140137486069871 1.4288345672149168 0.42421929113272333 -0.39521701207344756 -0.1898374459632034 -0.2348942951882158 -0.11038954639002148 -0.22882374301450983 0.2534663828094897 
-0.8514535029105914 -1.4564833451311876 -0.26224800932675496 0.042189907985886954 -0.1675820207034706 0.1829706817203952 0.43667864286795144 -0.6470696832042648 -0.22117521905430604 0.8412667560765499 -0.4775865450728323 0.06193295578635205 1.7703397957200835 -0.5784234456008241 -0.07854826349440754 1.2307089398365252 -0.6110021343386636 -0.003948023226180338 -0.19891099105920018 -0.12513226555958132 0.027594564166788845 0.12080075929829966 0.17270637358018626 0.2794532189296621 
2.4751220275843115 -2.2939374775585195 -0.29917176460685724 -0.014076439153053677 -0.8439599420013402 -0.8016196624982561 0.9915118215953669 0.9661437495950563 0.26788574944782984 -0.21124776127326994 0.4944658272955398 -0.7551416515467687 4.844033432935301 0.9480318093607045 0.6153366248221066 1.0249901101622765 -0.9381860533649107 -0.4956324392520283 -0.22207218822589345 -0.028567847247781514 -0.018549003918465385 -0.25462483600748514 0.02702354724775946 -0.07944396850847474 
-3.6935490333987517 -0.024861780293105595 -0.7730487455351407 -1.6966086139422083 1.165417347275871 0.01795231878740855 -0.17408577227126842 -0.06433034351129285 -0.10535449580997032 -0.3866640971938531 -0.35210357780901813 -0.2418709760961879 1.5159450080106092 -1.674959597383918 -0.40677722717533005 -0.036211783615790916 -0.77149635755315 -0.5398659550657637 0.333065596278536 0.11919159527127225 -0.15771212066146556 0.2881555775421568 -0.026879619609897838 -0.27241308991774604 
-7.261152094583913 -2.7002494347568056 -1.0999398839684533 -1.0268585100870156 0.41542719495110403 0.9048843766311456 0.12744617406900094 -0.0778242136705859 0.20387015492597882 0.7731894700343613 0.3486621448640021 0.5818995668158298 -1.1397057407604299 -2.5273897960567333 -0.46426006735851005 -0.3290987510240599 -0.09659312501570978 -0.015015599200104868 0.30629432247058724 0.2584564641642357 0.20773275563154947 -0.038967552715909425 0.11690769135999472 -0.37188398437282255 
-0.5311514658583065 3.77155142561971 1.3584677318800331 0.6572162943002406 1.5172134834797577 0.949316527352986 -0.13048532220447354 -0.48266048738526035 0.28396894019101615 -0.5154185922037362 -0.32404584502736994 0.21065161635829094 -4.67495802958062 -1.253595314920609 -0.5104550651181188 -0.5671991504338464 0.6803795978455124 0.44661437117297176 0.23046136132687142 -0.47952721480891825 0.2990443726401865 -0.07607681225768409 -0.10717638036281896 0.003263977709121383 
4.313040466095378 3.3900253076552733 0.027850198761086187 -0.20369264020209843 -0.7300786350561541 -1.2222549691807303 0.05082862915020775 0.399939429039333 -0.5499742354473118 -0.029967855620600115 0.12971388682473156 0.13424900534445947 -4.13059673686443 -0.5949897468091221 -0.2412278021183967 0.16981014580886722 0.27449681442151846 0.7417789673878966 0.2234661394944479 -0.36609067532668654 0.16529801855376713 0.16809835120880165 0.08116405427332372 0.2099145229909478 
4.544228775003461 0.6907867932626814 0.19442140845444578 -0.40659409758312787 -0.3029685312570366 -0.25832112182556877 -0.8271610837924861 1.1353694795605027 -0.6255654185438846 0.2431450024066799 0.07889969229907397 -0.02783762848786689 -0.5860615496930301 1.6509235219294034 0.6887956454709437 0.2902142542968222 0.39445520342816615 0.338691540111636 -0.06776248948630303 0.006603275178440356 -0.21997769732264746 -0.1001982831871862 0.004695208861031752 0.002172760473273342 
2.5929479955784913 0.6251021218490749 0.20576668409953047 -1.004383751571933 0.5020277590549458 -0.7166337009432668 -0.19461436362033646 0.2114328288365923 0.16274327863212779 -0.11038738089725164 -0.09630278661919102 0.0714006202660653 1.5544922540859758 1.0717001511726314 0.3403089785377742 -0.24868001827202282 -0.1845743594713919 -0.3484895856851691 -0.25209189965949014 0.46595684389484915 -0.47276470809093346 0.16290659726115694 0.06189124138893993 0.027324340514449142 
2.0870794184792274 0.20124245273459884 -0.7968774472020201 0.1869190870946914 -0.28220532386029074 -0.31956872710065376 0.19552364263970767 -0.4082170128192111 0.5875432751192387 -0.17461398000385187 -0.22512313488850394 0.23555752747766798 1.420843205495504 0.2655354870994649 0.3795862088772122 -0.3735681348004218 0.0751250687170633 -0.3119047297173231 -0.2450668631133571 0.5376207974386338 -0.3301364078897357 0.13972730729263963 -0.019829322525760903 0.14402908463246314 
0.8781383820995678 0.41969702440142065 -0.4974273090240035 0.24559082227506046 -0.18673716034035137 -0.14616240948768056 0.29576196491258133 -0.22613785645535756 0.2617655419939271 -0.3098081561988051 0.09605157625170073 -0.0794215941816554 0.9054844864293491 0.3248508184815358 0.016773458315909096 -0.2730257677036803 0.34692705137732155 -0.5402504441443435 0.0737227101372132 -0.01877056383366399 0.12691796516620116 -0.18429125880643768 -0.11837198731140264 0.11039603899095518 
1.1391039652564103 -0.003117119311886185 -0.5927402216154236 0.0891230198946408 -0.1839612777105779 0.39215742159860734 -0.3371486587188737 -0.2587075701094236 0.31533267344442273 -0.07632653182046223 0.042210478440910804 -0.384513775161396 0.4593825351735437 0.24365184890413616 -0.19809032995541234 0.12409679788308636 0.14601759590182106 -0.39646673382399894 0.22787669487225634 -0.23677357862928636 0.2819552854226013 -0.2382911481741632 -0.07206076610765816 0.04378754946610456 
0.3504822629018527 -0.24727054757229006 0.05337769635850492 -0.13640841486086658 -0.5878754181518753 0.5482545571401333 -0.14944634335268536 0.19298979898269053 -0.0819053160290677 0.3933426714303665 0.12514636865030954 0.050248154612731744 -0.03926998788354533 0.10240965141363005 -0.11138247572742511 0.24264050984665067 -0.01666107715066978 -0.007638542195151514 0.04676261520780497 -0.1483866824776648 0.1283248218243754 -0.04977734312486504 -0.03976893998025087 -0.005816790720221889 
0.9727598725574538 -0.19622930799095428 -0.47800896002703736 0.005628312013395836 -0.519688982659992 0.5226229910574361 -0.265502287844428 0.09253989534962392 -0.08648715213706781 0.18868405070405192 -0.02348823276483386 0.03936000468216072 -0.16026702809242663 -0.15071787952460122 -0.06496634450158308 0.1615308515341076 -0.06926350357955983 0.3272046825580094 -0.1750078223833663 -0.09226363755349365 0.029023663762044422 0.09354342130259602 -0.028279068889160004 -0.14851238319035487 
1.0791203920996821 0.20902416450006456 -0.2206455126359213 -0.4405833533242691 0.031109923586364996 -0.18847956763164042 0.11965093385194359 0.04339845824811306 0.07770098931154612 -0.29298141808646705 0.24820775179532567 -0.2739081119427681 -0.3873510554937341 -0.44637634400986936 -0.49842439913415854 0.05558231947705655 -0.09274902593199459 0.3846556985250718 0.21927889840602965 0.10566993866543702 -0.19482389391757957 0.18085156257967985 0.021362530418152597 0.06520059205702101 
1.2555859849347755 0.22088916322574015 -0.2608295836134613 -0.24338206547598074 -0.28566343784101855 -0.22108956368953403 0.0533261698289107 0.0928790129183461 0.14845852948798255 -0.013794750969833514 0.06551699353588275 0.22310150768741854 1.9241884099567843 -0.5774780725745252 -0.4376967206460893 -0.433874177336485 -0.7797852270787805 0.10896741218772486 -0.14075002714820026 0.08057953390505772 -0.169930416608844 0.1292717006722139 0.02669226810501915 -0.19588374170772238 
1.3711223731943942 0.8832992488489708 1.4400612055541924 -0.17865018454734793 -0.4266411127653782 -0.23385626106159718 -0.9666972674074437 -0.12418957579798162 0.3850935249111458 -0.04797261547173037 0.016556164245493443 -0.23722437306096023 2.5843744467041843 0.30018675599978906 -0.4292721807626847 -0.38003803371449973 -0.27727803456135086 -0.29977992547734195 0.16615404658870755 0.10452717930854018 0.16093959659039492 -0.17196097216904296 0.14422050295722524 -0.17324527388401054 
-4.945806347860255 1.1990673675581682 0.004727842816173666 1.17628425963439 2.0485422167522214 0.21840910120923995 0.6999218942298664 -0.06540468934250188 0.26960782988966436 -0.3216354526199582 0.0122607566950248 0.608669360364424 1.7042820813282684 0.9929660177057786 0.1296395471250172 -0.06289371557912382 -0.01092115226157142 0.04153541336258565 -0.1843071738365174 0.02695144131471709 0.4637761672032424 -0.12180912955262095 0.36898729080658277 0.24174095421562924 
-3.573306781615355 -1.1806252056655167 0.9343923164373154 -0.010302414735955279 -0.3041588000262023 0.49111087635099837 -0.7021090681146569 -0.1910412285470835 -0.46569245066047954 0.3768218492457242 -0.15782563865592114 0.053043783370760766 -0.08367127554006748 1.3074077856009338 0.11233814395631898 0.09278185722875677 0.41019474060178474 0.13247430041533217 -0.3667669739358069 -0.08440705120335194 0.31189055814336253 -0.08291103905868702 -0.1314549875330621 0.217135732391887 
-1.3850456816451553 -1.726046662634352 -0.3969137804300744 -0.1388748036443056 -0.3141411374258922 -0.7081793724835888 0.4739535916920696 0.04545051534874578 -0.8174769843359322 0.139235405329302 -0.9542539774331584 -0.6472554331753297 -1.9544561809634977 1.0377662889937747 -0.08725307126014803 0.35889270343647367 0.767014649728397 -0.023442318322734506 -0.1288524613016325 0.03608250876240684 0.061627965538150385 -0.05515488084235673 -0.16011593156528764 -0.006764986787594296 
-0.1582441332929534 -1.5763670928575708 1.3038675853083594 0.20058377540572958 -0.4758836574816756 -0.16798492546117938 0.24658780566887542 0.07360397546645037 -0.007035742406143519 -0.02967492727029941 0.8941784939087714 -0.2606691734667443 -0.49453682820417866 -0.09456659354015289 0.8940719864701198 0.2001266700301174 -0.27049363867524034 -0.018466425797207104 -0.4301990646406355 -0.04986854757727335 -0.17294767733283267 0.1263273820532559 -0.28558973922947456 -0.18479570889882754 
-0.7899691291309634 -1.7163605558271287 0.08174942216109571 -0.005836945745873179 -0.16663930370523294 0.6182839570835323 0.6121308412429977 -0.3059748176364893 -0.1446044208519548 0.04707757816512381 -0.03339351489145853 0.7858207991459594 0.8943490165115181 -1.173050359073592 -0.018092558647469614 -0.36446769271497254 0.0585464026947747 -0.17437589327309633 -0.06699957080236808 -0.0872921640573903 -0.08915905639887245 0.010630504143199474 -0.14397426900365903 -0.2594197996640725 
-2.3872345732599154 -0.9017684784486697 -1.9871552442686293 -0.6772013537755237 0.43357119913918907 -0.11672151104094086 0.5193995010317854 0.1342770806773541 -0.28328570040397016 0.04391861666804564 0.23851334776165267 -0.10910720609340116 -0.370216181923043 -1.9832257733966394 -0.06918423032146337 0.18182707905306383 -0.23916259323863084 -0.050183476777247105 0.4400549507380624 0.017912207127007685 -0.29339204756108495 0.15782450106643556 0.3115509991342069 0.04575143533968525 
-2.9535975111962287 1.4558051073819733 1.3028753103008288 1.3934208390912386 -0.9445077738206487 -0.21068339987441909 0.5385464564177189 0.2769904549154648 -0.41187483614040155 0.07054712093053106 -0.19449859734862202 0.05522298213021626 -2.2230090019360436 -1.6718353674780573 -0.03353314228333193 0.11336340358177571 -0.2741376272407049 0.28265188618212983 0.5088172748205254 0.02831232993994907 -0.3220041232693766 0.04714269609969771 0.05809510391451997 0.23059538038039315 
2.0342186035088083 2.787227395727797 0.900857332202883 -1.0445263541720178 0.6305383572919248 0.39704918334953765 -1.0367848541326723 -0.27161528219054976 1.0067756079213346 -0.5148832018523097 0.04007803773473234 -0.03262457097792848 -3.56832816133026 0.23026747806500372 -0.10936906871095047 0.20187615058607053 -0.10118525876491631 0.009094241477779577 0.39556857503595344 0.18697862604000384 -0.25894766732064906 -0.02647127789888365 0.060260360275191494 -0.05776936099862121 
3.668331288292805 1.4546476095188101 -1.2616574392246647 -0.16226465629295328 0.5572899989405139 -0.48655704865809646 -0.13622880563634965 -0.1879656260223846 0.1763772947935227 0.18505039912620835 -0.10846117162155827 0.05579334044704365 -1.8025225523715782 1.1978438115763292 0.6449904648215232 0.5214273248545049 -0.2582901400112262 0.11647531658913117 0.07892573589399084 0.08919610671768607 -0.05918460103778315 -0.15623438224578046 -0.06030205667090196 0.005042968541230927 
5.006785510986347 -1.5919921637120993 -0.3767816633730311 -0.5049870578416393 -0.013771910946643207 -0.00606741108244091 -0.3299185930490405 -0.19418075697373266 0.19943123609101487 0.06608081126685794 0.01471355407254632 0.06391569774404877 0.9742033293552866 1.1717210456821432 0.10217723872265357 -0.3746956282594918 0.4744063685323292 -0.052693412638144976 -0.26315851793444484 -0.2618635754125454 0.3993310804247609 -0.16015838630620224 -0.04827088236255105 0.0465830390644566 
0.9676866921797362 0.0518834523729339 0.006723413624216246 -0.44063078363746544 0.1525177803323139 -0.3585510524258233 -0.05166388180606951 -0.02931512784600193 0.16935115288810776 0.2487682611082886 -9.101855048231355E-4 -0.008176057854465152 2.474124582847052 -0.21646869274701785 -0.044284489052378806 -0.272524766461016 0.21906017632753347 -0.4143460522560445 -0.09169974790023701 -0.11845079162008491 0.059520623864913635 0.01467605887860792 -0.04631453032361812 0.05322815072400904 
0.4619309134994829 -0.026553662745694595 -0.03986481038951814 0.2187435942787137 -0.5902946390009629 0.49112642314783594 -0.2895917622444779 0.4346501949588951 -0.18770456240024047 -0.0662669739247431 0.13111519176401792 -0.14038898902054386 2.577190545136354 -0.890582518598702 -0.04940671898951626 -0.13914834985829763 0.031127347511723524 -0.10128358891564442 -0.11947493045375461 -0.05110757607324337 -0.05706880579227088 -0.0017110139510527849 0.02843444870258492 0.16676689665123776 
-1.4816151615049193 1.3213344372766613 -1.2972623985592846 0.29344431702991813 0.18837083398507337 0.5078841909948987 0.11870702266208011 -0.14702872712844373 0.19138332244440948 0.20719611508618513 -0.027718399496439727 -0.001738768342687158 -0.3951288998037074 0.6035302281775466 -0.007773503779133435 -0.030614951648571642 0.031777143814145314 0.010505902639933526 -0.004830502411066713 -0.05478401488587167 0.08022244861812271 0.0713242288935604 0.025968561659212252 0.035818788060718615 
-1.5001351975803878 0.4450298996321429 0.4234313996872681 -0.4545795586004382 -0.12508048030819352 -0.13543426604586867 -0.05667925392185147 0.01799877088721835 0.35962156868967665 0.09199992613106801 -0.057185685039400136 -0.4396036369655535 -0.6127668212602568 0.1791142631585704 0.21179211785372865 0.1414390541638739 -0.39987763877374133 0.36043838442068754 -0.12973259493293124 0.1321073558241125 2.3287423440719138E-4 0.028238024428314634 0.10088414741349172 -0.05842603048941505 
3.134106447130794 -1.9944990133486247 -0.20160418007677658 -0.012124352252174564 -0.17542073045650675 -0.07678841574877154 -0.1536286287341826 0.34336262884745145 -0.3449792585112189 -0.04433787560029817 0.015334567919249142 0.03397490193588382 -0.9952414651476585 0.34730749554005325 -0.40409855238463216 0.42477397331193373 0.05703508393848411 0.07382934554692594 -0.04762370610792629 -0.03874056123512335 0.15909206680424734 0.014507921674248858 -0.09532962817277037 -3.912197055886228E-4 
-0.007629427037603165 1.0940202730912372 -1.223070273191958 -0.052789233571861605 0.7912340595410512 -0.2978524267423915 0.23577384825244718 -0.20686755050139005 0.07977810537435215 -0.025214051866445347 -0.19306373418430167 0.017032267308415783 -0.969959609302031 -0.5133710297622667 -0.46673211125077346 0.33217415454796223 0.37531419991583337 -0.26569563289928766 0.0093493231505651 0.03401022639683274 0.1822706807637454 0.16095699856169313 -0.12432906585348201 -0.11331774854350034 
0.7578563486666638 -0.04508323607304554 0.7382840950342251 -1.1817727654201713 -0.4408916877550013 0.36760523470238227 0.11535158989870964 0.08162611727123052 -0.14597114631067032 0.2222793390621952 0.32620950959432216 -0.22888306136290593 1.821101124259398 -0.7143029194543405 -0.5752497147904801 -0.028766503342934662 0.048865574747130304 -0.13883453305809798 0.12165135292752727 0.19846616590412616 -0.2084889312246696 0.019714757154388387 -0.09086269983185662 -0.05606570331238445 
2.59786867955777 1.0104351002811534 1.3536835958840876 -0.8662778156603266 -1.1182876014064465 0.4394558074264174 -0.21921733268999288 0.04683634748483059 -0.28669452970183384 -0.5241796768852581 0.16036404168350937 0.03177859031434238 2.2263675331665853 0.3631776016012725 -0.5369517392748141 -0.6621951398760705 0.0014337490923167866 0.0017933837732289626 -0.05407517994609142 0.057371256593291654 0.13507472049137106 -0.008448973811326976 0.1096160878523182 -0.05967097614627867 
-3.6319459789450868 0.19020233141943876 0.2357680297566409 0.4809194488208619 0.6327433757758512 -0.028938933658881977 -0.29108709704554436 -0.3788878178580374 0.46372385270088295 0.14600066544594306 0.11120877948091346 0.19479885037007388 3.3697440133665464 0.3763232299774201 0.0821364794075899 -1.151339175164541 -0.6080707154565433 0.29220560370916987 -0.3280753918332561 0.15706856385458642 0.168318028054086 -0.24087064665886693 0.14984493101486576 -0.2763687850926759 
-4.491830862731484 -0.11315531545882251 0.6390429772712762 1.1024500789358331 0.2501152804986746 -0.10496049388144627 0.6012187315628484 -0.1487243527166311 -0.6302935556055377 0.03827220637566166 -0.4144116326845519 -0.01579576011923811 0.4087140566458132 0.7011316398575816 0.3789855517578394 -0.5053791977505173 -0.33271361688795936 0.14098056105608334 -0.348910095191244 0.08007254359918335 0.06294886157452599 -0.1312210349424116 0.03096021250806615 0.1272385753318794 
-5.806525920288349 -0.6122577181353179 0.849194966117861 1.2878808127753723 0.6991190176620684 -0.23680342577119545 0.6893597332720574 -0.29179922419179793 -0.47912571752107636 0.663665337408336 0.16406255373375545 0.6240104691319119 -2.748090411261549 -0.4418408140380148 0.3682164825286042 0.4626042348292438 0.18678587261911142 -0.10659220535353138 0.20854104166735846 -0.11849088542570003 -0.026198268741433328 0.20518189833203515 -0.013853026341929059 0.13869256263431404 
2.459016480291962 -0.6917297945142131 -0.08998652757004066 0.2463790956139701 -0.1533345716856771 0.12044637031432409 0.3372895377249381 -0.2369255801458392 -0.004116329314432121 -0.3893489080392198 0.04105651703288993 -0.5645429450622148 -2.937505454023661 -0.480021050850896 0.09243928059587647 0.9192199138906453 0.3100795867320978 -0.2755084254648411 0.563290135690511 -0.11887325898927341 -0.3940296914210834 0.2164884669567186 -0.11519317940170813 0.12559517281958396 
1.1369015833278393 1.8050120130611784 -0.5043666654085133 -0.47885776400593794 0.2741106840106927 0.17813425030382696 -0.7847456251286646 0.020685452133666793 0.22923004577963013 -0.2557344723427216 -0.07496621635202028 0.05309475493862015 -2.080973180203575 -0.4340813868550721 0.4141140036425644 0.6674960438676382 0.1641080677320905 -0.02383831630658581 0.5073349720180301 -0.22417915866576277 -0.29346601384898413 0.20496873233237523 0.12967854251637065 0.12946515125443023 
0.8489717475314063 0.11827297149561744 1.038505951246834 -0.7718403743454478 -0.4676193128719309 0.5140959444755658 -0.3515989963083235 0.05165308608845676 0.19761763700735913 -0.15149328961896535 0.05068229056346035 -0.10712342148134413 0.15259182492264114 0.4181712719230424 0.04832998125267637 0.03418032234029241 -0.04511513171087781 0.13693384102949666 0.12467601108978572 -0.1665969250375113 -0.10492270212669443 -0.09584917935519281 0.00782404636020631 -0.16993045411833196 
1.2414159867026537 0.284985059424983 -0.9573932842182695 -0.20549758384783323 0.3639371850589238 -0.3621132639320589 -0.48820091576540214 0.2364489186883424 0.3004053408649805 -0.07016866879891692 -0.22978596058064166 0.006905253578185944 0.09670584578160539 0.6951877908821288 0.34487914950531606 -0.437487260533135 -0.1272048033247619 0.4779972561176753 -0.318782180812759 -0.16888474322331617 0.0033394858564496457 0.012424296935359624 -0.08777287805164453 0.01722179105999939 
1.9489838038366312 -1.1862301334652425 -0.008463161923191631 0.00715803851404051 -0.0629024270771592 -0.020231395656223006 -0.18501085022605035 0.15498346168935695 0.275064129522976 -0.1945842717455437 0.09499425006658169 -0.03165683202700181 0.0116161957224404 0.330143627526974 0.39162614607188223 -0.6788838786672438 0.1619242067833728 0.2967280178182225 -0.3140033581329145 -0.0019898998851019534 0.010044986846497702 -0.012307519445485212 -0.0038576022270713495 -0.14391861200559675 
0.2967780178304107 0.37170019289522216 -1.0155195573394487 0.444104811163723 0.45336665108759244 -0.9886938479833045 0.08830684426847579 0.4756744940031652 0.18048834195247276 -0.2714618720855113 0.16619643805135265 -0.03630391296854918 0.6676010310469641 -0.07338962794401176 -0.6289924177535368 -0.06834001712476566 0.3956124800724747 -0.037205582707955154 -0.33025089636720345 0.1964009753969768 0.19821032488174173 -0.1269225421372243 0.03622847054082928 -0.06150473422121421 
1.2864421448002066 -0.9155154778204242 -0.1073093504082232 0.9400100641505054 -0.9981066662363837 -0.06279781695347886 0.3021571980734812 -0.061990001913648785 0.2274411759241199 -0.013924129639212524 -0.13573610207132275 0.3462369978088137 -0.09069617215121244 -0.47985834063933613 -0.38216951766992463 0.009557382583665877 0.02446192327776553 -0.2893317988843623 -0.14256070136817875 -0.23506279478735356 0.5952980420926998 0.09506643913497703 -0.08773455691258458 0.08378020820722859 
-0.4301162769200264 0.36979661543460907 0.9790070632848566 -0.4669035452917687 -0.3552981355788878 -0.2292133051595655 0.2589677491864424 -0.24426727570108508 -0.2704141569808166 0.22026888655959032 -0.22310619613417726 0.0024725413239208294 1.0484228473237243 -0.03235823278312141 -0.6040401135287542 -0.15427732970322786 -0.33920360073531525 -0.2972446393141523 0.02868448308433928 -0.014780089407021876 0.3890658975135742 0.04238653520080619 -0.06289079647893503 0.09007020801112346 
2.584519467665487 0.25429667718307236 0.14078208077442955 0.43399006899078874 0.2680441964227843 0.4680237295849943 0.15734080141950257 1.2201427309035429 -1.2853787472884788 -0.7256489684730256 0.5528492378971004 -0.3023856837949226 2.1412391585175237 -0.20725675774987895 -0.117638161396584 0.0034296011726030473 -0.542001592882415 -0.00196921180392425 0.19055055178527083 0.18357065954187654 -0.02891668121220174 -0.1696092558078743 0.02915497336864281 0.08802236490017397 
-3.497529185573402 -0.1161311862571619 0.6725550676554874 1.159946797853265 0.8379020219639541 -0.36237070331008425 0.07466159334244726 -0.12105160418436495 -0.23029938898195046 -0.04275905827102333 0.010576157503946138 0.01779680379994858 3.2465559684931162 -0.2516367071300613 0.24893559548160393 -0.02556998406806728 -0.18967280669288802 -0.08134242691891243 0.43383969027117325 0.6315405130525394 -0.627029884465621 -0.47238826349797464 0.13789433798912687 -0.018093469107135107 
-3.603568876425677 -0.05078130372490186 0.3988311315962134 0.11629608906017941 0.031298033639440115 0.009688517533553265 -0.17734137936033378 -0.6743098162976384 0.294133835561292 0.6264176101997172 -0.3400421989963129 0.0745077718702779 -0.341364488851479 0.8668678849058131 0.32920315624398855 0.4864501831637948 0.45937229060068735 0.1439085762303142 -0.21973169124181216 0.3121379877893084 -0.4332735229669286 -0.3510778200845703 0.1806123149890825 -0.21905611210190237 
-7.075740010353793 1.27724572727878 0.10317575142915292 -0.23134660312226218 0.33209336589144844 0.2439815816228923 -0.8752102312371594 -1.1916625412581126 0.8209192049911612 0.9614003877171428 -0.19034349165485126 -0.1316937791872741 -3.0176813712822708 0.9824124063859611 0.43987626470991437 0.5109365123261432 0.3152394952525827 0.10589796488951438 -0.3429463655741673 -0.24860656986130247 0.3167911503952512 0.27797171932938997 0.01671456944818524 -0.06886104976134506 
5.3977183466101195 -3.042995434302338 -0.5621377298443688 -0.329713780012832 -0.8571683473430247 -0.2668781415724366 1.2914717874347423 0.8190342360724914 -0.5111674753742488 -0.17449523121339783 0.11147211750925151 0.4295279440043959 -1.5553241710707841 1.23203763397259 0.1335487967815802 -0.24311361597825018 -0.08523085347075687 -0.04877103374976025 -0.10444706963654232 -0.5766831112538567 0.4230514620360443 0.3749791777497418 -0.36469205915263814 0.0629903410370951 
1.0548713167555128 -1.567261340126327 -0.16658929575396453 -0.14985780458865916 0.3364167266974384 -0.5417812684256325 0.36909410666741116 -0.12190392078552237 -0.7780221846999336 -0.47621779555263566 -0.2653247090933918 0.04686986701692475 -1.1904365566983817 -0.23323276116206895 -0.2803008514089398 -0.6108761966872639 0.09448072262705055 0.02071896342170217 -0.08993684593279631 -0.4451537454379794 -0.09507663256203214 0.26227587349960174 0.1441568010847545 0.043517079316307085 
-3.002902026767977 -2.3246406719401183 0.13306726484303155 0.8048925377281284 0.28482891364871576 0.5488830438070964 -0.4861523394029921 0.5208602072276365 -0.17554985570129356 0.22028916858538095 0.7915245871808718 -0.2037450743431068 1.3846107668117362 -1.8378186251290984 -0.17269795778663685 -0.04731662290503983 -0.171720432096817 -0.34265749699736475 0.6445247394162433 0.4575315462320589 -0.6714085290373398 0.07069310923140522 0.07402130862889954 0.23782097127989857 
0.6958798464304001 1.617766629583877 0.5964758083122721 1.0339788280690492 -0.5223474324855735 -0.22605590133198072 0.2834123699800968 0.29288570947825315 0.93834029284078 -0.0228194326810518 -0.9628401297449249 0.054391492037556 -0.8111112785314679 -1.577163109326494 0.14243191837034322 0.39668439247914833 0.2686447297018542 -0.29832522806860545 0.22441909856342193 0.19001127420623906 -0.33897391682476946 -0.012237300064100657 -0.0033739502942921793 0.0014150412098729859 
1.4233817813374667 0.8779464562298553 -0.4255764085175766 -0.7796822276265667 0.0873750285389322 0.6032316658728316 -0.5992615624703304 -0.7609552177555731 0.6448768729674141 -0.6132737403434054 0.2381659019483195 -0.28769578234561544 -1.3710093828399907 -1.0795349341859282 0.3491812309552815 0.6165542147964002 -0.12080158136696569 0.38588549853040793 -0.28654781773649207 0.27783683174835483 0.09734555563442786 -0.06958173493886256 0.0790607413547979 -0.033412893277963616 
1.2750632482971946 1.5629344237681675 -0.31456321418469013 -0.5476235993487566 -0.3707905198532324 0.32602010474731635 -0.24760857748918552 -0.051030030912634805 -0.17131379855997894 -0.0227244408959405 0.021476484405760943 0.08460009738856011 0.2563991916059208 0.20887181636161678 0.25100703983315026 0.4784206615129765 -0.24879756509441078 0.15105523080683136 -0.3120312885562328 0.05721424273033232 0.5456704778643467 -0.23555969514093267 -0.3323123784256535 -0.03415503860222525 
0.8205344208185981 0.9413802335255212 -0.4589569167743317 -0.2539688929521692 0.5714552014334423 -0.8848114548237761 0.6390015875411252 -0.14069241782198405 0.08724052309580238 0.428986877509413 0.062184056041135194 -0.118610697184718 0.8509424919181557 0.25041065970324833 -0.26871502156527055 -0.2138730918778212 0.09924229791383743 0.0659524548723035 -0.42664378676230297 -0.19726029974779882 0.3497017880830948 -0.2736254830517478 0.11075226770113134 -0.10411890283594862 
0.22810595187207205 0.9594342918511938 -0.13985505705880108 -0.6641398238070791 -0.017994823649596148 0.06479996659582904 0.6003746606430673 -0.18888841867953832 -0.4198529658164546 0.162729343815337 0.12208792848562762 0.07231406526378303 0.9006651548806675 0.6152861784389927 -0.2663414420394316 -0.18192769319308863 0.07543783551224721 -0.25613527156483484 -0.027477486442906447 0.002287120068759807 0.06132419167346837 -0.0027018336574477406 0.01898836253757295 -0.047084725051184495 
-0.6059670462044391 0.42846454307859716 0.2932145776152906 -0.07980483976394182 -0.3867497133043982 0.5359843703316648 0.2566781787504522 -0.10024512462872481 -0.2799589076536324 0.11487581645619921 -0.14439662319500784 0.030803942224618963 0.6330074281715934 0.4566085630232539 -0.3004621078769533 -0.17830553279197128 0.23040727200522682 -0.3734702711675981 0.2711166008740927 -0.1701585346119737 0.001333727340672423 0.2225246590283451 0.06095623482163789 -0.1259173693781732 
-0.7136814828332891 -0.026466266325348542 0.1083753647387935 -0.08892254636360442 -0.11800156902105385 0.38402800686410044 0.02598558623487035 -0.07811503771554384 -0.17168665820566664 0.14243659060300962 0.06780173641111362 0.15114695283744511 0.20989353717647305 0.44216608847023525 -0.014252397795876615 -0.20957060735191094 -0.09560684971061499 0.03663230940844908 0.2083574811801757 -0.1406118296297493 -0.16049657596624953 0.12670587394991575 0.07610518559024564 0.023484464722352893 
-0.6075941463435015 0.06450482354403064 0.3183141959577309 -0.006660933297992611 -0.06976324189650929 0.07598533854488254 0.11284632212294565 0.3143964955319397 -0.040843812731608864 -0.2284407229694586 -0.09354155238652147 0.21972496716297052 -0.3428037153149566 -7.828754706169505E-4 0.12216490975298289 0.10146732180461072 -0.1565622468495335 0.14576191229424432 0.06038979744859949 -0.052928692163822864 -0.04798026263159394 0.11160625390033352 -0.06482831231404335 -0.005981111409541874 
-0.40076110958781586 -0.18508411379222878 -0.10964767284239141 -0.07199995498432094 0.11033248977830434 0.18490255426387292 0.047218145416293544 0.0256262601293773 -0.05792078537871781 -0.04573000832158136 -0.13165516368935246 -0.09259984137245142 -0.4132534671477724 -0.18682905683098502 0.011358270697740943 0.060129174155285924 -0.011799479361654283 0.13524259999887764 0.01986458318387733 -0.04510661989459505 -0.08488405249399722 0.012577872045165972 -0.02883890336949037 0.04624683822586883 
0.2659839131176942 0.5101220932238881 0.03573136714693437 -0.3926681008674157 -0.031230002155476888 0.19826135974904557 0.0648925068139421 0.0066703029402832015 -0.192901056172325 -0.12585964578250586 0.14981676379735523 0.17062067355819285 -0.3341168380615816 -0.24901609096094438 -0.2810067776482256 -0.3117331251477445 -0.10428355040390351 0.19584075156650474 0.24261580796616458 0.14089068538533991 -0.09768090956320698 -0.15321764213310735 -0.07855012386138671 0.0610346939946835 
0.08928988887943012 0.31121226932767776 0.21559196705096895 -0.07630648504475057 -0.1018697508066072 -0.08283780373461402 -0.009631255662259863 0.21106791826406957 0.15899412099668309 0.053412435874035324 0.03263928842764638 0.03695858496222747 0.48360193197535195 0.5004174058919805 -0.14495551836256734 -0.5071143907737553 -0.2417609090605336 0.18484290582722238 0.3079256602045786 0.2256845425517741 0.07869634946547553 0.08364272476077211 0.09599087670491961 0.06039341139669694 
0.14973086860762042 0.5634049048669105 0.9987147089557276 0.9306917071754557 0.349188529607657 -0.37766673715538823 -0.5865764012362714 -0.2009963896914262 0.14374146277031163 0.18164098133205508 0.059961593139139235 -0.02815832798841944 1.117513153753662 1.3235173515114005 0.4882447094309781 -0.1960182213815221 -0.20683070672883017 -0.026977859066927085 0.0034389623202281303 -0.021157546518261978 -0.1156647551092417 -0.0613813841319106 0.08631421571053281 0.11081433566323191 
-1.7934403832588348 -1.7129777372896813 -0.156272788659086 0.7876633133155093 0.6454059510783381 -0.08166211476557728 -0.5508243811723357 -0.5475940212100903 -0.4623310932464627 -0.4504084961611782 -0.3747002084750033 -0.17439057478923609 0.8229707293660461 1.0794481581403386 0.7003566037631123 0.2428870276212192 -0.010149451578935384 -0.13399100641593276 -0.15325717078768564 -0.05505841123921031 -0.018498531338169682 0.004350349342239795 0.04265840090433163 0.06551761494836998 
-2.145190412074159 -2.4483349580016336 -1.2430703832909724 -0.2365983359029793 0.21562426708854093 0.27860709246530846 0.3251721826082956 0.44947391223214905 0.464755816276973 0.3101949726308327 0.09454386511708163 -0.05614775355577109 0.19829052885580026 0.3756313180018753 0.5561616138532365 0.5616778753643726 0.2386680804887514 -0.14755746316375104 -0.2710514788619612 -0.1881510682678936 -0.08185853087583396 -0.02261547198295614 -0.026603961721033558 -0.011249550313159476 
-1.2321616588778186 -1.4212622736590657 -0.7645852981150179 -0.2213225463691907 -0.004639264810243016 -0.009001699297164129 -0.00573403522148648 0.051008001019912874 0.05398253825786148 -0.023915607802072858 -0.11262705027431971 -0.14559954709920664 -0.4158903248032457 -0.8561246685241252 -0.2629693889793769 0.5529268631107436 0.3483971338786123 -0.07321856275872712 -0.058520571742789275 -0.040011283783215855 -0.10174873277715413 -0.12162443440463981 -0.1904615185649767 -0.08605726075695612 
-0.7257800801502885 -0.7093467809540233 -0.36561387787601596 -0.24984898907531228 -0.041793103914306684 0.028675444601658315 -0.04596713762581254 0.06415580399725307 0.13116023964565143 0.03624095310137085 0.008736899201898102 -0.008805190893955733 -0.828955109174314 -0.9658610333459473 -0.2887792085106405 -0.12845362099931582 0.06704449140825412 0.16484645901815195 0.17678121200088612 0.024024139929950544 0.14652197779409556 0.09093208131300097 -0.0462790887880104 -0.17615988388795825 
