0.0 0.0 0.0 0.0 0.0 0.0 0.0 0.0 0.0 0.0 0.0 0.0 0.0 0.0 0.0 0.0 0.0 0.0 0.0 0.0 0.0 0.0 0.0 0.0 
0.0 0.0 0.0 0.0 0.0 0.0 0.0 0.0 0.0 0.0 0.0 0.0 -0.028981528326911032 -0.03055282990404316 -0.017309934502368545 -0.01064875242638321 -0.003805256268274456 -0.005340951984643756 -0.011954588519203039 -0.00935845138178217 -0.001989259169859888 0.002224431272952752 0.004805460923194153 0.0030408076149215555 
0.0 0.0 0.0 0.0 0.0 0.0 0.0 0.0 0.0 0.0 0.0 0.0 -0.002490905283068834 -0.007983688319144136 -0.011353739936994104 -0.010917407336556356 -0.012313012126412495 -0.010998372029989878 -0.007614300024934508 -0.007337886532328225 -0.00842223783841913 -0.008443386643122669 -0.00742434996661645 -0.004493040134997202 
0.0869445849807331 0.09165848971212948 0.05192980350710563 0.031946257279149626 0.011415768804823367 0.01602285595393127 0.03586376555760912 0.02807535414534651 0.005967777509579664 -0.006673293818858256 -0.014416382769582459 -0.009122422844764666 0.11386634321091016 0.1243955741233449 0.09153382458254462 0.05542818273986352 0.01385024513533579 0.00865971087558931 0.001416965314083039 0.0018550335879144915 -0.006098082498952513 -0.01278205270386 -0.005929357037812823 -0.006083555837561987 
-0.03599957664116005 -0.021878179898632333 0.008096318057429497 0.016779093370094256 0.0312311519768258 0.024983688113004 0.004911017295998965 0.00797598252431142 0.022282824760467557 0.028666806838797132 0.02948124128464058 0.01804033182737394 -0.014793773232583499 -0.045216582144739975 -0.03195294598284845 -0.01993576233745575 -0.01677896623733262 0.02004477201703773 0.03143728166136087 0.03863905673368592 0.032443327103091016 0.0195856543838906 0.011204194168086152 -0.001986951914430051 
-0.32359924131215045 -0.36224763242071856 -0.27864963277634863 -0.17467409490463767 -0.05716631139442027 -0.03847097668326993 -0.006706404590248599 -0.009553092025899185 0.0071528351166237625 0.024012754692181434 0.0030474504711181793 0.009230501598998991 -0.03643067079022266 -0.033882535244668714 -0.018588961075025622 0.001986500276554106 0.05123035871366552 0.05092578780992738 0.05854521306843002 0.048042815575785 0.012975005680777007 0.02333821999152769 0.007409326169804821 0.010945901177877948 
0.24965323284419227 0.36260280750064394 0.2611485560902725 0.1631174631042609 0.08462793881161969 -0.03288739973251259 -0.07302675991015377 -0.09710294711543492 -0.0979225101127951 -0.07409998740719165 -0.042344499124608775 -0.003215606478591676 -0.08026381604389066 -0.02520217794861788 -0.03273786004267789 -0.010696000337277268 0.021131939259669667 -0.018542109040808746 0.008910187917467075 -0.018797892036730875 0.015792583971493915 0.009309449492942089 -0.002487218055411735 0.01596117900088874 
0.05341019260872493 0.0010656017464974743 -0.018829432284239 -0.04718242841759601 -0.16897370075357013 -0.10781896355309259 -0.10080298504460455 -0.06351362776213532 0.02714542790387997 -0.025304556670446936 -7.314910743722453E-4 -0.0313321572254157 -0.022372376127758702 -0.04883491161145311 -0.02223585041903119 -0.035449299977004016 -0.03022268714146963 -0.046475689933140996 -0.0485916706383083 -0.041615802434054466 -0.016141532288253366 -0.02039984733599756 -0.002320574369323583 -0.005294164710522745 
0.016287154530074233 -0.12792826313638672 -0.023600202060591657 -0.01487873886159477 0.023739028877391724 0.11528400867034157 0.02522874377077572 0.09134992650262211 -0.0350912235476423 0.02539711404128505 0.038832366223621 -0.009561875763084933 1.0332273521904052 1.119144297083717 0.935713620214185 0.6622591736445124 0.2110093977606418 0.07693493538729747 -0.052023022421450425 -0.1000722601074312 -0.05589468452352949 -0.002087380121963925 -0.001222794713093063 -0.014929361362291678 
-0.13979907377181533 0.029522637732156104 -0.06956770244382299 0.0206719060093022 0.06394620499710259 0.026870388914725984 0.08994085548421155 0.021067878467235693 0.02416178869880746 0.035463745975935754 -0.030579259095025957 0.028286130372813856 1.1739113753513797 -0.6527667421901966 0.07887094696733304 -0.04479802339473952 -0.890753149829008 -0.15587788476628103 0.15078398989962935 0.09120491451351048 0.0944936181707327 0.12871444044908306 -0.0838113046517668 -0.23645347972770725 
-2.7534241905367534 -3.0090586017433365 -2.5206231694724903 -1.8575872250427254 -0.6648602073456421 -0.33103688212831434 -0.012329612910210563 0.16082308009217317 0.07125336306032962 -0.09822199836449122 -0.02375223097500273 0.01176333380916858 -2.112669474374386 -0.5442822463583755 -1.271580660311632 -0.97667783602286 0.2984145153235546 -0.1383542884146324 -0.02319736542080252 0.09226293779617284 0.07018742605456625 -0.048636789264946384 -0.0024338996843639416 0.24015762388394715 
-2.0834682609120003 3.399930997620562 0.9930692105197112 1.008565884857188 2.847585366844971 0.5829751361450785 -0.5343757764029995 -0.3718649480974423 -0.309507719912304 -0.349638321814808 0.28199472148023996 0.6673656771715794 -2.9822438453713347 -0.6195336673337034 -1.584351855868073 -0.9149062128294062 0.5919083319930486 -0.02562036710427118 -0.07841435552817312 0.0048509777038752795 0.002839195730480711 -0.1709116064005064 -0.03579239653900175 0.2446582499229523 
7.326130171223324 -0.1802857040054633 3.2598233223925366 2.4212077797830425 -2.2633240980172062 0.2522945002990625 0.4069791559767888 0.011027526396442583 -0.07881874740578532 0.3638585157314961 -0.11015292501092014 -1.0495745208143092 -2.1363284959549755 -0.99142929182476 -0.9764040036818642 -0.4598258952683456 0.763776009177661 0.2366856036866123 -0.22721258043553302 -0.048472889050464006 -0.4141834106781635 -0.2384346137710657 0.14353456066299572 0.17178970434799223 
3.7671552814621503 0.4737371908643295 1.793264619227882 0.6259930420846369 -0.9125468456462609 -0.18793420098614888 0.11552953762523122 0.08141272220347515 0.0906802567404228 0.3171583081294612 0.119998277539938 -0.17501969208430412 1.140115232777494 0.5919541416289795 0.9538851871069052 0.8758936892272162 0.3997137286823988 0.5307978795098068 0.1277494680885863 -0.056629004925431936 -0.18458776271737576 -0.10096155682182774 0.11443795737861683 0.030714579132438802 
0.7302495261410975 1.42832617710906 0.008491137219016842 -0.2868231178514131 -1.076122128633009 -0.6556390246225375 0.3443554713822732 0.07960291209310646 1.1137096067684569 0.28368352797657137 -0.37335769099383886 -0.0824130946068663 3.824679844834884 -0.18837194892825856 1.5623073368021803 0.983673994071245 -1.2157301986213949 0.22231989805053196 0.15870978707328898 -0.08747301892467292 -0.020837231865530697 0.1260622771926756 0.09360566109344144 -0.43859285108356943 
-2.2058736367033687 0.8197626321763618 -0.24292025821424446 -0.26509973400723297 1.054843196105676 -0.5554517399235417 -0.8863123383715006 -0.23626562616947844 -0.3520086088472978 -0.006666157471862388 0.07028323233584888 0.09164122667054145 1.4990771096624187 -0.12506110412003255 0.8195055819530183 0.4399048019673011 -0.47850446639290034 -0.22083032328757737 -0.43723801473626306 -0.15393590383791458 0.1512477670746667 0.10091981529577186 0.11388487662752704 -0.21647171526194317 
-1.1613949041985667 0.21181742212329624 -0.4090062492929407 -0.08426781438475794 0.40017147697100963 -0.23090642438383702 0.43177073275528777 0.4322857573569382 0.20503738098466706 0.1475839169541311 -0.36611238568919996 0.13287357305897635 -0.5275606024998916 0.2758271923468101 0.05111858018220472 0.06771717766443319 -0.041519236014439964 -0.4355889943495366 -0.19372013260659446 -0.12866167094847383 0.35176868300262437 0.3038344384103583 -0.1823223293708448 -0.27299254467128625 
0.21574616764472587 1.457174880717309 -0.45650343337519406 -0.7949990155505939 -0.21518024926956913 0.26219046875723295 1.383535951147513 0.3668790110853032 0.09127306840831761 0.08244866775336579 -0.2252790049949625 0.3667521198686041 -0.8325497667273538 -0.17429655828596738 -0.47748915632620675 0.21754611813392763 0.8665202525210413 -1.1567185261229105 -0.2631806741256109 0.1766100766747186 -0.026954602530744037 0.270476934909926 -0.03113313759381961 -0.0223253641770213 
1.102121431466725 0.2821384757981562 -0.03807301574712252 -0.22502501007303222 -0.3165526979020665 0.24230685408568498 -0.20940827555745023 0.1640156063111372 -0.16323728086722405 -0.6723771998671176 0.3213904157841012 0.5990090928079611 -0.34695880059187817 0.05074786075940185 -0.37264632860074354 -0.41758754238386747 0.09396151290870147 -0.9099047150398302 0.5120308931300932 0.3629653786196562 0.2105836916171643 0.23916595728702153 -0.42744933420366876 0.29440645582716657 
-0.8399825043539533 1.307491780196834 1.0040805939914668 -0.8473594905648787 -1.18635547402091 2.6780971992104288 0.2238191881617011 -0.6319607806707337 -0.0870074703291201 -0.4081164037910161 -0.18006875561934288 -0.07445044067288703 -1.1895840529158581 0.9009536267722454 -0.18332197622678295 -0.8760010846442082 -0.2721491013297536 0.7839658568945977 0.48155946846651515 0.2149505833446259 0.3693778462364032 -0.01641120444236212 -0.20693039392906987 0.3880055825072278 
0.4073458335764073 0.13441539010532821 -0.021359277174040514 1.194675050273987 0.6038745506205756 1.2908543555090557 -0.5244635651420859 -0.15719048262401192 -0.337573424498107 -0.3246314191347426 0.8936304922339966 -0.5297445141517777 -1.5965210450314924 0.924741777680242 0.46167269043743037 -0.34749392621773145 -0.2673144880676404 1.4720508217030879 0.04433759779247801 0.02812141743467461 -0.01100091108484392 -0.3024435698178385 0.059797534278223985 0.09793282974949902 
4.131886125337459 -1.1718244567530132 0.08510562601861382 1.1231542082085215 0.1410534304583706 -2.6139808526382455 0.09638519054028538 -0.11736969448099999 -0.9296923984854504 -0.04219060928573537 0.10939213856729935 -0.23288782417320986 -1.6875308001833442 0.8352032894194391 1.0206195711248673 0.08559605454792507 -0.25072254636083846 1.4440673057430453 0.22981901348111008 -0.1992015894038347 -0.3949335138696089 -0.1642775409235158 0.1766064285279582 -0.2491159476969033 
3.405750251715496 -1.2524287387676463 -0.9636036030729871 -0.16780008080653808 -0.1783136859387855 -1.527806585099241 -0.2787040701241764 -0.17764418908775348 0.29110791646547285 0.05199061233375746 -0.0027326341438918544 0.38442929530962544 0.2892907336235731 -0.38801748472004444 0.622113636431486 1.0205514122188626 0.004445757729499326 -0.026408944714064447 0.13806408446161123 -0.17474821066682011 -0.4988678464970336 -0.21708047350835025 0.48036162047273856 -0.3499795886623443 
2.723407687126535 -0.5046960236249962 -1.5866559564336622 -0.4229100886683914 -0.043093716658713976 -0.2447742477145587 -0.5885175997905839 -0.02412915922735881 0.7834524007979167 -0.10359479675471872 -0.26170647801427327 0.21581049768712135 1.8793887324670546 -0.8464920230785452 0.026567561279625524 0.592227222672663 -0.05470285509564066 -0.9726174745346787 -0.12430131480857541 -0.10557403220013077 -0.3885541009226549 6.155251208030584E-4 0.11034075471242916 -0.029545846829946803 
0.24371285181115 0.9649036277014531 -1.0518193952423602 -1.0939470379441443 0.6826108509906199 0.1854778871894056 -0.5962044233614849 0.3204338817496279 0.30245771535131016 0.3573120951247999 -0.36190506089343283 0.2958450909050897 1.749327791142754 -0.7327024453946045 -0.7012065763628285 0.012921125462067954 -0.017510276134047948 -0.46412609389728227 -0.46538085239027654 0.15959676774607764 0.12002828176696186 0.0059010435435936275 0.04377989896561372 0.1261527200117977 
0.0747386278884683 0.25898542924807266 0.04951083826442382 -0.19045398124066454 -0.12530027271941013 -0.5527706651785329 0.6280393115846659 -0.049686633299298344 0.23029500483959575 -0.19669792604366576 -0.042043912195217636 -0.09995818148110158 0.8311477437789409 -0.036765593032749656 -0.8388846706970505 -0.02165177189594551 -0.22129164655548042 -0.11911505350361933 -0.15756781028606962 0.027494172136708822 0.31419896873441444 0.011241919545823209 -0.17085492228222474 0.1833270356132355 
-0.5178985920937329 0.5638378709796328 0.3219327286664553 -0.32279151090660535 -0.08467957950629357 0.018569905324592906 0.5091600313590283 -0.6436557552900166 0.20760176914374773 0.0808390463474501 -0.24390361395026083 0.16385547485834384 0.2780678761649937 0.11716423557352644 -0.4986969336753491 -0.363176291484534 0.1587820901832663 -0.047893676798852335 0.14725206662451704 -0.08970823374289828 0.0942607884890323 -0.045665358820790126 -0.03808281932623129 0.28602976942189084 
0.6107701777421539 -0.19386636616583708 0.24312199370308152 -0.7435325364993244 1.004426438256184 0.19602490372870562 -0.6684963962926317 0.375433142882337 -0.11171653230154543 9.159689964865492E-4 0.19185756536081489 -0.26817580112921224 -0.03612780391400072 0.31725330861795936 -0.06341510291871473 -0.28944741581272 0.21505002112073432 -0.27548983664243387 0.3610553806687584 -0.19634506127305074 -0.012130410249807877 -0.06557986630755458 -0.104329165967395 0.12422739373525839 
-0.8585065516106738 0.8398368186878287 0.34746582806435833 0.27212111413878765 -0.3585987750469761 -0.04523886686765666 -0.3896927692963873 0.37699869488750515 0.19068111845478386 0.3955012240670941 -0.3646073416927552 -0.4781354075365275 -0.2938941264070986 -0.040280119158458305 0.6156239545533291 -0.40122818164116986 0.22206671910630657 0.05974391554060743 0.15178305761236174 -0.07108189725627607 0.0459804339711829 0.00894953224419732 -0.15581914101519515 -0.09356974184228047 
0.3534260193889409 -0.8307739704599033 0.2269895973216165 0.3804319536747989 -0.6334907383112718 0.3056032308448935 -0.005700430093901643 0.029021325431092926 0.2751465609335013 -0.15728941598082402 0.33129544957821455 -0.1516449214894411 -0.9397001809356258 -0.3922572777374495 0.7014023710014995 -0.47462934622279906 0.39014277614458764 0.25748620767981045 -0.27820252551216307 0.5768656790421588 -0.2358479099075641 0.02728090787402554 -0.09214059176297144 -0.2306761192753851 
0.4924558663041694 1.0031320306020408 -1.5168729368027996 0.3189107889298426 0.06807885145851467 -0.2154510048553233 -0.27758712457742196 -0.25720415479556635 -0.12377107938732435 0.13309314210351342 0.15383486698662477 0.3862992605652997 -0.016123674297682616 0.1743655626402235 0.2490200145483523 -0.041796216310202305 -0.2841495264442387 -0.31884634435776654 -0.5408067515222181 0.3601589493780149 0.19428204632772064 0.2116503860425807 0.050369531919604804 -0.47738112290599827 
2.7543895115916097 0.9012578610894053 -0.9289157368678378 0.6569606647735453 -0.3793407034303242 -0.4913276503168924 0.11005835788437485 -1.0380624694026035 0.753053296342201 0.05027728635620027 0.20905823631003922 -0.008364777353970565 2.083735994274275 0.3081801063735334 -0.8050348810296534 0.35819986476744625 -0.5360603854588358 -0.4336079562572162 0.03038037671402431 -0.2948773184144307 0.3439763723403764 0.1763304245661541 0.3109142615351143 0.225257970389273 
-2.0106172748189604 -0.5492757850074961 0.17835845151402863 0.25924540752002134 0.3667747868452662 1.309765606786536 1.1748480912811288 -0.1699362558296914 -0.6311183882327279 -0.3432332852291602 -0.454597330817482 0.8823678891137321 2.1496832593512276 1.371467132519423 -0.9877964896080753 0.25751946399577186 -0.020032490642550454 -0.0016926789369802187 0.13515947353271265 -0.5647635606428271 0.320820945291519 -0.2698012030179899 -0.0035634198181840513 0.45639505445738854 
-4.646245392872319 -0.979110381775735 1.7944785462521624 -0.6643349499226292 0.82534245037186 0.8438187937956125 -0.8230591681652499 0.8700193311914477 -0.5031089016649263 -0.44811747601294954 -0.297231236125075 -1.0754531469314763 0.7487521680347659 0.6296287148237592 -0.5455865514623035 0.34035344844944654 0.17012246245250529 0.11422927377348928 0.28052450007753293 -0.2412700286537167 0.19901204444564757 -0.31287778636794356 -0.11908205483573885 0.06688205317098339 
-2.256276459517549 -2.171085245523658 0.0848193904614265 0.20700020429061422 -0.4741652535149261 -0.8779461901006351 -0.2165067821507476 0.48304562683588936 -0.45815281625831783 1.191694132342058 0.41766986265873407 -0.4493417180181132 -1.590286761133058 0.2003419203120275 0.3508616462649243 0.2296365004694739 0.29476639862031945 0.4231192718791637 0.14249191579282675 -0.05553016852516054 -0.08196572430705701 0.050106541955715365 -0.31578083541829355 -0.03346279834051639 
0.6309625998366064 -0.17672355312379118 0.7546134480453737 -0.33797707896009066 -0.4692380706077439 0.2598404268062253 -0.03583770563228583 -0.6407433247742438 0.0695343770180532 0.22144693667442195 0.13017080407914777 0.4568438666990019 -0.03306038470617523 1.0245848404253477 0.9512479146446507 -0.4306033753635042 0.051448265703500175 0.3617014704119419 -0.13550134606518002 -0.10210880091200251 -0.312518353101449 0.16399377004810303 -0.07284925346156011 -0.4702906808290918 
0.12163901222575113 -1.5514949602695505 -0.3542939381773498 -0.5928430293696696 0.1297658514741098 0.33239697464373835 0.3537616126361665 0.7520355777286359 -0.6715428546530466 -0.8283351174399921 0.2790441553352872 0.21660777732004222 -0.19404047065910124 -1.1912681953181892 0.02608123426649987 -0.09716228600519151 -0.20076429751480582 -0.2974504068589897 -0.28758365402030145 0.2232865164208804 -0.15051098901312 0.3847873332157494 0.27669648179042794 -0.0645885398432849 
-5.7360219746254435 -4.362660045678831 -0.8397085333624018 1.0273967929980252 0.36903210076684156 -0.8464571998124 -0.7016893273631669 1.041850758481082 0.5411411768367851 0.06991583873376647 -0.009370622078671245 0.0024441478867213706 -0.7465227580228279 -2.3236019500527765 0.2565415158999872 0.08744600069772439 -0.3009921299349274 -0.04332331863093667 -0.1210170080231598 0.25833758085238706 0.06397007235471015 -0.09039967579102781 0.13166950451200324 0.20041057112483393 
1.5093372396907796 3.4956875867084296 0.8037366783658146 -0.18419987367286916 -0.2910074466578014 0.5675538437856467 0.9791699907755973 -1.0281109640544148 -0.2424232491283238 0.1130976816651374 -0.3426488696336403 -0.028376239082118226 -1.9933253510883262 -2.4074277055971685 -0.046534925884262425 0.06580188675069332 0.18990105947943572 0.0575951662223864 5.818182734802316E-4 0.6653168382983448 -0.1354419767999749 -0.30639174101031164 0.05182476513931036 0.07635242150131896 
2.176681760172576 4.2704910235455475 -0.5940264079261701 -0.804636658901664 0.6441249682629939 0.27223194812808116 0.014509129367478182 -0.5256827964398796 -0.3369356428084387 0.021929564494940657 0.0460088030276018 -0.02189583847441967 -2.267187537431648 -1.3256152582689158 -0.1704438084723631 0.3759066379553726 0.36108065621415414 0.06346077601970516 -0.10075949959636891 0.30169358783629935 0.06022086715914369 0.013243787307016692 -0.10082862804886646 -0.06859358194290818 
2.1452631980917207 1.354212621909765 -0.33753022324267834 0.12576803632809508 -0.5774837607122736 -0.3997330979936614 -0.006083070549596711 -0.4601481597059174 0.17382148556948995 0.11483324271035575 0.09588014736421963 -2.7949400334414953E-4 0.49621824899450956 1.7335690200069669 0.026426655126997527 0.09921424117828559 0.09957671045269183 0.26015678801188064 0.4469746952240318 -0.4784893485959871 -0.20493037344631845 0.036825935924897225 -0.16291507424906632 -0.01775231518259655 
0.7475776584690301 0.6849232115272486 0.24225634285893405 -0.2553070758685747 -0.5709717108483847 -0.5531960569818613 0.09321570208853686 -0.14721140720206471 0.15235620801044714 0.02931669629010722 0.07385075356899817 0.19417652117605888 0.9173141128019026 1.4797594623224242 -0.05245942210420897 -0.08881926009466319 0.13320060328303893 0.019890505077466775 0.04957888243839322 -0.22791786524337154 -0.10323949305947615 0.011062306903642237 -0.07214314651068565 0.05746130302250807 
0.7352345435590237 0.08776443269667844 0.3063153375922699 -0.7565073887242706 0.017810761539812425 0.19979748230497607 -0.4011073812570274 0.2181213871146388 0.12772194580118867 -0.0010736920071375694 0.1321753778428605 -0.08315547335956786 0.44288963089525346 0.8254589760997509 -0.14162605833762182 0.04660311067363221 -0.20069689019357337 -0.2820997013646653 0.032527593553430705 -0.24240387640133942 0.19176570900633358 -0.06396215279018533 -0.0179995714405433 0.05822262831951336 
0.1297537490332168 0.46443673118481854 -0.7585709220310173 -0.0970411660914916 -0.05312410271216583 -0.08720485725363791 0.06328463740601384 -0.18106397412004305 -0.0041673937458596155 0.04669611114276061 0.24429062732033835 -0.15284175786383203 -0.002426052248794145 0.22827202693953788 0.3726792418001379 -0.2581822153838372 -0.10255147597381857 -0.22419639219386522 -0.047930913366011484 0.012849324048693359 0.02049103325579495 0.018325376499979406 -0.1259863719464199 0.046194679415814344 
1.125506260123867 -1.0119210662182727 0.5877615842151628 -0.0931742505813431 -0.23431689419966295 0.2135704062362227 -0.08870031886862731 0.28398975295709006 -0.3232138405713574 0.29802999365458505 0.06465892481017943 -0.0014382394419387712 -0.3119242511694491 -0.1879914542632394 0.19801671879444652 -0.26134527629155063 -0.011870867638299107 0.24789208649563718 -0.10704723560638875 0.033989956370351036 0.009706677748595858 0.31984016627621153 0.08211113153589002 -0.2616768903971543 
0.5597199569329909 0.5499498801661105 -1.016504505852926 0.18757300121147313 -0.13725345505719133 0.11250665763411105 0.08080491099237125 -0.21869356226937042 0.3163510014293353 -0.1752112760406923 0.4855680959245984 0.014733865969801307 0.37905156579868987 -0.4611270088665999 -0.7041934959714157 -0.03694788759231845 0.0168216620553497 0.11835162703736753 -0.09127605699045467 0.02173768214835022 -0.021573750022461535 0.30468134525696716 0.3957176965507269 -0.04352731731421031 
1.456024193117484 0.6089822209957507 -0.15876802688011526 -0.11477864350110112 0.09548804062722249 -0.6437345346258099 -0.08872581123103984 0.13496631207824938 -0.06165728503219636 -0.8496404972440458 -0.2347967510669396 0.6180873859150784 1.514722737957342 -0.5168724062959701 -0.5246877190864744 0.09078218716104314 -0.14191845939342898 -0.015771420971674648 -0.07638499622271815 -0.05905417151390887 -0.06842075246678102 -0.15252394318236936 0.11900298040363695 0.08501252998273268 
-1.1726599148596613 1.0373661141776065 1.7272743714308691 0.02460469314534275 -0.26849155629165766 -0.013607267934724221 0.3371255545585841 -0.17176530012567337 -0.07022442144805552 -0.2935126791788254 -0.7931346243932829 -0.33202261859970966 1.8076222591669042 1.0144055735228654 -0.5282420395104332 -0.30805865003677835 -0.4485799115743773 -0.30563423654202754 -0.11761544126946784 -0.32322678830086876 0.15923745589941582 -0.22355434856224168 0.20271912294659353 0.1534890545322299 
-2.5524720178518328 0.29498803566388965 0.7899353028326885 -0.2840366580314073 0.2570575345978572 0.3239416319356643 0.012294348016420709 0.43768813642696813 0.0753361282676811 0.8147525247707597 0.3470013437582092 -0.08309758710538134 1.2189090166815013 0.9392539488593815 0.20315698339477165 -0.32853467691634364 -0.30311746904663145 -0.43359609832314244 -0.07423503025163677 -0.07748364524856115 0.23587382445299573 -0.2636762372957227 -0.21828285446515935 0.112875548856801 
-2.858898715083064 -2.336269747736555 0.09386994782197178 1.1963779585869614 1.1277015326806232 0.5455712839794566 0.3831411551770445 0.5996258904588765 -0.22985807291885085 -0.3367447413613699 -0.4134883203277566 -0.09514081111665851 0.032354578845260974 0.15286107022659343 0.3922649142633041 -0.010721316906318204 -0.1077948287502092 -0.16176796948392072 0.14795232434434877 4.966821262521459E-4 0.1486029707624956 -0.05792757794722686 -0.2785382875325643 -0.11428119205963798 
-1.357583456815319 -0.5219616946253129 0.04846323474001846 0.2849387545271205 0.30674390328097656 0.377464484386527 0.11097147921464029 -0.018278347468342115 -0.6894619326557858 -0.03699575426560531 0.23022866029577532 0.16101983560314986 -1.4890740564228073 -0.7943288972648791 -0.03735139478108455 0.292660834352472 0.09633096658712874 0.28427954449571785 0.1545351674462834 0.3621926955303516 0.1434903131924778 0.2365156291262657 0.02780853895000766 -0.015615993936397954 
-1.8671679319137011 0.9872577686424275 0.9212156626872918 -0.22771906241496653 0.03004974561741025 0.44493521429160654 -0.15606998407357192 0.054727895443225316 -0.13363430327380887 0.30614419418103767 0.10086657993562709 -0.11123775377506137 -2.2557491748522946 -1.0500595881923667 0.35850141065559055 0.4675423531931917 0.5368177148340023 0.2646388104441731 0.1625498873195468 0.5049852923589125 -0.3150760595058842 -0.056402262650244804 -0.0800073660245631 0.05488335439513459 
1.4188847598319079 1.0162109692690358 0.48831662974328216 -0.44997065058785934 0.5168905283680775 -0.47857896670756433 -0.18170558469712125 -0.3764409526562611 -0.40324669613227326 -0.21623883037924124 0.006398276776494349 -0.028201133966986057 -1.933892844662778 0.20777236142944133 0.5800256184975571 0.0063500156701301975 0.3846734258258245 0.13813870957491145 -0.09907885143368377 0.3352232373011903 -0.4300728336528972 -0.07217117011745923 0.09383377590720414 0.11279714434016258 
2.5201147011502076 0.04482268489337038 -1.2015609816464317 0.16120560156487618 -0.5878249243649343 0.17967657819398294 0.04183002517428486 -0.7362486840239018 0.5722624873370454 -0.07791641535381752 -0.06155103049442684 -0.1651803895169943 -1.005073986141265 0.6254620997537869 0.6213474276112706 -0.011012203852860133 0.10689975051063845 0.15577780111680598 -0.03918933944600631 0.15162273589573635 -0.4241464836616222 0.019976257896393308 0.006354134853365288 0.01653696195139841 
2.2504537606410615 -0.6740612370391084 -0.630225298585791 0.07142637552680853 -0.5383390392053248 0.09567767371060443 0.3092580288917631 -0.6284597696383494 0.2478081729974787 0.3715480608542 0.02993613778918991 -0.15040027954637142 0.5814116830218747 0.3124889083280715 0.27589724565565665 -0.0440372784163929 -0.14748107576389569 0.2415289746790151 0.28199180030228993 -0.4960840788659513 -0.11156529622134014 -0.23477279338949067 0.044933370323798454 0.08980830474255354 
0.732269526105517 -0.043992427464861095 -0.38355565598198327 -0.45538096391372007 0.236965277872196 -0.3095265092678958 -0.2839837725299952 -0.2741309037529396 0.8132777131461816 -0.04767802512486288 0.07003524486918344 -0.09974906683956392 0.6356200429101216 0.1077979744596907 -0.41981281961377886 0.18506576416975595 -0.43968156566652444 0.4011936106698106 0.30440335258269813 -0.36786400317319545 0.0038555750396788526 -0.009493981638330215 0.0125963952000842 -0.21090655580140347 
0.568572298288629 0.12315180046393692 -0.748377770055912 -0.009565532599382531 0.5469386545411994 -0.9585643470136702 -0.864774086751851 0.8807523938061117 -0.18905842037282095 0.4729603546747535 -0.19419497187670615 -0.33034170953336184 0.15351639501497014 -0.2968133896344405 -0.49808442960604576 -0.32892725450839366 0.1690263866642954 0.12263156619405913 0.26089508728113114 -0.3119796703404208 0.040292856115292895 0.3529107600224643 -0.08113143601492583 -0.2565306843947817 
1.4541953035960589 -0.6771777572372244 0.11695371292996537 -0.3534957368812962 0.18858092576137697 -0.4967832434533115 -0.28436397475200237 -0.3872627562265458 0.7791290589031586 -0.10014061734910362 0.012725338738268588 0.5575099928807112 -0.45519407766174985 0.11106083457620237 -0.24924209997297062 -0.7247426054252939 -0.07436907488258826 0.12837970323548217 -0.5099807438064429 -0.367018251319079 0.49224918948484664 0.14644339158435582 0.009939092805499808 -0.015457578537363728 
1.4289416868508802 0.5329715967503947 0.6137733057763719 1.0072655255357776 -1.0212260231428014 -0.17858865777886512 -0.47323713184062677 0.36404516761971606 0.1440039317731115 -0.6609529231010727 0.30198539889942483 0.2905622437778362 1.8448638647051094 0.1891537363081112 -0.13196076568544765 -0.00783783605526528 -0.11974118558293068 -0.8477735830874934 -0.6647613628892818 0.0872941392260217 0.42044328272671877 0.23386274694997602 0.03153344747769717 -0.01670638074456469 
1.667667064809641 -0.5820848293366971 -0.3169048939792134 1.2104313232945814 1.2441548413619612 -1.0846534635917449 1.0501899814337214 1.085277463297495 -0.8300010313813246 0.07994843900998277 -0.20787221893538146 -0.36382830788307174 3.4771244807123867 0.050937678736781976 -0.07512156531145216 -0.008380112001039016 -0.15457257113822076 -0.4351045239449052 -0.07354289006585531 -0.03404959952943246 0.12856291895157748 -0.44158553410329454 0.01923677261606485 0.1469501843783987 
-5.07275517643349 -0.4918558724106603 -0.1355661695449797 -0.7680155545215255 0.37837525348969925 1.8786915123180266 0.46223302382313247 -0.11740013363397384 -0.6458232234107356 -0.3186724143547177 -0.17849653547297262 0.18044658308222372 3.885803450533649 -0.40325484624699887 -0.5931882246067546 0.051194764793058366 -0.259200946903086 -0.20090294564401293 0.5982695952034981 0.7708261270153018 -0.042889216467191925 -0.3973951253292383 0.20492305651399767 0.0436402865115918 
-5.726329706898915 -0.3175770588670428 0.7169881465249976 0.5592851391504724 -0.04750199914021114 -0.2201097566670418 -0.531470382386316 -0.04439130701140348 0.7883538796403498 1.0534757305876024 0.19525598807627276 0.17171727009332127 -2.3824426429441528 1.0162076207887574 -0.06265040389449616 1.0827271525343738 1.512683850561741 0.16775634592837108 0.24789159672072145 -0.07343273598868579 -0.09127009646777388 0.38289214621631795 -0.21201504085072723 0.1030825584617987 
-6.531470278895789 1.610482250256564 1.8763914593445303 1.179254323228657 0.4022052378175427 -0.008151674309177848 -1.4772157355411022 -1.3835988282717402 -0.5365058743361499 0.04446880709783252 -0.5143478741483952 -0.10813140474513572 -1.7798861144485982 2.0040000799249933 0.4146554282465129 0.34308178698591796 0.3080607718713794 0.4799806142946468 -0.4378843915081532 -0.41591748387366767 0.05820168208339745 0.14984882061775073 -0.31236280248476483 0.24870747838774743 
9.544352544873249 -4.6818767530365815 -1.13493249674048 -3.011385073183632 -3.3058117024871834 -0.644500908063256 1.2762395709536745 1.9386750185824355 -0.6108494165152958 -1.2502986103652463 0.5960985729545115 -0.5287869893547881 -3.4143741319442427 0.18872458525003447 0.6331211659458839 -0.09131567270652612 -0.1864257742089678 -0.1647125835928943 -0.5396108975287369 -0.32826592249140457 0.13316214482690028 0.34397155221235326 -0.0014027675872279783 -0.004966559061622457 
-7.368437958973777 -4.321706265100871 -0.45357213265177965 -0.011925809312227198 1.083347789549047 0.6509452451321933 0.872031221677597 0.13881915519010957 -0.1208266215831052 0.3836682942684544 0.5581705795422025 -0.21542372235696383 -2.96234807254751 -0.8540691080030509 0.48098859529797 -0.5636834098472115 -0.8284639772890907 0.006635658237760578 -0.17214195562951165 -0.07390739500374914 -0.41042901482585403 -0.12692926705410684 0.042401060897537556 -0.2774181033429647 
4.935276528972807 2.0823434430615713 -0.01739355531449882 1.4288222235404928 0.17120404762094016 -0.055520465609044445 -0.08726116840945486 0.17919746873188536 0.1810278187831265 -0.1480386696347683 -0.33679493600734217 0.2402631060841027 0.4988398012896938 -3.0552156193689655 -0.1242504631955681 -1.2958565159656026 -1.1511182827392699 -0.17490930258247858 0.7185323562339375 0.8600904970557642 -0.37864032112453594 -0.3838311597256192 0.4931807003077451 -0.32663291370589365 
4.660111946696963 0.7905794762166405 -0.12534379726237033 0.6502009044082295 1.1490892946307532 -0.32254887024956536 -0.27903949897100255 -0.2821378683352176 0.29884255249220093 -0.12587336210508593 -0.175104302360081 0.3395978575643129 -2.3932201298710187 -1.8519912937539589 0.28865535340408527 -0.052224123022928226 0.4891637288334321 0.1176804104049541 0.30514394988789445 0.44003872597503113 -0.15779122814143945 0.038013492308008955 0.21591880672016092 -0.036503055113128645 
2.033558188168797 1.9276272344115597 -0.9262952748484803 0.5451211178529478 0.11467239318977294 0.36697405737505906 -0.3038221374238383 -0.4311179608221938 0.31523695982065897 0.15596569699838153 -0.5168060870175819 0.17360096180225443 2.2689974734132385 0.29175901118551134 0.1699725571373714 0.6081890591906699 6.242888514319719E-4 0.1190121464459805 -0.06963839496797751 0.33765409211499114 0.09175879302528193 -0.2203978524567699 0.04503859425743125 0.21268129100437916 
1.2620816010412845 1.3116257204860116 -0.8650873330970448 0.58659711260033 -0.35587756973566587 0.08665675242527926 0.06487985652110527 -0.8761393079579443 0.2854424923224469 0.11762563402785259 4.197348868396622E-4 -0.07258348487665375 2.3264057982658692 0.07876813781095897 -0.4096865619078099 0.7908849775405512 0.23589873091519306 0.08025277254212075 -0.21394363070728661 -0.04232045756164434 0.14326643779104797 -0.13126792194389222 -0.18884952920303047 0.2696798921663346 
-0.17270071843906898 0.9465432873703516 -0.1574394588092758 -0.36394305812756694 0.9218146132498537 -0.6171597162844082 -0.050305661251576234 -0.5367640878017248 -0.08754853020784228 0.39140538966907207 -0.5596727374030962 -0.1916900957085514 1.4918850795308078 0.4212697433196322 -0.6087082855358724 0.5955830352727945 0.29101810703726094 -0.02206167562152413 -0.16855267289353684 -0.3654779263181808 0.14869393674057196 0.0952159570027054 -0.2687089249729163 -0.03408961754635045 
-1.215975994796711 1.0448170363043676 0.7192879804414571 -1.2679219402231665 0.037821991855133685 -0.07124030104619392 0.2360331550647263 -0.10235343216051906 0.07043598413330765 0.15021055739124545 0.4128776104417675 -0.286796290179288 0.5311515594715859 0.5570432177623609 -0.32761408844417617 0.3492166600659569 0.19334082878809297 -0.4207707245449159 -0.03410124216315686 -0.567428814624003 0.119420190390909 0.17455287756311874 -0.08798411507102022 -0.10850378595556316 
-1.2030682525046288 0.7972223465434851 0.10764192498988612 -0.3143684615536877 -0.9552317087174096 0.512107610975368 0.11625923198496169 0.2784228802336359 -0.0233415963064873 -0.1459746356914311 0.08309175012370312 0.38297621709262286 0.3804643739941979 0.2200986523478591 -0.3276413522287008 -0.18220348905868824 0.6234723224977453 -0.5907076007858266 -0.14822113305866957 -0.23433116163774778 0.15892666031057168 0.26282348856230914 -0.15717376909320124 -0.12561567318919772 
0.1838106896593068 -0.2848434623876379 -0.014785759664097231 -0.48584016588448037 0.0026231048836868887 0.7843352624301387 0.0839011363923069 0.41855365189638416 -0.10492154580095758 -0.13734298598125205 -0.05701016366349937 -0.03440528341055138 -0.8767224688513165 0.7673548786966146 0.18855981292726254 -0.5188018776873465 -0.01397462189525974 -0.32301881723381215 0.05054167824563949 -0.21090334679409636 -0.014064475335795587 0.11382896073710487 0.0752157435436822 -0.01808917285611683 
-2.0139871826496716 0.9510775796727771 1.1925214679296037 -0.20837347812084517 -0.931002910757659 0.7271753043349056 0.47042374726064223 -0.0942241449169331 -0.4766497461724247 -0.25328830433160654 0.14679245692914095 0.05896142047467344 -1.1894579057242558 0.2692859598965575 -0.03162979755832226 -0.3802647344189538 0.06427906854711345 0.06805827366408794 0.0925996160207025 0.07767055341887853 -0.0842254751609528 -0.08537569484062872 0.07404577743148796 0.20202565668222042 
1.8196508768297601 -1.334175216350122 -0.38883122981018925 0.235486201122452 0.06763145856103758 0.7902823039754736 -0.09267413731003243 0.7166801207970545 0.3392834850736631 -0.13761949049998146 0.15538002640800203 -0.07052137330196279 0.10819403776740917 -0.09548374668840835 -0.2258206741383558 -0.45807181990414625 -0.13307033731964682 0.5109687881170591 0.2741487991966123 0.34349628688132977 0.0832048690177491 -0.03555309275848284 0.028275239720382556 -0.05337964452260924 
1.5473853710829122 0.5140303438350546 0.3895540527378989 0.46576255819970747 -1.1805730911974253 0.3049592692104368 -0.07325197922597615 -0.10365201447333483 0.007232313739060747 0.11029070108981975 -0.24524067720651146 -0.20504270800833277 0.9954297022066635 0.33143483711850674 -0.11763430511335571 -0.4120725108702117 -0.838611340876758 0.5508439138025966 0.3075520080684689 0.18597857198486786 -0.0017523919932905436 -0.13437796249909223 0.014716885067444821 -0.01157572985469823 
-1.9214577005092126 0.22013139559644834 1.0641599703468225 0.551307275667682 0.5266192070625105 -0.5374630843588044 -0.4667073979542207 -0.6072212739694043 -0.5964771828099477 -0.21247321041651668 0.05418068424317918 0.25773571439877946 2.580627359240932 0.7486507755885796 0.47996332884904147 0.5461412678363325 -0.3186109257840863 0.3688355840007769 -0.27009161019482925 -0.02817976379941378 0.007447577801111956 -0.09069009010743491 0.03503303094128681 -0.09642444426923491 
-3.1297220006001756 -0.8203802376560283 0.8189287831911649 0.8699335172171747 1.3553372376218786 -0.26148374290574505 -0.2652156466226704 0.009790836511692658 -0.0035122362507477023 0.18727244312393776 0.1532414728092179 -0.07043993381160299 1.4241954953959597 1.2116440430191255 0.9045544995491969 0.5595379667245531 -0.27995094450701513 0.29632981720474355 -0.033806971605068355 -0.19272081657961893 -0.10582553089495254 0.028454283959994293 -0.032736178452249055 -0.04162411874108251 
-3.583677515051492 -2.9129222523703193 -2.0434085815839467 -1.605023081895279 -0.24449092849635556 -0.033002941968766186 0.8135825269728024 0.7444979867027821 0.3223130266652315 0.09595990880526428 -0.1489601414237231 0.15145057240737703 -0.6120244637275326 0.452742806376004 0.7641141752469491 0.18146304347222872 0.21846063603604535 0.06454355834519299 -0.07656752134633078 -0.2687084468982795 -0.13807414321852732 -0.007257552569206442 -0.048340266074582056 0.06241977614012778 
-1.894091207833827 -1.554374961238938 -0.7703251699443071 -0.13468616319247162 0.044834810103053124 -0.8362602535988128 -0.6119760268742827 -0.20134919507057128 -0.13468619831367118 -0.1292887104010536 -0.04546172901631315 -0.027027780789384018 -1.4492537151752536 -0.7321573450134299 -0.20110801732330139 -0.16437519605572107 0.2192203056593268 -0.13964164413713817 -0.0303777433200985 0.02333054716696085 -0.025513745646009545 0.01588240008556202 0.03421983763606962 0.0899310351097411 
-0.703199705709789 -0.7710996617401089 -0.4335555788262889 0.509227985455819 0.5264885127137873 -0.4437055040478494 -0.06362464378942226 0.3044740825165661 -0.11666777212290391 -0.03241997594640167 0.2985530833796909 0.04877030946728664 -1.1812653252978798 -1.0251192906867566 -0.8147706890647868 -0.5504548062194217 -0.1299012409029272 -0.2384900336971001 0.12354227754264385 0.19725121278672939 -0.00364040570591471 -0.08948238717958144 -0.06866719174923663 0.05607616880395184 
-0.2221997597452665 0.30518050206915626 0.6173263337822402 0.305933571708789 0.31218660003882676 0.3627924705452111 0.26452116871873743 0.15981114710391814 0.29251940008134864 0.20381518524308467 -0.17317465250069794 -0.28889290767078113 -0.4291103131706763 -0.3628260399780234 -0.21756475775460404 0.11012454834402675 0.1163589032057154 -0.35952783014969464 -0.20376085937142263 -0.00787766283390782 -0.10764450581442758 -0.1080251803811443 0.014106012484088956 -0.01314960135291591 
-0.8758272632021331 -0.7673421119640965 -0.2929222662528601 -0.1739685306876444 0.011536899244539267 0.08294079705052212 0.004707096548360823 -0.02783582274465076 0.11963144458546568 0.19785512252193946 0.1208978955661792 0.11415462943622005 -0.03747122141998238 0.031357968151813576 0.09136241800652656 0.31340344603390907 0.26748425897221595 -0.08189809146664073 0.023328801709645575 0.12402789329092621 -0.017959912766643982 -0.008927270190968442 0.060755730789260075 -0.03772814694629637 
-0.520446489575626 -0.467775616192874 -0.18794755296720944 -0.12346155015282018 -0.04676609277946908 -0.020999913698914727 -0.034859318928906285 -0.011561253938239383 0.07009771077542677 0.07964928150820871 0.0010478274381758232 -0.020271136715102993 -0.15672380091870894 0.024367028519105587 0.17206493881921814 0.08771465241576437 0.11692401493513029 0.14660977550611362 0.1063460217812683 0.06276523596174703 0.11106809436444802 0.07901111316305044 -0.061395182918970746 -0.10386154086137857 
-0.44166267653466207 -0.47869550706453456 -0.3050058894711437 -0.21628479171510367 -0.0964879177937126 -0.006115037525864307 0.016079194905462876 0.01807660316486622 0.04842281082998898 0.056444786493941634 0.02917465104247378 0.0276438648283367 -0.3964032682490455 -0.3794746197127665 -0.189761785166595 -0.1279214478908446 -0.03772208001812874 0.011972206669581974 0.005613942222181068 0.011340839168061992 0.07614397096647108 0.10593796698579877 0.06958664119603065 0.0574034408373563 
