0.0 0.0 0.0 0.0 0.0 0.0 0.0 0.0 0.0 0.0 0.0 0.0 0.0 0.0 0.0 0.0 0.0 0.0 0.0 0.0 0.0 0.0 0.0 0.0 
0.0 0.0 0.0 0.0 0.0 0.0 0.0 0.0 0.0 0.0 0.0 0.0 0.020430789616102157 0.019833304488362253 0.011355304058083826 0.0011395242385904465 -0.00882820181328344 -0.005281127726330603 -1.452015819140932E-4 0.002308253882737125 0.002690728449228852 0.007316852963798341 0.012729523296847437 0.011776206564779864 
0.0 0.0 0.0 0.0 0.0 0.0 0.0 0.0 0.0 0.0 0.0 0.0 0.0016629768790282402 -0.029762628376494554 0.003088238570770674 -0.005099008839809488 0.002090766825482593 0.003107960700201621 -0.01069139430675319 0.0011071010787544744 -0.015358601002702857 -0.009773574482621413 -0.012577687901056919 -0.012273051868195809 
-0.06129236884830647 -0.05949991346508676 -0.03406591217425148 -0.0034185727157713397 0.026484605439850317 0.01584338317899181 4.356047457422796E-4 -0.006924761648211375 -0.008072185347686556 -0.021950558891395022 -0.03818856989054231 -0.03532861969433959 0.026796705035226093 -0.09592574112928676 0.017608693903914507 -0.04355258842045959 0.006642842899548557 0.0398602712137699 -0.019370566658289567 0.031097428916068964 -0.028693849969916085 0.009921650970524318 -0.02705462588430363 -0.004019231775960849 
0.025657253787068512 0.11903784186202704 0.007768240374813717 0.017006312877314134 -0.019514603196372937 -0.01724557369010077 0.03185638054738843 1.4107758784226432E-4 0.050111895681951846 0.04029600289356175 0.05682734864844191 0.054483465451757224 -0.11029453399817098 0.12894108476771998 -0.07119338369173432 0.0586225164203408 0.033360463583358674 -0.034343577619268706 0.07407589567686536 -0.05364757898397204 0.06604169373671909 -0.027732265418542842 0.011172232762508094 -0.007682103828391758 
-0.09321874199921254 0.22825830245684675 -0.05671020189915038 0.1221546088227217 -0.010171227100459201 -0.11095802679625932 0.04218350970117449 -0.09336282554212802 0.06102560206877233 -0.04991295435835383 0.05275020332868993 -0.015184037397996064 -0.03133132044421701 -0.01356138766894919 -0.010136682070861824 0.035340864359216136 -0.015651478606403996 -5.037949769194731E-4 -0.016513729728467763 -0.017369512119908642 0.03609756558153273 -0.004460215478596975 0.02725285099500042 -0.016294651751109942 
0.346846788569966 -0.5307023622641267 0.22490229593765243 -0.2386541400302689 -0.08175347447992126 0.16643143784543168 -0.24310163950831215 0.20416176889887444 -0.2326739749183867 0.09717799398910792 -0.0789860848971404 0.012974020337003511 0.7149448754520161 -0.21816129409274188 0.2756576179946993 -0.19561538043831958 -0.25874822195875374 -0.023190199820941924 0.15149882416696234 0.008596435836435554 0.11517427867681862 0.06914113656539898 -0.129901038865181 0.12400188553977746 
-0.12789317490710417 0.3060543516048377 -0.11222289374308536 0.01838906066037177 0.10455847690083647 -0.074483737658016 0.18745580395899586 -0.056826570944001537 0.02502805320788453 -0.03701090800337718 -0.052040406102752415 0.03431005811636709 1.8088111203461192 1.9091651082926917 0.7866571194530305 0.4338744086923713 -0.06168817468020477 0.03906191349268107 -0.4314393806005991 -0.21889665535452887 -0.3895245404544156 -0.24379670160335 0.13678687624552602 0.026165638077314368 
-2.101840156115034 0.7346236995662572 -0.7914482676873166 0.6557352282734478 0.6993652106792404 0.03408788120360334 -0.49527623908240925 -0.04391635722052764 -0.27741216591806006 -0.17357842998012352 0.4989257699597061 -0.34226923892475675 -1.1751391299591154 -0.7795192056352321 -0.2688108469527573 -0.13971828069270775 0.2345940740604119 0.11997393300835256 -0.07842536586125137 0.003580424813482049 -0.26480298124727314 -0.04852803923620674 0.05771775957428172 -0.0790456508043635 
-4.29530863069507 -6.13190005333642 -1.9085062784457576 -1.6266633014062506 -0.2156660456394257 -0.16197198895338838 1.4625889512900203 0.6873662035811596 1.2519683189318558 0.816855362436312 -0.6465663528363114 0.08394067800094096 -3.488325049699549 -1.2344336976916879 -1.574771550419933 -0.08921052257493911 0.7949791139357236 -0.2310105161136432 0.1507645713274932 0.429713818538135 0.23620639830717993 0.323528613540277 0.10049224587044864 -0.27135326336647375 
5.955971906341295 5.0268324571121985 1.9294765291472604 1.0030268830811655 -0.625423435391026 -0.14974623553193978 -0.6453921155900703 -0.1786758928041523 -0.05173516403855294 -0.18417102352211645 0.04512360974679391 0.2252956628078071 -4.38259076685253 -1.6568071574598748 -1.8976402341499041 0.18640820042770634 0.39620316754819734 -0.2836051272521216 0.2948201281254263 0.36789891132516467 0.6312435377921187 0.40396101384749256 -0.016349820074951765 -0.2627784892545357 
6.308175942963379 1.8632510659069297 3.251629359099425 0.11237480098133024 -1.6179845418712013 0.7104648690506852 -0.18977997176965333 -1.278588258766594 -0.796429642653409 -1.0023004518532117 -0.12661606360764222 0.5645873973495065 -1.3093938698250815 -1.770828604989881 -0.809844506892071 -0.2904592007946955 -0.2150104515252357 -0.15944750034115898 0.6914913060066622 -0.07751953897821362 0.6774895119768082 0.1792804762936617 -0.12988258670795405 0.12677588231364934 
5.744189857613333 1.707469612324207 2.3214046159898043 -0.7730084242034617 0.21191495615053624 0.44868483395793146 -0.5535521619288513 -0.1646358600221448 -1.1469437985017836 -0.4758835643778395 0.2880000855702268 0.2057428691645674 4.4819257247013145 1.9357829820271755 1.5440683001596305 0.025023763128648364 -0.7324458829252763 0.3163753087355115 -0.13069720685968503 -0.2768387203496066 -0.21878671847233974 -0.3366345483257002 -0.008677238430581213 0.2612707094837054 
-0.26123599685584376 0.8402671840272191 0.32506319880918344 0.13273195462014953 0.010696113165500398 0.017154977325152976 -0.6578049435605755 0.9129048041247967 -0.23289589976695346 0.4248702039831884 -0.3783568306241657 -0.2866105721183872 4.530638632642314 1.0324302994370766 1.8983026110774786 -0.44555903244843176 -0.8406997300305327 0.49453818534572536 -0.22386144210350933 -0.3335644936468676 -0.5843911694480167 -0.4552000417061048 -0.05511277120695126 0.2735206815792484 
-4.205099297853037 -0.2690245480294724 -1.2394452911865095 0.9177770168758108 0.7575738858664525 -0.7522172158757081 -0.01928800911555406 -0.4439062632010278 0.3228581199352385 0.11214729353678399 0.1970257085467993 -0.13291748090936217 3.3885636710234457 1.1093086786954698 1.156990348024313 -0.8058279221211352 -0.5270293056596947 0.31994176077047287 -0.2725624652446483 0.510279087901469 -0.37426112571626896 -0.058093997360631734 0.009791204814688703 -0.037083978105505046 
-2.30909537723038 -0.24579275222746055 -0.6628535205448536 0.6036591777869891 0.6312851833624384 -0.17269866206967127 0.21467227813422607 -0.13825957623654972 0.22184290647213012 0.06928424430779079 0.08420943852492532 -0.08664447235127398 0.5200355100279136 1.3040077369616137 0.40619032606178296 0.2499394994041301 0.3114671413019808 0.026410251025433207 -0.28289096971205235 -0.09596006737821268 -0.37737346975933556 0.11537777925592656 -0.09869497904612463 -0.025073492649945944 
-3.3975714652697357 -1.0774264556348623 -0.6556080684061163 1.4090117305765242 1.4827083380311517 -0.41621362865607503 -0.17210337704230716 -1.169890933545879 -0.25152982447251837 -0.12380859245824549 0.02734333655161522 0.21701175359752592 -2.220251164262454 -0.7657203245848389 -0.5400466833443139 0.6660636346472057 0.6453078400924831 -0.4051229625333836 -0.23078254060946812 -0.4123088218787167 0.05647274183433585 0.15522647251412267 0.12712421881104277 0.012028702198471103 
-2.225106443231235 -2.6675550730549267 -1.185426390766362 -0.8627039004425975 -1.2862725368227916 -0.23007756936096319 0.2672756495389582 1.5637773414318603 1.1864184817149317 0.1967148092129235 0.0025692925118002696 -0.3863547114219934 -2.3553398449066623 -1.6261483718967742 -1.0659712531048076 1.1058552071026484 0.5648006083963015 -0.48887368704463746 0.1615229433059057 -0.23049718437590602 0.4337518060744709 -0.03967312813507854 -0.029382791975493233 0.029584668781257668 
2.413659727934752 3.239017586138777 0.6419811939571867 -0.3472323479510132 -0.21957077431838168 0.4918411253700885 0.6467579270104842 -0.05799825639908268 -0.32884789318916985 -0.4172474064581504 -0.14352687487976645 -0.019148467969415772 -2.1044725056759384 -1.541794497876347 -0.7543502369732235 0.5463889464251597 0.3245856301574499 -0.3533364850627634 0.18920688774085212 -0.2621819449296669 0.44090493464700686 -0.06721829299799635 0.026453799148184864 0.08187481762820785 
1.8513085608873627 2.474430342576042 1.8862656075879176 -1.8357844042571876 -0.21197708565169937 0.8398950220511592 -0.6793272038098866 -0.002714361682229799 -1.0407534773929568 0.33502303571297887 0.2577929201670959 -0.05731836791157613 -1.6024656605758272 -0.3052839372678375 0.09058392121830734 -0.2810436845033439 -0.08634198535679298 0.1076004374532339 -0.09968895020022776 0.5966142081640152 0.1138161557302263 -0.2786352881328457 -0.05844629390703782 -0.10974642819239454 
0.87763854969878 0.9769643301786939 0.07159664333641436 0.25638514320834016 -0.02819627802674418 0.10880953082615397 -0.26642261359044106 0.39990075280016685 -0.46065864885959473 0.008692173285715865 -0.17962987472058717 -0.19313087104230625 -0.28556897471532894 1.9390298871952591 1.203554115519469 -0.46405196256585785 0.12776773926312288 0.3219301146913054 -0.14419521466406202 -0.038877468246632275 -0.4600592326555346 -0.2382081668315403 0.01820829631353794 -0.031907652863254476 
3.350301127614232 -0.6206766332713727 -1.171985879110898 -0.3213815925122425 -1.1229338288982316 -0.3613630844486976 1.0229327704401041 -0.45501478765980996 0.9108753923594652 0.8196508837395275 0.1959596741533241 0.029875774691635437 -0.48725369862758977 1.4031598815091135 1.1461711445277012 -0.5591760836722163 -0.2802315526793712 0.42327900506642924 -0.33450605078529777 -0.02622623581235915 -0.47456158801858966 0.21282887312006646 0.13121503165202184 -0.02890939761967969 
2.520870368717304 -1.030518587523293 -1.4395554092518124 0.2877221338740876 -0.14739562048448418 0.1266798345461007 0.2282135838776748 0.2847843613296042 0.07551536990122287 0.05506317002319619 -0.1672351408134944 0.032977419318741874 -0.08464490034508614 0.596428259303508 0.19012054239702214 0.11450515471279377 -0.4785627693189138 0.16819397254314686 0.11475416903996775 0.01160584870784411 -0.045483076584798686 0.26070250794724803 -0.006124449771003691 -0.04289685506361269 
2.49145374726087 -0.7313078431003053 -0.7966717997010726 -0.17392464857341228 0.6883172436152842 -0.43887714500810193 0.0768728498119487 0.13352254149012893 0.11484427728240354 -0.32664908201596066 -0.14204954174251605 -0.08364432023306112 0.8926429441652536 -0.04328926867090669 -0.2598642581833211 -0.07293743676185627 -0.5878995508965419 0.09023575466441151 0.48012389965798713 -0.19311047500636966 0.2935777571525546 0.44827312073957354 0.0380850945827732 0.14319436603608565 
1.5609969409107194 -0.7570048428173637 -0.6864220235595648 -0.16085879289945626 0.5018664936732393 -0.35701535652358435 -0.1376551603962666 0.07081454210166505 0.07380613843333217 -0.20026536767828418 0.007748082540343981 -0.007680258389119898 0.9172740703089902 -0.3960189592296966 -0.329293529177715 0.062381633129423165 0.0020874229305586356 -0.04875119554902679 0.1802017085764428 0.17277137027540165 -0.1071456535488556 0.15536781405331243 0.0013208172620957082 -0.038479243665467566 
1.1523090090217636 -0.6275656996116172 -0.7689597974070583 0.12172118116009822 0.31613376671253235 -0.39022275290708963 -0.2345045563968866 0.23130154697326855 0.03099673663574698 -0.3975042096284528 -0.0057872212719146665 -0.37937848456269063 1.0071561316492204 -0.333078428640726 -0.1890312460702943 -0.04379596746606251 0.3495609588381807 -0.4421071810720509 0.012933063309714013 0.19497924441689587 0.054253038813609024 -0.155459430900485 -0.04155394090829304 -0.031245015013118715 
0.4386205269098866 0.10566721842145288 -0.4655308228656745 -0.04724568038093713 0.032433849175215856 0.24860622514267494 -0.156702838747236 -0.28241925223817055 0.43887610087111795 -0.3756127083304951 -0.2393287528350822 0.29628223247995933 0.5956654153075084 -0.25754801080213036 -0.11300186302098458 0.06437835327864146 0.07673952522734723 -0.3804914968079945 0.0274538170416747 0.10239599722769895 0.08564810614976605 -0.41851916325828714 -0.09682833109939261 -0.025864292869451206 
0.031173559313625532 -0.16340858779753553 -0.34002366183713484 -0.0993433024344843 -0.1256493106502462 0.584633607374921 0.04759749905829136 -0.2747982945906409 -0.23044982037731643 0.22740288101159978 0.10615069867007618 -0.1418905206282446 9.521053087494143E-4 -0.4634236798658269 -0.2199803792791429 0.2770233821624754 0.2953029897437582 -0.11869381288823762 -0.1496739612003064 0.02750840689692191 0.0985325902276525 -0.3892340227248643 -0.06507504944811883 -0.039058913713885667 
0.33456841984226315 -0.21643936631801353 -0.5618845022815728 -0.24346161093808938 0.4925394566725869 0.297030953759394 -0.3610676392488797 0.016676471200522958 -0.052414901509434286 0.742838576776551 0.2422641158675264 -0.0488313617479893 -0.07735826820859575 -0.5753106624924053 -0.7017368742045057 0.058024968703474546 0.564292128727384 0.4171117249479492 -0.14736135437469627 -0.3353547374946384 0.20456256167388462 0.06643193938831567 0.026770022954892392 -0.0479111160817694 
1.201478746629327 0.9237586323555966 -0.06084181986168047 -0.6112410000487518 -0.7998280062674277 -0.05835367855073631 0.3166997274548544 -7.715354368439398E-4 -0.01895553285693441 0.21097221599261706 -0.05135850727886246 -0.08964494630705933 0.25598813651881197 -0.9557473274505007 -0.5828892904644084 -0.32043388973224146 0.12338704901708264 0.1692308467811252 -0.20843022683662726 -0.2102028583217632 0.045851478474586205 0.28544038871392013 -0.2604150946615851 -0.19235249313957895 
0.08554273787782307 1.2880155958221025 1.5000888787601157 0.034628262315772984 -1.3233531891983454 -0.6812353067383438 0.15083011017857129 0.5866315806688461 -0.2805587279107269 -0.5666931939859507 -0.24088421872529003 0.4138927935646749 1.7564383476157654 0.2549558917087178 -0.3585340393661473 -0.4260842051693672 -0.2999082172442031 -0.011051692862858842 -0.07913711420548615 0.054393979902237065 -0.11125308872528701 0.07630772069043956 0.009498247171048505 0.003210967815306225 
-0.6122780092605904 1.9516059134839088 0.37765751903524636 0.722913430135309 0.41213586523397205 0.5660741972804142 0.41693930485444763 0.07083272564048704 -0.25393234260042874 0.02584760025109023 1.1289701499512397 0.20380488113416026 1.6432441820510781 1.113907512458094 -0.14945798019199685 -0.4867580368636422 -0.7540989408974136 -0.07169853934350957 0.16771575914621104 -0.013997694779298039 -0.2249863361117068 0.0029054543790838863 0.02844945649002591 0.025472272772708738 
-4.027868245060074 -1.495230682008323 0.2944679463684057 0.3677137894779819 0.7862821726544962 0.017972094432395225 -0.17377608533221783 -0.18230759904485372 0.3988327695381739 0.6064777225759956 -0.3763949542606702 -0.20518917891451777 1.2023546319072846 1.2557700501184605 0.5891774327945721 0.29700638942446544 -0.3104142198334414 0.2641360703767159 0.1251797997009728 0.019416495687713715 -0.18552052803758254 -0.2735671798012373 0.11079773559973062 0.3486936009096446 
-1.671548308054958 -1.0263407661034725 0.990342586910165 0.6824903469610706 0.40765113549839205 -0.19286176110557707 -0.024144452228384072 0.4256911387579001 0.31630772675373553 -0.3843296054256078 -0.06895150898125008 0.1434792216144108 0.11764408430250321 1.3967439733914233 0.29640047912326256 0.5069539835738587 0.464279512392242 0.3857473985342849 -0.036065958763185336 0.15656243847032703 -0.00756679983923203 0.27603652296160747 0.4700866155151788 0.009098565777212816 
-2.991886008446847 -0.9903212147395886 -0.5737859535610599 -0.8361793643705042 -0.3898681648302311 -1.0941755386754959 -0.004167410382931225 0.35095288704699845 -0.009117178475061383 0.45909694825611014 0.025683403941762953 -0.602025179404384 0.7866535421524921 0.26602675846849716 -0.3037121163873974 -0.48934058949970444 0.11508612181761002 -0.13604877790914402 -0.19476962640198048 0.1992253392723944 0.1569008272170117 0.007489936795135062 -0.07794984188645858 -0.2659562631252137 
-1.4832013804747137 -2.4910807403247284 -0.07741696836980849 -0.19600194366202423 -0.3926275032003902 -0.03509418176849488 0.4403328436693603 -0.6654848328164201 -0.027256969076114995 -0.7285715814737894 -0.4823288756955131 0.37492718404745495 -1.1858532960178343 -1.6501315300584372 0.06331748870197784 0.11870686179674146 -0.12585170141877164 -0.4923355621477598 0.1788128658563576 0.271746738391308 0.19562004593836368 -0.04571536458184474 -0.151440075524901 -0.13291153808424486 
-6.482002335307673 -1.5609409703031867 1.7394840731705847 2.2749817032886424 0.8411631265510573 0.3472346384912862 0.17829414592485138 -0.23439563107487693 0.09991263580206405 0.7561289002146813 0.06414325475583701 0.4769556292446013 -3.4610278457467802 -2.129534490261508 0.1849128715600766 0.22971280833063176 0.0548289743833185 -0.49182022980345336 0.21619352784587684 -0.16062471804910317 -0.1525940938489867 0.2067318294516415 -0.12863696316516285 -0.05070123091824935 
3.6310697434289576 4.209363701853638 -0.35624489256159086 -1.229210772258727 0.16969059406406273 0.5634398367543113 -0.6518138279513483 -0.09687481735508607 -0.32506731819991824 -0.39569948765935914 0.3661387921864158 0.0027234315426526295 -3.4287770877186765 -1.6151981038767562 0.6743999593239437 0.5664345491496895 0.14555996753740916 0.12758529275662675 0.17126737764486602 -0.31330654683978515 -0.06596674961982478 -0.18931145214938225 -0.1355170458155484 0.2976570539296405 
4.834061966841658 2.0480600349557516 -0.9891106061453985 -1.008713375064048 -0.835514136612413 0.08201814147346116 -0.10667465811020738 0.5485220334636409 0.5975702776338003 -0.32753458700602955 -0.012639540503712923 -0.26381961039723484 -2.6195353075085004 0.37777531019584654 0.9101662410415123 0.784263393121769 0.2124930327085194 0.19423442806441202 0.21692302110908637 0.0639897344423939 -0.09172286476134733 0.275177394812594 0.1481930619007165 0.12555334724303133 
3.1450977316066506 0.5500130686760709 -0.7363195066836483 -0.25345805193474735 0.009031225769117524 -0.2852418115294626 0.06901511275229166 -0.11702402456632355 -0.0781855411325088 0.38119451858471276 -0.03738634061909288 -0.14765635792054838 1.4971005263163126 2.306678314638057 0.004548157167663547 -0.5351104808098882 -0.22984801581494785 0.060908622028660986 -0.25520281334092465 0.06249596624696705 0.05980407879491162 -0.06881994494328814 0.16920979593660593 -0.036620755715837124 
1.6195895931289819 -0.8645915843019427 -0.8009773428929234 -0.5656848362386544 0.2840137125729717 0.1888721784399371 -0.8328893877542278 -0.4162902307964399 0.25164034155240134 -0.4578502873451367 -0.17867336454355814 0.17548548224710783 2.1505073401846757 0.9177305803091541 -0.455602275047865 -0.3805156769093139 -0.31237053685142796 -0.12425924448202413 -0.03263350177121797 0.09328177602173983 0.33714381067255045 -0.13767536919720738 0.03377974038191412 -0.12253051751362841 
0.7470043513363578 -1.2543454324316867 -0.463955995690819 0.15460640075824061 0.29947071691621396 0.3272869521850904 0.47690197689343583 0.19804341603405318 -0.3315145865439536 -0.12408180265994112 -0.058473683603479376 -0.10706684763200733 1.6545834210648465 0.14752578988215292 -0.3415419167320088 -0.18868655936171255 -0.07388142923396114 -0.08770828296175921 -0.11916542019944237 -0.16252953547050025 0.10374004751547668 0.044247592753113546 0.07824096414388917 0.005736841788160187 
-0.4184133635772227 0.19704754458216822 0.24151446350178185 -0.07119857068260016 -0.04362227163167737 0.14853149306225705 -0.21271758486712555 0.11114298509823306 -0.2871966316781288 0.33812968120791953 -0.10343509015726204 0.08347718699937987 0.7490185360685017 -0.32039833408534496 -0.24733365605729843 -0.25932798583822164 0.10203086437494913 0.30544333533242535 -0.26809978652360944 -0.24758330414004848 0.021020150611333815 -0.02755938469457477 -0.06591772846998628 0.1201053380328256 
-0.7996510532347862 -0.4233838654124433 -0.23293965968497465 0.06535849337236321 0.39449350557332546 -0.0019466199553449526 0.11642547190706765 0.10684797389784073 -0.11998719706367378 -0.149538243951156 -0.3097283702439084 -0.11886273566116495 -0.11349561768096923 -0.1847184659744078 -0.045760344191580295 0.08384633487614239 0.03527651521348 0.2377170551140296 0.17442267549753362 0.10872237184457001 -0.1289595023404143 0.040175679052763924 -0.08024900431971381 0.011137477958105704 
0.1458616872090488 -0.3188773655555295 -0.1744845427239503 0.2569230749689493 -0.0695902748804314 -0.5628410414871212 0.15164822430978453 0.37205740269181176 0.08281619497825998 -0.362443912615805 0.14470716418661522 -0.17893258783679017 -0.6562614495476774 0.17423053425169424 -0.029726442902653877 0.03636402829097755 -0.016733089329915813 -0.10342387890571066 -1.869902710441481E-4 0.24511256556024028 -0.11584394765915378 0.11824530351059963 -0.02666558722329197 -0.12282704539694515 
0.8053536789861298 -0.44222757943961444 -0.11867546000321205 -0.26099342669596126 0.20662517290015098 -0.030177945882309265 -0.22854895418762 -0.2585809082964462 -0.12964249285090507 0.10567795709362937 0.058202202183723406 -0.009274394088239407 -0.4643989122427108 -0.11110355538869054 -0.011617601455684875 0.06107943850427344 0.04231220366504288 -0.2521129592913191 0.032016590600785856 0.23065025688519167 -0.16342141304353855 -0.09150770785373134 -0.13320163432402465 -0.14382947634747686 
0.7478686189553514 -0.316222201159329 0.2735616923688622 -0.01711469552137057 0.10051116269465732 0.4729187927428712 -0.039669401006649285 -0.44148027048534433 0.06516285919294817 -0.14421432984627203 -0.20740361470120205 0.3971641524037525 -0.23468317397053795 -0.06007520575370018 0.08601905175436324 0.1374051539309371 -0.01625912379798329 -0.32443405379275175 -0.033918977005085206 0.09097068402023988 0.017900409995884426 -0.2741800538819455 0.04641170740325936 0.001842487957161539 
0.29254221762019483 -0.09140078144447195 -0.4221099728643263 0.019139063104702814 0.18250617579065245 0.23651234080361616 0.11603451276292698 -0.17833396016915626 0.37910370995959775 0.0158700882252715 0.2659319221720742 0.024577323260994266 -0.7159887302499689 -0.5963521496936156 0.21912649162116113 0.30797204497688807 0.37304921009806763 0.08846452559000582 -0.10255557124633276 -0.48443988164358415 0.15286284150810123 -0.06098842572810603 0.00807782342026464 0.05360367278196388 
1.10631693980363 -0.3140651472920002 -0.2808244415564829 -0.2953586317241941 -0.008753404931732267 0.27711597654817144 0.08111342184976666 0.059021876567447173 -0.2252581364146447 0.5050001834642104 -0.09839281801733823 -0.2013859103828916 1.016994020129161 -0.9408967365228144 -0.17128414278771834 0.13762746891085845 0.25498189184647274 0.3151351262047779 0.10789725183657202 -0.23949029792890641 -0.20216753452875147 -0.13562487140482624 -0.048245187534791845 0.19421414949706906 
2.774095709311897 1.3457503427075679 -0.49886186790402287 -1.0457875935252137 -0.8578901735808572 -0.19767011455497685 0.01872634812317031 0.9444876631079103 -0.4430205195714124 -0.03596402237729375 -0.020536666419002425 0.129189618959191 2.8881755303359 -0.17957753512262897 -0.6191890938355541 -0.8789621711130039 -0.24595053166336645 0.2116363162377796 -0.08845464567424037 0.3345820621866615 0.09320166328402368 0.13738904676048255 -0.05782530340747775 -0.10310497848930127 
-3.5438901872779827 1.7878924463330943 0.8257900682518655 0.1024662260610123 -0.14423633815900605 -0.2553953581921661 -0.314707074196487 -0.2844201883371584 1.0827275775447076 0.2885773396694893 0.08056624219871178 -0.23778444393655296 2.3935260373734533 -0.1558762078594572 -0.5863431100961006 -0.5493647702397495 -0.12440375723452095 0.09568240604709706 0.28865566567995415 0.44962291425643786 -0.0399296376792441 0.1569895803051545 -0.023921076835867416 0.027916449204176203 
-6.046880809846698 -0.6036469728891323 0.8821500537381617 2.4571131475511114 0.9880992373943888 -0.13214094053955389 0.5793086978087749 -1.010359114276838 -0.5544941368721494 -0.28808563015881555 0.3499283022864824 0.35209152550572875 0.3649910440702131 0.1410186729622298 -0.35192466413275153 0.2259968465468479 -0.2827998341572041 0.036296786085388444 0.21807292287240418 0.13570725562200844 -0.010980215987446326 0.037487505496776284 0.08827472213161867 0.18967361318805986 
-1.663772912737432 1.1282621340847214 0.7876989279107267 -0.3987146915431081 -0.5585368387157924 -0.04269582860083121 -1.065144750032898 -0.3124234775094923 -0.049732414726543855 0.16009224643950776 -0.2118620718624784 -0.3965862112686891 -3.063456242896893 0.43656388640052385 0.4822020464426235 0.8031541940092936 0.16152056650457736 -0.09539489353438572 0.1767551457753417 -0.5388359020184654 0.18032943984233255 0.04994853106310899 0.19704748264090052 -0.04514151811365611 
0.7390639398309826 1.252509479945065 0.575957694664801 -1.4731876743636971 0.19765957916914834 -0.4129102376068096 -0.26027358257583666 0.551367540828052 0.15615012452655228 -0.08418399225263185 -0.13914667578326334 -0.36043033693892046 -3.180447479020591 0.23916480857134972 0.7747131852545835 0.7694269583040819 0.24493681729379677 -0.14154395928685642 -0.0887765736563575 -0.4931492459520345 -0.2780067219056545 0.09176376244443964 -0.0033728283099697296 -0.0036471947887403156 
2.2535061665738567 -0.4498774392855758 -0.4677198915393246 -0.3418459450094642 -0.2335782085601179 0.17117397094461897 -0.4251813713302064 0.5512241901657928 0.1864171273183591 0.03678092752707046 -0.2660387166891169 0.25390104162674 -1.0831624499418917 0.9477576622736571 0.5990225162664031 -0.5252567216145961 -0.00766943382057587 -0.16483720902657198 -0.5339177147206811 -0.15110507141980817 0.2198157845108474 0.08985171990925293 -0.2213905496186507 -0.2022733364047479 
1.5358220875594313 -0.5320716119180329 -0.8142800923005635 0.12039789937204359 0.09080947043516119 0.1855560375482903 0.5256567294265015 0.03726478974162295 0.16145125782236258 -0.5017212580359158 0.3871351096297108 0.03778948342423516 -0.02528234764458522 0.7430705904904986 0.27074669604306845 -0.6406854782409263 0.3601301628190714 -0.07451735544668947 -0.3668777982889409 0.3120236593187996 0.22083539250670994 -0.06801286168876818 -0.22761107045307372 -0.058554119769114586 
1.187335363224019 -0.8227203068047011 -0.3142497274058005 0.3802626864328098 -0.48210348288707117 0.15258266090133482 0.14364323812797608 0.3979431122931467 -0.7118303349069913 0.09930571960339096 0.18916868428698663 0.01112388776397677 -0.37512315908957145 -0.15284962008177594 -0.6180478113741156 -0.12807486470131704 0.7633579358952499 0.2860388498239676 -0.11676527278099669 0.24299901940527083 0.2452657034004907 -0.4322103051688638 0.162537683061517 0.24303621400437836 
1.3479963844396572 -0.7902808577668683 -0.31301747553116643 0.08781444463794452 -0.7584682721245892 -0.1800625162450991 0.5559475075618949 -0.3080628981920238 -0.057232321880902326 0.08859219677551244 0.3160828350879061 -0.0633794007001951 0.6225479755232349 -0.7434355384451727 -1.0937185964427825 -0.5588140373184691 -0.21896490671349467 0.03516332409931223 0.34379804366675687 0.17575557436356604 -0.04952133795737751 -0.23104952316663416 0.2687468770763526 0.08727618264908595 
3.472788495402458 0.13777604388416975 1.1357922341983238 0.0586703764615365 -2.0990131449659923 -0.5041333016305891 -0.09003094205491302 -0.005109024083196356 -0.4400381930314805 1.0382551156279476 -0.7181256286027655 -0.42462315832417996 2.4542974096546093 -0.4939065355735354 -0.09892224649613751 -0.2162400795820656 -0.8969098081291161 -0.22087453234767382 -0.2301324215982232 0.1716886761351605 -0.3200888903375901 0.08323245135324185 0.03571309734521461 -0.07418690365917845 
-1.474548405099493 1.21798682807305 1.741854716225722 1.9576361663130877 1.5561590216151058 0.4084240465163156 -0.38890031148232446 -0.2884758651609036 0.1741192007567397 -0.27804738654829175 0.03454163484552922 -0.006165541478944325 5.146547804693273 -0.061522833858311365 0.32013924969862556 -0.10291753169359942 -0.7471040035184804 -0.011528360752918687 0.04244372856431781 -0.3810209764200186 -0.14396690912493634 0.19649349422829096 -0.22477128512199088 -0.1071307570802017 
-4.764284470970233 -0.345134543004054 -1.0449190837958322 0.094072064341435 1.0513122946304299 0.520962976563649 1.3064644124447553 -0.12691643262789487 0.1327605747869579 0.03292815720556752 0.22279999237253123 0.2050776691308867 0.8400014047809544 1.1804556168977496 1.105056013000927 1.3872861665772873 -0.03204778818692041 0.21586668072717238 0.09902608669477087 0.44984223072148727 -0.2234197874374089 0.3338202199343518 -0.09506841942194526 -0.27997187359952164 
-9.973110546453816 -0.3642570627478223 -0.18307956562996508 0.37886619577879355 -0.09231898136735905 -0.6580255730834621 -0.26963135538089267 0.8959037353403813 0.08826902158468744 0.0017751933018295696 0.5199338799662303 -0.05683754318712331 -1.9825791397344086 1.867926929149581 0.40152405733229024 1.034786156287032 1.055819129124899 0.6304625495615251 0.0957842941339549 0.13107707825347306 -0.3910698484159254 0.08464466379296576 0.2666671347556334 0.03996007436229685 
5.202065351736756 -2.612468861398643 -1.2169086638766136 -3.313803138003178 -1.1786307789139987 -0.6185085340122174 -0.4467436801899415 -1.9468255164983004 0.27314625886677235 -0.10311683410016836 -0.6756164928972803 0.44062846332847444 -2.865823392969061 -0.4355896197688464 -1.0083715299188796 -0.48317181779352597 -0.04251899685051611 -0.08008490649555237 0.33969353977832656 0.07287911908385847 0.06681390695017052 -0.08047241694287972 0.015639513530568343 -0.047203425107213225 
-0.509985897249762 -3.2521268001783987 0.6232773342692419 0.5572152986242978 -0.4963268289873768 -0.9132278468803265 0.2003508524331592 0.22824744201387992 1.2771359039646089 -0.463958882274321 -0.3162515267864653 -0.24382116166462875 -2.226003830467643 -1.550462748849722 -0.8762212259715515 -0.662803760552927 -0.5190139963466148 -0.6386874638825103 -0.4823283912668092 -0.19444643871209133 0.33393022222463786 -0.05870919155141732 -0.13981468105263192 -0.1754787024135367 
-0.8983766166650757 2.4055691850177734 1.5770170560112033 1.4544129662992606 1.380873208991987 0.8888188329487383 0.05239268920274964 -0.011725643216219606 -0.6621145872535144 0.507212445822282 0.593974155157174 0.4401797536912791 1.4367732817954095 -2.275939164305712 -0.41728570426731393 -1.0634985695486032 -0.6418784026385846 -0.5356947247390433 -0.21281775192641614 -0.7686385760463503 0.394082929358372 0.03931677201122169 -0.2753020905184091 -0.003276747348117337 
-0.24487807084997115 1.7781121605931354 1.048621252340781 -0.01683057471364502 0.18497101371949265 0.5043731350835909 0.9277856337231893 0.511693114835615 -0.4458912220290827 -0.12726187200514363 0.3045825990968989 0.4698229188720845 -0.583211149216936 -1.3502326212096072 0.4866370767516616 0.4379814781796228 -0.010503935270897583 -0.22095380565234593 0.32022394180384534 0.1621834698284074 0.33973497180362927 -0.008128378375525954 0.1008239727759818 0.09466496664624142 
0.759191593150633 1.700229151132726 -0.1777235101104413 0.16371550731160323 0.4063555076483205 0.2797751492229537 -0.17200781505570817 0.21736737522988292 -0.047588966211497885 -0.38941565526842215 -0.1601272842837352 0.09363666510446983 -0.40060941679146006 0.6609500087254995 0.9101394451230912 0.4409577119778052 0.45894054322336286 0.47566299072461343 0.3263038027269256 0.38877324072222147 -0.27676470187148206 0.20625224398735564 0.2575888702150673 0.37493920748765047 
0.41086344549319165 1.1512410803929463 0.04073638707507943 -0.11138040642074198 0.022443827497149238 0.054155411939603604 -0.648120720849148 -0.3728494766943935 -0.04933182196728708 0.008740303397608902 -0.24167272539395607 -0.3545445173099484 -0.13020367651714215 0.4304354295104386 0.6908126853512156 0.39249628866977754 0.2719967677616084 0.11633990594937982 0.18554469513313832 0.3244932535655853 -0.15180776246667052 -0.18104221310082244 0.05960874185197925 0.29658506765733017 
-0.024419124462276898 0.7361546989413696 -0.6494588467252194 0.17881474621939342 0.0853151724330703 -0.3130612776531083 -0.13856554169185853 -0.7357740696178796 -0.030100181669965975 -0.17954537384116126 0.09433520675739956 -0.2724541506806558 -0.1346585763182424 0.9343409707457951 0.08344495899430877 0.3935513878502313 0.08063385310342557 -0.17811621943687284 -0.20236985820515874 -0.2436096021047038 -0.04425494655640336 -0.18756109172677946 -0.054384819385975364 -0.05951105988697547 
0.5375383175079103 0.9688430981574978 -0.7879491354054773 -1.2018690601768727 -0.4704991219577075 0.45177163067348247 0.3544304116418496 0.014784076562740334 7.876731001629222E-4 0.3109296265836932 -0.001474871979606232 -0.23688687620734317 -0.2750348076485669 0.9219635710508006 -0.4236345294677914 0.2721946767005854 0.12023589690418839 -0.22899972453709128 -0.11543009762274452 -0.5625936889686567 0.21683753100942207 -0.16628482159559885 -0.01172982986784952 -0.205569396832862 
1.099829886098001 -1.0115947699869352 -0.013715625853089275 -0.4716943293610254 0.4109254230654722 0.6153156981666328 -0.0661738066857307 0.7543794049154274 0.060116125923987185 0.022172958318874003 -0.11707175283298404 0.21334102421409362 0.04525102240666964 0.30350045987212493 -0.7165577205201495 -0.1860476723420473 0.329579082318214 0.1779766673122005 0.08557820309159454 -0.3591595242480725 0.08768902964728037 0.06648232224765703 0.07755078237369802 -0.06315906421693011 
0.6738433631587535 -0.7407748982953031 0.9937683650423885 -0.6027098987322888 -0.5010689885316169 0.2769660976410069 -0.33802629548397833 0.569854852944923 -0.7449525687925298 0.40673560210438775 -0.10077975599521571 0.019266085741262817 0.7209593891674465 0.07994161496613501 -0.43573214155105106 -0.8400436632607872 -0.1281551376346453 0.4381362683614493 0.05286421153526283 0.22919286928085203 -0.04144326614919217 0.14425242291387932 -0.13303038836660924 -0.19425986208479964 
-0.22832471450770742 0.6804623175513953 0.6093555646112963 0.43737818252324334 -0.888137141234617 -0.759588513073472 -0.049071797403728246 0.06416911493524657 0.07970285033453928 -0.4268953283444796 -0.08866469835588975 -0.21105343900416845 1.3606670464256698 0.020547948114899867 0.129919541926501 -0.9400538284162653 -0.6166394537216537 -0.05900142658934848 -0.3484313549497868 0.3824513840222723 -0.19888827117796 0.04917267975388336 -0.2312076789309144 -0.15612315154361203 
-0.9612625496915752 -0.1170102905100725 0.20771169401548306 0.8637256736633544 0.563497573096273 -0.17518506879081297 0.18728677239505986 -0.32768938628972544 0.1153241093424634 0.10270650117373203 0.3834127658816744 0.5580899416561869 1.0267263441838423 0.40161449449477055 0.41618735507156507 -0.6759150913184954 -0.7587864795840075 -0.22949574204761536 -0.3974983013515873 -0.07269560065546699 -0.6407895368501423 -0.14179950060986968 -0.17793003675182686 -0.07696276005061714 
-2.1646182967538445 -1.38512091822425 -0.010445916119139476 1.6152493696899493 1.7285605034164888 1.0183955611505882 0.7164637242241105 0.05579737246593486 0.22664260039037065 0.02666946952255178 0.334455023021314 0.4122985508874677 0.45838027108575535 0.7883770726827549 0.43410773612394843 0.17620395578546985 -0.22517945226527292 -0.18061315490920918 0.011131451871956854 -0.11402482242795696 -0.12291994459285899 -0.1682116642017634 0.05244815736637004 0.10626066162339633 
-1.4381888782697052 -0.912826763891792 0.05510704019291124 0.8360997816398444 0.46694162789485283 0.07646128667182284 0.47170084775686416 0.7921275261459798 1.1039461667299815 0.6053517050004811 0.22145049357166302 -0.06152162905270381 -0.04410539328492017 0.3755482506947365 0.41569710356379463 0.6672294538989387 0.6072769794650933 0.32825498487988086 0.3919790685084957 0.11290454596866457 0.24369180371845015 0.22602606029349273 0.3383244487735953 0.3884157750122741 
-1.3650023634759085 -1.2867606638060098 -0.6166653168492631 -0.0774207388214112 -0.1643208118380881 -0.3435722260771623 -0.22467319070050096 -0.15366487399873519 -0.04584834458064285 -0.17358293765256388 -0.1650280342999942 -0.22002963851991214 -0.45632682285975923 -0.06065736643180256 0.3381417718126986 0.8144783839878004 0.7515657899423634 0.4696985351595304 0.4342471223791469 0.27690612253029734 0.3582093227727712 0.2089174745710574 0.22044926170585297 0.18202586149175912 
-1.2287543364757827 -1.2928351698034022 -0.7362699163108392 -0.2916276337777816 -0.31189270767171823 -0.4789661298165805 -0.5180819756681213 -0.5616719009633842 -0.4795058293273804 -0.4752454761191884 -0.3818190517784575 -0.2909932886769454 -0.4638547475996229 -0.24901878481099785 0.10230982350943292 0.38745587717221647 0.24958499056508646 0.0958485758157656 0.21823994014051404 0.3100841366161337 0.4007776249909438 0.214956643619031 0.08948710254392123 -0.016389578038066982 
-0.9003550990715281 -1.0131446159730373 -0.6291827533053601 -0.26432207456463885 -0.13671969862731598 -0.1129863360838014 -0.09138623120083764 -0.09802128157027526 -0.05625936989926213 -0.05978436363078565 -0.02525798942118465 -0.0190432037756888 -0.597294216112985 -0.5868103949976585 -0.2946140471145259 -0.06186641691589654 -0.09600812583287545 -0.17792663765543382 -0.1429799812914835 -0.11564472930600089 -0.0665331082379605 -0.11189105808237287 -0.1070934672029094 -0.1203075120460783 
