0.0 0.0 0.0 0.0 0.0 0.0 0.0 0.0 0.0 0.0 0.0 0.0 0.0 0.0 0.0 0.0 0.0 0.0 0.0 0.0 0.0 0.0 0.0 0.0 
0.0 0.0 0.0 0.0 0.0 0.0 0.0 0.0 0.0 0.0 0.0 0.0 0.01628222562005514 0.020391068467764433 0.01759434633321011 0.01918065419513996 0.018646381832136055 0.01318990601903273 0.009841173516343246 0.010376437307080025 0.009909258532978046 0.005730111693983658 0.0012284265485877262 -2.1346031356602366E-4 
0.0 0.0 0.0 0.0 0.0 0.0 0.0 0.0 0.0 0.0 0.0 0.0 -0.012840256755165905 -0.01717693104319064 -0.01786371294407657 -0.02162281126523541 -0.021950177616768995 -0.016619197901379945 -0.012628086022094068 -0.010859743150072126 -0.007739707368063897 -0.004045882490678207 -0.001991498754276034 -7.658387144835374E-4 
-0.04884667686016542 -0.061173205403293296 -0.05278303899963033 -0.05754196258541988 -0.05593914549640816 -0.03956971805709819 -0.029523520549029736 -0.031129311921240077 -0.029727775598934136 -0.017190335081950975 -0.0036852796457631787 6.403809406980709E-4 0.01983440781799602 -0.019882377153465174 -0.017014751465351585 5.143141114196392E-4 -0.02538346100649692 0.004236044821960948 0.020603649456488293 0.0010113921629154217 -0.011174917601201392 -0.005436737818628167 -0.005643653385069336 -0.0033100119321320446 
0.06294410869558043 0.08211739583121858 0.07998265833204488 0.09363941508841617 0.09382010559851106 0.06964245273268893 0.052646018340797074 0.04814388541083642 0.03808300990365876 0.02073281501301011 0.007817136085709692 0.0019773256731015765 0.0635818705753497 -0.04991943436273789 0.06305112921496792 0.042063969611049516 -0.01244662181007474 0.043876179286078926 -0.042451672814312454 0.0036194509233262776 -0.008426017027231327 0.01683011614788325 -0.005777594856394226 -0.007090611053691825 
-0.09097527780177828 0.01858843354478623 0.011052925230032318 -0.048362649878467 0.029240330220235228 -0.04752936083222731 -0.08813395753986342 -0.027106119194164474 0.014483247851774794 0.0059438059493794465 0.013022392112353162 0.008941372959845345 -0.06624464248129502 -0.1165397722909605 -0.04563268350974883 -0.11716610471122053 -0.014166093484210824 -0.08244439738177554 -0.022373511101064596 -0.03387089303185756 -0.022566318382271577 -0.009308279680041387 -0.007787944081666943 0.03913277065852376 
-0.16968131125524266 0.1098774836141739 -0.22107136975973507 -0.13078156518662498 -0.005249872428097477 -0.12764871647067222 0.1566602369383542 -0.012869949133516634 0.0031725393563395154 -0.062057418959314964 0.008978948690124507 0.01712133715150184 -0.004328474359729384 0.04162745142237484 -0.030291221999018726 0.10975304495210776 -0.07771554937591955 0.06359732274780484 0.015481810460009779 -0.0819737152365269 0.12881726387817324 -0.07772432165779376 0.036091607285575894 0.01898996982512198 
0.2661999605591312 0.27456606757811053 0.23464202557550612 0.40616684168576234 0.03609412396952858 0.30640905868990903 -0.014410096544614517 0.10099028444650912 0.05542641482154022 0.05212962094433572 0.019097646297030244 -0.12432993677407334 -0.12569421477936396 0.21917533119561217 -0.031738316681551915 -0.07903810211496404 0.1946701307092282 -0.1433219751873506 0.0600059646916016 0.06691170825075447 -0.119072112662636 0.08754295659384131 -0.009846600428499275 -0.027340188815448706 
-0.10265808740568616 -0.1707537754525681 0.059061774156364155 -0.46288446555002183 0.323539856851623 -0.2981187252717938 -0.030661343536856712 0.23001682930008027 -0.36884036521574365 0.23081287248891327 -0.10349531286335653 0.011643071064694976 -0.028937677098130443 0.3872394105440798 0.10814086808053407 0.16836675014327163 0.2163773125149033 0.11504362566387301 0.19334795840751404 0.0868979640969408 0.1253975013280426 0.11286587985653403 -0.03348879972987457 0.1258208943222313 
0.2525957546115354 -0.4986219305086793 -0.03379869668336155 0.35480310664812353 -0.7191649265473096 0.46767156913038527 -0.17449106137706272 -0.34928463316322633 0.5577060381257244 -0.4031202095562586 0.0987993241745915 0.0937010724495949 1.762851486836106 1.8217241496118317 0.786467054283038 -0.21762227319309704 -0.2384899477109428 -0.19488457269237766 -0.42665283622612654 -0.10922144669691199 -0.32740600469915293 -0.26239623837656917 0.04920550792547138 -0.19923991367536206 
-0.07606617698705342 -0.6652467489746707 -0.41127361287190345 -0.6101999480976205 -0.27675228471438834 -0.5534108486825293 -0.34334315586796377 -0.0484263826194713 -0.6241597762798803 -0.17303014327861987 0.06959450894096758 -0.46935685042702624 -0.7097704214247574 -1.2956002102544095 -0.35724978129139445 -0.2901118751510742 -0.19621665845545463 0.2565666393619339 -0.11178315392566152 0.06388302496040238 -0.17945695200787934 -0.15506195548261348 -0.013395229821339416 -0.03066483627778784 
-5.035650455158503 -4.943359894496333 -1.889591443759474 1.1326914025388528 1.0517100378853628 1.0187088384724097 1.4218893182993186 0.5678762304970209 1.1653041344510673 1.0412398439578099 -0.21506378838154594 0.7138897649978735 -2.7230688009306863 -2.006127816586969 -1.1477007046904033 0.16854227389953805 0.5050870231108538 -0.06235605276500076 0.01414494611656685 0.24633569574938272 0.3128672521569137 -0.01164173061914268 0.19325505891005237 -0.24839920456343464 
4.670776281753605 5.938415837304487 2.0587074915686037 0.018507011957836106 0.02675235000165066 -1.3433372780286077 -0.49350207159806286 -0.42021267741125046 -0.13426855735477716 -0.026181287820280508 0.09362193287873044 -0.2064567663760808 -3.449004805944217 -2.1185133889677967 -1.627753984790494 0.13063136215944693 0.5291233161488099 -0.3456371736694444 0.46804373185321446 0.17288585206926466 0.42322089345216 0.47155436520460164 0.10713314320880675 -0.1808983633742768 
6.048380928033264 2.2179302261126494 2.174312865167595 -0.465177195078219 -2.386178313237891 1.0497029420984267 -0.1418464418617137 -0.9023985730154848 -0.6258413278075683 -0.44161944542800025 -0.49297956452444713 0.7074486441144261 -0.9497156528903018 -1.1991605103163592 -0.571373363599088 0.20794220168194652 0.14095703199612764 0.3328422392079739 0.7154513596194602 0.2040613775051835 0.5659436872699711 0.5333823363089287 -0.07585331683326334 0.33356943009062023 
4.728932549249714 2.109648357624229 2.4400361870360445 -0.2031597357674253 -0.1451780575991911 0.4680036205127955 -0.9656064713470911 0.1680534629289876 -0.9982497255070425 -0.8462635941995197 -0.11284703261400209 0.07655880013752792 4.027986510858846 2.697654935268465 1.4362450654592156 -0.35992860632693885 -0.9338839786843653 -0.2351450999955971 -0.3299622704602295 -0.3707197080404501 -0.24033230386252025 -0.11738934865320157 -0.11772256784438269 0.18751299343384162 
-2.215581630235652 0.5685053762928733 -0.3661357006959305 0.619698171355644 0.7148041456974008 -0.8854883284222137 -0.4884125606845475 -0.33844097218864866 -0.10053634328271344 -0.14886601177935677 0.11573064486461032 -0.4283263085307915 4.737233951232315 1.9488629955074377 1.4675746000831094 -0.8763097323244428 -1.6108787569979353 0.471747636784392 -0.3692977697538568 -0.3202550037701813 -0.7080009304200967 -0.5360594074904141 -0.3623234685036947 0.20907107432015248 
-3.2812019716884744 -1.3298365435910195 -0.9798034218772802 0.5558551477217211 1.2779130565871009 0.32969365721850385 0.6696677991940426 0.4099676462966819 0.32407586197035615 0.17961004131500247 0.14243453171734982 -0.20110827035499684 2.5110738463652966 1.7567308078769088 1.6812648690913423 0.6136178142723167 0.41300870499827685 0.38440907642292393 -0.3861654398791563 -0.026588702168936107 -0.3863431408402038 -0.255394627521141 0.03547574385238109 0.0019081157884256 
-4.158253665194588 -1.90891630980204 -0.5184911306250708 1.7842445601505361 1.7349124006627696 -0.2963849866076035 0.14840973212928965 -0.06259065338878811 0.8369986697140228 0.6536219592859811 0.466350058820961 0.21906895640023105 -1.8510783276522673 0.018577706124852728 -0.0709511635831556 1.0264165203781908 0.878323575871479 -0.5205140212102155 -0.2530325219186509 -0.327433017045137 -0.08138100358430758 -0.14338598212476308 -0.012592822831844985 -0.02827398162222511 
-1.8329529723667082 -1.921833222959041 -2.5275807052734116 -2.6262863729818213 -1.894258300076706 -0.9797752796632815 -0.12552129811654072 0.10989441003586564 -0.3079878094847992 -0.48132369716876566 -0.3945839711493207 -0.25286317969326016 -2.596743279431791 -2.1609121511552045 -1.0825117968332068 0.8128005003671518 0.6349950833308383 -0.37727865047876774 0.38247262340101057 0.1021655977277527 0.492467188427473 0.1118999839673611 0.07682743906044957 -0.07731222042374876 
2.6135288530602674 0.8087705976023258 0.620606431751602 -0.8684806294271568 -0.33408090358513287 1.3307882036493255 0.6682795537266968 0.7938946970771705 0.459638503197787 0.6117588038368166 0.42201836479348054 -0.3176269089949846 -2.05237139581217 -2.1591454125830203 -1.2369161150897343 -0.1394741055591553 0.37123480001919046 -0.08316175505040728 0.04055901186461459 -0.05018537709586352 0.5917408055007208 0.4521789135706193 0.1036929260187683 -0.20569696095545964 
1.1231366074794709 3.7940564561724113 1.6981831874340036 -0.5561837585908878 0.40742445871853694 0.6479430135263426 -0.7376849818076927 -0.3247718221195555 -0.964645620053945 -0.13515833286249856 -0.06588193845025869 0.29917632361385726 -1.8302053471540232 -0.294745489461605 -0.9025515732987771 -1.1109695722211226 -0.18737015555840011 -0.039356366684512 -0.05090356350461713 0.1002823202231584 -0.1056846647971225 0.01941055925395489 -0.1933893235896779 0.02215605111020506 
0.5208157323188338 1.7105750883812938 1.0793752682904243 1.1676155696325354 -0.5296333787924232 -0.8607588680511937 0.3328145383810219 0.30529859397651304 -0.6098948415035665 -0.8759974635790102 -0.009079735584874904 0.5601400876130512 -0.20745905444994697 1.0443137303690568 1.021193642342082 -0.361029331208018 0.20392193144357765 0.5384717562662837 0.1317933772416059 0.15305462185256202 0.0029210562716593946 -0.08697511572510497 0.18408023620277578 0.1642976072145376 
4.704019629466078 -1.48849899996371 -0.04931040364649153 -0.31142575584829957 -1.2343715957978603 0.2340673562405141 0.1949219000701481 0.05334550091671919 0.5438328572572451 0.20432275877728312 0.40113304980889075 -0.7582148313278932 -0.3633118134959317 1.6268351899193938 1.1659330194325275 0.07955309413562957 -0.05985561404675847 0.21462407544471396 -0.2071847795843825 -0.011395944727517574 -0.35769182931767246 -0.33909480446727835 0.0755303993197497 0.213793241393908 
1.4454645054168047 0.3171071345632157 -1.5692276997343964 0.09222836282560332 -0.12494867065766724 -0.07768923650661141 -0.1934040189370413 0.14567217000134708 -0.30336390427278626 0.7029436051922406 -0.3637298379444215 -0.28182415316772214 0.44862948136985575 0.4578000929692836 0.6235324199679547 0.5151828568752462 -0.7154548298541009 -0.14629862794488846 0.09509380088757341 0.16138201780567504 -0.19661101235120604 -0.24462893649805054 0.049311111021201635 0.016370247548553946 
1.7507476614182806 -0.3897151366767311 -0.47531438685116856 -0.2571494375943104 0.38464894679143435 -0.3874640285800903 0.1469786356044863 -0.2107707759494198 -0.04483560071631798 0.09265554615371113 -0.11514808522973449 0.07877871982251988 1.5213278586608965 -0.29858551192106875 0.12489221081494002 0.06768538670107123 -0.7445919755467975 0.038320235803340014 -0.010808337590681097 0.07208310652225776 -0.053110905215268955 0.20831504653753105 0.07518717858030612 -0.329077473137181 
0.6515632722331652 -0.2122171221700464 -0.5782200000111015 -0.40507116012019795 0.8072208394752323 -0.11109729180622613 0.07150476795113254 -0.04678932100744254 0.2742724245368331 -0.0862770477730726 0.1011274988708328 0.09253256939218285 0.34438922018496737 0.25255253256196014 -0.34593137508468813 0.18074546170725633 -0.199807202700522 -0.22434756696004618 0.05583516008442585 0.06017576977321836 -0.14676048256441757 0.18583658390097582 -0.12830102936256346 0.019324530415039343 
0.5369866700752084 -0.32808033583387264 -0.9194908859529589 -0.26583215447861264 0.5333195757760827 0.13581067648030143 0.09489251939810447 -0.06667307314565926 0.41434740849824225 -0.026012054352653358 -0.05685715433965473 0.04183922680369723 0.25672947884245484 -0.02725978786441911 0.014490492632676174 -0.11514190389941185 0.17764717502878813 -0.20200474941449365 0.04949814720916138 0.034463557703945547 0.019696273203265724 -0.020998861133806463 0.001231114848492092 0.15631467878422006 
1.0191773405334388 -0.4713678635440939 -0.3093453249294369 -0.44566666385401454 0.4001376229515745 0.3337161118433312 -0.33486644108712793 -0.10690399072018825 -0.0926739611868137 0.20476765374249534 -0.007972215301771009 -0.3213279979034288 -0.15183717573116992 -0.0092830415359213 -0.17625703432699832 -0.18739555872321464 0.48332244180086104 0.012458307993758569 0.056467781678893984 -0.08724944918060468 0.2185737783510878 -0.04044546372257765 0.02865653343498047 0.008823710922239178 
0.7967521907407793 -0.17836040239645 -0.6532232022900294 0.10857402597083343 0.055249029966898844 -0.003856482161388064 0.20166979849613237 -0.28410411420488363 0.07954877253570825 0.010129778797346556 -0.06429157268890887 -0.18323503288233445 -0.3608458835828869 -0.398698425801145 -0.610590687053624 -0.004223991476352958 0.7826221020211749 0.27665358258252754 0.054088140140955004 -0.25363517769233296 0.12632589102300373 0.1411374539367948 -0.03247553658282076 -0.0559321792133502 
0.9771920390938895 -0.2592279642809938 -0.18258273886157134 -0.030087574175277076 -0.4037112130227589 -0.07863863646665709 -0.15128721663456335 0.3236745470639837 -0.2140495925351633 0.016988426819660396 0.018875107740518454 0.17859856646848116 0.4282053099759449 -1.185516008564404 -0.7446710374328971 -0.31096153328164644 0.25396310585494203 0.019196552853990894 -0.05416565331081319 -0.05512733237099429 0.27364518529907955 0.1373189604939641 0.002379337224257675 -0.258876139939917 
1.6405169715436436 0.7619449919380124 0.8488998821739802 -0.4609497248889225 -1.4126223123002752 -0.4879726971122871 -0.15916151325104283 0.47894319103925365 0.09605755110340586 -0.3555348027016203 0.027145793887662834 -0.040327517742207164 1.8135740111292227 -0.32475754905194254 -0.3386559516489161 -0.3546740594780604 -0.4971370401071627 -0.19254949253482115 -0.44839180167553566 -0.36306942843849005 -0.15448529731834934 -0.2879256694353759 -0.004856527696043607 -0.17887422006128142 
-0.6873209797958282 2.615027464981887 1.1736062451372498 0.7719798114208027 0.3721839765203354 0.5181845607568081 0.008046174718899235 -0.323045646229274 -0.9218639063679012 -0.02435693698991359 -0.06082891026282988 0.38384666434625847 1.6771128230290726 0.3233943113569728 -0.11406531750605796 -0.19542498584253565 -0.4327736484497466 -0.1012859792143691 -0.09731473516458859 0.258358811959586 -0.3243498462002778 0.03252204777893606 -0.1107092000864726 -0.09665069358492846 
-3.8117133332020297 -0.6412154698720629 -0.3153498393426917 0.7715625116069749 1.1587125555168398 0.27538039683134286 1.467178507846008 1.1284642677572154 0.8969118214071251 0.8945794690082612 -0.009869980599103878 0.2507635783626212 1.5232720388555583 1.7891131145386845 0.6120180891838434 0.19479933415019524 -0.24702249749977398 0.09237700951410588 0.04205169582845932 0.41841752680172956 -0.10589352017783445 -0.12354173409612988 -0.13800105493739903 0.07668872279440347 
-1.3280312776204917 -0.5278306674468745 0.7417380744149384 -0.060068734895618814 -0.39105770158207687 -0.15645724579536474 -0.672513021689323 -0.7761624271737552 0.3585728109138105 -0.7056348523720886 0.36951059524331953 0.3230050991708524 0.7206523447035026 2.1838968224514423 0.4516623375519873 0.7416162811276173 0.7502448356234862 0.6889651241074665 0.530372030536142 0.15663243001729799 -0.0929449078484856 0.32941931545377284 0.23818943562076414 0.39856454658400403 
-2.6089439961106997 -3.03396528546366 -0.7712203000163942 -0.6293234541812973 -0.2899339807497472 -0.42778282237851833 0.05496299746769032 -0.5497509988936944 -0.22648024700394664 0.3557293572778568 0.22597920594678528 -0.23997290353771458 1.5856389990351205 0.8214547578466069 -0.4793769519004904 -0.14815061151824413 0.2679449233397815 0.040246401374576184 0.30377449762600284 0.21080184345373698 0.2444048271552357 0.05497686796959911 0.1134931610588718 0.23015195361455035 
-3.450662682452001 -2.7402880945766412 0.04655446281813891 -0.7524260490679135 -1.1542272622168297 -1.1971292019606603 -0.8769621617003681 0.04616469704428694 -0.08133314861690849 -0.7431898274860298 -0.8933218103980669 -0.5664787344555859 -0.9396341006348446 -2.0883284721510793 0.0029244532659228697 -0.12158995156322698 -0.6426777654291721 -0.5065079203607291 -0.13230248865196995 -0.45774764340409196 -0.008218642294443931 -0.10664628290542906 4.3207173823297157E-4 -0.12386519918472698 
-7.507314627891637 -1.9993510298470003 1.4703728221571792 1.5621930032478546 0.7364625658148718 0.6749771707902621 0.658079584973522 0.08489517528698343 0.3836503197067775 0.7484263526564345 0.2810667390449739 0.005049634332189357 -4.025097051353202 -3.027210362644874 -0.08348013183793916 -0.16676829656899916 -0.2836926847697883 -0.49442027635586894 -0.20432103246262603 -0.3158461240556141 -0.06532199483466225 0.054519335877485864 -0.14538980140897056 -0.30080220927508083 
3.940056340174511 5.219847621198033 -0.3878318464696169 -0.7910571089205138 1.0237773214231298 0.8116865187024324 -0.577163849486329 0.2797574159481817 0.07816345444178019 -0.5820445013450902 0.3406706134795263 0.5720894277900814 -4.482369225909172 -1.7552426539419166 0.6172994557815507 0.16816451378657868 -0.12330386806220221 -0.16707417823746465 -0.19427355146842393 0.07718826800892477 0.09351270823735379 -0.13057392387588587 -0.3091642191942953 -0.08848429630306576 
5.770987646635652 2.067597944583623 -0.3035867498586988 -0.10970303454799968 -0.5278582182603619 0.051070146357542145 0.5180269387485489 0.2809910138212004 -0.11026256402930423 0.11159868657492944 0.04515239823490033 0.0931496431646942 -3.021143145944439 0.437298580464718 0.8913377071227689 0.4322118121458804 0.556356331731323 0.3457715640416523 0.3585940880293392 0.3518848420034373 0.15685645405834805 0.1450590363948552 0.3452463622303716 0.3930101256559752 
3.3572938580118716 0.49196538003379686 -0.9183641185185739 -0.4209715715297224 -0.1521552659926062 -0.3839531550319064 -0.22411518418260978 -0.28344802624959586 -0.11491483146092896 -0.03305422281761966 0.15212801758985578 -0.34507584996264107 1.7899362577630133 2.161073559446422 -0.011720674491165059 -0.2834947453128131 0.16983487421674137 0.13424847178090385 -0.0423023815559202 0.03524648954412307 0.020290903103334867 -0.044179766725304916 0.21526846928242213 0.2018558636015828 
1.8474960510230005 -0.947305650659036 -0.9383741631866489 0.08051479811481776 -0.3446401356712292 0.23548231553247456 -0.5942270117663551 -0.6891566296244395 0.009620100483087923 0.03875410420813363 -0.6604010497013055 -0.7153981037593748 2.336522288941088 0.8253384092616818 -0.15070879740858764 -0.057930396706712406 -0.2605497577209348 -0.15063904856579016 0.07812897500571327 -0.03441895393211192 -0.0669617352434307 0.040159200668227375 -0.02413943008292028 -0.16220602298842512 
0.5319933646917967 0.2440787404800968 -0.03527611633214667 -0.035681789313483314 0.42266365747833934 0.31673501877225463 0.10587027043888353 0.6590917690386324 -0.04265058712442049 -0.41308290998577757 0.047641929600362926 0.37079571044736753 1.4017927583011438 0.11075691030959127 -0.45192137190544773 -0.07036761318790496 -0.11655306723180085 -0.11996442837507282 -0.31236187280736505 -0.1699946711595757 -0.018585822857117424 -0.06295504720674822 -0.17981228543328318 -0.3970598794807432 
0.17407102647242567 -0.2844739634245723 -0.2930043587261495 -0.12855673553598201 -0.0336184068330303 0.15264320515283214 0.11864728642066241 -0.087022022026578 0.05449051953273365 0.18113542815432626 0.1698137324784076 0.22183193192496536 0.40430637508209816 -0.1972319776194711 -0.34822672543644034 -0.02534225669060978 -0.05732323767505432 0.012553694487469532 -0.18588857804022116 -0.005169165968158788 0.0022352485885083206 -0.023455246419446813 -0.24057524361399082 -0.17905288134826916 
-0.011371904616272133 -0.1717211945122088 0.11471509496751953 -0.10533296514060764 0.04199307128369689 0.017359685283133253 0.3565332851459766 -0.0745313165697995 -0.08159257241439954 0.08462025682952867 0.27645748279984883 0.3774887706374185 -0.13604631868680764 0.1688467705827635 0.15061813137690247 -0.16028150836367794 0.21078499282543753 0.11346925424129677 0.21807743866889215 0.2223567606555629 -0.05920533747908635 0.07823891764995401 0.1096979567901436 0.3350413715201203 
0.9062595604307404 -0.14770975030446998 0.031310407472838975 0.19136715610020927 0.017664870451254977 0.34750889881462665 -0.1618927849992381 -0.3068375889157472 0.022385347362552488 -0.13973173994117905 -0.053083095459076024 -0.18158598980959278 -0.18362027745329831 -0.0011747017087593292 0.11028690794981544 -0.01249954647311132 -0.11161675533506814 0.0840389794382566 0.08814860852231655 -0.05173343867861948 0.007313115452416419 0.0885002983424596 0.20147651458339944 0.17610109162552137 
0.5740380537730623 -0.33084367782824486 -0.6492878935623483 0.28520078995945486 -0.2353329596401159 -0.12110559078253291 -0.40809200985784266 0.10192927051652834 0.15101801139792914 -0.48736607888788697 -0.17000352680132605 -0.4326194432457143 -0.25652870148302515 0.036015272803579336 0.19348185783057525 0.1155317040501153 -7.613491877702661E-4 0.10687127671833156 -0.05683737949352685 -0.23568199266366976 0.0940408914381458 0.043511874058666966 0.08705415119599998 0.09193358812444379 
0.4322268796376534 -0.2013886166402763 -0.2418635883106619 -0.2863249736666793 0.4398948746340805 -0.030241095129104556 0.23651410835562237 -0.02005199953388348 -0.08375411873067995 0.2016277009856553 -0.2113853064712033 0.09858276398996768 -0.7543786192366065 -0.46942464847123144 0.03911750075697581 0.5598211648798663 0.2038805409290231 0.013328499744312347 0.06027550950023489 -0.23583732616408168 0.018555558859221794 -0.13805720022505333 0.012135489030646129 -0.15870490765903553 
0.9952305402293469 -0.25292757975504365 -0.3291434806324558 -0.21308201240750924 -0.16683788324440507 -0.11437914789999581 0.32784197694912687 0.4891218667302779 -0.3106455136822207 -0.2165950858098894 0.0944461347179125 -0.03839637063569312 0.9960788289339723 -0.4036096144255629 -0.4763230184752451 0.005238192788264688 0.0035399919145189065 0.05406967956518124 -0.01829432938162001 0.1117525220782284 0.02981586220918847 -0.28649135857291136 -0.1444331831503034 -0.08938167232410961 
2.958799174912418 1.2216061460726237 -0.24611430126303468 -1.2389549373559077 -0.6282242905336698 0.30416017814042107 -0.7106863069034275 0.20707809146962297 0.19755043332496203 0.13905436419498218 -0.22171439331063367 0.09741719686250327 3.13464331565177 -0.2215006404046731 -0.821255623726874 -0.9186385975712333 -0.1833847275763885 0.25997938102591606 -0.00403440002889216 0.2358763615838122 -0.21161939428394627 -0.11295043829065061 -0.1487069472883344 -0.04319548976676973 
-3.6774845806662366 0.16848778409199383 0.7818065183395734 0.745801193439275 0.2881066472002025 -0.45051526611283943 0.1203911859165423 -0.3468933412199101 -0.07908185125745726 0.4033946652261836 0.26846056606929936 -0.16389164270965323 2.4241992465395756 -0.5048624239979439 -0.6461755875951546 -0.37701819577670675 -0.46488324241065393 0.06665295684843876 0.101641532859529 0.36412705482796276 -0.09009047960275458 -0.06507787915389203 0.0012649438687673449 0.009589432753253172 
-6.635345506869864 0.25240562265022426 1.6664282833839454 1.9901492161236285 0.7625767921409422 -0.6421111791004309 0.35234270395859113 -0.3096734803102261 0.43532223290877714 0.2304841403395706 0.14772831971810646 0.2909168693272569 0.002969812191408868 0.03351549154007157 0.058341323986355574 0.151207026591946 -0.16154544100449947 -0.025746724147261663 0.011423797818875406 -0.07226647851134532 -0.009491379971663124 0.07579457450895338 0.06576855799197247 0.07032722240724233 
-1.4802948584982385 1.7462599539499877 0.6531119898295178 -0.696579501817157 0.5324113026502507 0.15879766017511387 -0.5085971270604694 -0.34488351186368593 -0.1592599746658645 -0.0670763364205075 -0.0940700534027596 -0.16391450512782946 -3.216579832517555 0.2404657600175426 0.8529254338332698 0.9139252019692586 0.41024696315692766 -0.30402805418613904 0.12081141827983632 -0.16581351101314015 0.0029224890692362837 0.19269996170715423 0.15000634934484347 0.05690039916604687 
1.8512948772541922 0.3321735865234121 -0.3567910089670736 -0.9713856695035297 -0.2657402952451955 0.07674388743822941 -0.43046354387154784 0.42287261232554685 0.266113634944155 0.14690614149146758 -0.23775475755052156 -0.11355303915013559 -3.1546567682996396 0.5839055656942188 1.033371045468993 0.5427136776572312 0.40962987671030704 -0.1432387943621101 -0.034665620972044474 -0.3476312986646828 0.30163422597783424 0.22698640756224595 -0.07928690178189933 0.01911480385645827 
1.728934724824402 -0.5927934778972279 -0.7653601369847264 -0.5152069696549222 -0.42847569857751155 0.10214136317624747 0.1493600549921028 -0.2157258544983761 -0.0032450194828550494 -0.13291622047122764 0.011183056669082925 -0.1323578859690976 -0.8159668251131901 0.9168539127463928 0.419678166633022 -0.5979805430720491 0.2477581729207972 0.14476936700548929 -0.3770713179473575 -0.16275702073971846 0.07514111805723718 0.14118104130497136 -0.1429871195901472 -0.07219152541297706 
1.2240100063677346 -0.3297843585088245 -0.7244487896159116 0.27132191707081743 0.014130662623902168 -0.18406664751466745 0.12736097584843842 0.6686415870011673 -0.5475879226162302 -0.4175551403218071 0.33296247002788315 0.21779414817851617 0.01285429896931826 0.38129647604187156 -0.2112318448890271 -0.461566375226949 0.1818459052422919 0.013583579583031849 -0.3082882574456275 0.0596324218339672 0.2527282873872065 -0.09763677090458782 -0.1811461821711365 0.04865019201392493 
1.2812480522845604 -0.6733228117730725 -0.42209361974512893 0.47600833411181664 -0.3507986950466897 -0.14510517336490555 0.3437045669216099 0.02050306301765925 0.022167449942616546 -0.20838881942878423 0.049532691578479685 -0.11301352255322417 -1.2252470282179686 -0.3306246571502542 -1.10528361076001 -0.42430177490267634 0.3935510125481463 0.19865001115607303 0.31042563332784473 0.11043238580295396 -0.12059271487204404 -0.4295486849610534 0.4063876825309287 -0.05579026008609512 
2.036575316616158 -0.7714511746642803 0.10527126708020895 -0.08229419570605212 -0.8501165127374821 0.15961641695971038 0.3972289725005811 0.12586088806562756 -0.5047774619302002 0.4775527536840093 0.28650897150818955 -0.2691757968998471 1.7718849074256011 -0.31123124964236454 -0.5550413707976709 -0.19995754745866656 -0.36026263906339434 -0.14572298276567294 0.009623190892389296 0.5070338023452354 0.052486769738284623 0.06834034044814985 0.3627512639029587 0.035800009309694514 
4.998393154354096 0.6199139016312625 2.135630666947243 0.9345064114415417 -1.1770051485412583 -0.6656502025291605 -0.9168508433175028 -0.27563266243946816 0.33712789479026206 0.7081758874090243 -1.1847532416638564 0.2784978668283694 4.779916796702967 -0.6037435920913102 0.16541269907227665 -0.07988682217711914 -0.7263149569598467 -0.11232967588277647 0.03992256020939953 -0.2920856628911381 -0.40067348024761357 -0.006419499036446674 -0.24392338466025 -0.2127883673506713 
-5.950217266943836 -0.04270896628389842 -0.3381868205690848 0.6419455207819547 1.5080218065613695 0.5133748153644788 0.7287691082908269 -0.7043919573059754 -0.8625284542549069 -1.0808585150851608 -0.13814835505982487 -0.08536157444136416 2.514325723680946 0.4181293621369879 0.344275348936637 0.7551787023647938 -0.3954259633598267 0.13925939715196922 -0.22192145638582525 0.1563836260809283 -0.2781339918488655 0.013292380103582135 -0.29235431645559323 -0.20666319678619358 
-9.065106046044342 0.7735368603106672 -0.6966026731373121 0.3535489423991707 0.6490770161834245 0.01500465508103968 0.05816681839828841 1.311886474376875 1.4030633868478106 0.5900753120651409 0.9936315088432368 0.43344446826954824 0.4510819726635744 2.299519372694941 0.622832038276201 0.8523393386422192 0.2824979085466868 -0.28382368208987185 -0.558298282962726 -0.16448732596231186 -0.29525097795790645 -0.1228227629360014 -0.6101071807343381 0.037177121401400004 
1.525347745772538 -2.1026507404149464 0.48856189031257546 -2.0573515682792483 -0.5768797050203434 -0.5984892033012974 0.5754845108001612 -1.1370495585853289 -0.203343232412378 0.49672590104520453 0.0743795456214228 0.2733404927381442 -2.7498772802509595 -0.10115344893149292 -0.6342928744238618 -0.25660575295116206 0.5512882275446026 0.18766504323018116 0.05833539179821371 0.016997391832613656 -0.23343690063646438 -0.37129174610537613 0.056546061861453036 0.08991655483082735 
-0.09263526999481453 -5.248673329388037 -0.1462398033221901 -0.2728630599545143 -0.9820481183904626 0.7417528530733432 0.8346863043160082 0.43415811608714416 0.893288217742717 0.28785196815184577 0.5393043501985342 -0.012384530965584784 -2.8356945910838647 -1.2775067624920675 -0.9084073170033765 -0.42869959425647014 0.052984992293368505 -0.28620518502800896 0.02739361054308918 0.42190137236606756 0.8404927069835813 0.4506631614439171 0.3728207887995065 0.12307421180227272 
-2.1868208142157224 3.2718564753599324 1.2895103677949398 1.7249687808122833 0.6697196912145054 -0.4129944133222163 0.16550318993732582 -0.3165199536589509 0.09266983220703301 0.1841283951876151 -0.08062296132183266 -0.13219673931627973 -0.4757851389870975 -2.213930970722498 0.08509674959704376 -0.698665993168167 -0.7001792966078583 -0.025793034273963105 0.7354792621648878 -0.43676842273871325 0.22223924033832057 0.4762166820497052 0.33167190081386316 -0.08637068715139214 
1.2980620072013833 1.9188035398994305 1.6281450391316352 -0.25151244937718475 -0.13317765881410537 0.780872815175526 0.18097664720043855 -0.36408244518451666 -1.2664212664126384 -0.6056154193378156 -0.047329604083654886 0.26699044888994206 -1.1480763186593117 -1.6227012027113747 0.41540374756357495 0.35507984680882404 -0.4671242948843147 0.24142087567103135 0.8394187583309831 -0.07927297099942554 0.2210874922336564 0.2632800487547146 0.39164726302133684 -0.026365874436071652 
2.2573545241357316 0.9554037371088135 -0.6539207797054685 0.027971105936587914 1.0992229550150527 -0.5406700815304996 -1.3040984471367172 0.5723759902666413 0.20979378865033804 -0.48519045135908034 -0.6273191796790721 0.39276506426455715 -0.8465286047662824 0.8672686190828175 1.050265216328999 0.891327207188036 0.18656435718652897 -0.05024980991401481 0.2966616720276422 -0.026820323964043852 -0.21466326578245684 -0.09521605019047885 0.08271407013895686 0.2025293119571371 
1.1295060168073938 0.7776566478716465 -0.4207354722627108 -0.4896037629431387 0.2045731343622077 0.08132806016439065 -0.9487691521399197 0.22752905712262472 0.1714637628200954 -0.16732875483895024 -0.36228932968685673 -0.19576780944778827 1.4348613869479208 0.3951138374926441 1.0220960355413 -0.07810504133183464 -0.1309912811464934 0.19979190184743265 -0.33299958982124717 0.5699484708261778 -0.54197347274446 -0.319436683127245 -0.17341024479099051 0.3686941629044786 
0.4370429952801196 1.240624064125372 -0.8368450254948843 -0.829967183968848 -0.05884877693323809 0.08752739392539577 -0.15960892647542158 -0.53186473292039 0.017717114938036516 0.250633213509619 -0.1712853089371023 -0.508405546018826 1.339671234462024 0.42899283040604913 -0.39721082057339424 -0.11718161941304446 0.47383469445986304 -0.21594286311769584 -0.7156982161948221 0.13723848886567777 0.33217085179360445 -0.17346625536880392 -0.3249337285850156 0.05287434155925199 
-2.096366389214573 0.590851863913219 -1.3466809445975572 0.41177181957103715 0.8388320505995202 -0.13260162809471954 0.6077306563335322 -1.5218074960695347 0.45553748867689225 -0.015217202390430264 0.2448841949183317 -0.3885067346818022 0.039645519358764446 0.698655719079096 -0.8912090442050915 -0.2507361339977427 0.4614825688441612 -0.11325189106200433 -0.19385088818351967 -0.3873845888034561 0.34714411095329795 0.037213081329103 -0.09784253717581397 -0.20900509193296243 
-0.14872297623935715 -0.23817236213012016 1.0006844181821375 -0.0711718270813666 -0.6394105864831925 0.21412335195214305 0.06474629721102332 1.0353288002656877 -0.9287556296588737 -0.040847461476928526 0.043895243773380443 0.33051150220380815 -0.7858425023646157 0.758372139897992 -0.7346071593776667 0.009463376243355878 0.30943268713237265 -0.29619320861702625 0.26314137825861356 -0.5418603412031732 0.1937016135710443 -0.011122210491299503 -0.02285662830627325 -0.067000401866823 
1.3034524444908389 -0.5789122962378954 1.3341269385140526 -0.11679303939365138 -0.8895936673952987 0.35778575433702997 -0.4793940994325832 0.6060860569399543 -0.39673219774134316 -0.13322766133298547 -0.17635199451465625 0.011788942239781941 -0.9583264897080411 -0.02337254296825571 -0.324214149073976 0.32495591621440734 0.4278201733245419 -0.03882443471833941 0.06309254506287156 -0.5625093281105878 -0.15438350886077137 -0.11551638685419308 0.027276359931099114 0.005264277234286056 
1.0946610855212606 -0.4496102754930469 0.0265725110823114 -0.5940748832165714 -0.1229339793329467 0.7309133285605998 -0.4054706833682046 0.029769514184385004 -0.13725288256597867 0.3430050744547951 0.10790267069821141 -0.507552178879149 0.6557156232279141 -0.28652768094932995 0.5687413889135969 -0.2885148619738966 -0.529324750287608 0.08761711214700114 -0.47485094154390906 0.42007893588256123 -0.4657680299256022 -0.05296470925711912 -0.29471640849369973 -0.23099150061360327 
0.15692104902924098 0.7666884494994495 0.11301745617428383 -0.30164440100458245 -0.7028667729492285 -0.2745233122439297 0.6535615114345315 0.66850013130288 0.5229366417127589 0.13940569020628713 0.13105140166261886 0.014732274156818215 1.9065510116962134 0.44711682580190404 0.5424845571856597 -0.7511425038208573 -0.801367556704931 0.2467477626400424 -0.44704083182273374 0.2598048943482831 -0.2719092006734332 0.046653085270226234 -0.11262065166080397 -0.2241442211119619 
-1.5426041481923005 -0.0513896921508028 -0.09498500738876903 0.8867984396457886 0.8552002171565962 0.2674265488016194 0.9228213164091932 -0.2561150445634589 0.008714040390881694 -0.01827000947520746 0.7743427711658419 1.0220143380860998 1.515086317460123 0.7543808668590609 0.05494116399757343 -0.8412670347324461 -0.6153620051734824 0.17435848008020952 -0.1628537093217636 0.02094875651958311 -0.21235917910942645 0.05257965410344958 0.053953399961197544 -0.158469142426407 
-3.097567973741021 -2.1193730653147296 -0.23254797380738612 1.3961978106377406 1.0254419044747227 -0.15071414370360703 0.1975823961469192 -0.030386346730972957 0.3460119428005263 -0.09254937517866291 -0.17171008976605961 -0.08056165290695683 0.5642563163986698 0.889988333926285 0.21788740443739366 -0.11937425563569064 -0.19976327982240538 0.061226532858067596 0.39506207964874845 0.1775413323548439 0.06162303766601851 0.011509168026280788 0.2001589392404561 0.22033734253645068 
-1.8233533554739774 -1.2697221186631404 0.03453173408042609 1.0808051151596054 0.8589976974755247 0.14593330404980986 0.3110800022408924 0.31636648364256215 0.588287004218417 0.3012436448369214 0.09742321652895802 0.015502211931959442 -0.5828517480440976 0.0307592464432902 0.09303569767605217 0.502720182312526 0.4644391932390275 0.18933658879929646 0.4237965769452455 -0.02302160068757621 0.0682189473886428 0.0227085952767684 0.29648781665062973 0.39417296336129776 
-1.39547329652593 -1.2941103390232362 -0.6054031278724947 -0.040524971854418945 -0.10547567364147659 -0.3974562884422277 -0.22575407042756357 -0.15036462986466226 0.048281046800935756 -0.05487864102861967 -0.13096563874030748 -0.1430236903754637 -1.084547722515001 -0.6747057115363289 0.06441463661462536 0.704664692993488 0.5760709935373166 0.13274872821052833 0.26292917952149936 0.18211085992268572 0.3154635702528926 0.12535637131178431 0.056029338391871665 0.05024048549272105 
-0.6450962426675533 -0.5562987946264202 -0.18766452338437123 0.09699928395429025 0.027341426497613397 -0.1772121452269596 -0.13690018113930186 -0.12706110093388562 -0.047077353775251435 -0.10523116238053429 -0.13549290429892336 -0.12927353326353994 -0.6375093399676931 -0.4122193470800042 0.07579248014945424 0.4701373808881282 0.3861117719466392 0.1176397166432321 0.1815311913406473 0.1801947985966776 0.2731467311043964 0.15070972341083735 0.056223968304131317 0.010493590765933805 
