0.0 0.0 0.0 0.0 0.0 0.0 0.0 0.0 0.0 0.0 0.0 0.0 0.0 0.0 0.0 0.0 0.0 0.0 0.0 0.0 0.0 0.0 0.0 0.0 
0.0 0.0 0.0 0.0 0.0 0.0 0.0 0.0 0.0 0.0 0.0 0.0 0.03161080431193083 0.0449848329050358 0.04388779202201768 0.0418562015074018 0.03789849748563436 0.03069391978516702 0.02191829972974413 0.01387822308347871 0.0068368547219886016 0.0010596313408427298 -0.002275937380647066 -0.0032029852913869248 
0.0 0.0 0.0 0.0 0.0 0.0 0.0 0.0 0.0 0.0 0.0 0.0 -0.048913486977225716 -0.0669230246949724 -0.06195793708037415 -0.05678529146452701 -0.049856440229582806 -0.04151988240268742 -0.030777700591566 -0.018842597287531886 -0.00910973134846807 -0.0020246520868373217 0.0015086914270154433 0.00307153087700085 
-0.09483241293579248 -0.1349544987151074 -0.13166337606605305 -0.1255686045222054 -0.11369549245690308 -0.09208175935550106 -0.06575489918923239 -0.04163466925043613 -0.020510564165965806 -0.003178894022528189 0.0068278121419411975 0.009608955874160774 -0.0073777413184463 -0.016227371825899034 -0.01917000530681288 -0.018665951340909138 -0.019939789108216505 -0.014866670243011507 -0.008553875477187103 -0.0045071432980387975 -7.506250498226416E-4 0.0036735499122953394 0.007969178725932433 0.007194560619329503 
0.19415666739957338 0.2682463234424709 0.251705499274149 0.23314017665468373 0.20641706691719997 0.1706005268858128 0.1252105513693142 0.07734512648781372 0.03758447612838711 0.007663403271776059 -0.007939980352016929 -0.014019070568082936 0.040068624851409794 -0.020003612181576688 0.016389826682351828 -0.03584862622151081 -0.016771549557378047 -7.863903971885855E-4 -0.005750682638188398 0.011193158486746605 -0.012471429342654697 -0.0033717434816033973 -0.013122205032098428 0.003890033191157887 
-0.07494510974444779 -0.08544104624353835 -0.06834273371663585 -0.06057223430461445 -0.04338916613395047 -0.04070025271387187 -0.03694364925309579 -0.025151133349790467 -0.01654036291472563 -0.014852351372774047 -0.019937546001788833 -0.014574146573947039 0.022970795719171377 -0.053795165049403466 0.025010186412333064 -0.006994900383552262 0.001714265752556593 7.60533517522403E-6 -0.00548284542125287 -0.017300889641497577 0.0025893860902185865 -0.011181269463826504 0.012525752453314004 -0.014829577997495643 
-0.13014952614990172 0.03525411030894554 -0.08082980122176409 0.07504769355573696 0.015161485510657838 -0.023331582129248837 0.002846422946496896 -0.04182124341056265 0.035429187402344006 0.01595195911993312 0.0527492941681603 4.214516505802457E-4 0.042728134340934254 0.11451344052287245 0.09088569202965417 0.11155322555177516 0.09577370462329554 0.07735878884916518 0.038365015538084024 0.04455262548157476 -0.010927868546016697 0.029177438343059605 -0.044641607423609696 0.01019895402743985 
-0.0015917033185690599 0.1429271029998657 -0.04042628505509571 -0.025537661822075217 -0.02321049901130179 0.0048614791465040885 0.011875701285934875 0.06985118462324479 -0.02720107807360001 0.02622063644487279 -0.06109408247808942 0.04687742875731611 0.043653708210475685 -0.1349931049916093 0.011643077260093282 -0.01387536489441108 -0.0404080805632318 -0.03582071327624859 -0.005941807138364864 -0.07550099823688754 0.05024666545716267 -0.004817347159509482 0.010813576506252523 0.023934887659995862 
0.029295561163831252 -0.1894780727478485 -0.03490980114558362 -0.11903678624191139 -0.09099338051401099 -0.0842567055918707 -0.014294170514453211 -0.10381390894342818 0.07569843934587439 -0.10040540566622617 0.14656311015696244 -0.07534172031603406 0.8254499469769078 0.7479884465799781 0.3090958242679951 0.4967579325211049 -0.07206471853743772 0.013745242595262108 0.09167508538828718 -0.12121895919008935 2.6627178772283916E-4 0.05162838923262012 -0.05728335277871622 -0.019151424108076406 
-0.28562877803274134 0.4319043602596865 -0.12623196553500593 0.07809610027744296 0.13091250856807934 0.09722444884618484 -0.010547931107526144 0.2323481941273049 -0.18741498525797884 0.057778372498834045 -0.09928518351494747 -0.04849722357062747 1.1573747109595482 1.2664127522506985 0.2007695449479704 -0.48084780795890597 -0.5075046669646475 -0.05252413646559434 -0.1453010500679511 0.0608263459980245 -0.13309709353305968 -0.08807789277182841 0.07117758238402518 -0.008460209609150107 
-2.4644808297235388 -2.353199858060899 -0.9652144337857942 -1.4670429850573368 0.15429413733328043 -0.11074879476487554 -0.26096701702163416 0.24058712940767532 0.1147373256313649 -0.15471207660490788 0.243694903022738 0.10556305013878126 -1.825509694479634 -1.3038104958709258 -0.7261144730046784 -0.4658345542192241 0.27117887737665064 0.034018265553471316 -0.126013391532496 -0.029033060726476212 -0.08182729887163165 -0.19324636103508286 0.22609559197246823 -0.1664673950675947 
-2.226827640753529 -2.5744502610957047 -0.17758260357890165 2.091008861462355 1.3766597429589948 0.17567993312978952 0.5711152747433786 -0.2848283725463805 0.3525707593828337 0.31760765022969883 -0.3231927260630527 -0.018194327642641228 -3.938483437136659 -1.6993603252353398 -1.3100595507187511 0.1484297004180244 0.9335386578274502 -0.20153518832189257 -0.10561276971571691 0.4234113654703178 0.18369931444672713 0.009381563800243721 -0.11936756266512251 0.07424415263934281 
6.476424075963127 5.225130725542624 2.1691089368903995 0.2720104958233046 -1.5274036298394207 -0.225539244394087 0.07291440115758233 0.24187355657284315 0.051187463640363084 0.3494190385735899 -0.4197698944863897 0.40890901692275694 -3.8674649441618114 -1.9939016905738047 -1.5343752726135262 0.10080508168867246 0.9549196327375222 -0.211839499053836 0.4188911172938565 0.22661138378196274 0.4981472065102968 0.2508502334696669 0.2781155103851944 0.02259906569098537 
7.059369080533903 1.7408200441639448 2.2367850012831507 -1.2367197414169508 -1.8288545813279207 0.7592252386264684 0.13934966895001633 -1.0385291158662326 -0.7067379976026593 -0.222431876491146 0.5905499032349839 -0.42290266488064376 0.578224640038233 -0.4004290002438293 0.3429551377565187 0.5656710209492802 -0.021319766505456677 0.12199076775129107 0.3617257869816523 -0.1670028118304677 0.16152777409045943 0.1905030139373848 -0.07153253055840464 0.019296936538261405 
4.494815642118178 1.4708700610306913 2.430727581623758 -0.1055939286837011 -1.1077075987358287 0.232997049648293 -1.3017575660065226 -0.06239665027828678 -0.8500499154067793 -0.6372430136534861 -1.0475229427818635 0.2401200216848264 5.192530856259202 2.2145585133887966 1.5698865908034136 -0.5359678164546646 -1.45813987068472 0.24281156291882697 0.05086300316294511 -0.07022767956347982 -0.24255902073457133 0.022522803761382566 -0.20423418173380106 0.10524634089359063 
-2.9706973439457536 0.5039670718917497 -1.337257339215137 0.5827980108680175 1.2307710269235688 -0.4195605171452737 0.17327389738047438 0.3683151663705875 0.31860612663502663 0.23942963453108246 0.20528138975989813 0.008309360361539814 5.2888016540651765 1.4154700770788862 1.6426574085844579 -0.970408084066911 -1.4020414481190473 0.6043089468476328 -0.20827872473145892 -0.10513308655703509 -0.5495093852199346 -0.11762201545839955 -0.06466009688664005 -0.11474424903295223 
-4.08613528057465 -0.8001183284876685 -0.7535296652706975 0.9701550690448144 1.317203178088995 -0.36458105526469686 -0.09663672254648203 -0.25086554585512744 0.2661924637252341 0.05091987177832796 0.38556690745255645 -0.12243601837910673 1.7623567450868498 1.3006892441810736 1.1713359490618989 0.3885774400943763 -0.10654023269593886 -0.2024454299255373 -0.5596741748754397 -0.2640838165994472 -0.3530506888654182 -0.1802671756582841 -0.4261401813447537 0.1991499327851758 
-4.516560420315212 -1.3700959923135336 -1.0990586010229952 1.1366300119195245 1.1648143746168096 -0.7549125494599351 0.1616254214143728 -0.628895408406707 0.38366896849113785 -0.21364727283185442 0.06798526877769415 0.1026081022501795 -2.0731145668974675 -0.6139315011452157 -0.8235698856513266 0.6068822803887961 0.9184589673564485 -0.29171175043354647 -0.051380065123094586 -0.17822292947502838 0.21026094592435976 0.06435817126945295 0.1432206533578413 -0.12003917597313589 
-0.019323054957642416 -1.494166139409888 -1.2023796346580093 -1.5482422494925834 -0.7551085744946325 1.0080093555822356 0.38308919660284735 1.2284600869087021 0.17657073026141967 0.13009696700283457 0.29954566174349956 -0.4044791476150208 -3.2032364866305016 -1.4066282021156875 -1.0336476098499825 0.7782941331819692 0.851351290807712 -0.37547691675951905 0.06982214207047877 -0.17832151823014533 0.40270273749399205 -0.09334230422119755 0.17186296010855695 -0.11192736195676495 
1.215240243938144 2.6927854807885065 1.3578773024324988 0.02134982897032811 -0.48844999885396256 -0.23072047126810058 0.08755113317509344 0.16332113841375784 -0.2673658444061455 0.0067665731104702975 -0.18136994745909726 0.5094484528989045 -1.7667963842795282 -1.2137421848664376 -1.2513504055335847 0.6034478682305268 0.08942717692668471 -0.15243600201064147 0.4335866252531548 -0.16308828557578356 0.44860557184422684 0.09286509159234778 -0.022850363972587367 -0.04764891009727389 
2.6576738471901757 1.3883255413083742 1.1189452125515027 -0.8070872390264947 -0.410218507598755 0.49975365591794285 -0.2690660046382787 -0.11200926457492377 -0.6163983423081003 0.22073986147075822 -0.005344364754718681 0.0099258921668256 -0.5422029377061528 -0.33797215295217303 0.1694626785759413 -0.47040382131563646 -0.14431259736300237 0.40162932763034104 0.08674654984128344 0.34649358060812946 -0.04516249250751866 0.04972573214301273 0.017499271275019507 0.11443897427881615 
-0.5546697185505369 0.8298847219266481 1.4943301919730025 -1.0442910980051001 0.7240878103888166 -0.04347669359586437 -0.8130568537245284 0.5306041240624566 -0.5656632107567827 -0.5375639948428595 0.28898137394456536 0.038352312651077955 -0.14913773242627112 1.0144526407157874 1.4416888324698551 -0.3332702863598683 0.12088618901045622 0.09862370322015394 -0.3257490217068028 0.15789269973740594 -0.29037556788135804 -0.04829955038733443 -0.1254157677158171 0.25922190088652747 
2.4922407394051564 0.4512006988775603 -1.778994115156085 0.3957896779420401 -0.9284396870270151 -0.2905005161449057 0.573153540528808 0.005337852259964526 0.46120689095929424 0.2530850545504613 0.011872187216609736 -0.512248000327556 -0.16417583611488418 1.183066483932678 1.1315415326045877 -0.36670522797029587 -0.13601018823858438 0.17498359735787006 -0.3809336223912876 0.12132908506048923 -0.3803874893691572 -0.1311986290018394 0.17077052754652908 -0.086465007435788 
1.745369995109467 0.11798997985655113 -1.5182195311232736 0.4197222295656655 -0.5919979761712011 -0.13146449489713813 0.6436884257119586 -0.36903051921590413 0.06495824260423144 0.135492627732622 0.18626907970268985 -0.007130303513487091 -0.4237664921658171 0.8538323396413307 0.5908740838658506 -0.27689756723321857 -0.21442015370922593 -0.03440645181928929 -0.243956603956198 0.16323832892394652 -0.30812536147142094 -0.062307895348968946 0.2141718514671517 -0.08178886225086168 
2.0001814987048263 -1.8049265394546117 -0.7694045237141226 -0.43897821890098987 0.655854950397007 0.018796764494969587 0.14536222281734063 -0.02617919811721109 0.20945339911886418 0.2778074371885357 -0.46629980027336804 0.29206222255647213 0.6859463765514994 0.2581874773670026 -0.5631035090134366 0.13581562026662994 -0.5813134465490286 -0.11028594854677409 0.3565691631881607 -0.14584525850761504 0.1186044738878539 0.17379899758865272 0.18794116629566518 -0.11697909133054551 
0.9626593782970794 -0.6035486778312578 -0.7830868553455306 0.20378555211607052 0.5752009528044835 -0.09490597845793414 0.13270861699979922 0.056647662479204886 0.484589619577695 -0.3630015001149899 -0.11444818671190093 -0.11843621203835109 0.58102239253755 -0.11765277232457283 -0.5179741613729414 0.23568156741018806 -0.06974592729648434 -0.19776094197123043 0.3752002822464567 -0.00868715596753992 0.01466719210461557 0.05640364116945564 0.19481284697640736 0.1142956083732551 
0.825756918156852 0.037407595620456924 -0.45724992600464653 0.09631115586694783 0.2319011881322285 0.022078071275814626 -0.2410640446795944 0.2300345369352551 -0.10442221919099925 -0.01906487429169093 -0.40159267846309044 -0.10565777207348748 0.23947471452269062 -0.5000407747769667 -0.08305311678265255 0.03221265165472446 0.36201834853147724 -0.13529966631398244 0.14381634818389205 0.1227356823724912 0.24810253337455437 0.15048699174385638 -0.21838289424569327 0.20976178935741285 
0.5895151077708043 -0.4502187707072647 -0.12037434585918738 -0.5549671600488675 -0.1707833131493588 0.4601776776261306 -0.28869928727894384 -0.47107591883951744 0.17789447544531645 0.11471785996436837 -0.43052302213167093 -0.15115713131827258 -0.3894168279460999 -0.33915188367405014 -0.05775808054384687 0.31170263126059267 0.3609245326258757 0.008675516835716287 0.01810375075871935 0.09320344034922079 -0.00518736045938865 -0.228117668000226 -0.3165508764777427 0.0073818944601864445 
1.468329490399892 -0.3814691686857081 -0.8516014281093365 -0.15623981778269425 -0.05720796222050373 0.14715393539488453 -0.07538286959496399 -0.13052445457532347 -0.38150662893860976 -0.4125132180827126 0.34688630017359673 -0.32086268587580574 0.04277084783350856 -0.7405521901962787 -0.902691282437492 -0.322962854265358 0.2980316177109051 0.28067260140967537 -0.15455087492710595 -0.1640709541467915 0.37007140556893797 -0.18600016983958703 -0.28693639096875106 -0.19471385540429176 
1.809623576013859 0.6233453553439752 -0.412636862661645 -0.6050468548408865 -0.36301806989677754 -0.18347046102461795 -0.004443222818674042 -0.042683162813168196 0.6386939058296661 0.518075675781199 0.4609649534029836 -0.032979438517751286 1.6308940380200871 -0.3817013295875317 -0.362028942298154 -0.14716972112940374 0.023234440845100773 -0.05617449197033212 -0.2970039090227961 -0.43392368838059786 0.13033208553472495 -0.0013543904016576624 -0.15626287849931636 -0.21701290137830384 
0.08739014053479899 1.722282103183673 2.396955179709058 1.0902395660590312 -0.5660762866267774 -0.4981156636278372 0.08046054787158852 0.508051021362455 -1.445036151089988 0.33725672731865497 0.013472506675835605 0.4193949477391271 2.099449038978746 0.22532300265425484 -0.31319411324564805 -0.2453044543163664 -0.32611634255369976 0.07926595014837552 -0.4332908785904695 -0.06799719471865079 -0.12366689138682373 -0.10761387829643781 0.041164275877449176 -0.13858410703093887 
-3.6126973313569106 -0.35699041787936014 -0.6585658228739226 -0.736697688581519 0.01394752651847575 0.9513359530484878 0.5243907310561684 0.5114074083333868 0.3186629799168308 -0.2561039415313424 0.2049725101151587 0.12975275600917247 1.7586664175417959 1.0595193067069981 -0.14088064759904348 -0.14209756983421196 -0.46352490237053673 -0.4415010586419566 0.02877333645600344 0.3376269267535794 -0.05855556735093137 0.14222111015852254 0.03262477152522806 -0.09498982896053725 
-2.1188571728509604 -0.567270290036805 0.2109453917337465 0.6454989620367213 0.732658267232969 -0.6580471220867949 0.9600727892390235 -0.2035781559926486 0.14950950817827907 0.29741822546287155 0.35138969418516164 0.013523537953548992 0.4939845823081024 1.1573715284289439 0.7549951834037706 0.05174554101082977 -0.23902878213047296 0.31105706190972576 0.08900750397972734 0.004664700120394809 -0.7649869195061471 0.12691726417671892 -0.06355370800857259 0.2242928968421368 
-2.3632520199186495 -1.4104363681667804 1.1030099741231412 0.043616156672904305 0.3781893602849594 1.2209984441307309 -0.5305693528704019 -0.6997493543963544 0.017087778248326635 0.11133159623352307 0.19413204507263637 0.4549257532566495 1.2642333250444873 1.7724988761553417 -0.37539730377859976 -0.6746258363990097 0.12126272161026048 0.831988492729664 0.6678861326617277 -0.16769415337642254 -0.08519036657443128 -0.06469793643751574 0.33976324390407037 0.19501422649414946 
-2.019286262108639 -1.2231095069594482 -0.7488182690007859 0.5448460203993302 -0.0311108571186004 -1.5661180948981361 0.3409180778956916 1.0996353023661412 1.0007122082627051 -0.22721283409393456 0.20955386322281455 -0.4160702414110218 0.041996908160591616 -1.2901514588279792 -0.0181950138956302 0.30210156164839624 0.24741137008884628 -0.2065224307664146 0.20520093974225517 -0.030290513486413578 0.07815268760879733 0.05765404571137531 0.08944178842558194 0.07289594644127395 
-7.455182761861533 -5.3465674378840635 0.9475079188291429 1.337506291434206 0.032043923863478985 -1.0905940387348334 -1.1696903112573487 0.36288313928325944 0.14863272959791163 0.20030539755960786 -0.743399306115879 -0.24049303379099057 -3.2606687938444536 -2.4109958417482815 0.30795089776660217 0.5805970443573473 0.3456250329312239 -0.028656514772717284 -0.19265372720303406 -0.002926223554888511 0.21693730515657672 0.15853888834031646 0.08941509228222315 -0.11665348712224584 
0.30111747363870656 5.271249621305774 0.34328146106763624 -0.9077507902891182 0.16349687517717038 1.117316411645231 0.6640304492057314 -0.6440228623732148 -0.15072103032290543 0.07996918766570324 0.5518300045026735 0.1425450921535472 -4.204697587648241 -2.0032931674858645 0.281489651119065 0.6143045018055249 0.08116277090291556 -0.7449229719389944 0.10645711057323741 0.5174894666555748 0.41092878568481145 0.0847972024200712 -0.06004964728749307 -0.15487234397759878 
6.258552493741039 2.5753715929454533 -0.36689258421087634 -0.9718765710549131 -0.7559896046565977 -0.03474926482280083 -0.1141643569163196 0.18085839863798903 -0.058007517928598235 -0.5178760796672452 -0.2452513024139625 0.5255785478411026 -3.4862013720356706 -0.8897277974935633 0.8377836683770514 0.5207095223047374 0.03142457637226368 -0.4017706025125416 -0.13783372807990615 0.20784757249289817 0.052612328084379566 -0.01830675746709424 0.007245685158237721 0.18443926811333453 
3.737938873034796 0.8258004800833874 -0.9360869708379711 -0.14337605377268492 0.11941759443269129 0.14072843396283052 -0.5062162309945352 -0.3618207272779482 -0.12875402502847438 -0.12251370274072163 0.14062880323433552 -0.33448900029427203 0.0567671251673314 2.3126985177183643 0.21901948590095122 -0.3862779667764651 -0.1463605365782182 0.32822986314592467 0.20285001130975303 -0.29932487339388947 0.04013776266059082 0.13507869241173043 0.1721391278735647 -0.06960325615023209 
1.2850106545474347 -0.45465947479218016 -0.9261588703492074 -0.6068096437382229 -0.04019016488107252 0.6030117576439915 -0.17106578691749685 -0.4017606457430683 -0.0201877573024426 0.356467115164103 -0.5595357609564231 -0.5552937919070846 3.0464124510298176 1.208498354570911 -0.18463181521252683 -0.4463545289948045 -0.3041178433983061 0.156383189687495 0.06181955319544589 0.24113138212443583 0.014913812772815163 -0.20810148109490312 0.04575151215242054 0.23552185537177747 
2.6175870177335145 -0.15183039798050224 -0.034143853566051874 0.06854964638193195 0.24467876502406244 -0.1862536890259392 0.0839311302770609 0.5452612799989822 -0.2900441986177557 -0.7624384869851621 0.19255485015320967 0.8917910304783371 1.8678138266900188 0.21261261966532738 -0.1351906446438739 -0.19529778033292974 -0.04057695780542134 0.04497936496133231 -0.17110479545789384 -0.09897788463425483 -0.18298071968938423 -0.0670755186226478 -0.13788500690823052 -0.15764524822182716 
-2.3205089316977734 -0.5613080317353347 -0.2639686972092554 0.2612241658521919 0.09373334024263513 -0.34040777239090103 -0.5946966971384553 -0.9960767513737836 -0.022103869452403058 0.4263907557396843 -0.40846886233066126 -0.7941270336605344 0.5083656077056077 -0.1731371090905253 -0.2246838829390001 -0.20712536640605225 -0.0029091521735827527 0.1487419846903436 -0.15821485861294407 -0.16640758340129191 -0.18499804315657764 -0.1381259233401777 -0.12583515206615106 -0.1297629438459685 
-0.06274281391265646 0.24128689955898253 -0.8616101234763254 0.008500382430896902 0.17418671528710147 0.47750010409627985 0.21891361048962554 0.23227097944017394 0.42114619011465854 0.04375103283943113 0.4787503746461462 0.2578633652479343 0.03814617922512712 -0.05912637769735696 -0.0670197669198811 0.011160344320852259 0.09217417128332846 -0.11233593040013932 -0.06704596943810875 -0.07544734731556586 -0.014197125473112082 -0.08067423704141981 -0.03189219710892784 0.1613451645567526 
1.100078747253697 -0.13180679629034664 0.16162591342292965 0.04459108745545137 0.0037833165081562203 -0.17509109298814884 0.236087548815053 0.2539572547402116 0.1792111778010832 0.3677501252723395 -0.32512806700443814 0.15095887224602228 -1.1065989862668306 0.023147901268718424 -0.11742443190785827 0.06407486823405706 0.09022852251369878 -0.1752257293489949 -0.15777031171765676 -0.20307186163739285 0.1588757908007761 0.268371715592127 -0.0732743948422687 -0.1347878231922269 
0.792854640582398 -0.1892018826109254 -0.04588185812250112 0.14338515261774543 0.01313126304131651 0.06809576247310267 -0.130323084385367 0.14658631888868223 -0.3481103458251626 -0.49109546062723036 0.24656104381688163 -0.064787416145199 -0.29519106525564415 0.20515301845453227 -0.06332634310304604 0.10205577397826542 -0.0742350209658237 0.07619563623862742 0.0627417031568906 0.0656980748058329 0.1350342450082019 0.09291210768926324 0.13281505756120163 0.05732492154785917 
0.571489299855191 -0.41550734445653603 -0.31955953416259275 0.0015571760565964432 -0.09642450117556872 0.38997158646767227 0.05323258545201126 -0.34401883618585916 -0.11410297388482084 -0.1113011443033659 -0.07255101238922285 -0.228438173387287 -0.7094827086553828 -0.4546006411730901 0.15414598484401462 0.5391461554378374 0.15495169842675077 -0.0337113165382101 0.09021830007828628 0.06322244916864789 -0.008951141260561873 0.03842444024728425 -0.028142267995904635 0.02292380868837822 
1.087125105553529 -0.23232188172151957 -0.43103837037442605 -0.27614998380447187 0.446995687026435 -0.03361814434751298 0.12211598270047463 0.3341648004857106 0.16270053093300482 0.004540344559494092 -0.04598332534506633 0.27558712342101144 0.24752950891463885 -0.9617326101555808 -0.24328562998106693 0.35422399155354295 0.3209538954402905 0.28464624196805827 0.11603161193756584 -0.07596181544021158 -0.13760117715655448 -0.021580439857390814 0.23644781102910328 0.10046917853219733 
3.08139164073428 1.2535551267842209 -0.10823378498315173 -1.3630798106469522 -0.6780039907646553 -0.023100189963210727 -0.16078688496272664 -0.029499333564246277 -0.04934083679631489 0.004658901937124538 -0.09442907843575027 -0.0879998236022176 3.4506951648496074 0.5777829280174732 -0.7636213457333162 -0.7852342268159926 -0.35243021017874293 0.14019405962956175 0.02117669315548427 -0.0031442192641518893 -0.20003921125434107 -0.30059930305702703 -0.1958109714954741 -0.09791252469861988 
-1.204685056601063 1.8614647122354384 0.5783121572309791 -0.23696832869110906 -0.6589406784850117 -0.5793070752156306 -0.37140818499069556 0.21721201389851053 0.03231211710024787 -0.4843341641753032 -0.4518433562471645 -0.4364141266343257 3.403962763528689 0.14358223537803383 -0.8441558856891328 -0.9583905433190854 -0.19189194441869487 0.057224340830030244 -0.423811159082258 0.2962582019975581 0.14228425787819607 -0.13425998611777284 -0.2800062283921964 -0.280220648624131 
-8.634691113616336 -3.195749425487435 1.466629239234653 2.337669028947893 1.5138343121163835 0.24223387301304583 0.23646458983114355 -0.27610978509980344 0.5512088667945808 1.0349340192351137 0.7178119175482485 0.4213000257362412 0.9304341325431044 -0.094981236193821 -0.13720947941641815 -0.39619952674486997 -0.37740972847273824 -0.04295572768252524 0.05499165789402479 -0.008668344530996066 -0.01478286337117434 0.09025972539865629 -0.09346865289599889 -0.10221096832261077 
-3.2667218078572295 1.5615836882802068 1.3139977745840703 0.7486472263553619 -0.0732476311579997 -0.337958198325732 1.1949237225503138 -0.43130457973918507 -0.5644270944970312 -0.107817255736182 0.38791486183952345 0.861599144624175 -3.0566996193354963 -0.4372711371584203 0.5629288510225537 0.8360450372058784 0.1881402998494424 -0.1535029982745443 0.20259958613567708 -0.13816069859063984 0.03622263825239639 0.06801843916038353 0.07569573385531227 0.19514432844926088 
1.3211076187330502 1.6884393473432997 -0.06444815541044291 -0.6672890079355778 0.16137867099005332 -0.014907445360584332 -1.1089278124153057 0.3207639968475897 0.29337735911584767 -0.4543787284784049 -0.2339022287910976 -0.43037355426363566 -4.6884008838588445 -0.666138458595781 1.191461944945316 1.1492616443521826 0.70331481340666 0.17820623905317534 0.2215264037816901 -0.27066243238834814 0.1827553398637459 0.4946811700821043 0.27810568500152794 0.36700596518348627 
2.9875144352307323 0.731183737295332 -0.34493569851413425 -1.242624421867009 -0.5471337574701738 0.009772578794817355 -0.3065107422745021 0.3332572186967335 0.05255995618242526 0.05626689220030556 -0.20307348464342828 -0.59601032198217 -1.7672474414318566 1.2313569888252411 0.7656544113130589 0.15633236490525645 0.14588382096948593 -0.11188390865740855 0.1662741533223122 -0.11215233693208443 0.017280781526494038 -0.04211880533258322 -0.0562209784971087 0.21404024524920814 
2.303393416416215 -0.7821340742076544 -1.278289859052193 -0.11448007999746901 -0.3591670649475094 -0.46625023270675486 0.3226026108984811 0.15359661284728165 -0.30555067813638503 -0.531151564979443 0.17898903578514058 0.04908686348895491 -0.0036111395520181944 1.0723315491477265 -0.047087598815768066 -0.35031779245551903 0.24491910728845837 -0.10530345013176264 -0.47244981068978503 0.1274529732378853 0.2787867486206493 -0.1855703396664673 -0.16061730613621794 -0.29822072627639257 
1.543877617596758 -0.8972005674200396 -0.3760446075342314 0.0032456676705381327 -0.25062622609767615 0.2233649213195789 -0.019663949073516207 -0.01126387694277775 -0.31680542045039695 0.05692557851208674 0.3501321650427305 -0.020251799999744774 0.011225850730673947 -0.5027891453709863 -1.0154130783442477 -0.6500490962128825 0.4774272543946123 0.12467483215906693 -0.06067165166823738 0.0880600487906179 0.0035746172368782783 -0.4238924533543606 0.284302957396803 -0.11848185467451132 
2.053759446206092 -0.7143631477421941 0.09236909554690986 -0.23927067533779423 -0.7216324165615706 0.19420673377232278 0.16499822305355638 0.11066562495368948 -0.3583001984296892 0.10200294736510646 -0.028653135225523152 0.1764093635743294 2.3441542411504876 -0.47132067861576515 -0.7922685210215424 -0.5128214171618354 -0.39378983090106456 -0.1906312169239843 0.04254986397759458 0.4167287164899838 0.04511960293034963 0.09891885685242223 0.28975927581290756 -0.040675817298165017 
3.078653868143772 2.205665710175561 2.0159740592190576 0.769918164441801 -1.79818284484698 -0.6944804009219222 -0.045693593347327574 0.0905425662716759 0.0682108646184425 1.0113669960911125 -0.9521612713285054 -0.30422600800132327 4.030613834984661 -0.12142501781448327 0.12116273414758572 -0.1725927073902266 -0.616492952365689 -0.24012538704075412 0.1495395852709691 -0.4004902154428817 -0.5380472593619553 -0.0613809070796735 -0.155223162238353 -0.01737078885743759 
-5.496457432308755 -0.919605177158159 -0.09749362936421013 1.0406479231024055 1.5959807371303363 0.5645660791859486 0.20796784110260302 -1.1474927582298966 -0.6334176294618536 -1.3051288443262226 -0.03914207346796417 0.3131014193842392 2.9324232404953867 0.7243052905550206 0.11686668932378079 0.06509756425511372 -0.9094540657060121 0.05893074662636969 -0.16199353495260138 0.023655079420656738 -0.47032643178307487 -0.03619340753172401 -0.2537004117245189 -0.04246911478926115 
-6.772855448099799 -0.43030449926860737 -0.6446014475214286 -0.11893550937888187 0.44004605415343745 0.7585614097350285 -0.48976751391094686 1.8192859609776606 1.434895073151551 0.9446341955967718 0.8210461208790101 -0.03648546133238689 -0.8387029968701567 2.348653233744162 0.8422779932446728 0.8249375508703096 0.16901739441992655 0.16702603672284802 -0.2071759048815707 0.38910244368998875 0.29500536147349005 0.2729555520131899 -0.0940589768452698 0.07051535347957305 
-1.8177556171582823 -1.5692939146851717 1.0720567809458106 0.00986346880720601 0.8876153310562567 -0.7091064114352617 0.8730157881931703 -0.8246713106612731 0.3693369926529813 0.24394957020744887 -0.15415559615572405 0.16994643460764466 -2.4850927267232468 0.9005344038089357 -0.3359917392683672 -0.11293004525241941 0.4580852859890645 0.5985685266861939 0.039206653478079966 0.0055431136390700075 -0.08596513499730807 -0.43762322227311595 0.20035086232711818 0.20776411572405148 
3.7554119511790054 -4.515449622293418 -1.095635125669971 -1.1895022610215285 -1.9510523250697198 -0.5587222657798612 0.2433101477521009 -1.2381754885826022 -1.318182530859445 -0.5820388672152929 -0.612477579448816 -0.44419457605174517 -1.8709191189955632 -1.2215557761765787 -0.5679539772819241 -0.46060277878830186 -0.01370005524467314 0.12044053642284976 -0.06665138980467954 0.28983129663039847 0.45630065178401374 0.36041221312420885 0.12740415750396497 -0.19519543240423487 
-3.3053129517784177 -1.578635827072561 1.1359984275151627 1.914721434680987 1.4172740687747214 -0.5724976631151883 -0.27619095016316075 0.36460862563302476 1.0010165775355686 0.7710773538991577 0.07656718971459438 -0.10633637042823611 -0.11595982480974516 -2.875793364969248 -0.08655360551297824 0.030041751319035526 0.07062267885229341 -0.405238435000405 -0.0759246708347074 -0.617297830517215 0.031114343893771195 0.0897588780001725 -0.25674731832336983 -0.28270701647852925 
-0.41631942380304165 3.239033785454824 1.0272896610396676 0.31044384404913306 0.2163168510282245 0.32893542630644257 0.28479002468125725 0.35515210293931626 -0.2498466746417838 -0.400166335621709 0.3234722554319559 0.6872422383982582 0.08208513516810963 -2.789321793620156 0.03737382362775765 0.18310684972133298 -0.3875323480586068 -0.34058195578861844 0.20153382370083306 -0.28931789166053984 -0.37269393370048887 -0.002221403226171259 -0.21002641289687077 -0.09046863993965885 
0.6159895447619768 3.180844476348451 0.270255204129926 -0.8302348376852313 -0.40793729354959574 0.06278004752280153 1.0800498622327144 0.23055838512941265 -0.2581739671371629 -0.1162633295898606 0.14811144137399956 0.45234907681823094 -1.8946514570434456 -0.43301459372003964 1.1130668111731212 0.9221250661510773 0.3822533104580277 -0.4142137482892871 0.4792023791629573 0.38572191657559785 -0.009748929861111014 0.22561888821899867 0.1312916296426939 0.41298110339221233 
1.5485052974044793 1.472775606856544 -0.7748849848606256 -0.3663446740024181 0.12415040026825919 0.14538474626699927 -1.0394117295483358 -0.30319669334917665 0.4294945425783874 -0.13170431579227 -0.018170466587906275 -0.45213137985600216 -0.6213625153087831 1.4776825789254342 0.623809525316499 0.28761183959625 0.01626900106125151 -0.26021558491268904 0.5435138933896752 0.15082888337222045 -0.05474558324899582 -0.3110358728899643 0.1013090481135725 0.4886057112302426 
1.3962290587481592 0.603537043386698 -1.3021146830540542 -0.5132595047464688 0.3165973627806211 0.7619189217723945 -1.0516972105372362 -0.46338272594952234 0.690592758508816 -0.04001032067255783 -0.1464863382035562 -0.7755928714777428 0.17559016215156906 1.525071092619983 -0.14921822431579526 -0.07256058056906545 -0.01219545119118585 -0.3088724172779162 0.2244366163109585 -0.17398758050404814 0.3237691158184467 -0.10686864409463108 0.1051762371623504 0.031769745288764216 
1.0576483651302162 0.09463976515939798 -0.057953971317839414 -0.7108793412089982 -0.19475748032063844 0.7600127439197131 -0.27987811910279303 0.2496360083621224 -0.5599932877177858 0.4948147785895325 0.16684400088001627 -0.1646039211444828 0.7201880561623271 0.8115549210014983 -0.7912383374741604 -0.20611211487445824 0.2330723963054049 0.13854932868025815 -0.580384006970736 -0.3991729416605779 0.30594794541121095 -0.09667297483838853 -0.07539016651768149 -0.35062683136981376 
0.33464752444440116 -0.7053008806629251 0.3594443703059187 -0.4402857623747449 -0.21189699968158937 0.6820833005301932 0.026973208077067434 0.4761047757859076 -0.7347373994444165 -0.10891694449686862 -0.25992450384701293 0.21327611159617865 0.6222613663573457 0.13403312299980108 -0.7561699470574522 -0.29316598693491264 0.19593771802253312 0.5643668341516329 -0.4959713777483728 -0.2605098628175028 0.132881446155004 -0.014069969439817346 -0.006649450617897966 -0.30828427526298935 
-0.08126810393062289 -0.30747019412313925 0.768050500881869 0.2155047994350947 -0.31081960741685033 -0.23034542915267453 0.16240508205672033 0.4245783807648422 0.22431578532137075 0.192767920635051 0.2647191157868666 0.1053146227164784 0.5322067792474343 -0.5266060701646339 -0.09105488318594301 -0.5406318363445596 -0.22380332283265447 0.44255248528458485 -0.3017345189235116 0.3194456733582319 -0.202829018217298 0.2684637755966748 -0.04208136340764207 -0.17145594772492903 
0.09890319420654148 0.4024926540285634 0.5533929220184479 -0.09695361426377735 -0.21318472773887231 -0.4360024941463103 0.21507532212812552 0.2306756763016261 -0.10020611647577427 0.15322301662413496 -0.17547554380328745 0.014300682380744556 0.9171248151847865 0.2639097975985938 0.25601163101667684 -0.43896426779920455 -0.5437433849454959 0.2559439342315795 -0.08179412577133521 0.43709029692799656 -0.12692229211422196 0.06467329534008426 -0.07030755895013716 -0.14552067527755377 
-0.4210998074931569 1.1205612083075556 0.11823640238372501 0.7393500937691968 0.47729635220596645 -0.008601814595789792 0.5312743806422128 -0.5859864619704325 -0.2687718745502129 -0.44164652876099364 0.25086361108107974 0.44925163663802137 1.146838041410057 0.917622080399191 0.5232817477538249 -0.3293313931560844 -0.518884881445195 -0.17381793146593624 -0.07816824495479192 0.06458406442084103 -0.20614210533116298 -0.015460494863334376 0.003711911601143425 -0.024066966543893287 
-2.2468110693286913 -2.211045974674054 -0.0836834734950398 0.6146843938558177 1.0252751753434897 -0.1966203094429877 0.08792093609832685 -0.3298836936304448 -0.10742669316595882 0.014270394180900925 -0.04207407464370805 0.4778696304680685 0.6506359278413795 0.7239853985880744 0.23299814265393123 -0.33781729053457177 -0.2748847915544095 -0.24204362657272038 0.031823993955097475 -0.14501687977125388 -0.30521903954426366 -0.07003727412306449 -0.037177302290096075 0.14188355185909488 
-2.3489250963931774 -1.7535671209694037 -0.48325654462286183 0.8476799748435504 0.6266050853775536 0.17141727289347286 0.46048700993599545 0.5111058724683546 0.8463523896599521 0.30862571644667114 0.1868826464036466 -0.05426895169550372 -0.07407959156960235 0.3163761529264481 0.17209392587452088 0.23813897855223476 0.31426078988796974 0.03727807462591811 0.2625414769629672 -0.18979649108527105 -0.11854785394913547 -0.08692576313423876 0.1103968769990674 0.2854898883626866 
-0.8890919448675865 -0.33239937709718026 0.15514496755994767 0.8623333168027614 0.5368152803385626 0.2001188418272195 0.15499702561594175 0.11718014839599422 0.25788887005193417 -0.011801283610503976 -0.03195315459428266 -0.15958967902977755 -0.7182648403812689 -0.605815250538816 0.2138299215749155 0.5060225083558111 0.6146814496619744 0.13075207890151286 0.23264367051107074 0.07948286829342144 0.16229993954460134 0.13507452790591115 0.07120564783293987 0.20118922360137234 
-0.8777205950149023 -0.7678905492602255 -0.5174595957673314 -0.09889130336097929 -0.2212560699554793 -0.3188056141086477 -0.2898880950054963 -0.2401289097278388 -0.09578609431175297 -0.16783340046257494 -0.08538747994083515 -0.08848837370111529 -0.6534559996931159 -0.3478867925936513 0.08602649140008616 0.5571559318578141 0.42994726124130683 0.2166347008311187 0.2811034605753778 0.2731687224543831 0.3732944975131223 0.1477929628544 0.09002386473916524 -0.009212277665553386 
