0.0 0.0 0.0 0.0 0.0 0.0 0.0 0.0 0.0 0.0 0.0 0.0 0.0 0.0 0.0 0.0 0.0 0.0 0.0 0.0 0.0 0.0 0.0 0.0 
0.0 0.0 0.0 0.0 0.0 0.0 0.0 0.0 0.0 0.0 0.0 0.0 -0.05498673273141197 -0.07016894034425454 -0.07309881420837534 -0.08385406328185745 -0.07440775310292215 -0.056486464925242286 -0.04301788821379069 -0.023062544203230246 0.007127298331994603 0.03847801155112072 0.057581253792369134 0.04134343789085045 
0.0 0.0 0.0 0.0 0.0 0.0 0.0 0.0 0.0 0.0 0.0 0.0 -0.011641280338248183 0.005429749790524759 0.05298383161003065 0.08346133981284086 0.08130049887500061 0.06320084206187984 0.043982960565570044 0.016509648323781285 -0.024658490042807336 -0.0668208119375643 -0.08278568520810961 -0.05748182917747121 
0.1649601981942359 0.21050682103276364 0.21929644262512604 0.2515621898455723 0.22322325930876646 0.16945939477572686 0.12905366464137208 0.06918763260969074 -0.021381894995983808 -0.11543403465336216 -0.1727437613771074 -0.12403031367255135 0.14213327400906106 0.14498012931508164 0.05529915212987343 0.017024965833469796 0.01889804694533755 0.0459356655735475 0.06356240825900651 0.035736941383579655 -0.012177611558213305 -0.029400466375613915 -0.004183346049948568 0.03325080198968595 
-0.047556258082373404 -0.1215426598879561 -0.268599716142655 -0.37616511436130873 -0.3555131262793851 -0.27433222357350295 -0.19647571401739616 -0.08412276127618923 0.08466641762641391 0.25817945313937396 0.33472893631288253 0.2344606443686893 0.09687720787960963 0.11975275127007279 0.09551983349456057 0.06452962220233949 0.014265341196243472 -0.03180361561326392 -0.038870146090848906 -0.006919922673712377 0.018582263541608163 -0.0048583301092301285 -0.06643198183555514 -0.08910858386974117 
-0.4026216929859965 -0.3741690580012669 -0.031597598318292786 0.13700765968024498 0.12106242230367989 -6.408849338910283E-4 -0.09244936776832147 -0.06514944351264434 -0.005800374138567044 -0.040888327442845235 -0.15481443000659556 -0.2169827281534025 -0.07289220951284865 -0.09999978639004237 -0.04076640824599076 0.04870327081283626 0.06705556546948592 0.0174878718858013 -0.03447053783815449 -0.04018455136636608 0.006919894097682168 0.051951750008850196 0.031172651120781603 -0.003594769058729306 
-0.0068406780487126895 -0.06692031429320311 -0.16111248001197231 -0.1363116015243548 0.008284394913812873 0.1804609866946007 0.2273619544773935 0.08792830608230467 -0.06353755105353287 -0.02269786327756808 0.19033127982140952 0.31380195884964907 -0.08043903965173997 -0.13227173972676998 -0.07575285087287857 0.016961883305708875 -0.01817047755803336 -0.06479321209020938 -0.06482741950034905 -0.07292942258047903 0.005555047576610739 0.13779898235998392 0.1381336374224418 0.03760239675475248 
0.3632790367159515 0.48319500740551424 0.287852049297757 -0.014474379011413407 -0.1598421976962903 -0.11040082601572887 0.020546443908440737 0.10371575302954203 0.03196040705094308 -0.13085062647144177 -0.1940628864937157 -0.15291666373684332 0.2823817987787554 0.22386969179440128 0.13249491993176646 0.1506122855205534 -0.054962833590341736 -0.076298706557795 0.07838545389471896 0.049548048060152505 0.046399096510758873 0.054637249711476064 -0.03556189580482708 -0.030490395587198904 
-0.1891895039781275 -0.15340947341103672 -0.20106598733204417 -0.35130974493260614 -0.1605493836052999 -0.02507261676195588 -0.0584913613547301 0.05023290819415471 0.04912088430182664 -0.11023634442627957 -0.06004774771088284 0.08962042189615227 -0.4688824266731378 -0.30397358206580577 -0.13281828363946693 -0.24195402460059298 0.14300013664581362 0.3307293583924171 0.1815815568107265 0.22063360705659943 0.06453414003432612 -0.14930456208652124 0.0037370353237906606 0.11987659533001911 
-1.1585926763575554 -1.002533553825554 -0.40910560445355626 -0.20733012517728955 0.37036781233426147 0.3310220364677723 -0.18467907153641655 -0.19494588874902688 -0.20132688134852342 -0.16103083600291768 0.07706077117403187 -0.013420772915057388 -0.17741831656666815 0.05331358586801438 0.0777994994093778 -0.24587796802915948 -0.051458516630798486 0.06617690279701376 -0.043818176813840315 0.12050513325355827 0.10088490685494585 -0.10896413988521791 0.0037634786887866902 0.13433933347027668 
2.160742458507454 1.5878647125197483 0.5858211977820851 0.6859783453603623 -0.6858210200389039 -1.0324385197244013 -0.21476995823235726 -0.42464169419820913 -0.140496326956778 0.4403059277477336 0.04355834501616376 -0.11557577255130125 0.4350764195951828 0.4807153797404666 0.2649863102129932 0.11893046852885007 0.04749786791679835 -0.013085197012147063 -0.02740114949373058 -0.028905043361138676 -0.06972373024601032 -0.08554864776451714 -0.10882917368443151 -0.1440174985985514 
-0.2794319948268349 -0.5473828431639214 -0.33899004148744105 0.20451547992958086 0.25716917041290716 0.1947514170744526 0.23014027278877525 -0.020362345534950838 -0.17588570788459215 -0.07922934290279462 -0.25715636892359905 -0.4533365669239466 0.666399954790661 0.14206144430616452 -0.17886611420033638 0.3861250090094635 -0.05890839626628517 -0.39712569864383523 0.02280469307415132 -0.09738025594900734 -0.2935824573076516 0.03222929088029817 0.09518352116307627 -0.11414437687179795 
-1.933999103529036 -1.8231309679632526 -1.0310826994540814 -0.9140239530725915 -0.2464436663950178 0.08231828397114516 -0.18369758503613426 0.04965626667053273 0.245571488307892 0.10550885231721031 0.43354834339122716 0.7416308146962511 -0.2560887522086273 -0.5166369991016775 -0.1485181965187031 -0.06560747021219664 -0.473681192126175 -0.1338854161793616 -0.16105577177206867 -0.5122040094772692 0.04583082732518449 0.2756949145878223 -0.1554634703528224 -0.023669039248170792 
-1.1104217597112935 0.2767799534974529 0.9359446867655361 -0.5657040029892033 0.32740432431117394 0.9650207305515048 -0.268629337356982 -0.1399541013363758 0.48638658294209636 -0.09032017092855057 -0.40348479150272865 -0.09959093592343976 -1.2960677058771546 -1.109466578174038 -0.46539258512974896 -0.6317557660404157 -0.21656763439884222 0.1759452578470824 -0.15626920607500036 -0.050124129348989445 0.15544125405511267 -0.07209280246669289 -0.0744550456875067 0.04990930676038269 
3.3445035975755655 2.7256943114940935 0.3939084232117058 1.2679104974563442 0.7001049793904877 -1.0159169279248426 0.5177821621567275 1.1717662121343109 -0.6091249543456757 -0.38123340200285527 0.5831129673641958 -0.2214414703070423 -1.3125834210360585 -0.8027061327180652 -0.5823319646808295 -1.1851116901547254 -0.07100319354063452 0.12156003144705917 -0.29606261858855915 0.23918691299185113 0.3569642078168262 -0.013557259063588617 0.191032850831617 0.24934340562403676 
0.9695197722523284 0.5066042516295202 0.3446921525689124 1.00881555278636 0.43359775071668105 0.21603324948119923 0.3482080174173454 -0.43104493021987156 -0.21486124872314627 0.38042019165731683 -0.10857354384756329 -0.1215283447034479 -0.396530766182307 0.29274640234699617 -0.22054585636353705 -0.47952660015684084 0.46617394101534515 0.27968937478253725 0.15410944166762833 0.3149761067556096 0.061154181613865176 -0.18624522969258975 -0.025880059946639517 -0.11608012978233596 
0.9637803935973284 0.4700752811249096 1.011539461686719 1.854051339503803 -0.0865307989758678 0.09213193016512047 0.3960715933423795 -0.5223590578632729 -0.4746972193099651 -0.08918955178495752 -0.2870058329312065 0.004569302214144949 0.27798620512738365 0.6386770555322073 -0.05557722853337207 0.7379743678703864 0.5484927913028909 -0.2830357099171244 0.31382229277663104 0.4144215190998599 -0.4841315835174527 -0.12417448830385025 0.14727974178018985 -0.22471299382632562 
1.269532140824746 0.5263502616410562 1.2887667366186406 0.5798053764575899 -0.6777996095516838 -0.4280718228410883 -0.670102377952693 -0.23781978660441283 0.23571017058264554 0.3223935930402698 0.10921478848489109 0.1356440671629745 0.5718551713131651 0.1362128253596501 0.08439530786554099 0.6402579708079866 0.14193783806444224 -0.02709296812960782 0.29590420596981887 -0.053592778292335774 -0.3423215180947495 0.1802390415957209 -0.05877870906870475 -0.12780109896123004 
2.360538797907206 0.7997901398917033 0.08860281678695792 -0.7315075179904298 -0.3896747143840027 0.15524273798767452 0.08547048151185355 -0.16811091697299818 0.6179840865537867 0.020303362217219012 0.03237957585739912 0.32411130523872345 1.3697500119337818 0.636843188590909 0.7675423814252068 0.8479070951568134 -0.3644068336276849 -0.21944230502528247 -0.01865715924456 -0.28366246771548553 -0.1314643092561815 0.03698638704390075 -0.0839124356214672 -0.016995426521974572 
-1.4444249438421055 -0.06689165383282702 0.55297455142217 0.3808210691095164 0.15935619422742175 0.26575674995874565 -0.3842040445768482 -0.4473906657880016 0.26576265262922627 -0.21504339013093415 -0.09193012103575185 0.10210395066795303 1.573671348661355 0.8644788247814713 1.0052154885473767 0.5506166030717414 -0.41029390294907403 -0.22804636352945215 -0.39523315978565554 -0.4615224732659346 0.0942382744827917 0.07168238969213216 0.11883754626290033 0.28237598717142703 
-1.788491099870591 -1.143833326910876 -0.9231915899906662 -0.5901777922926006 0.5881118000176342 0.4035445588410509 0.3090939043881371 0.4334137848749781 -0.09533053256471102 0.06856977866894223 0.06530392869351653 0.07232564002757941 0.9001083411411809 0.1914268873958309 -0.013034365491641312 -0.13809342793795767 -0.1543230044833744 0.0693272361800027 -0.11197984498077009 -0.3290238303249646 0.18824696234445995 0.04392534131947981 0.1446402610465334 0.24219457384294232 
-1.3769669562704205 -1.0952744793020681 -1.2209825256346774 -1.142709295606549 0.06418884209471987 0.13191635732057994 0.4037853899661318 0.8459852822694027 0.30965265669351927 0.08321321573801174 -0.2637600267218686 -0.5855910617457345 -1.1138085004497233 -0.7634482444950029 -0.3235618396278282 0.004034814164143012 0.28064563179277613 0.21553936446905927 -0.14906969962409536 -0.1244669629470511 0.17679375282583668 0.05817274301952698 -0.05538557507846636 -0.054122967032495584 
-0.3735152193021787 0.7397008904388311 1.0146844517903055 0.44453794818147596 0.12087797513247145 0.014181225766749295 0.027415299182673825 0.17227259997319333 0.03129819748826029 -0.2606009646756934 -0.3156262544391427 -0.05862491008325976 -1.7599263540707024 -1.3645527241109507 -0.5177280909824229 0.07103624017243686 0.5482199176864592 0.07084549090088336 0.19365833816050723 0.40465432469290824 0.036080976901418725 0.07338317675059801 -0.2680804363551054 -0.1978287297587289 
1.1895126172228587 1.2816859709773283 0.5547220494151688 -0.1486412436199509 -0.4489637887083253 -0.18617967691128134 0.20384435689816954 0.056580815504044146 -0.3279329708747694 -0.2249762475171973 0.26469169576597684 0.3299481268208594 -0.26575783467562814 -0.23292519396997827 -0.34282682420568883 -0.06964432234398688 -0.3043115023983652 -0.6392824503955562 0.3607844934049889 0.610185229057996 0.026235590702731636 -0.06179422902365114 -0.11945754824699906 -0.1603193145897525 
2.208048175594877 1.7613446202822782 -0.2578596045683206 -1.3003205388032102 -0.7999716376402207 0.35005610325433145 -0.1719105935594034 -0.3858469558210674 0.11521935051517715 0.0025149800447527293 0.6053193765149102 0.20804223502046904 0.2675483510637475 0.49050179269211736 0.34666499113674937 -0.2846478726848242 -0.34199225130257876 0.04234009774717351 0.2618456669723131 0.25008179741615955 0.17078842328236785 -0.24871824920870575 -0.15748441430034857 0.11113166869245916 
-1.870475149692064 -0.9073207623138568 0.44376997516170213 -0.06134708508224529 1.4375481556761616 1.8818262697634571 -0.5789051438777963 -0.7055106270074547 0.18898530807186592 0.13703793044874213 -0.3658601974578979 -0.2379666905283414 -0.16735875294701255 0.7239900999108141 0.21595579278543311 -0.7582741634374822 -0.09526774498503349 0.5092157510283086 0.017915478538432877 0.16107220068223663 0.3038845736635187 -0.11201074541138889 -0.0024249614403658395 0.11158313131078205 
0.3538336109640401 0.36269887900807163 0.030165515506790808 1.2548344869670958 0.20359875684796402 -1.1468420408121405 -0.36674695134628243 -0.19692707101953588 -0.7395262118321608 0.30454669396745415 0.4721029350738404 -0.10806250748603685 -0.6833202740619942 0.3804256423788184 0.5461888214567204 -0.7446813765404231 0.2146559687657018 1.0520351551009448 -0.07971999813268071 -0.43815766633398723 0.059208194367277 0.19529780649865844 0.04484643429039148 -0.06635434215160357 
2.618696158379315 -0.1909614581180108 -0.23715788897868628 0.8486037338073427 -0.6649457509973172 -0.965377857962971 0.24751610017631043 -0.5210957289434315 -0.8122139106916564 -0.03995986824438136 0.33857480080760927 0.15325110414176618 -1.06087086388641 -0.667470853900698 0.8320893269511759 0.38827520421776884 0.658659308584712 0.7835590270132599 -0.2310974270375945 -0.53167829811443 -0.4267115709407569 0.22156773463771304 0.03971807958521819 -0.13441189873404458 
2.0134233437451705 0.2618880410479001 -1.5559621368682879 0.4787481813732648 -0.3926925906005868 -1.3824472981852889 -0.34596122118841466 0.8364185941488826 0.4381943767951073 -0.49487954010466084 0.11856257451098218 0.211496364140226 0.04762570686774096 0.27282730649031234 0.0469679474002358 1.215817497284507 0.17172107946925008 -0.6683198473999541 -0.08677262560352562 -0.2049222587469227 -0.5794823206149836 -0.020818569392886326 0.44382509190019004 -0.010657599718604499 
0.48234257557660065 1.1454972183683232 -1.259434179504286 -0.8381295449386363 -0.24028409635369918 -0.351048182589748 0.10399427215605328 0.3728514347516263 0.8802597265805026 -0.12795215642833946 -0.30824425593212335 0.005489569860660903 0.9651027587516054 -0.3247223832976962 0.08002656230382543 0.8492063350915817 -0.2650165199346746 -0.6998811666653504 0.07274701960578141 0.003511154796003909 -0.4246153568752353 -0.09286337400296611 0.26836582788730373 0.15032299297612725 
1.2791332817621743 -1.1240123787060323 0.4003998185688833 -1.5492513655134355 -0.5238953088815952 0.5509526637011102 -0.034668160525576974 -0.029133876626296684 0.15268393137671055 0.4109985462380922 -0.5359628122568634 -0.0022089411896707156 0.15622945445564587 0.20707826285920947 -0.4865932764947451 0.353726635548055 -0.23912207009675987 -0.5508547909666541 -0.0250727947876902 0.30699760723187997 0.21702318696518738 -0.20621026465084547 0.07041261668648623 0.09535325715787701 
0.09053291311599665 1.476155901652044 -1.455418553608748 -0.6850154980240526 0.19570516794721093 0.16756566108988036 -0.12637148897245265 -0.09885295794385351 0.6043873826432478 -0.21430878940685952 -0.13925998947037918 -0.19086522212166723 -0.09569617559415337 0.08672682816823052 -0.13404498916104043 -0.47781226088142376 -0.21598339285915746 0.09132053307410885 0.05481391353925674 -0.04719345430056484 0.39748242839908504 0.01678286043704062 -0.19447760240290882 0.004563573064065989 
1.7406398116085349 -0.5246760891715887 0.0018098796681784712 -0.658988748728192 0.10667898753923777 0.010810152874859202 -0.1555599562610911 0.15127796880098265 -0.07493901213182741 0.16692957033713562 -0.17716740877934858 0.02361398865775905 -0.0935624871985598 -0.24096861144940954 0.26794963894270346 -0.8062932738049886 -0.2080110823485708 0.3527887893739001 -0.058198748531697785 -0.08559605956887206 0.14396413475336958 0.08147304725248128 -0.21564582890033349 -0.009064794055439076 
0.5386778374358805 0.5856485890964098 -0.6580042425708124 0.15017592931301327 0.09237893401335673 -0.3549385263989491 -1.5705939598875673E-6 0.4242258749396811 -0.19837608686248376 -0.056266249788983036 0.09579084953784572 -0.021112614255251946 -0.639747450376357 0.4184125746204493 -0.011949030563603339 -0.6659197128563372 0.12208725885694321 0.05275239545832774 0.018413486130936685 -0.028904726104222123 0.13775862516037904 0.07074276402406739 -0.19572120960962633 0.06541817223365692 
1.3357482811979118 0.044147111920013415 -0.802156253778195 0.4520327422329975 0.15180105513104436 -0.24616161067617548 0.07674312588026999 -0.03388511436144781 0.12217326186946753 0.08755813467171009 -0.006550745059975285 -0.059890862956561125 -0.046434942297334914 -0.6315856297496305 -0.4176468603094789 -0.3612403183235982 0.1263371205384901 -0.12830242241751813 -0.11178476978450252 0.19748260600180215 -0.017381545043038165 0.2270789963584147 6.414334185354161E-4 -0.08407601806697214 
2.2122210294503795 -0.06349342275510494 -1.0175883951947513 0.7572328950643642 -0.193117642419522 0.1377943564904145 -0.29776348843594325 0.08044276195002809 0.0925553701614632 -0.3868513636463489 0.3625953074988132 -0.3453673130154779 1.8671538435454649 0.37157945431098344 -0.9044892899402251 0.4396898591306826 0.3791571225075037 -0.1268573071201333 -0.04432122277562437 0.1576903290964738 -0.12022020204625365 -0.08916712659551569 0.09318870152116432 -0.053628987824304176 
1.0431730424932901 1.6946518060030602 1.4345425369085847 0.1212037233669272 -0.1295840858597932 0.14935097868273184 0.32867531201340816 -0.26927829270959724 -0.1682601055146864 -0.34901486180942554 -0.31249393801543857 0.4379693922387885 2.8114237335192604 0.815548678695969 -0.7615578698706544 0.4096015467390815 0.1293742916324706 0.0020915691915019594 -0.08275066765284785 -0.08799342923641489 0.04710791390067559 -0.2384374056378177 0.050264814846952166 -0.014314207245086178 
-4.9164960738482035 -1.354342120878064 0.9371142319064736 -1.0034791386459994 -0.9043998630137358 -0.17212289971800288 0.006996004666344147 0.06885147682433446 0.30750120296835415 0.4295216282381319 -0.0308036585479156 -0.10915577838001424 2.126129634525967 0.8587627320289379 -0.3495273679112208 0.1089975206343342 -0.36528261380145316 -0.14042143853290054 -0.2775132076964734 -0.047571584488751296 0.22978488344486814 -0.20687514824794784 -0.06519533772851398 -0.07599785636898855 
-3.534164367710577 -1.7570745751064143 0.5051660422831559 0.10358411887093466 0.11931929053073942 -0.09747769014647267 0.17261538228766982 0.23589081591064365 -0.12662339623600471 0.3946838556429229 0.039354293422532605 -0.13505400853903443 0.6018603664111377 0.8997524541649145 0.6008671211468616 -0.08743015897606071 -0.3919272680342835 -0.008470826401779393 0.2542971343340642 -0.01658527147082624 0.0524729453980712 -0.06629993759223947 -0.14566605912600467 0.13073666243045706 
-1.8774991690255889 -0.9139184282871815 0.49568195585162556 0.4390501354093579 0.7782785107895712 0.6824730065037183 0.6128060995163461 -0.029427038893838464 -0.617617634812482 -0.13807527762867966 0.38225720496536947 0.1691379564803992 -1.5502501127682624 -0.2712989682713392 0.40784053307097157 -0.28110906903168725 -0.2845153845113609 -0.07038819281286472 0.027617607286864836 -0.12196419484252301 -0.11654662431686165 0.07641783975498599 0.07053243044915151 -0.0570613498187138 
-2.2819065091514306 -1.2248174027871244 -0.14734268850457588 -0.3377704367325693 0.20485853134140386 -0.2525344952227906 -0.7371211384137855 -0.17038322043803206 0.13688047718151808 0.13368340390069866 -0.08202619239406711 -0.09338746248278942 0.8648042636833612 0.9165513531018658 0.6529523335289952 -0.14330168004290886 0.1222405786343758 0.3345517995050437 0.2320733532510265 0.16791294368867093 -0.12729195817946165 0.0018238281788070336 0.1838166979498067 -0.03066182783790994 
-0.89187466482299 -0.8065738022236912 0.039846998087424756 0.060525346250814405 -0.09362332988498523 0.11657008125875024 0.3790114431564773 0.6378810795262413 0.5253891392101776 0.330768334844286 -0.18171070698707026 0.041194998048004666 -1.4892237268854382 -0.4363513038941056 -0.11262127519156924 -0.02097522818124305 0.11604021158073173 0.20409673879155385 0.08426483089094905 -0.02805564386995647 0.15327712360487622 0.08555943680711013 0.22277324382673327 0.06144374492563459 
-6.62138941086196 -4.560400947443757 -1.2257734794217292 0.722751553578933 0.18854847496489024 -0.8181816260391197 -0.4067073492854752 -0.601502074365409 -0.31625090870894956 0.15479056487001897 -0.23011184445066768 0.02090295419089265 -2.9137722884269466 -2.4913447269586304 -0.4281987678080592 0.07902051201789297 0.2486880393472074 -0.4807372259284202 -0.29920887344254643 0.3844184764445315 0.20774734267573525 0.33830708273462057 -0.16991676002170775 -0.07378819480583645 
4.759913462485991 2.0629272557234515 1.37276117688491 -0.028285175202664048 0.43831290423563285 0.3530063555372213 0.19480471227934387 0.27029931967971943 -0.8508833126818769 -0.4053071685346702 -0.21201970048653002 -0.0723384866333456 -3.2080273478853223 -1.966000319743152 -0.1319583352350532 0.6086431680815964 0.2247925750993557 -0.1001623699772672 0.15858992359758162 0.38868366240832364 0.17683281330565834 0.06814195813709957 -0.2603270914288291 -0.053960115425832865 
3.633516292474921 4.8144662491151955 0.4707965255208592 -0.530426712059509 -0.8071737037605273 1.0714590454232347 0.2526088473524205 -1.1398477698483653 0.20177467510033964 -0.5132000926136848 0.4428785844207861 0.18474386427539508 -2.6214262689356667 -1.7820021662911512 0.019868026240063823 0.6572681571197867 0.40714631667767814 -0.42426620921954905 -0.05768714013770823 -0.09718996464994197 -0.2817413986481274 -0.11785518331661549 -0.29386768338196584 -0.028945129553652135 
3.6047545271645376 0.40399355872628817 -0.4125629986787098 -1.1388150251747535 -0.2701399658203436 -0.5277631445406253 -0.42641642595521545 -0.25899705995725153 -0.2641220926114419 0.4603377891748392 0.26277535286369 0.12115488928325205 2.513643739080613 1.313769739158844 0.5527695012694509 0.0668488776368769 0.051006523298620245 0.1609973542645672 0.01799957670532981 -0.16730561158359272 -0.26475322976690957 -0.2668331251456633 -0.02772147556032543 0.08141742268513268 
1.8204688636057664 1.6150723999282786 -0.39271547036011084 -0.6937879927943822 -0.678664040040156 0.8950017516584508 0.07696464024492916 -0.045283990597097645 0.2355926772002152 0.07553363596511076 0.41409367902011973 0.010991654893550223 2.593078067332174 1.7770430852599866 0.12735954788774495 -0.11998404348613605 -0.269539769393672 0.30390859692878347 0.07949025351717454 -0.4701727444228864 -0.040078247597422734 -0.1627203799421412 0.1558629738423761 0.13294262875016433 
-1.8744940403212702 -0.27868503715962234 0.14620867101704227 -0.14715116774585812 0.22103850247958645 -0.04175706037408833 0.22862808571710014 0.22493426480486378 -0.07353262443108599 0.10082534261292198 -0.11446282110522055 -0.22971464999782124 1.5239315820629962 0.3931102968901265 -0.11143087334639674 -0.32138447274940196 -0.17373596854843557 0.030228800782817273 -0.08030674735081424 -0.033667839492882025 -0.01667698828212406 0.13025417396899044 0.16067914157200514 0.02427847002551353 
-1.4060936257786967 -0.1753237087218089 -0.1906679529902517 -0.6663065103155486 -0.24414362972947634 -0.08326978744638425 -0.3133841690352609 0.02870480103923634 0.22671468380242987 0.15471727049369743 0.1639087498781131 -0.03864925233456126 0.0971013933553504 0.27834855637754785 -0.025877316949366014 -0.26766637469590915 -0.2148954211918277 0.2823770270915637 0.05181302644207281 0.02548021187029729 0.03253334195176988 0.04727633657361043 0.22018825674124207 -0.013492925564488783 
0.6462410256677806 0.11986072238095247 -0.1792941373244491 -0.18840234816596446 0.03380773466962328 -0.12931377733665972 0.009678220737322274 -0.19498793729677244 -0.20965213106617708 0.029983450003574497 -0.09416960728132207 0.07313993282076721 -1.3376099827061585 -0.30036889448492615 0.18746622182403683 -0.11822047501632404 -0.05266810077423415 -0.10390862817668557 0.0014960024878612477 0.12897211831356384 -0.03780724446858077 0.02008286207143195 0.02391615213112201 -0.04409245887153374 
0.2687971505451898 0.5807538510253476 -0.15233211534126712 0.12983672150339842 0.05963760744030866 0.09164902886504533 0.031000493408599672 0.0882364748428286 0.20605240466245112 -0.030874427451046793 -0.2566176981155557 -0.09995685982227764 -0.961944419019995 -0.14317206654994527 0.06416046673674401 -0.1290377967286429 -0.15907854820555492 -0.11664387888162324 -0.09820651720359723 -0.08023703476792073 0.02356227416762684 0.1220773219205956 0.021387192915049907 -0.03582248616451947 
1.3008905196352618 0.24438286642157792 -0.4353579132795605 -0.19056135860635948 0.2271521862173964 0.1825094160002536 0.05194774703158611 -0.1917479270376239 0.050220248544645685 0.13337260537099824 0.024051946498247823 -0.06678346963936181 -0.4515373312764804 -0.10169705901048835 -0.17893379319865502 -0.009458430213114433 0.2611370717562289 -0.09514344310755989 0.0252232638060861 -0.13559453469616686 -0.1638341584156259 0.11010278426361804 -0.18926821829206839 -0.08426930551282551 
1.1524148842975475 0.19193141890771415 -0.255117465222928 -0.2781136149094223 0.13641978911330188 0.11075025253002879 -0.03989938057160114 0.26779590021342425 0.026091671494137963 -0.26320927295180124 0.04063639424317844 0.13877990738906165 -0.2487000722992357 -0.38610917898314945 -0.6701568870320364 -0.12889419985123185 0.21490748206482344 -0.030514138277139852 0.0848219449271652 0.18942152972180712 0.3186416952760941 0.3876808890410748 0.08503080004423547 0.11562097299099007 
1.559044152621043 0.6193631154712342 0.4088999172123464 0.04394811067978921 -0.7879945714355601 0.1465659401535282 -0.030541633690835623 0.12201595410643029 0.37183071076485724 -0.18415748003690247 0.325008001415516 0.20657946575357405 1.1086116857500048 0.03592379172078649 -0.3958428501799753 -0.0467468888429016 0.056530969691035514 0.04097811187926422 -0.06211377138362689 0.12793534852351837 0.27238776652170094 -0.11300561834072183 -0.10645822078526512 -0.028276821836984153 
0.8858205509500063 1.5515912634499678 1.4360096305088887 0.39926458641401963 -0.07751145992768338 0.2011631816198276 -0.18222065101168505 -0.6369100548946198 -0.910677912275937 -1.0351520518703208 -0.6621881257068962 -0.5835012464917158 1.7973330222002069 0.6591152620892812 -0.04315162924476793 -0.06658691151060118 -0.11734186967235109 0.10559924712379298 -0.26973238630595275 -0.07832626997971052 0.09602818747287696 -0.25990004140783035 -0.008007925446198457 -0.04277787631394384 
-1.8916473709409818 -0.5432184310119084 -0.09339291060554311 -0.38900979273937564 0.1645249016647825 0.014368615817561547 0.30944969640250874 -0.12320099505415694 -0.29855825913541967 0.8583608498524236 0.6948388688290805 0.37918757281197935 1.5389503776136613 0.9925509505292895 0.27878214636528925 -0.16623309338149403 -0.3918447699760672 0.19461178183292027 -0.15471331434368119 -0.29887649582815995 -0.14408579315622097 -0.3205148969664765 0.05111530171650991 -0.021031393626858647 
-2.514238420522061 -1.204123594118558 0.12548383642032057 0.13812607133196364 0.01218566158018386 -0.13994882667336683 0.5993021132995848 0.6253831847328495 0.07320159402564552 -0.004768313672973201 -0.12025526312500845 0.1808094828016905 2.0428509575894753 1.6866925698821518 0.4725470030482244 -0.13768735563133302 -0.24196979913327712 -0.15248813070049375 -0.35285471703063137 -0.5435853752209534 -0.5251960566082796 -0.4217505784699038 -0.2653322058262984 -0.24607127815899874 
-1.3577774944839076 -0.9804323073323715 0.2278163751607627 0.6732166483652993 0.34269117773870805 -0.2667134011986354 0.04283692718457299 0.38749882177717543 0.3121483370827289 0.2621953417638533 -0.09930433502495761 -0.11248171801255313 -0.33226656477208966 0.10708750257294142 -0.4107463830954619 -0.565714184034454 -0.2531805231648365 -0.0027361317893875303 0.029859625849451527 -0.06991525445906593 0.2725935749033746 0.377175166054212 0.2323011221845899 0.12316934895065133 
-5.509667260046957 -3.2898795080362557 -0.14223602151893733 0.2812134327556812 0.5593147994351853 0.7991685822294073 1.009649884689177 0.7384961623525742 0.35955695943982746 0.5281824375836757 0.5308800936990181 0.4005472333975466 -2.449238247533286 -1.7135705766211677 -0.04816491982526309 0.1482789205605486 0.05417815255715717 -0.03831603836380515 0.5518805889130538 0.7511171158806151 0.23154069447094824 0.18076238557314314 -0.008881836992574166 0.04505685809536969 
0.602866743137735 0.17839701822811627 1.2727061676504716 1.2365890786521274 0.6505019022317914 -0.44698169326566295 0.01469693315935805 0.029988279513178506 -1.2595166665526345 -0.5396400239385367 -0.3276321761367025 -0.10018934933790269 -2.6516437279217695 -1.5553540774304373 0.17834333052916804 0.37397880859294047 0.302686436989457 0.17303484361565316 0.4936644054610948 0.5443289023300953 0.09090875657860704 0.2799771960645802 0.19083735961404344 0.04021967817244317 
3.8531542032669766 3.3571734729647016 -0.2524663003487446 -0.5883969054930962 -0.3042541583378293 0.06513343445156239 -1.0422696564269691 -1.4492128917769973 0.16441201243048248 -0.14613778754120768 0.020554168408586482 0.03949272417825622 -2.6131318821328597 -1.1743095309992506 0.5407097707616287 0.4505034149625485 0.30930326238578915 0.2467862008578301 0.6510473691887437 0.35982427044716564 -0.40658424598527115 -0.06385514392313445 0.2332346978893696 0.31954775817312703 
1.9157429576244347 0.3621034344584615 -0.25209847701183774 -0.01391460828913349 -0.13358365434315567 -0.4188003581566725 -0.4121965186406382 -0.15163335814832513 0.13699454085158025 -0.24057613386744575 -0.41665345122187203 -0.05261349792023745 0.34072253898330995 0.4511096605298312 0.7979023228063751 0.2815008380487391 0.3101338770931862 -0.03640269690638981 0.07426224292941963 -0.2001304019972703 -0.7713958627546257 -0.2505847553226383 -0.017835022181934074 0.16202566510240982 
1.6732902791082722 0.1411958768463233 -1.0019630114726688 -0.4450449686613338 0.02344779056529145 0.04471931210142188 -0.730045496977056 -0.25016583015817084 0.8810540936935338 0.5702159243175335 -0.1243133624265059 -0.5818839668306671 1.156408727494216 1.1779597903686418 -0.07853546733291035 -0.13530067391538633 -0.008745928842651315 0.00463473487060941 -0.3050046358486905 -0.6077498255113443 -0.1835852574298337 -0.07110802973453345 0.11512748987171957 -0.13936720710248177 
0.6706310882671573 0.43305683469781187 -0.7462524452066917 0.320410596090029 -0.44375070349932755 -0.32756654137142327 -0.3642018753538574 0.030855954695576226 0.6963498810797173 -0.14606261389999242 -0.20169334417335405 -0.2755779991406705 0.12234316212408587 0.26099575862768126 0.060282713084038986 -0.450349717234001 -0.053187915598800796 0.11100910549860928 -0.16799455797813015 -0.22663402873020466 0.08698042216111347 0.2270631539280187 -0.16745818208987737 -0.1266489899602697 
1.0064839554629668 -0.2121825982608989 0.2302170857474134 -0.34965748593651846 -0.12293284723178943 0.005612321447109547 -0.15125307052428805 0.2827919283350848 0.43549011460591514 0.019929541678666007 -0.4323083547308313 0.5690765960959181 -0.5457757178309836 0.180448678751989 -0.2631773734796197 -1.192926885706272 -0.40250795016176183 0.4067964056011378 -0.5404431865264093 -0.35210388220601435 0.7842873116089456 0.6334700839621398 -0.0796275265282828 -0.32940331262117534 
1.8821166330748298 -0.24419460387097125 -1.0490366648739957 1.289440802050462 0.09917041135178717 -0.7322741793253442 -0.19760905793263173 0.2617898487956611 0.09883526391204916 -0.6466224043320681 0.23971859119992278 -0.248146809502721 1.328824509775871 0.39993251221516335 -0.59874831892943 -0.25914046426233467 -0.1596360804400158 0.12994461806883695 -0.28094796199768607 0.01212545602552223 0.4892953786270587 -0.25519271345536104 -0.20571367536113594 0.07030123683583105 
2.7048746601973868 -0.061524440125252156 -0.0610387812001576 2.6492205854772655 0.9595110836250196 -0.9733160857250309 0.807987653891559 0.6906788694098298 -1.173050532549469 -1.0799144323528478 -0.10613675052829595 0.3926103762138842 2.8265725082173656 0.6248888239154864 -0.4738847117304119 0.3015720311573435 -0.1335148496027023 -0.29266982350919873 -0.09118662783223008 0.20986108375780285 0.3284792804220233 -0.16175810936276325 -0.06273119142222049 0.09598021349102293 
-4.165037793427666 -0.8420697810155016 1.1956204450553838 -0.4016070468298589 -0.5060644276076847 -0.22793619199186388 -9.78351568722724E-4 -0.20946388391836296 0.03273406877623308 1.1694375134818475 0.2523618798087861 -0.39824859970714666 2.6566609649161776 0.6054676466962943 -0.5246460932567018 1.0367126321373406 0.11801973194215683 -0.592995742047249 0.0019304343163406568 0.15652071202962783 -0.12240845632198183 -0.42893588936341914 -0.02846777238110289 -0.1507435715422085 
-4.449656355937883 -1.787911481435093 0.5295426659739593 -0.40884965496838843 0.5802291210560534 0.6314527983079656 0.0239914597904477 -0.11116445658131163 -0.5168971290922467 -0.40282608914000206 -0.2504364247686015 0.3561868507250622 0.892573359924466 -0.04194589003903223 -0.06779640423661286 0.9371033089027193 0.23043890437939915 -0.5081812205775386 0.21962388799095722 0.16931937661919805 -0.46040343999785976 -0.33744694977486017 -0.10827439189956008 0.0847802721990174 
-2.5106007536060684 -1.1974040233049337 0.2296108913090511 -0.2916619741387332 -0.06524780319020024 0.24432860479990437 0.18859773616890196 0.19314937570234825 0.13798393114938357 0.30164109215176654 0.39727174546338423 0.2222956678683155 -0.5113309454490942 -0.7363039769894995 0.3504289088440155 0.31712101968111955 0.1590916673210061 -0.2581000087388629 0.26618371475300684 -0.09710308832486281 -0.29312758336595995 0.3316988836154658 -0.06485330384422637 -0.15227985892601306 
-0.8000639394868096 0.24198035113656058 0.6253552083828473 -0.21706187757645534 0.04778605827807997 0.31509517761170047 0.05432794604987501 -0.018585890258119964 0.1555348562575352 0.36632462763677315 0.14623149234308522 -0.17200257417089904 -2.6457818165812204 -0.5160216064295242 0.4453429600681549 -0.4855726067967983 0.0832200812596462 0.4051617755842943 -0.07501000852229067 -0.006255992951426074 0.012511480767494235 -0.12165370311634331 0.15029915015768927 0.42870174861222293 
-4.45584116530592 0.35189623366717004 0.0964274473188933 -1.4488639945691841 -0.7171178981817162 0.7045426445728574 -0.814697738957457 0.0355560978946296 0.575900826199222 -0.21023449575293734 0.24858783278562185 0.32268568951887316 -1.7755968669353779 0.6759647088115529 0.32534480446212033 -0.03398946082208004 0.03645554469010782 0.40014084851191356 -0.49150038797521534 0.0573177611005778 0.3284064655128112 0.11843691111744903 0.31368991453175216 -0.029540458615992953 
4.460309299655704 -1.0144967906325721 -0.7398944922354266 1.626469175637232 0.6565039247728728 -0.8141395483313938 0.7506692229204992 -0.013599838823174087 -0.7733900189196486 0.21807281416137977 -0.6269919189027882 -0.9801134059368857 0.9186340753133905 2.271288135941633 1.0109977034319977 -0.21563384420833112 -0.2922758955568672 0.34205131110920767 -0.37012645273105155 -0.22956055524585808 0.21697625408669285 0.10156864132172105 0.008758426023323865 -0.07952605663794378 
0.18600322762880805 -2.597059578855026 -0.06379867176817289 -1.1114591182793367 -0.4789733705079201 -0.39147657776428924 1.314928261659236 0.01870306668314191 -0.3827730278004582 0.020456265537116144 -0.15718629250893543 0.7149724595992877 -0.2010605773559114 -0.49688024942384895 -0.5940115121189097 -0.5612047419704842 -0.4051191987345975 0.179858554369972 0.19570283180606673 -0.0941371638536402 0.16264192145048498 -0.014402385206637577 -0.07512395971274875 0.04394669632762355 
-5.876888361894345 -5.09740615042724 -2.3275248423696127 0.26113721690361436 0.8055414811117837 -0.16304914454734942 0.09989430393468327 0.6785222910851982 -0.01605697900270331 -0.05372667697341674 0.3228432769203923 -0.12956778929727497 0.09093709505395342 -2.7490512525565127 -0.6726688537703365 0.195638352954031 0.12697854853568313 -0.4943282031879537 0.6802041196218344 0.15882771338188603 -0.6084246704275352 0.10924863049170773 -0.06650617616876303 -0.1631467033719316 
1.3159393975368392 3.883991661836051 2.672277158742715 0.9174162107090773 0.4237209198526207 -0.16057822042908076 -1.0764187748827492 -0.028093475498635945 -0.29069145811070557 -0.031127594565626374 -9.57885987722118E-4 -0.2344272077838028 -2.922464542380745 -2.8710791927916772 -0.36775099864035904 0.11499179731192988 -0.057578364138760794 -0.40755611611566467 0.6631069014132767 0.12422437929361858 -0.34250935480967315 -0.12412846245864506 0.06604947661968848 0.2833429978499215 
3.6225299295398283 3.992131346691428 -0.08992584617986121 0.02511645228093201 -0.17577886601444703 0.553395882564863 -0.09426961767401143 -0.46668470787794325 1.0058432075180808 -0.08388114726237214 -0.5055875936571057 -0.015973462129545646 -3.4191599056788475 -1.6809447151599652 0.1350349321332874 0.3781517515492591 0.4556785606209477 -0.15027660386533317 -0.11360711127191958 0.5137127675126125 -0.311551509390652 -0.0631930259970704 0.09419412504962416 -0.10047292180709722 
4.2036877090539555 1.4714092509606704 -0.07934517394197163 -1.3384241279037852 0.1844218954714776 0.4729692570265984 -0.5773104817762467 0.2186334282838569 0.13380494336816917 0.40791888805752907 0.058880712920748146 -0.19185369753434156 0.08296014202678019 1.6228252499993243 1.1352332640252634 0.27026334831046434 0.34597296601774036 -0.07795860341195922 -0.46261939173460265 0.39064912221654624 4.5342192652260877E-4 0.045471970274608364 -0.16658303268462124 -0.23695262889039329 
2.9367171993836383 1.151719200490346 -1.3568184724271317 0.25460213156226824 -0.441844688560488 -0.02899307167918952 0.19116149119719075 -0.9859794633438859 0.7063493484298153 -0.08367084029378324 0.010341602317284676 0.15056422099928607 1.4852803678586646 1.2973135609911044 0.1546910735365885 -0.09480032869910225 0.08375062936235245 0.046669252940961914 -0.2981911047571704 0.04564312094728984 0.4785359398901016 0.033057237253680184 -0.18980266271630597 -0.09830980877353963 
1.4099653365345937 0.4357219849386187 -0.09997632020943958 -0.008116673862983814 -0.48116506692758 0.3644920669288232 0.1687238458854577 -0.9403934644153034 -0.14230479434614068 -0.16764865887374591 0.2408266140789464 0.3931618373229612 1.8926860636554634 0.4841967825048255 -0.17840590543034598 -0.32592031554057704 -0.01420758863419988 0.017956706790500543 -0.12045458431453208 -0.1658042080235486 0.16971657354204076 0.10763977153761867 0.039444611198667094 -0.026976206341896496 
0.5635500122235158 0.6180342967291406 -0.5436834936558927 -0.3556362886421619 -0.09423727290197559 0.4676267187908649 0.42728653276664763 -0.024100624370232637 -0.29170974329506916 0.10473091444222479 -0.027152556087286908 -0.013551803237578153 1.3190016415916077 0.0844844731621593 -0.6384164640862463 0.3518090658311881 -0.08866779896642311 -0.12269940888614501 0.002916009315223289 -0.60494983884725 0.37543336290207624 -0.017111366898022895 -0.010625704806240366 0.06000637107118157 
-0.28778688833237354 0.2856613553267966 0.049305052963446894 -0.05554397117983889 0.05324095354482106 0.17078924142006957 -0.3340092496173789 0.23510663286767608 0.12368476860448913 -0.009201303923330961 -0.04070604147296733 -0.028867066390219964 0.6561375664139041 -0.17266036071047206 -0.7947533007093948 -0.13549613502305588 -0.1321042488814604 0.15872055358273085 -0.012219369386680501 -0.4699029218407615 0.19923756099326032 0.14235812362933464 -0.014764932097395933 0.08283077859205669 
-0.17141161295770146 0.9732960958097792 0.4837902332451638 -0.7771114172728685 -0.44304430189741917 0.43595656773362235 0.43378001100293917 0.2411200045563744 -0.5529455217517282 -0.11156041707492204 0.18298504451196262 0.18155955964233195 1.0630289673351903 0.6418212316539226 -0.42464034110503635 -0.20226595934980343 -0.21899302681573074 0.10081500729882605 0.02013678158250533 -0.05975903132416551 -0.03347123095161641 -0.04912334462935792 -0.09858212952691087 -0.025978443307975704 
-0.1909665501165101 0.7760721675297155 1.7705467184682164 0.6091092955215371 0.08955119421452301 -0.09583451829074807 0.20213521492735342 0.33670498664367743 -0.609399588097592 -0.4865773640031764 0.1800526100715094 0.047113820106836096 1.3460062989434396 1.2359326413282827 0.21267881818413795 -0.13275311939046638 -0.22170973841146768 0.10280626056022675 -0.07332408148831894 0.01929261650365229 -0.07801899839721076 -0.11403582788968554 0.08770004323611758 0.2921138248485166 
-2.6739470588899867 -1.5526348043340867 -0.13038330309316848 -0.0811650439434396 0.5445866872103656 0.2984935767497956 0.09880395574676548 0.10437729271426321 0.17524612791082061 0.4907889783702213 0.15821450672120732 0.02639308343782093 1.040902215751314 1.2431009973482572 0.5446261469243245 -0.09337740352295092 -0.05964353636786376 0.22193458408245592 0.12088720023444 0.05167726494250818 -0.2109652764054569 0.005710524326730748 0.181687181766929 0.05272287470613015 
-3.0745380621965497 -2.1591711185861184 -0.28164463341980084 -0.0052577996731542065 0.22455467422533174 -0.06889804476869732 0.0534510224756648 0.2456001392777748 -0.006354061035153014 0.03173148202315401 -0.2914209022859424 -0.8276253028335142 0.20714988998405612 0.5071992870827863 0.5613360187688569 0.14774310197939317 0.18409176761937104 0.1287467465957225 0.008582053330997819 1.1242687992267057E-4 -0.03688009936855696 0.21467970720281102 0.28410044379618865 0.03972116916686916 
-1.8523325041716239 -1.2883852531770756 -0.1239925315838013 -0.18979565910667007 -0.3316154327992323 -0.2433154212747708 0.1454605065254635 0.13164063341180116 -0.22157245606657705 -0.3878464130682795 -0.1263397446100985 0.46076049699411664 -1.1098863231551057 -0.5127696284724165 0.2513378810227306 0.12706069923847144 0.10836583611310069 -0.07500746883700489 -0.04153208748054835 0.06537592979383666 0.01551606856687691 0.018800157643078703 -0.16172997930935953 -0.19847130566840918 
-1.2232234974278597 -0.8776504692971487 0.08334327640696249 0.22019529716497288 -0.024623048638791112 -0.21117025906563236 0.15306077954501096 0.3227360356551404 -0.30034999800322226 -0.691298789892359 -0.5299715956514036 -0.28923339417191923 -0.9425223032992632 -0.5534190434358836 -0.010816472988045408 -0.20670811508155026 -0.2452032422246058 -0.0410117040449269 0.32721877700011676 0.27159818547703646 -0.18451807440718382 -0.3375977439528888 -0.2709695876913953 -0.2261031682560746 
-0.26994537180901457 -0.6550862435613221 -1.0668909010747418 -0.5750736900779174 0.34407804030312494 0.5946520904092778 0.17359533965373747 -0.13031844485592958 0.2756958906942245 0.7959036413987417 0.7626797913320166 0.3526110461122509 -0.5058537134754554 -0.37778111066262404 -0.1310772712565242 -0.07858214275533525 0.10111876622787795 0.27334440803047255 0.30265485634732464 0.051382186944903686 -0.2442880508920461 -0.27259815431356477 -0.04924067439706629 0.19247513342162437 
-1.0381647184800649 -0.8155634930863447 0.22225397028980565 0.8075055610571202 0.6223176643479705 -0.36484668847594093 -0.9422727250888225 -0.43821487801946923 0.2985659888059977 0.4526496866483097 0.0769780928171859 -0.09524107262435752 -0.17804312816436138 -0.21378665654525944 -0.24038221408406357 -0.1544519283998934 0.03216730925667375 0.016404629012230405 -0.10936449848794876 -0.18816744751065495 -0.20660758929186554 -0.08494321292758018 0.05057090149772007 0.05944371696667178 
-0.4273007532191553 -0.1860854092946056 0.1997839352443498 -0.247704362786738 -0.958442087976247 -0.986510430661034 -0.21483731019959373 0.3579695294143949 0.2118337032049513 -0.14202618839791947 -0.2820925656531944 -0.21366106404453727 -0.12055950144035672 -0.2051232270505771 -0.2096587342205988 0.0802605873260039 0.3457944213788815 0.1610485148146372 -0.18077161907157455 -0.21077456068680364 0.07404113738092875 0.26036699544532266 0.12537433881730406 -0.07454295370693816 
-0.6104164222297053 -0.4707909167947286 0.1711525004996074 0.5198664187190634 0.5301350877308736 0.5301971144328324 0.6753705999355228 0.643094391051943 0.351403863617011 0.03249576378871208 -0.1592981216519583 -0.18442848999354047 -0.33707806708349314 -0.25434921331258376 0.06101179350402062 0.17619726240232012 0.051209137006911466 -0.2182754811961324 -0.2239054228284353 0.10332977380245323 0.35232431811933274 0.29364815866110766 0.052039431489142446 -0.04714919904042183 
-0.12214101561312418 -0.2121028505553988 -0.4123639635178463 -0.6720358808869007 -0.6472139355249711 -0.3360153554890204 -0.09291146564371167 -0.0386493973312248 0.027153541145931603 0.2248796164925726 0.5046948821146765 0.6208336159176568 -0.20994437807198865 -0.07386524102964483 0.18635847362789107 0.05176734226886693 -0.29542189758186194 -0.39741758109892805 -0.12365617765949534 0.12067614300107556 0.08200003026787055 -0.07414209231232048 -0.13865873833730494 -0.07328271297264412 
-0.17951038603260105 -0.03950713251819682 0.34529253915884184 0.4910795329002413 0.3130761771015982 -0.03526778247355056 -0.33151937888145755 -0.5498947360540191 -0.6660668845224906 -0.6117476917802593 -0.4725339255341769 -0.3710408154841891 -0.21497579783276421 -0.21175732957900362 -0.09207821935362209 -0.04077993421473525 -0.008478718511593134 0.08176330188267901 0.2042439730151698 0.2001818934531774 0.07709718126886878 -0.03483536233268723 -0.06943357281924563 -0.07247545304817586 
-0.012920637101741406 -0.180131578343937 -0.44636150496894067 -0.38861294668392776 0.03635306008397654 0.4884747610889416 0.6595762121873825 0.5924356639641493 0.47456898647109047 0.4025218163235277 0.2905015512998297 0.09949323761871938 0.04407120678578128 -0.013443614745329771 -0.1689048940179727 -0.25542771625503097 -0.17792855842336655 -0.05741647137552519 -0.06835252321023161 -0.15595695523266648 -0.16054761013684912 -0.030973683979977573 0.14734404901120543 0.22184554892051342 
-0.020099217987104012 0.14849543583655134 0.46438592928602085 0.5004947542617827 0.2137877454611792 -0.1273378495041857 -0.31360515802553357 -0.2729938199552763 -0.10359540285217478 0.048180750871296224 0.15609926221320197 0.29366805830045584 -0.03870918937823461 -0.04868244565041272 -0.007428578818416909 0.06754773144213948 0.15962686718543942 0.19518554018811848 0.129143435817726 0.023754860170259923 -0.027734583930252816 0.002493302356058491 0.024047102185318896 -0.02039105911439726 
-0.33406021999321656 -0.26577329049678355 0.03480402347248235 0.08953965719742157 -0.0637840444346619 -0.11773090784712725 0.10318899355902117 0.29077101031740327 0.22756063072132102 -0.012163552893272492 -0.25165385879262925 -0.3770574677362059 0.20536700851763268 0.2022234077570879 0.08314132505235657 0.028460234568979947 -0.033222018828490386 -0.03173995534938049 0.020768029113397368 0.019546935159636902 0.0072203036700858965 0.05988776083121661 0.10888230035595343 0.09331761599381161 
