0.0 0.0 0.0 0.0 0.0 0.0 0.0 0.0 0.0 0.0 0.0 0.0 0.0 0.0 0.0 0.0 0.0 0.0 0.0 0.0 0.0 0.0 0.0 0.0 
0.0 0.0 0.0 0.0 0.0 0.0 0.0 0.0 0.0 0.0 0.0 0.0 -2.3208126056732206E-4 -0.004156789962544076 1.9214620533882418E-4 0.008647345541890264 0.004979865562261691 0.002494836206270982 0.0014940536481692357 -0.0023626390986328425 -0.0025494369830559673 -0.005217381785891401 -0.0070058527893245475 -0.0032555883949331177 
0.0 0.0 0.0 0.0 0.0 0.0 0.0 0.0 0.0 0.0 0.0 0.0 -0.0021399086746128524 0.0029151528642935667 0.0011514009795062137 -0.005489195101878573 0.00641038037882255 0.017435349798172656 0.021146866225562222 0.023483785157665266 0.012948823533269474 0.0030218289838117632 -0.002731917218157067 -0.00967881466396292 
6.962437817019662E-4 0.012470369887632227 -5.764386160164725E-4 -0.025942036625670795 -0.014939596686785073 -0.007484508618812946 -0.004482160944507707 0.007087917295898527 0.0076483109491679024 0.015652145357674202 0.021017558367973643 0.009766765184799353 0.009991362772542681 0.011396354964538613 0.0018370907103569996 -0.00559881912236256 -0.008968625402954475 -0.014810731122927448 -0.02184664738848911 -0.02405580820360435 -0.01898711124516857 -0.007616264516797445 0.00685172992172713 0.012596726860310159 
0.006071604132987574 -0.014980643536696814 -0.003165983630510405 0.029438603618471115 -0.011761342793075114 -0.048563795085111494 -0.06119951820443281 -0.07399531412094507 -0.04267062607439237 -0.01689155963027239 -0.002313027529515621 0.024153061399489084 -0.003261464525966614 0.002564105199951585 0.0024428828140543083 -0.0059931171887633305 -0.01589392725623064 -0.03092338353402028 -0.030618872277632454 -0.02196009547873933 -0.006024969851618091 0.01834746791881166 0.024071626018135173 0.019586380435327646 
-0.03300989038412183 -0.026698743125267432 -0.003928280315815796 0.002077155557852123 0.03278654760540098 0.0687140909113381 0.09613970126768373 0.10916508167128558 0.0782966467727019 0.03129457336552853 -0.01939867600042358 -0.04986671128067502 -0.0062074005569871344 -0.0048060981036603485 -0.001828711215954885 -0.002656870657443853 0.0012605519897454995 0.009556755798848467 0.017310447512633147 0.022874371735429555 0.023377859465900836 0.01602194698701245 0.005651767054635955 -0.0010152509700065843 
0.02663746066081174 0.011892240906595075 -0.0056527275922632625 0.003969755474528533 0.023818709622598896 0.05467085083698532 0.041545685726801646 0.014841704248524462 -0.017249258356912725 -0.06286361776036214 -0.052006760870206906 -0.028942403073245748 -0.01659410496237405 -0.029462863000524465 -0.01641116910959103 0.00109672395951096 -0.009172484856402555 -0.015258295786707144 -0.014550960943407574 -0.00764377415654086 0.008934623050254253 0.006196186094252753 -0.001508559586667182 0.0018611267590884356 
0.009035517188751285 0.013452221976967327 0.006153067012724611 -0.0052370005813679454 -0.036511278863858576 -0.08777209897640675 -0.10778610544802437 -0.1059537070951249 -0.07519595130727444 -0.00942766653831827 0.02890912387441142 0.03936025033118652 0.030326797256040667 0.03928778664828662 0.036483891242059814 0.03221352429624524 0.03261766915308555 0.0375414151422187 0.03348516687520565 0.02474892128994172 0.006759950078267299 -0.012355284664840724 -0.02059023875272051 -0.025449091385713857 
0.03483121523367316 0.053332462913759204 0.04102685003399248 0.02980550980954827 0.05040502501076233 0.07545418721888236 0.08441626798364396 0.056495402731882756 0.007271803814833042 -0.015118997961107251 -0.021941248706931576 -0.026043799683706993 -0.03586115207244026 -0.0630093750666612 -0.07329443996152822 -0.06870392960219285 -0.05655167209841814 -0.03811611502911117 -0.03268132400722471 -0.03614432107351189 -0.03770074764584471 -0.03267960247243934 -0.011678684188233526 0.005058085830550768 
-0.12808715943867455 -0.16528221407370935 -0.13671974285512312 -0.10748129449839344 -0.07835961754793738 -0.05430182270626652 -0.025751090486354364 0.014091468559781273 0.04575626545202712 0.04448811746042325 0.027339284176100286 0.025031261181697167 0.02086060786385661 0.023590467883823508 0.010367244748578844 0.003978444445388353 4.931803660520595E-4 -0.008514269777008207 -0.013957407565579033 -0.022581789607800194 -0.025492816228800785 -0.011143303746012788 -0.0010868954819080688 0.0040959334636043844 
0.20278225519184545 0.290287584131917 0.2856669972262453 0.26120369123961984 0.21439789525989272 0.1522840577892487 0.0985721502676408 0.06325207964160703 0.03537687620097062 0.008217297657585124 -0.01618578845635076 -0.03695216599015338 -0.010772500180598795 -0.013077557671919962 -0.015135584597488464 -0.015163853914541281 -0.001673416105242904 0.017116157045484085 0.02992731868653306 0.027301486930669704 0.015403909382757264 0.0099469132067621 0.008741766738120462 0.006596617075572478 
-0.1375218263819047 -0.1757967422835821 -0.14726874082913832 -0.1328714246325688 -0.11998725508657995 -0.1006442249305653 -0.07299182389328569 -0.04158667672658646 -0.012770038813940877 0.01233409689037391 0.029292080194845214 0.03252663309359656 -0.011195118100507884 -0.01022947558401586 -0.001043326152921011 0.004843234190452174 0.008876060811606662 0.01323012552824715 0.019614425367635562 0.02725434298179524 0.028066630818608395 0.01606680070198424 0.002196935422466679 -0.0028820799768369764 
0.07186604924708462 0.09782240003445547 0.09170810281346548 0.08799213662025979 0.07623909209581232 0.04727691719457949 0.01825467862751045 0.00243001458305752 -0.009676772200454754 -0.02888272729636888 -0.049142946930665427 -0.04958133686637412 0.08814797264638378 0.11788913560477916 0.10387956475335709 0.084391185076983 0.05910330932583293 0.04171439472188002 0.03724809166768492 0.03264496277144908 0.020581766185124122 0.006371871248260232 -0.0057218075369529385 -0.014344588763084717 
-0.02904370216477048 -0.038361195272931 -0.03661031718997018 -0.03540521976006994 -0.03590839840071716 -0.041488628993673365 -0.04443563076919588 -0.03726052785632969 -0.015916802803085377 0.014837727831447526 0.037227057145857584 0.03999208655031847 -0.03507715673141062 -0.03778101251642499 -0.011845508280330439 -6.101460306139524E-4 -0.008853606216374627 -0.02639673014570434 -0.04498454458148023 -0.039060357818829154 -0.014560839250634236 0.004682103952617963 0.016928886627163058 0.016650987116465874 
-0.115900724855873 -0.13209759618774602 -0.08130090885341008 -0.040702966427578535 -0.00495146106053744 -0.002436924344837346 -0.02745022129745886 -0.036845883107868585 -0.02479504035982949 -0.01215013155773238 -0.002987854320998129 0.002348873570739816 0.047470849913443004 0.030473740255509807 0.04764746267109693 0.03760297026417341 0.023747619146223847 0.03614518083184799 -0.0019376033267637812 -0.005066418528495087 -0.011646908134428993 -0.022193269024641513 -0.013357118963269396 -0.014772034467682505 
0.061593030863805964 0.052506293376793606 -0.025227710154709232 -0.06669343501680777 -0.05283115985928118 0.0034028862762561438 0.08481425981363967 0.09523234557536406 0.0384716130176492 -0.010078512836798231 -0.04457212599147761 -0.04339143347435803 0.048661558344462286 -0.12048594302882361 0.008107159638599294 0.01674090350149628 -0.05899687887202374 0.005013937313184803 -0.0314866732930632 -0.036238918877419264 0.02007628243699564 0.006265537029403598 0.02141374950035617 0.026168282494237166 
-0.11586486700753262 -0.03903256505693625 -0.0569255887174558 -0.009172666543891525 0.013457615386422803 -0.08360438293592924 -0.04055745668361598 -0.048617166547304094 -0.001930255707535064 0.05015520011167854 0.03182800152781036 0.03642652654901164 0.08856077627891601 0.03952248886331391 -0.042971858199800345 -0.012948485400987308 -0.09572111723079185 -0.08755083488037434 0.04119554346814302 -0.0036521868066191343 -0.03315587154476251 0.05047264823980659 -0.08468677007142576 -0.053751255355417644 
-0.17504630612232752 0.276564118248135 -0.07311945617374521 -0.10139308020640228 0.13187769999187393 -0.015946711637681826 0.05657800680307229 0.07734187049564586 -0.0875780424402195 -0.03511154909146873 -0.04442211927961517 -0.05555158742152894 0.886828342671269 0.9978080908499335 0.7109826240821552 0.5829776951778082 0.19823399916213932 0.12038621023763556 0.0382581065765165 0.05036400587081879 -0.06510070403017199 -0.026105096725677752 0.06008448206683397 -0.06978277754097421 
-0.2632633851995543 -0.36269397521335844 0.07156053875550894 0.015492312370180644 0.18985746070626053 0.26989037925325465 -0.13691872519660422 -0.016944085148152085 0.1376974020033924 -0.15105155814981688 0.2509974525373479 0.1696827166105782 0.34623222649051977 -0.060384945988803174 -0.17079252723122376 0.029897697113175043 -0.21172237030498345 -0.08447646852568645 0.057186400042639085 0.06631447125023927 0.047094643497564835 -0.010104462019566876 0.06725462595399218 -0.044888020711182273 
-2.52519273805399 -2.779087274094796 -2.2224186461376574 -1.8279590100072682 -0.7357330800056181 -0.5345031255312425 0.018220574340584286 -0.07169621273666829 0.1639598962527014 0.16884015647098274 -0.3344102976967483 0.09932880411778133 -2.095012879923487 -0.8651873064422805 -0.8131559577142603 -1.0369493956511018 0.15075544020399892 -0.02430068230633553 -0.08089217380441442 -0.0022413331762902167 0.1686171144224732 0.033854059038557247 -0.13317513046256627 0.2069596646485847 
0.020511669486739437 1.6699479690809387 1.5301015879581716 0.7644172070170163 1.082430116300119 0.4291032295879104 -0.19293794058028924 -0.17304153868186484 -0.26898315554669 -0.021507266610846565 -0.024941787125599607 0.09365039291290334 -2.665852640639025 -1.6807814287500193 -1.2030755598540077 -1.2521120378139574 0.5815188716035392 0.07254437985424342 -0.22500333790855379 -0.05055879562869434 0.06685904385637052 -0.05449378472690266 0.08248200739189822 0.34719338454340676 
5.9681048063049875 1.8558050654278277 1.6370778923677047 2.634992659423485 -0.7666749484170521 -0.022651089886003117 0.32726413590815806 0.16211459679137288 -0.390089106932598 -0.2014458719766256 0.4930728919395574 -0.6384144195184456 -1.9840234880219612 -1.1993084581487135 -1.227775555061234 -0.8388382386027112 0.19853454659337152 -0.28925989706745736 0.09412411185587855 -0.02752768827589151 -0.05778826726008679 -0.045229744958349354 0.04058012269696302 0.05737736582107409 
3.487645764538033 2.362204141275388 1.751038949064851 1.540352591096676 -1.5392282198986402 -0.20366877813209527 0.38356950774527027 0.017826896973910378 0.21414477202693055 0.19757281025469528 -0.4101901644564996 -0.5030258252015285 1.1563114033380395 0.8694168246491708 0.6390286472280868 0.8306231131222294 0.2306010102857472 0.05032421135388456 0.2524944145789784 0.010030509205250745 -0.241495729491174 -0.04290548367265588 0.06529864633033068 -0.15726662908115197 
1.6933106784862475 0.47271001425411985 1.3504393384927047 0.3005880137610353 -0.020507551686352876 0.6496625695311324 -0.5524054853898311 -0.08454736573688137 0.0957607342461515 0.19498935291325986 -0.26352647712218735 0.22553481571177497 3.2332479692582403 1.1506098441791497 1.0849825851080674 1.2213144519366492 -0.647861853503186 -0.04438232952273618 0.08482938265257815 0.17149914590715767 -0.3174541793422862 -0.07594038248402472 0.06059523893916422 -0.5073728132654959 
-1.3110254766180094 -0.24675497927971968 -0.24366507678858884 -0.5602498095184467 0.017543387077527894 -0.058026234182311065 -0.5105863736682299 -0.07980208503348996 0.2125791123374572 -0.09100842803782166 0.15746195841428073 0.133475662541249 2.881056380049671 1.0940264649426434 1.0722509554435598 0.8450276933026487 -1.2458854485035424 0.3593297252402487 0.09435627208144715 -0.16391347283090285 0.1813579448448033 -0.01342466921390891 -0.17403191907291019 -0.02740652077714652 
-1.332303480891712 -0.29154490683206724 -0.6205178500297777 0.02135050392109905 0.39852480860442174 0.03767462670731331 0.5198539286571737 -0.3035683499264 0.5630562609389972 0.170665894621707 0.027461113686674588 0.5654532764066533 1.0563298547321853 0.11583931274984449 0.6234858106646413 0.3059160866377831 -0.13500730515496115 0.5769861160771032 -0.4248565003621388 -0.2762246232426724 -0.12899252986484186 0.009251753785380207 0.035875263879296924 0.024570807506507253 
-3.6427162959220003 -0.5377477930094487 -0.48023532300458704 -0.8551117338913024 1.9889119454665996 -0.9756639824409316 -0.4356290155225736 0.6190778075613782 -0.5635768258539022 0.25000854704219844 -0.033588202642199916 -0.5907654932175281 -1.3211592343878278 -0.5636240306254644 -0.18645581671705314 0.0013146927423000425 0.5446553941547542 -0.33064096697225764 -0.4391298548474469 0.005029252593281186 0.11539040148365846 0.2927583742723639 0.13519028828527266 -0.014093277324831927 
-0.309833476058313 0.2706884828694509 -0.40173297039322 -0.4697292839658862 -0.6011699154160053 -0.6224769045708669 0.6846853366237571 0.39468655769370176 0.8708162929363568 -0.00327439598289081 -0.2756271882318378 0.5139429710716418 -1.58960072766722 -0.71038116004852 -0.5049684528851252 0.22454963984751405 0.807678082736503 -1.3070440668901655 0.06913993113792204 0.23384694770459646 0.17183739242052856 0.3801965367559228 0.04617423709493576 0.04800306404238891 
2.1412172241287744 1.1630004177459146 0.20630993354429172 -0.3186539938018542 -1.116575433376521 1.263972432373552 0.7243874868908191 -0.4440172966233844 -0.287472108112198 -0.8823134055526144 -0.09656475548228108 0.2015106471832506 -1.8332507368623376 -0.33844253882696257 -0.6605053819105101 -0.49268302432393557 0.8442905750653994 -0.7483705078442092 0.13443485396882296 0.44163749850228656 0.21972537439849327 0.13388954609693188 -0.47173592224126165 -0.019084465999397244 
0.5445319420845607 0.9892244679358111 0.5511148803511583 -0.920527285666167 -0.47176575018352684 2.838988619970568 -0.26757411596328873 -0.47356164094780817 -0.09050827519344062 -0.4037627393486549 -0.07957332117809213 0.025306014079097244 -1.0316638289584839 0.38502012448334594 0.05699611089109772 -0.5443153784944931 -0.07644205190787641 0.6741588024320978 0.3076085681580846 0.08551275620950487 0.6104019341481752 -0.3255944133728907 -0.3627248388747639 0.35856108692849004 
1.4298532055935755 0.11831183093825892 1.0248568973547543 0.8483363399306447 -0.608661862345838 -0.4612852211790215 -0.3628038511355196 -0.2717105886247264 -0.7420906649844834 0.04858408043428486 1.2835926305547123 -0.2891936167230642 -0.288299951844885 0.39209674566341973 0.9330875811038881 -0.43651849793349723 -0.5342396192396155 1.6484342240326397 0.20041001228616018 -0.3066564139250315 -0.18133210701577043 -0.30479120216679784 -0.0420518811194621 0.021500112931823957 
3.140840020084738 -0.36202759717675903 -0.9819947849717444 0.5797216846513438 -0.6258005452077176 -1.7823244850908735 0.3054553011626725 0.05199493506585817 -0.7330802310720262 0.5080601011423317 0.12246863537395725 -0.3163881577606709 -0.36163511594776576 0.23230087220289816 1.0093085743014696 -0.09827756827008882 -0.1635244734241046 1.0429194082025093 -0.038051101205453075 -0.26815336785968347 -0.381199873542067 -0.011010316612155291 0.3008318119483819 -0.24146845338050404 
1.7079630406633406 0.6623362133119404 -1.826397977105921 0.240777014839882 0.5631608218544208 -1.370673687193647 -0.16335725853064204 0.21317365714487696 0.5778101908744062 -0.4238512192977142 -0.07143009039991946 0.3078573943076628 0.6199368761463914 -0.20238116945214765 0.5478239808703164 0.800889873618091 -0.535563577758468 -0.30259910044111304 0.12034516690392638 -0.25346338537008256 -0.5506886499963263 0.07890286741773028 0.6110906956284667 -0.20469997224364225 
1.4903823723929754 0.02030966014027591 -1.0511834053229125 -0.3219149183105192 -0.5671036720113425 0.1649246283703525 -0.2531441086493683 0.0884563397464406 0.3931409175033158 -0.13451413964618952 -0.30455739654592195 0.45118586870524585 0.9362139677039162 0.04897546923434041 -0.5943254719534061 0.4419541303708325 -0.3754554763489603 -0.6655684426270178 0.07049403872923528 -0.018257531307844677 -0.21432487173195305 -0.02940976251070604 0.1822699876593048 -0.054136360703283905 
0.3952714010002829 0.5342867106361844 -0.5840207350806107 -1.1035149794426968 0.9686804343313784 -0.5271124765862953 -0.4445396469412784 0.47044886514523 0.34686471071682434 0.13316259857535462 -0.3361664403707482 -0.058880713225095804 0.2694254809181498 0.3636492622115437 -0.8462020936495698 0.1694946716213576 0.2932879054406508 -0.7220330944449719 -0.12864579059981 0.32593320216010196 -0.03781328003288357 -0.11260411136551877 -0.003060705545352547 0.0953909505817921 
0.9885439368045184 -0.44492925354190227 0.1797930098758188 -0.07399470931986432 0.29780607760068456 -0.207399762513496 0.23456437918028483 -0.021870075010784307 0.02536712420262388 0.3177824797379154 -0.29197315261854273 0.0293899781155601 0.378242327160617 -0.06929706486423488 -0.20223882082224445 -0.26320448324234624 -0.14748737650928234 0.006964737700482115 -0.050260875118120545 0.013234973155712454 0.10635894013683074 -0.02324523654014397 -0.23384621116661378 0.31160759131812665 
1.1506058157031198 -0.19599211648160164 0.09672009624342254 -0.39166710451951825 -0.7491577692735452 0.981587791583193 -0.02127413064603867 -0.7094627419568164 0.8751369276234029 -0.31218719489321034 -0.06854009572755143 0.23258248785712937 0.13814590941727248 0.32758040141571954 -0.38325879426721415 -0.19531528400800635 0.2370442974441697 -0.27316635433589426 -0.09461886512388941 0.08724255615612832 0.042689320997248315 0.11950417056058044 -0.15141384589731208 0.11989814996327745 
-0.02201181644029404 0.5933402682918736 -0.7848373585181958 0.11177459395493022 0.7342775593189663 -0.610319718815838 -0.31399424144262655 0.6387072238303264 -0.1900720113604657 0.15789646670852486 0.263168064632321 -0.6293685057902467 0.4844313971212806 -0.23910044474300088 -0.016984056253125407 -0.06403901959740567 -0.026063219537041233 0.16656390967802256 0.024940859093082562 -0.09594294456538936 0.08642151466719968 -0.06270815859087746 -0.03633700681699243 0.07506378852057137 
0.48611154937087164 -0.9675892545278622 1.048070831918039 -0.610453779056075 0.03931180113972843 0.4938465645725585 0.11359625874184553 -0.12156745274371034 0.3265163155066242 -0.14540690659169142 -0.1594955113042439 -0.08919592116202474 -0.00295513019141976 -0.318812743254363 -0.005237167146890098 -0.217530942799718 -0.27522348930723467 0.5113079432275032 0.2809344598488896 -0.1136095975368836 0.15060102817600893 -0.11777925748496937 0.09700076575703948 -0.05383813759166519 
-0.1325031213931993 0.6581706497102306 -0.24493018920211318 0.22751568674063105 -0.018239048994828533 -0.46322087804224643 0.09230660720709505 -0.027988885921169215 0.040412886259414194 0.42251681135978836 -0.1374844243792192 -0.03491218293657694 -0.899660173747891 -0.2637227225700218 0.06132171381163598 -0.3295142055822266 0.4936815560413798 -0.1618637079802188 0.017194977018346564 0.5478793207343858 0.09625982839402054 0.0034550111510144124 -0.1340315391997352 -0.28997670963657657 
1.2147168587538317 0.7280309225723087 -0.15752198697394848 0.20305517748678537 0.4527710028050562 -0.6258854584861122 -1.0672279345175681 -0.035285894470417745 0.3080913942854362 -0.09115959476393398 -0.15921614849289978 0.09686873920529004 1.4528524615818517 -0.31955549613738715 0.080474989336769 0.09414729045886179 -0.07394406178219648 -0.26084719510367355 -0.16343754224059023 -0.07826030984783071 0.36113564623940525 0.1052885753952046 -0.186259264963029 -0.18399636085272153 
2.3126660501118987 0.5366983474518534 -0.3660060905071101 0.6935627324301799 -0.9534967096378371 0.43513741665415373 0.2248329241320406 -1.0480715175094772 -0.46963903593193335 0.1204077773416029 0.6651230008258546 0.14752929293582562 1.716203735996005 0.8325055976639905 -0.46053890058270724 -0.2026159560932702 -0.38841181262340835 -0.3741549077310335 -0.23459014950251114 -0.17764047919995749 0.15466109597192568 0.3341761426215768 0.24562093520109154 -0.03913395777944922 
-5.095030421127232 0.05181338501348787 0.8671838145602304 -1.1259191732774347 0.7287728168078221 0.8272090025353791 0.5376457270011434 0.6232547925939358 -0.5018646621159177 -0.3102181157682125 -0.0020214290176938654 0.3715724234599386 1.549821876983777 0.8122891461916516 -0.014448639993479931 0.24926537232552412 0.005097252501076214 -0.15430398824805297 -0.4393366215720689 -0.28852598238446003 0.09852002254834295 -0.3457961230411805 0.08375175618109865 0.1221089854364716 
-2.1262406894406825 -1.5012373745023302 0.6243336117789191 1.4998507304025517 1.0089954818740137 -0.06730338535989178 -0.006359775044727289 0.17566220814652644 -0.018592373455685873 -0.4704823560028028 -0.9529445897200969 -0.05486215172555359 0.6942435793037989 0.882542867569397 -0.16151470834069834 -0.07114380460118803 -0.17617810546243962 0.43821020164904373 0.5253077572981562 -0.38024124604758675 -0.18943614163604713 -0.13478450846571266 -0.031707231806783955 0.1778596618829529 
-1.2152954024212086 -0.6898686550255544 -0.6093459181365233 -0.9478849384759729 -0.5437668504540978 0.08824690726506945 0.36637827978702253 0.21842518985496054 -0.2129920045977164 1.2416738410318104 0.39856237823678003 -0.16826249477343513 -1.4379105497588167 0.5605770101544421 0.3266026459476197 -0.6450822255099585 0.37119700440023146 0.3756312458066846 0.17680459545516106 0.27671737157837684 -0.03757586803969282 -0.24727396501541743 -0.02808145710583404 0.09301134588798698 
-1.7099321971525097 -1.7400892352368165 0.8568029008633617 0.817977028833013 0.2113074403804418 -0.5100121406578227 -1.2654566241553673 0.2950670220027705 -0.04576693978289262 -0.25118467566127056 0.5599527926189696 -0.11613223359634628 -1.0686964226271325 -0.06777309711704078 0.36648564559128105 0.5088170596565321 0.23588357379868483 -0.03004538092729006 -0.04950355997915897 0.102025413932518 0.11770194912766395 0.049806962777208585 -0.3472169130646295 -0.07704721249692136 
-0.9894530179948684 -1.5104917150825952 -0.22885876782484993 1.1502643540372104 0.014025824353913752 -0.07833035723570936 0.6367803651909802 -0.2665997290693167 -0.3755497748332359 0.3219549391072736 -0.674225748869725 0.12317342673137405 0.6088448843434735 0.9475043963748648 0.1145119237294429 -0.017510885042943996 -0.005266952028720777 -0.2612710725896446 -0.2022917185713522 -0.09133207048539867 -0.040414726046108726 0.6965658517799459 0.2824639473401768 -0.04896689242744986 
0.9669273862275447 -0.8876065531226875 -0.6653669001507607 -1.0756750948236364 0.02244842307395345 0.10612138967236781 0.006949862190770761 0.1120984258111111 -0.29041933572091794 -0.16004379337216013 0.6251002130270441 0.0305615250128059 0.9649607956593069 -1.6697301289154833 -0.3053784824876278 0.9282356100862762 -0.022487254035998012 -0.2805854053033472 -0.5724300371259664 -0.05794688768570283 0.05436281708622292 -0.045295564708584535 0.16175817958809616 0.14519814707417414 
-4.380259847141656 -3.9586231852072133 -0.19179678881779072 0.05147377848118384 -0.4335364857146913 0.563993359868908 0.3370501923280101 0.5839056994069862 0.03057837150962245 -0.8935941554525826 -0.4814031739877876 -0.09470869679566166 -1.3161824167711396 -2.6113981261477286 -0.23788835825502178 0.3772388711129763 0.10233267446196452 -0.2818305522637076 0.33786750978830843 0.1573522395980302 -0.2792647919624964 0.07002581829253691 -0.17944336497439528 0.036796305666733566 
-2.9094111695570373 4.493166886571943 1.7544073588227154 -1.4173345136478028 0.5025503575227384 0.010582216699910163 0.601698573654017 0.043654970821727535 -0.4119194642129906 0.4924765657444111 -0.021733033586287587 -0.44278561305535086 -2.373801670810613 -1.989514368834472 0.11420432877382362 -0.26774677552917914 -0.01156102558798211 0.16474849845403836 0.09504488245382636 0.5420167103869059 -0.22042474016688296 -0.23473949865335597 0.10012754162750385 -0.09130481764111353 
4.897263510210841 3.633315943513276 -0.7250808225465226 0.18937745011036466 -0.5330231662563722 0.8149308860416423 -0.6741965199055682 -0.7044347203687156 0.5229946653002896 -0.2143826953286228 0.18752096936012674 0.24945807876525172 -2.961990523953242 -0.977328919829298 0.18300109217120122 -0.013769000721158239 0.07342097278452282 0.4716511236965426 0.23482017280470613 0.3273710373722199 -0.07464651303859932 -0.26061000542196555 -0.25423742260077825 -0.17147017534999887 
3.449570719983136 1.284966989020484 -0.7413378696078656 -0.34138660405068944 0.10687484010874027 -0.5135928687761144 0.22743857094608078 -0.8697814954617558 0.1246467378843974 0.20456897252592796 -0.009744483529424586 0.13239259015568983 -1.0952542608579803 2.258983759522348 0.403301094706547 -0.4626849423551495 0.34053999907985205 0.20487748781278917 0.10545622914297065 -0.051919388391509634 -0.04219479192170248 0.10291983241283809 -0.13131183188879647 -0.14447590550496794 
1.3262207799479828 0.5774635230564105 0.5070725488838961 -0.44519317415389814 -0.4559616453612607 -0.5888724684827076 -0.18028032473214017 0.05851082043206812 -0.013765190423273566 0.032189657422555584 0.27531481878611574 0.13211272764881465 1.84683126918617 1.4255784272601926 -0.37684670123304514 0.1536947865530419 -0.12299590649716856 0.14329320904438372 -0.1281057429645682 -0.4871858802440608 0.1995748272398159 -0.08710171857617109 -0.010014525271009192 0.09659798825853007 
2.161872978148333 -0.7558581817666674 -0.07157261101213508 0.28800562554977693 -0.5576004001643735 0.09785143052371748 0.03837178863839108 -0.18205963440413542 -0.016955160586101525 0.06043089213030764 0.3283055373671073 0.04931477901777148 1.613196709583658 0.0879574492619497 -0.08821910834416007 0.03542345841412975 -0.15715056696868368 -0.18437124763064214 -0.037516795572779295 -0.3361928279256756 -0.05082526585755905 0.057254153079651565 0.0035823496450670214 0.1053327919154697 
6.185735697332717E-4 0.3769932471262738 0.07057665185474749 -0.5864030243489942 0.1682021733716903 0.07932910925857517 -0.19534589985801876 0.41326198983465656 -0.004928867183908614 0.11899150059770064 0.04853953472488837 0.0012030195586206771 0.8271959516794576 -0.13242419021264715 0.23503008500743908 0.11438416203061001 -0.12661625880765848 -0.14193642772636803 -0.0935048352566598 -0.08602690047491175 -0.00495904786543284 0.015256091713982284 0.02799631891790494 0.09888220602989929 
-0.7272183055787131 1.1213297791997032 -0.25843259606081115 -0.3770520541955307 0.2662446316483158 -0.2945799147548295 0.34752174522735796 -0.038578596386023234 0.2727043738373921 -0.010594408300599267 0.09289610956598804 -0.11815093154562228 0.2801092770969979 -0.27137152360037603 0.17644103128438807 -0.040284682042534437 -0.018258975862553022 0.15292215442113438 0.10504920149504748 0.0516792657599728 0.0066849317508881345 0.06472789319608441 0.12880821055198668 -0.03178167419971162 
0.28917856677313303 0.03614211321116656 -0.10458771361408314 -0.45581682037307436 -0.48803538484462994 0.033152487335669945 -0.0543407972566442 0.2448510028477473 -0.14371781403872186 0.021934032496062184 0.30903057593296057 -0.08080103515918635 -0.6137124870822319 -0.010597163702267784 -0.1298435815307929 -0.5909499854520833 0.4301557261987254 -0.20405133408698764 -0.068462242687355 0.5125657283702169 0.027403318945989536 0.3449347582209766 0.3351343079626871 -0.11238801646351554 
1.1772651502556393 0.22868195599201435 -0.513313522130884 0.34356656968942034 -0.17470469346855433 -0.3378267217782331 -0.34727836714743865 -0.2528919381905992 0.03238451758864069 -0.08522405340712635 -0.1883646148928888 0.18566182897580985 0.3284572107488408 0.11846852540716728 -0.5665113355476897 -0.4202462764259047 0.056577458069778874 -0.25763474282475984 -0.10555084038877655 0.03810563137492965 0.11240842655262077 0.09017209861969178 0.21893374987107495 -0.09198625369505949 
0.8895143068992528 0.8551086498369216 0.5875478594821626 0.8261376200647803 -0.9017903426660507 0.7131065150312399 0.35744088439144456 -1.0172785243737061 0.03302110410249848 -0.8784979515119656 -0.8162330269337346 0.18646068868845123 2.08940984626769 0.6669343255526267 -0.44700235938571026 -0.3389090337531186 -0.6226610506591067 0.02967856352396156 -0.07961868327940926 -0.2906356773337277 -0.15266655574922078 -0.37848914633762526 -0.08550713270301373 0.07910985905145355 
-2.0127578078882955 0.3564409346653239 1.0950336240341354 0.24270955486325607 0.3033897363496896 0.13834729987166505 0.4582834255696432 0.4781692730999145 -0.15289036489108038 0.1691052878443393 -0.0012733386138892855 0.0241769676157374 2.1071306662390676 0.9691283267953823 -0.2672663120007912 -0.03430760692679465 -0.6498045859662666 0.061466614937997634 -0.002223148982109624 -0.42802337684730385 0.08044910608621347 -0.30520554014334794 -0.2501425266694662 0.15797817896006336 
-4.38403949295797 -2.0285403527833683 0.432245791460538 0.6113387882993635 1.1409005522235682 -0.2939702140611638 -0.21826564377695734 0.7512274292036735 0.40691929444880104 1.030236800883205 0.47200633590250196 -0.23738818163351078 0.8167210898426207 0.6551739718987616 0.0675404224624283 0.19455686835816058 -0.3481191425954367 0.19212077556419874 -0.07162978395092255 -0.41078468032765175 0.2748043171627987 -0.15985262693336835 -0.2689482902645526 0.05918926535594964 
-2.5073499485329513 -1.2368785230839876 0.36613644788230193 0.5538888063525127 0.7533636169854357 -0.018688202046024116 -0.052755656116908856 0.1469252155626225 -0.395911895843151 -0.12397480917466772 -0.08205671630260858 -0.07634827274339923 -0.9654143635948733 -0.8828699682269802 0.20212874619359752 0.44658185627067554 -0.04529141736469496 -0.1568720185132847 0.0757542708601248 0.23645531357758767 0.26509590197917715 0.2795189238649986 0.09211894273102678 -0.026881911361680416 
-1.3133528923062814 -0.31375353698470754 0.7493751801707944 0.08687738924567018 -0.08241985519761363 0.21526193929748827 0.8278497770874883 0.38069754537789513 -0.6698810819098622 -0.2524000222023571 0.031003532704282855 0.05915551280017062 -2.9966016263060204 -1.5319371808524533 0.49128054654705694 0.5118003372083777 0.4283528522074867 -0.22143140253788438 0.1831851014429768 0.4830313542054614 0.28785876869300014 0.3296926379013117 0.22137409644796324 -0.1559973101358697 
-0.6518580174295199 2.147657431446934 0.33008269109821464 -0.8348053144219238 1.0509241921543653 0.3543472787321931 -0.29203709744295403 -0.045931725719959404 -0.4097778826492803 -0.028133072207875476 -0.05712876520786003 -0.04344914551606205 -2.3724015231758657 -0.4290573842409306 0.8163986432467097 0.009132841034239095 0.4535560238421663 0.039654629434144585 0.2550922512684279 0.3853574003036296 -0.5562210889223942 -0.0324200575326086 -0.07364065424460338 0.07846545751821944 
3.6780194204083756 0.8750032125085312 -1.0235689697885892 -0.22971516293855124 -0.29293829198335675 0.18380625316338056 -0.6481802274428652 -0.6014381627714198 -0.4497240182271348 -0.006761981304126252 -0.204579928988762 0.21415418516042978 -1.833221279379953 0.5584795022122853 0.6465980146155023 0.10626392323838053 0.22206829188530472 0.14840337513613053 0.2701639815711058 0.44373101853354563 -0.7454032422337097 -0.20500351008487883 0.04831206575184347 0.18418364460209694 
2.1141684646373182 -0.5440847451078152 -1.1965874068781355 0.6847865593419061 -0.5020452361481915 -0.12192424728140404 -0.0800174076570157 -0.518079131273609 1.162672839082668 -0.14953365702595733 0.25665697727772396 -0.3892439814781871 -0.18363968388568885 0.7944253986426307 0.1529603986783821 -0.2223558982197014 0.3668835719728622 0.2719295022613433 -0.09660994204029875 -0.13269562456422745 -0.33179746004054594 -0.10664002612004773 -0.02087318352540524 0.01960221262303452 
2.8032977048001584 -0.6433209553441888 -0.4270838146875374 -0.9917103173513864 0.027859983297750635 0.008187576895895277 -0.0886520125187984 -0.714421807445917 0.7801032839252928 0.4233108004613203 -0.27082553579403956 -0.32049800302505765 1.2284828354694268 0.34065085576338056 -0.42341233756831004 -0.12913655179179728 -0.07276236625896353 0.1848460892592323 -0.07268924374848788 -0.39822813934086465 -0.26506571584228417 0.12897534724016646 0.018015114520448527 -0.22395789415816644 
0.3364218920316553 0.5235433194454018 -0.42704108248745754 0.21325995744359794 -0.21012566140477507 -0.37363188991809426 -0.2819713787840912 0.40864697030997155 -0.029299153603856265 0.07675061526954441 0.03861358877099447 0.1650703107075781 0.7590763657400181 0.0633305327813775 -0.6211633595667808 -0.08991441194696059 0.07744401892916415 -0.05306147641696026 0.19694160216503698 -0.5527981759259828 0.4524903389622112 0.24235730112313525 -0.060794250223065616 -0.2721400546193002 
0.8814442003029264 -0.680763387058219 -0.13810511927899816 0.3934577933859946 -0.2206109805781744 -0.24487819329597116 -0.3291355106338638 0.12988320445938395 0.9414591256429798 -0.5068301591723765 -0.14960357829674287 0.6088707215420465 0.34560113857683206 -0.24958756874009266 -0.05028045547004464 -0.7568362606565548 -0.07200541977288681 0.3435538981133306 -0.14945639361812343 -0.19333242881910215 0.44617723613213417 0.31570453158358924 -0.15405807513732897 0.08071258345102582 
0.7978661196658798 -0.7153551275949326 0.5224133241179374 0.2619457398140974 -0.6101418109977215 0.16379306706540997 -0.5506004650945939 0.7181628905516888 -0.2754760986628091 -0.41153508057851473 0.37842874919827246 -0.03750817990383866 -0.9989525497139221 0.44393353838622723 -0.08059599891210871 -0.3522985185201593 -0.12584552081124875 -0.02971740415380338 -0.3404478739344068 -0.21985012230807865 0.4905609580913928 0.07330470135776072 -0.06691792369966774 0.391415369181873 
1.53577217525255 0.7248909743962564 -0.750969651580101 1.2544555734330283 0.44388431741288426 -1.2911865959358486 0.49403171149082326 -0.28918248110946926 -0.43533995194163344 -0.2796599463654179 0.021441109404308323 -0.46134650807242666 2.3951344904075196 -0.29125856218686064 -0.164332169299275 0.23275137545933036 -0.4326091428176597 -0.26654670009306386 -0.3007427728652728 0.022386418259225754 0.25291150759909203 -0.4224189633513215 0.010513334504212463 0.15213674741825248 
3.00611555369861 -1.5110844764405176 0.12117918039942 0.8396566229805593 -0.16483674796655812 0.2386745238632546 0.32778863195678554 1.2777301800186343 -0.812582489085728 -0.25674859520721705 0.1538450160194721 -0.4740671820308042 5.153939607379281 -0.40734230905264734 -0.6069217819133007 -0.09638857476887708 -0.5740907645537467 -0.050770805644816765 0.23759346439431886 0.4112133072156547 -0.08042478948722152 -0.3588782607515209 0.2720584730228624 -0.23563344281995294 
-7.408083987935997 0.5908769739251554 0.5555084604780856 -0.5936517745752274 0.854563916359223 0.5173211785842982 0.13389825943626477 -0.21705969505176603 0.45127779805716317 0.6830334881959392 -0.06885171521998007 0.3707399803507718 -0.2444666893811558 0.2209435957273409 -0.22645440479640086 1.1676387991776007 0.5231795933781705 -0.6942576904100443 0.17559124659987566 -0.007350394917271685 -0.1220754202247704 -0.3452162969968852 0.24568461423170937 -0.2844701777827736 
-10.192024620877692 0.57367879979856 1.689939613828746 1.4751651381248565 0.9067906831903494 -0.5881484032602131 -1.0833141322502713 -0.5515384241241268 -0.47751060520054284 0.1837529843953694 -0.39260025755817063 0.25334890434442087 -2.002382118564548 0.8100571589490478 -0.1511766647986157 0.9474619954162816 -0.26831180861823717 0.46456132845462844 -0.3731172335087387 0.46209239656724393 -0.05516682432265566 0.09615595462270228 -0.13425725485812953 -0.05863766547653395 
8.868242330684168 -0.9803214509053051 -0.8559866539055614 -2.5662150816719222 -1.6614681783000815 1.2049979388560181 0.6728093537947247 0.6475030057137263 -0.23664963320991483 0.5357381548239444 -0.44239009650199834 0.028355982088281634 -1.9169307391797534 1.8616675467874557 0.2640853461605703 -0.2353064225310472 0.35486627605956295 0.4287425438409309 -0.5045376070621919 -0.27274205431821286 0.13833249396439065 0.32874972255221674 -0.5665848999026428 0.35692001826911635 
0.875098750082171 -3.155656740872431 1.2804567319870905 -1.0164477097199383 1.8981147252178057 -1.4988478416364908 1.1776847853037717 -0.5408283600658438 -0.303118300484222 -0.4715687923893265 0.7433859712348698 -0.1269621864699573 -1.7498145433677375 -0.2420178354878287 0.5229104928300305 -0.1999756341187385 0.24696178095303042 -0.08041685391762372 -0.16630265637820596 -0.203125348028156 -0.2549194993791171 0.23885902877347034 -0.2454493351343642 0.08821285914723542 
-7.190853455876669 -3.129457896101716 -0.03200613708279754 1.3580739169403115 -0.705696932833194 -0.31355673375035575 0.517011621845819 0.595811435873731 -0.05091583619416923 0.02444520893163693 1.0629098700914281 -0.5098645290493882 1.3859970789925995 -1.4947342263090337 0.28245109590581846 -1.168156130758404 -0.33042909816467575 -0.05024014311302468 0.6577091425061435 0.0412004965339667 -0.2983728887495935 0.20542090216199319 0.2189109813156709 -0.1658413927344744 
3.0869669025059387 2.3743005288602514 -0.29078212307272766 0.1129475411749552 -0.3119802824021856 0.412379494795845 -0.5065072971412005 0.08368340488033887 0.19438099442893575 -0.27717762897888787 -0.40890223545179116 0.2578205824715495 -2.4328235378921574 -2.1003592377009093 0.8442414165297132 -0.3439033184031586 0.4981304451285507 -0.72264715436055 0.5420468888172393 0.15010840306840653 -0.27987929220887137 -0.03182983866343277 0.6089082585722531 -0.2438994595440872 
3.604317017494486 0.7389025931554549 -0.9177205140931077 0.3735556851558437 0.43486662000394144 0.4001046999789244 -0.45822203250121984 0.2116456336387349 0.4097193855822867 -0.17772013336725445 -0.5229789371056806 0.33348877582095143 -2.214119381474097 -1.5667308057462497 0.15783547075987656 0.5231620704600225 -0.19732617518552734 -0.10966766827833456 0.11895709648383812 0.6640266387696593 -0.1375903002852985 -0.07737119591474767 0.446334235948038 -0.11736544973332408 
2.775984127073066 1.2112407276017123 -0.8094103290968937 0.5075213613817713 -0.16655838658641417 0.3122629045805194 0.039160946025573184 -0.7990706681535653 0.3062019652541641 -0.27499660524958247 -0.290394400883335 0.1830595397271345 1.4062616537440646 0.602439878150169 -0.16278064447507326 0.3254719984553151 -0.08170431403940549 0.1139880449651502 -0.08127935953473038 0.14227979231054308 0.23848914671836272 -0.27517854417685333 -0.1530795421808695 0.2452164274365725 
-0.39300392373794146 2.1522644217663025 -0.24619844635034416 -0.4086992045431642 -0.18642935518449769 0.06550456619231071 -0.11269378918908224 -0.954891443918295 0.3059445792491121 0.25546828481122724 -0.335346755036914 -0.12038765847720848 2.239942418182288 -0.21067541297478432 -0.4981780775131899 0.537870426914084 -0.055149078574553 0.13636567922207377 -0.056894265848297064 0.05250029146304732 0.25794222644859494 -0.24702611097005675 -0.2841978893356251 0.11406322070086894 
0.8668424118899587 -0.13970001989567926 -0.13820122351888964 -0.47234100934148615 0.2437806473102504 0.23771542679370122 -0.4354333401930781 0.24011256672722459 -0.46919904255956507 0.3317637944624313 -0.04347969994356596 -0.25089048268908803 0.9232682221331426 0.7056632443970843 -0.37433913554077697 0.2910275746741327 -0.036070108241956375 0.17861640202699022 -0.07338465954591755 -0.5805604360163109 0.2451038998107761 -0.13711844356270972 -0.2220574632571768 0.08770303214042703 
-2.1609393794608245 2.0463992058285037 0.24120916565745976 -0.7501244102247797 0.3951443387792681 0.028281401206112167 -0.05024209184700301 -0.465446858190802 0.02359321014336639 0.25997799968690893 0.20615738043131016 0.20827412492645592 0.2769681966858964 0.48726547594987696 -0.28512761954887617 -0.11658465727595889 0.222188354754277 0.08697083572412272 -0.148668253093474 -0.27841396719619094 -0.07090319123326165 0.039851303534658454 0.042955764227827396 -0.002522067482965925 
0.8901471885350798 -0.8528163976206411 0.06990327152153508 -0.19484875979981908 -0.3491349088424279 -0.20497471900735198 0.22808907599228623 0.6978883470316211 -0.28793404962529134 0.13410386800070584 0.1050259211540833 -0.2443804483959788 0.9790775715179304 -0.3404199279100653 -0.37818808319401476 0.04259448210142158 0.039084361118417836 0.10822485732519145 -0.30645322679837417 0.13572373923036082 -1.4515865953255527E-4 0.05542175185071302 -0.03037594570003141 -0.10740113785789025 
-1.2355609021181913 1.0470261827791525 0.505132164776072 -0.1976913574861211 -0.5565366413709896 0.025937131920469203 0.0015497619986576394 -0.3485374324819204 0.42802165648176016 0.2347443374381146 -0.5384668582692208 -0.1160764731748653 -0.7309657839454556 0.5751552473380365 -0.11949376653731052 -0.4261424978889325 0.35411297252929574 -0.34042001805392424 1.199440835898032E-4 -0.09757059770871623 0.05509838539748333 0.27680887745360283 -0.06401049097114862 -0.03588032128424338 
-2.533079541335149 1.3812462753591923 0.8644015265038485 -0.8763409820150803 0.6023680540301257 -0.08578701053905169 0.458030413279214 -0.22551336381829867 -0.6709777897501643 0.1781153700346894 0.41996025650679375 0.23348822993524332 -0.6739391899880539 -0.12232589119149306 0.3276547459296612 -0.1978669485876685 0.039946716981673513 -0.34933998453850856 -0.07677865498101223 -0.15431629902929678 -0.37779866961999636 0.09647443652620454 -0.015448891499803183 -0.07020381456001071 
1.743571337310657 -0.7960978726755226 0.2024413377782346 0.8690491945496482 -1.142946060244896 0.9899476011337347 -0.1655725927412363 0.28896579036030656 0.04981992401335286 -0.5924543836908913 0.2407216856684008 0.07698074961357498 -0.7667203900254469 1.1424439285766521 0.23586521319640105 -0.5163793867010534 0.04759018121250935 -0.2888819209105321 0.3138228668550268 -0.08945174682904737 -0.13569090726900732 0.059670041227950756 -0.0654825714353711 0.13967785317318157 
1.4223986387848173 0.4357233036811756 -0.7617155527685298 -0.13461819005469816 -0.17577035035049526 0.361040000001541 0.5419862183052699 0.8420856326983979 1.0345628254689014 0.2582799189865952 -0.23822167631531796 -0.13029761611016683 0.5910750261755986 1.170136659116122 0.32172274154578456 -0.23139588074848091 -0.04048383620793702 0.08421280015972026 -2.2523925702004158E-4 -0.03997698038846644 -0.0052385884092029196 0.05480986661967574 0.20975470643809188 0.049671764672820556 
-0.9131388221018337 -1.9075441171117955 0.610595064823058 0.9805854066368482 -0.31023798281820714 0.6691693893817692 -0.9818967410794508 -0.6139816902531265 -0.017675929320750794 0.015651939278309435 -0.012928177552051667 -0.35321710967170505 1.573409939891074 -0.13402457137028945 -0.04561495890132624 0.513693175878107 -0.540995736573621 0.5411990041139789 -0.08881161778476021 0.37507619455587227 0.6406937670440129 0.08704035375343326 0.10724635391092006 -0.08459535820939178 
-2.9779495401556995 -1.5734405797710371 -0.30484356165591686 -0.2379214458132376 0.30746552394059234 -0.17803630514222968 0.8668682052193813 0.3458913176538172 -0.6215140978555038 -0.2903673913089382 -0.08247893119725563 0.29957186555942167 1.051951497681415 0.06115718101618691 -0.22969448525859684 -0.015530242517598417 -0.31653393073006697 0.6297441351248942 0.2909727120962685 0.3386121300138973 0.5430761585780725 0.20579633645491055 -0.03401080248118316 -0.08211748607159162 
-0.7764843928923058 0.6105577831614522 0.11085021892590685 -0.6203787052054032 0.2384232123304233 -0.36411125863631677 -0.061578732844011386 -0.58816563578502 -1.0442229154564835 -0.5792517898034244 -0.15888874862339053 0.11583208340695608 0.23360242698710376 -0.03400041612311947 0.40782557218508764 0.12089122063716018 -0.3341396549085385 0.26922442152379494 -0.27374270036762477 -0.41355155357334067 -0.3203683013856692 -0.19568977199299809 -0.11301897070569007 -0.09593005687573108 
-1.801783068864192 -1.006799189504009 0.1772403259558364 0.7124545934192228 0.4995008442653904 -1.0115520813640988 -0.7910909221012553 -0.1866587845773472 -0.08139215719744963 -0.061657225837269514 -0.06320898333609903 -0.11846975443472252 -0.3212686009627266 0.3206826300655575 0.23791726584528358 -0.1017607865341071 0.11616885124001346 -0.05446044776172962 0.23024082662590228 -0.11968673183567884 -0.5320296431929561 -0.337448981409747 -0.13628327052945918 0.07817968944119293 
-2.2020293387088987 -2.088863563875951 -0.8539235955380815 0.14272372510913744 0.5961633217450093 0.27825401292131885 0.6683109236837418 0.8929480215824775 0.6733680045072297 0.48836617252146935 0.31649376063444024 0.1435938709525603 -0.25160463134665045 0.25254299412140885 0.07506675247730543 -0.13668081545781385 0.09919952294797148 -0.2835310191455312 -0.13672154837876113 -0.2051612256203943 -0.3594902906342404 -0.21052350571109216 -0.025046208224409106 0.06657573351804123 
-1.301371264359223 -1.185777796449008 -0.5362084519597734 -0.3141903013681866 -0.21991108448674102 -0.33583759763585863 -0.1887991029222021 -0.03560531552289503 0.11577937174150787 0.1881705717578559 0.0886796257622065 0.05115190346304076 -0.7212362040483425 -0.4548702231424279 0.018213417650238466 0.3106512450755316 0.290574794864818 -0.24218080968692032 -0.10842079424013999 0.12317713590760049 0.10651635190990615 0.07885337254713685 0.07128731147627126 0.022659762636583442 
-0.2718764011048389 -0.057581895730274946 0.24237435045179545 0.3029861885617431 0.3005306078625746 0.14862455693615684 0.0474400027027454 -0.04820869345106327 -0.06433780802324107 -0.0725951714677106 -0.15969442849931598 -0.16870594609604925 -0.7454696209465169 -0.6763688548851271 -0.24945912865274575 0.059846162747818295 0.1790351200929806 0.031323076362180645 0.153046097349011 0.23016823960593932 0.169400772014343 0.12380209953456384 0.07123921583208186 0.019639701965288747 
-0.6031509255211942 -0.6578293541495633 -0.4255488999898175 -0.2996303735336748 -0.22440718338784632 -0.22019492431075685 -0.15539307889033713 -0.0856118347833783 -0.032088306661932686 -0.017736671484090083 -0.03897682319803471 -0.030299133820168078 -0.4410262194538553 -0.38553585321401923 -0.1560057562048641 -0.08535434444345101 -0.059759972421854345 -0.11324784765527769 -0.07325580415026195 -0.026857755861149996 0.02972952264164307 0.0576658307399291 0.017099609952066136 0.0023490990328227886 
-0.31473064528836225 -0.3237312203702922 -0.1608759855648223 -0.04409472705157336 0.061306010916620246 0.12646344717222602 0.19246961962077624 0.2274465623949013 0.23909952766592096 0.21991349553875084 0.16660433761831528 0.12540028369829848 -0.20521325101556576 -0.17038648633575396 -0.0599800937668075 -0.030585315164769478 -0.020089269428613738 -0.061331019812877606 -0.07186193395427888 -0.07343073949512048 -0.052626936943571075 -0.037915460160107016 -0.05580022709407201 -0.05040745689285566 
0.04313451609410457 0.10390442551305845 0.13343398466312772 0.11541318976882464 0.07898113125179917 0.014986500211939868 -0.04154649893043166 -0.09285967586242733 -0.12512786402800236 -0.13108125396516213 -0.12576858715280753 -0.10294850853260147 -0.11339847940959154 -0.0944342015266058 -0.03176155811493695 -0.026957966038567455 -0.044691022605859894 -0.07457532531207269 -0.06956142752241373 -0.06096773086468041 -0.05089414368572071 -0.043383644741511795 -0.04253665649667889 -0.030367739607495045 
0.020620631134208978 0.07271067344567606 0.14282318942574534 0.18722035240480178 0.20910425882859301 0.2150269041134413 0.2061025145856293 0.1757074455738227 0.140062781490507 0.09782350025314647 0.051102134760286466 0.01884111193873441 -0.010289836349226237 0.026069473843285434 0.07100438417262872 0.08782197341636887 0.08939660127898003 0.06493041281075924 0.047033056417123326 0.03852615700647389 0.04009087843051546 0.04357175200194872 0.03643794139438442 0.030675634964021935 
-0.4306311255037052 -0.5727476964777302 -0.48211381314029045 -0.33441401514616 -0.16423323952625302 -0.040750676845146425 0.04647475619447754 0.12316091622120223 0.17011249748293644 0.1734592603832475 0.14638424772101638 0.11408367088209909 -0.03432413157632119 -0.01779055337327166 0.0254580361303835 0.05417447591429076 0.0787184413860721 0.09172473427910105 0.09299952919915623 0.08135128825067754 0.06504008117741694 0.04985915011539952 0.03355277789857714 0.019669501217481775 
-0.04697831544177866 -0.06361358090475422 -0.06611523918099937 -0.08264704484318763 -0.08527660753129374 -0.040459202731508596 0.00735982280695166 0.003857795333664843 -0.028793288381094823 -0.06307201764130013 -0.07878590400174995 -0.07514271090111761 -0.05671441097416293 -0.06305017628595455 -0.0310484168398855 0.003714977707349206 0.03812349130467896 0.0654236324607808 0.08290983688049677 0.08774349674463615 0.08207641109582628 0.06244527050732664 0.035225542628863286 0.01626494085779282 
0.17990638411106197 0.22543821280808857 0.1615290905753496 0.08782346064994706 -0.009983759726473751 -0.13244464920288831 -0.22117374063856152 -0.250988715494381 -0.23582007262445226 -0.2002109453641374 -0.16148290146752076 -0.11496510076512079 -0.10690951529754915 -0.13835114373411533 -0.11267285853886738 -0.08162657571235775 -0.04983162140992529 -0.025173500747715693 -0.005320118473293912 0.0069971350958229804 0.011247833494099246 0.011799567594719201 0.012096609508022932 0.011282890574483553 
-0.11450489075068582 -0.13723175233936968 -0.08585301191241818 -0.03504331861529936 0.017609045014666508 0.06460299290996986 0.09119725236065852 0.09955177119770589 0.0967998332567225 0.09732279160485899 0.09935908146796518 0.08457067518896588 0.02703555376353221 0.03278542613688465 0.016997170091722302 -0.0069671355730275735 -0.03128311339805675 -0.0451335976954326 -0.050341979436100644 -0.05918966534719414 -0.06709539499127813 -0.06917686904195303 -0.06274160997313337 -0.04695748706050922 
-0.07613929195660418 -0.12088517955807643 -0.1342263511579789 -0.11333615112303086 -0.06618120156945727 -0.017761272422738582 0.02051639683750584 0.054322523001712766 0.07357243618173002 0.05786315297601033 0.021021926462090015 3.783061136066884E-4 0.07173582408849939 0.08881407472723697 0.06282804239753641 0.03625925316080572 0.006182210467022325 -0.03076108886262463 -0.059246227711325455 -0.07049882338989334 -0.06805911769958035 -0.05891907038283436 -0.048319396162945866 -0.03515721382420581 
-6.213869854221343E-5 0.011191836867674332 0.030770971410497963 0.03883416776238405 0.036671453584368276 0.03759990196471434 0.03754069237721991 0.028771172127200352 0.017796642189648458 0.015421540314485088 0.018186511952844743 0.008058046841046308 -0.03151522309357446 -0.04326292443839417 -0.037068859395927266 -0.02485982747944586 -0.003276501427994167 0.02226083444051027 0.03793502437927498 0.04317269025023449 0.04396454837387428 0.04069848682556981 0.03525441250417243 0.027452615562273224 
-0.09252246418050802 -0.11521580597714434 -0.08526702827871771 -0.057893042021311805 -0.03806159541239161 -0.026659837142386657 -0.01660677751286585 -0.004101945789448235 0.007858876007825848 0.017496891429552644 0.024061571778877053 0.02876285488145643 -0.028735518258100907 -0.04503818521547503 -0.04489346414547321 -0.03287148081221964 -0.019425456114679707 -0.007784892966438486 8.490479744205243E-4 0.010998569344365744 0.02065463117312517 0.020325706839455556 0.008471456792880565 -0.003935037353650492 
-0.011767635358010509 -0.010277665814653225 8.739048357330331E-4 0.011814609272178693 0.01337874622011618 0.0022697719482630933 -0.004046233601980573 -7.540651574170828E-4 -0.002237031777948215 -0.004589538098621608 -0.007923978702945643 -0.01197944588177866 -0.0021343215215239297 -0.013475153856391295 0.011694358821495054 0.03563040731739991 0.010576479131856081 0.010413519498407789 0.0020385492742742636 -0.013964024083457365 -0.002210119251096714 -0.003733535118496868 0.0035841028922405263 0.013709781731386797 
0.01592001114743269 0.024964127429512428 0.015402574565823203 -0.0012119294412692473 0.0037415204567079093 0.0232584714848025 0.03876271590384451 0.036089433610924246 0.02162537964615285 0.0068915716641970055 0.008662801411343513 0.02220216453597065 -0.052641922045570944 -0.04081953455505316 -0.028688647599061357 -0.02837430953674736 0.0055339869930906005 -0.002403537617221313 -0.004538911547723039 0.010417633282482916 -0.001358426219874612 -0.00215086024209429 -0.00484902685885484 -0.0061066726965146164 
