0.0 0.0 0.0 0.0 0.0 0.0 0.0 0.0 0.0 0.0 0.0 0.0 0.0 0.0 0.0 0.0 0.0 0.0 0.0 0.0 0.0 0.0 0.0 0.0 
0.0 0.0 0.0 0.0 0.0 0.0 0.0 0.0 0.0 0.0 0.0 0.0 0.008227109437598598 0.005487266645957778 -0.012356681181640683 -0.02800818408677445 -0.006728917350817783 0.04338901226223842 0.06270353146789992 0.06792085835863108 0.08562448999016213 0.06417352431707497 0.012960794931412287 -0.026120499889994386 
0.0 0.0 0.0 0.0 0.0 0.0 0.0 0.0 0.0 0.0 0.0 0.0 -0.03036826608059906 -0.03998424838054563 -0.044844372384055066 -0.050383010630471126 -0.05285104592964013 -0.05288669800896362 -0.03988231870568921 -0.05002521707482823 -0.09653929979136866 -0.10177784500216881 -0.04928214281952394 3.1648980725920245E-4 
-0.02468132831279579 -0.016461799937873334 0.03707004354492205 0.08402455226032335 0.02018675205245335 -0.13016703678671526 -0.18811059440369976 -0.20376257507589324 -0.2568734699704864 -0.1925205729512249 -0.03888238479423686 0.07836149966998315 0.04028918142356108 0.0370289067840763 0.07550034731906674 0.14626238853446483 0.06048590572282292 -0.1179120858142696 -0.17882710648467223 -0.15956265572461617 -0.11035410504107884 0.0023839260453485667 0.07217208135430991 0.06915494121988451 
0.10344546239819508 0.12818364511057356 0.11599809537970418 0.1091367557612517 0.1484597617626937 0.22374361242024848 0.2137022533189175 0.2519569387624313 0.41805463435934914 0.4015938214821189 0.16728762085569027 -0.040130219256769184 0.07525360579207134 0.0935970495305729 0.03475703492200146 -0.043607043150973857 -0.028612273109220005 0.06993761867449345 0.13242810900304633 0.1468427863345191 0.10948056350530992 0.0051118308399299844 -0.07826151730826449 -0.07086675503462249 
-0.17259027546978079 -0.17517854290751567 -0.2845000896470523 -0.49335554348402033 -0.2556875980498156 0.24186445123268457 0.42963019279455794 0.3527094977926329 0.12203499794356196 -0.20794868887710516 -0.3001600544907749 -0.18739971403126893 0.002375571487572318 0.04365875683907513 0.08426578106043962 0.0867756110056203 0.12445314152007315 0.1279425800500671 0.04072213653460068 -0.02803488939730257 -0.0579822716274854 -0.05891254368907045 0.007931476486006015 0.08090351987310253 
-0.1518063437977215 -0.20143277710689755 0.056513961829982806 0.4195111773250934 0.2237739943787945 -0.3958286000331803 -0.7061547206082678 -0.7187643954378203 -0.517895924472954 -0.0076214345568498265 0.36542338677306246 0.34548087195449356 -0.17884385158320715 -0.15263456288519084 -0.009807082052014951 0.07340604788225336 0.11961644876015909 0.07011490673498302 -0.02121564178676057 -0.015897429895404363 0.07586061672193213 0.13401367088135804 0.12070248554256435 0.058049941134678824 
0.09581786032244555 0.017370140653636845 -0.18598523286153612 -0.3314894915384584 -0.39082978881581654 -0.2042086707102021 0.14965148295609088 0.3657027602161403 0.38504862432812137 0.18882468613547082 -0.161744697210941 -0.3571546055549558 0.31388291095464044 0.35485966109621564 0.18908901077234805 0.08644462858084467 0.04794736826669634 0.06703526739466198 0.07873466837928468 -0.001520226457940051 -0.09070144414953751 -0.1121918581013533 -0.09057213591603448 -0.06954088517568675 
0.5057729492517034 0.4898129919855698 0.09616191314299094 -0.19201441385828932 -0.14281848913478312 0.23643545318674275 0.41733853359843276 0.29315259723689063 0.05896597100127307 -0.1988338786682432 -0.26402751441191974 -0.12940259689896225 0.7761290430322902 0.099650066037686 -0.18049084129722448 0.5448030885465689 -0.10208712918578478 -0.5416336089603018 -0.06384608534986343 -0.12713574121211627 -0.227617749558319 0.07906995810733011 0.13478900741671593 -0.008399816519908935 
-1.4430286548584146 -1.5853804107423963 -0.8715910976206005 -0.44692663363486296 -0.2162334610931158 -0.2753733775612629 -0.3683204394466464 -0.14868831917090242 0.105708382655061 0.22423310748265146 0.28628180384981966 0.25866467592251924 -1.0451346631394902 -0.7743880339143455 -0.20966297758679145 -0.6604057533243739 -0.41872467121341567 0.201158014971623 -0.06620880731551933 -0.003542880549860905 0.3128877908760026 0.06795895294987433 -0.16797245041647058 -0.0489629021117434 
-1.7107702153041622 0.300992300478061 0.9407894181011884 -1.1571795172664108 0.4427372180747985 1.2646545802732554 -0.25563050335730886 -0.08016163210795019 0.3046274450385332 -0.2625355195524305 -0.2629568860074657 0.06277068077548281 -0.8494351378592632 -0.6660403836752095 -0.28854225819615237 -0.9491899291420579 -0.312165394964457 0.4489049005194324 -0.09112028022494822 0.10815277251199433 0.385463714373761 -0.09544847210963027 -0.052889663525999546 0.11764444674220269 
4.339493432018849 2.4349445881504277 0.020689947419739507 2.132310320138724 0.5725663712196398 -1.3217922791683274 0.6847624233805196 0.5629885165381434 -0.6764454853185164 0.016798647727941457 0.3416373398362437 -0.3063525380569481 -1.6314081772753817 -0.6664925131242668 -0.4336358931160891 -0.9102124435701985 0.09409481491031117 -0.0038185748960371155 -0.20899568222186438 0.17362660561885815 0.16822843075671723 -0.025599545030471516 0.043475374858550575 0.06702841958443904 
0.16281731939086086 0.4777716435647861 0.5156481652112781 1.3659368966810908 0.39927777960221 -0.587069797568022 0.16415794285969443 -0.38714413815361526 -0.7063482381332211 0.19122876753800264 -0.13303629182713314 -0.19982733013583664 -0.9338926140591672 0.051652424530921635 -0.38984885625849336 -0.5768336716067067 0.6750966854905345 -0.08925586890287855 0.055574547643609196 0.3686535865165339 -0.3044865958260204 0.011564286214762779 0.05948710772012108 -0.21906257326087278 
2.514402109620219 0.3257074570870415 0.6418872081726219 1.0221524901019814 -0.47678818658775507 0.6619445360474872 0.048772384110445155 -0.5160768830046443 0.10651093197078643 0.07414959902884946 0.09089538218400164 0.18887842262486182 1.4236770778725358 0.5597239136648428 -0.2576518554002942 0.9866567891197616 0.32439061643164985 -0.6179121104258601 0.45509495479741036 0.22681817952322048 -0.4754881500928247 0.08465011097990094 0.09750163128825717 -0.14957191747154416 
2.0034532880726545 1.2006535924169892 1.799737356500227 1.1284004125720806 -1.0578755594931077 0.5405537793739837 -0.10435912665309921 -0.6465896918861581 0.8266090238719429 -0.3259038538471728 -0.3160472303417079 0.4723429202171962 1.1582865380798362 0.36700530592648883 0.45811098005009515 1.072359665449212 -0.03969625852748204 0.06179950072144791 0.2667263176308494 -0.29096359900013447 -0.23007438754705598 -0.030039776876960828 -0.17033468798390847 -0.12465604738737197 
-0.8518557859396552 0.39433187272979797 0.15160091797614772 -0.708891805166056 0.3279711914723491 -0.03186773636174978 -0.5462639062553146 0.012256754834753414 -0.016459666042624388 0.021414625480826316 0.1406379152287596 -0.19372191081883205 1.6078152260373804 0.3599808489318474 0.5708562587224524 0.7127949819273495 -0.6170021936569211 0.13243886092741647 -0.19685042407281947 -0.5101706173001226 0.19811771513479326 0.03389592814975093 0.08402213162318928 0.24699825051264654 
-1.6289133470687105 -0.6575564820360587 -0.6135416298407703 -0.9856199520325268 0.11598686615460407 -0.42556216352774723 -0.33850286484997394 0.22157983992708935 0.04536022351465216 0.3077155849428967 0.35309650560221323 0.3654409787481262 1.7370673057059207 1.623511631106852 1.3263601022498512 0.6550326568098129 -0.3117227318941403 0.22125117066275882 -0.11213800540728912 -0.3449397237125142 0.20420739899861481 -0.15941511319355764 -0.08555026365525938 0.18827295013693557 
-0.49286025092123964 0.17486994751802332 0.13595792517576344 -0.0592222733777632 0.7872871815591527 0.7476859247161032 0.7563955254273409 0.5803502029890998 -0.09721781325494794 -0.3443479048154381 -0.4957428806575268 -0.49866535817854285 0.6824383383312386 1.1438236487785691 0.48392909392054456 -0.11405649477037356 0.16394260684707915 0.05865999335171438 -0.2701637579461577 -0.13035638149544093 -0.012798325414618528 0.03973521150250609 0.16213439843560606 0.03644427452839386 
-3.3872463965543154 -3.56015033829768 -2.171521453849135 -1.1615323237515045 -0.3523653588540886 -0.5129765631532192 -0.41927482627255963 0.1041827551742113 0.25436590048226027 0.3352227508816323 0.25879395856721343 0.0599957934862449 -0.9745399813302127 -1.1219885770666946 -0.7547024073274043 -0.3991631927872041 0.2206690138368076 -0.005642486726173586 -0.04650679053745582 0.17665633943762518 0.05570626092079429 0.18882433124450712 0.0823711287555351 -0.08642200541158836 
-2.0200042761905683 -1.585842145475099 -0.5211964517813037 -0.27876613499544645 0.07031948343545802 -0.16414051660415696 0.3046133482944514 0.4620244416975153 -0.08256752828257286 -0.11154459199605976 -0.2986140065605587 -0.15033214177307297 -1.780872721718757 -1.5981895803502002 -1.1466152861390049 -0.09357229840068874 0.3704021900013074 -0.16811723041045798 0.1276139458432505 0.4346911387437001 0.14097628131856355 -0.028510210485699017 -0.20651529051658038 -0.22791020300953216 
2.058278609556592 3.588765295660586 1.9791427806199762 0.32164155713792697 -0.18753632629397132 0.0472785173109036 0.02690859532883827 -0.24922629773999394 -0.12908370173391825 -0.3751590652003137 0.00741868228712389 0.45054038678015634 -1.8170633355592465 -2.0575223571716026 -1.0948073275192434 -0.2317549762669715 -0.6631242270828593 -0.8756734881619715 0.12301340667582668 0.3326294411600053 0.19778255093364527 0.022555360751603564 -0.09024737442333715 0.12913482983831043 
2.1269954111795775 1.3949808715894907 1.500471666358222 -0.5200923186204127 -0.4063339047248282 0.9719100757154158 0.1504619770968904 -0.5470186867848978 -0.32842185610254937 0.09637363468263194 0.24949062903225916 -0.01020704579690207 -1.6974012516981152 -0.3779257730641987 0.7623808851602786 -0.49094151100041855 -0.06530016388580014 0.29308682606702385 0.07402710773996683 0.18609198275944527 0.14888100572557406 -0.09439695133854181 -0.197226793189159 0.07954075076203178 
-0.009556233561648142 1.1220052246848322 0.1020664696388327 -0.34560430313810686 1.8753340164746322 1.5460186051729086 -0.7112393607012591 -0.3891840040645981 -0.2160545884086873 0.16359755528747577 0.25548376404081596 -0.3974712440167718 -0.7561329125859939 1.1155369130417279 1.6437176300986092 -0.3598611933459579 0.23926425912939583 0.945932219302291 3.177007979385342E-4 -0.3183858797358626 -0.10954664449218572 -0.08823014596111685 -0.03500656655491193 0.06316032504588164 
4.106116900462897 0.7813152092053741 -1.8698009517715675 1.5276813281438262 -0.7652151962914433 -1.792771038736231 0.45160600308959964 -0.026272653418518477 -0.4857251021219104 -0.09773204822432907 0.16903383213007228 0.03505142133929573 -0.7286983766356526 0.6332261367164996 1.5930842585793876 -0.5779360767419907 0.4021694886512288 0.9137984016239967 -0.12953944535169118 -0.20620745665212273 -0.43474434275068424 0.09365720475471288 0.10783572772354448 -0.17461419547134657 
3.337116602672914 0.5489873877274611 -1.2668738006109561 0.3773383137936812 -0.7258884578988513 -1.4081775833701458 -0.12461652006133195 0.44555832478440405 0.2782078547523194 -0.013415785863482632 0.15266678040295312 0.23843017807441258 0.1563185432318838 0.4050705019726424 0.20450907255591563 0.4809001946220013 0.6943021562308225 0.3077001170067471 -0.17360045637457422 -0.16942198193295935 -0.33906567560213396 0.04069690876334684 0.20980199670394928 -0.13610572956618594 
2.6397541229692543 -0.21818862008132278 -2.5943109742550465 0.8522446031396653 -0.3122311334917731 -0.292387034885047 0.24576889283200032 -0.3457674812530307 0.7286799505689999 -0.0960913090060275 -0.022608062319442845 0.19568482957154532 1.774032154281447 0.25543728688800194 -1.0588062087552197 1.2271490284129551 -0.21191214618507814 -0.9241220596971628 0.13849139698906396 -0.019256831063999353 -0.12467579531946382 -0.06548844462286023 0.14367348346707917 0.04686304322558136 
0.25466952548952193 0.4065456334102535 -0.14920573678717464 -1.4505865245020304 -0.4340644836176706 -0.12727374777292466 -0.08751943644873686 0.2788293556515361 0.19393991205225936 0.04068645938828447 -0.2781012788462744 -0.06947075943433878 1.7545629071293423 -0.2694338499424817 -1.0566542966348969 0.8008536018669842 -0.13195566853951743 -0.6797629044410888 0.017655166785079 0.13050746980217376 0.21407754401445866 -0.05202363513192798 0.03419983531789421 0.020165825331374915 
0.3252439762102526 0.08622422569997212 0.7477836425822004 -1.2398033379471833 -0.27539074487679915 0.33914322255664664 0.01758327031611026 0.11486232433991356 -0.06956374481348893 0.07168216301836806 -0.04660258864655148 0.048412760416927325 1.270195641836689 -0.4179371310391578 -0.7840231398546557 0.12836924025603422 -0.15631379084056152 -0.14932980755197572 0.20065810161374106 -0.027092193053922336 0.09246355534929278 -0.05255200155495592 0.007883977146366619 0.0769114810473468 
-0.7693170453356117 1.2050825146642588 0.23204178087511051 -0.9791985212638468 -0.348441646587786 0.31534600123227385 -0.06348920915862394 -0.17627898741858936 0.035097070400187835 0.058768383520103516 0.06206453761282481 0.2515687366575968 -0.3261338967923262 0.5164851759589677 -0.03659660985352523 -0.4540145730569316 -0.29032573799128625 -0.06702807234961179 0.059611293642133405 0.057975515425018824 -0.04740038205351168 -0.06762425795961059 0.008525174531686941 0.039805664625367394 
-0.6588395171282464 0.6363543324091481 -0.43286531352222246 0.23144288075247088 0.11389882051496913 -0.06570748673171911 -0.3682205256542793 -0.036936730556200975 0.5307107053471574 0.052523733592930735 -0.2163429019880923 -0.19556936161646288 -0.03721501000900851 0.0918161210255386 0.36046569401472145 -0.5283400278758935 -0.19438423437255795 0.18379413871028552 0.059554771265239316 -0.05686910684995633 -0.08413553725699345 0.06197429683036063 0.04888587856186428 0.09724040703169941 
1.72511296253575 -1.4179749478212376 0.5509085708256125 -0.8241659146810627 0.24226794766030402 0.2762358239200936 -0.07345141938994226 0.18080233682453692 0.03600383313247124 0.2531384479798349 -0.2188066457705648 -0.06689669229374587 -0.40816960358889415 0.36955353882494063 -0.04308092137470084 -0.23750035857844418 -0.16788621960940528 0.2193025135795865 0.03391436127888973 -0.21028247796421698 0.0922922442735404 0.03422389442948428 0.0031219263410993633 0.1214890204042901 
-0.8103259976984027 1.1223045938661045 -0.493046834437215 0.26770044238910495 0.012407161116829712 -0.19268410491811983 -0.15609993836394853 0.10692898276821938 0.1823894855913497 -0.21142575970257954 -0.05282463264044951 -0.08407574620249958 -0.02938417446110127 -0.12162542952805182 -0.04255150719829037 -0.04528034042711745 0.07094706660656257 0.1819838159339379 -0.23057602441229483 -0.07251553155909839 0.2560491378975568 0.10240729132623531 -0.10926650652420221 -0.09102258583521296 
0.5309350057161488 -0.1465532325390413 0.3913753054567093 -0.2848262263468313 0.20596284193949954 -0.27907323041328524 -0.2712925866404585 0.3826355898118514 -0.06761905254252953 0.08807144687940582 -0.02906037608429468 -0.1686451322622551 0.5575984682526395 -0.3835909493861829 0.3534752945074338 -0.35563261004190183 0.07806444668595973 0.022743749435784572 -0.01793505891770833 0.15206742335201953 0.10207997147427565 0.056433561777550274 -0.13992915255247232 -0.01886436426009705 
0.02640198466485799 0.3655197633522054 -0.22544415924289973 0.09761405786670752 -0.08078982644431631 -0.33400440736684334 0.4224281312078632 0.07969323762743696 -0.18562526550801262 -0.17216463983556063 0.016583482741379246 0.12837261587343063 -0.3547451655348451 0.6954158563120494 0.029603821071836567 -0.07712060366437075 -0.042120406561450774 -0.06567406371759572 -0.05793964821281348 0.03799067666341364 0.10268040548647343 -0.03379817042323563 -0.07846934534665868 -0.05856768705922677 
-0.36604643340379894 0.11119031559426062 -0.6433186502938466 0.32777510770584156 0.05467310138299786 0.27866472683710164 -0.30891027742272315 -0.2617820606611305 -0.08622870574067454 0.06420720271367464 0.1662767541959378 -0.11652778055141982 -0.3903672166023006 0.0984559375714363 0.3519568098508237 -0.3069388692402562 0.10716396165499066 0.007483682838082946 -0.04031473597524801 -0.058446237396777866 -0.02792230249791026 0.09949985488008285 -0.14432921229369014 -0.012091794645521561 
0.7024002184661065 -1.0928147491366946 -0.06451131977744673 0.1927615863558808 0.21441325107943288 -0.2745308923905261 0.03652785166562422 0.31516577801446943 -0.11634690426899807 -0.09809912635000706 0.08491483825941029 0.06556863911976309 -0.485830018131263 0.18100306198271396 -0.4779099254501953 -0.1711840863309062 0.11666961281233325 -0.01808941621722811 0.11096330516920566 0.008520287112586622 -0.042147441807156884 0.17315951657933162 0.0807889766016329 0.003939799813703376 
1.3640375386224264 0.2872462109910998 -0.7449615438284884 0.5884166171293507 -0.26313058178734705 -0.3312610364156927 0.04260176105640501 0.44023803180866883 -0.018491325668306025 -0.24746087450361953 0.3697615830377602 -0.10096775994885665 -0.31317644866414973 -0.45649197982465023 -0.49505243018161543 0.05083482988391284 -0.2774765883639441 -0.3542014636938937 -0.11235749699560882 0.20872862184117225 0.017172581413602877 0.136253404998713 0.22588083785296828 -0.05528192265648923 
0.6188500530455343 -0.26551737029435607 1.259107063875007 0.4808455621476716 -0.2718968232961436 0.025226722911238175 -0.08621780353931785 -0.2968776699452226 -0.09305163012272621 -0.5358091509649084 -0.32752586148443064 0.10877320613103891 2.1717476578605246 0.147978350715699 -0.5054261274471671 0.30386011721175205 0.05887374736698037 -0.1338018349976471 0.09211682226532066 0.22750239718768964 -0.12962977652381533 -0.30103192559273506 0.07529320381273005 -0.07401636658508974 
0.6152579952989363 1.067017565647042 0.18002944842477275 0.03122863015820765 1.1302579036626184 1.1913903102679007 0.08953504116657435 -0.5819462022048012 -0.1493940870546191 -0.12569799997501363 -0.3051454094910465 0.027715703912409934 2.5617919039212125 0.7687670144921667 -0.53904594996418 0.2078595869974967 -0.1661225084402781 -0.22627792862391824 -0.18072231389863658 0.05056820362847669 0.0487913809096113 -0.28835213697928 0.00850506135991247 0.06866264552600528 
-5.438452983453723 -1.9266354786117628 0.9892715664374239 -0.4402247717938038 -0.6589022337464909 -0.6344510607393814 -0.26328925518542245 0.14375070345813556 0.3379938059956044 0.7441152131638952 0.19648872308562348 0.22327600694439897 1.0030298327078921 0.033671134182529094 0.05934545462655224 0.14668897233320974 0.02829958815125805 0.07904270131217576 -0.20750622729936544 -0.279514619318397 -0.09193691854399832 -0.43994702084156656 -0.14941244524583894 0.17351884145685462 
-3.292686654891582 -1.188495778326697 1.0070940547828429 0.4253730231075982 0.4287396487586609 0.6774116412813718 0.6733044285753671 0.06821923422155968 -0.38038818645630523 -0.022366645630181342 0.08223910667299572 -0.3642070969335525 0.06174286474848382 0.5085884521480067 0.18023942856671946 0.08339039722453202 0.6911959565170528 0.494688777945588 -0.047115424999301235 -0.10106977194080087 0.08703895213068435 0.18538257547805648 0.010771182692230874 0.07255924726011631 
-0.4362671199828829 0.7612258991449261 0.6675383968163153 -0.1562935513266529 -0.006036460297939028 0.04508795346797534 0.24441618465438208 0.21658346979678808 0.29825617521011183 0.7323662343873751 -0.07298078382893497 -0.21582191781654375 -1.5380701316714431 -0.055047852545903865 0.7328579757178769 -0.07920301363236543 -0.3616883719999555 -0.22245934014058386 0.13685216995026137 0.13377240103511168 0.09982969778132882 0.3213996951011836 0.05503711053374738 -0.12987475938520512 
-2.071063530681935 -1.8026784796753228 -0.19982225246483132 -0.3609081717489639 -1.269762852612816 -0.6324455306725418 -0.022971403755424225 -0.31515326955172485 -0.3906421280539259 -0.6759712370209231 -0.20272420411045988 0.029586924512532364 -0.8207873989739628 0.1954598093211767 0.562100461875847 -0.03946760393385582 -0.17140645111064698 0.13016145602123622 0.16624772341305338 -0.07224917954780895 -0.11204122215682873 0.16598851431212489 0.07696900469120056 -0.12854357811719466 
-1.4350541505442171 -1.4544005702997382 -0.6058442070923695 0.19052486653157352 1.275414132939114 0.6878555456593269 -0.32570784887081083 -0.06588024776055718 0.04363168345042828 0.10671842355571526 0.17385904687610915 0.41600327437697193 0.8591244468130178 1.4980735370841796 0.5247593951925117 -0.7040401406135953 -0.28640178676203426 0.40754331990765813 0.12602726278202292 -0.08033068082153526 0.1793898525908049 0.09253691760438802 -0.14740976319929275 -0.055854146145724676 
-0.3309309426890268 -0.6670619715678949 -0.042516028890355606 0.37036662598005254 0.3022337054720753 -0.03445652287801271 0.4596232750988034 0.4261986316436592 0.0830477258940227 -0.20750828315072598 -0.27208782275312804 -0.2944889586787264 0.23288905271120428 -0.9647628271227603 -0.49170271187707987 0.4005465531300553 -0.3465061444481408 -0.06899911700944768 0.040257103074814525 -0.1643769664713366 0.01675205666887423 -0.3075647663926899 -7.897530469575254E-4 0.09644645022264088 
-3.88370675441839 -4.300802966161326 -0.9853929005484577 1.5901894716496248 0.06717062094571802 -1.4765365101522638 -0.3749629431188005 0.08689956166370183 -0.4767583095362771 0.2205240046391125 0.4039303150902773 0.11377846221625965 -2.682719948246458 -2.136862414988668 -0.04116766367549329 0.34676166661207697 0.6552480903556125 -0.09198872902673912 -0.048526727041430705 0.36826832020874384 -0.09062597365651802 -0.04407185014282131 0.04050985305663945 0.06564714964839567 
-1.5454043868784613 2.514811199623752 1.4650602298944522 -2.2623801336981555 0.3738773367283045 0.6567478482615966 -0.11911516585587292 0.10158772515015546 -0.18070330156719594 0.18982027161544807 -0.3153905790766714 -0.10864002007503415 -3.697481919345376 -2.1068963267118 0.21504445722015442 0.2505838398199142 0.44786347042329355 -0.45522986415838607 0.03850797643884744 0.4431813265085692 -0.2028502572341997 0.09583797110935803 -0.04595576497696605 -0.14122011524455122 
7.220342416289872 3.365250089070443 -1.2361293454582936 0.4666132465344466 -0.7261519537558381 0.6182195471697396 0.10924155273081942 -1.0083797551400369 0.4473851181505917 0.0402696966010922 0.07398086586796249 0.12613735612993882 -3.2887354219577296 -1.7935656734563519 0.18388295508667427 0.4076573870469132 0.31650331653817526 -0.49961610569953335 -0.03147586432980128 0.14966571724015293 -0.28917211949526767 0.11692496976014011 -0.019598437059463108 0.08369683213212209 
5.209490229992971 1.8206004809516205 -0.562281178095901 0.18040321907789902 -0.6446954184470273 0.2838550409361438 0.10199709785745115 -0.3557056894801791 0.22952678375318736 -0.4048950424597899 0.030754196788927546 0.12299194009808768 0.5212204121152549 0.9807697210941942 0.27963652963841856 -0.3979846377993483 -0.011977242635825372 0.20284760620380474 0.0621010563955087 -0.116198171591862 -0.07849850320642222 0.04847419150455564 -0.13238705632160375 0.028525551136867555 
2.6050522030190812 1.4269994135437951 -0.5233710618133041 -0.8541743658791421 -0.3730529510811418 0.20875821060906263 -0.3910914819860587 -0.13345088274158967 0.18564300628933417 0.16710675239631118 0.2896532383358672 -0.25312801426666753 3.8762599051600843 0.9990902751851705 -0.566116387457015 0.6890529826140517 -0.3016567865346213 0.08218932602293094 0.20158693389828275 -0.33940008415779416 0.11874173157794239 -0.1646558491047548 -0.1615108425573725 0.0360566201615773 
-0.8014205165888306 0.5416273741044932 0.26977149915670173 -0.4080324140933165 0.23325956329843245 0.25293569793052084 -0.055251817683959925 0.012717803726517873 0.1856632639826995 -0.019020830795828336 -0.026065596345812514 -0.004583988287333626 2.004823439705658 1.303207434368983 -0.34036156254033706 0.0941072467030936 -0.18410345634305378 0.2563941141069584 -0.13372996198820486 -0.18818390349840994 0.34580205823667337 -0.22544732250530317 -0.008385042052567201 -0.06340945319617353 
-1.4029819258994802 1.0074658169384954 0.04619347828645015 -1.3063278847221005 -0.260159085024704 0.38711124060375823 -0.41689479119332334 -0.17439124927000305 0.11309168330200842 0.3413001380833759 0.58692329010745 0.08175545983791757 0.6790495178560798 0.44054469575907323 -0.23923112967617421 -0.23368647069469559 -0.11922788952426855 0.1568149954779144 -0.196785319808607 -0.1019792735185157 0.16118479012396872 0.04402789342240351 0.14111293092698501 -0.08169449979394311 
1.199036975335277 -1.8792550238526786 0.1740212394752331 0.12415823839009743 -0.14883198244608487 -0.5745038163820791 0.5160886384256981 0.22931620427925736 -0.7716037294631699 0.18435023221258717 -0.09272570293916227 0.14577856263431568 -0.6787791003351072 0.3236734536402004 0.09398191526488975 -0.30102170216949514 0.0024757270036614987 0.13961691897599507 -0.17004130114837945 -0.058896262902962494 0.1870875116352898 0.036656252451902065 0.08174611332342913 3.175505159025381E-4 
-0.432325096511212 1.3158065252451614 0.24219745705595286 -0.4192102800367623 0.17567649036392252 0.15203298133161947 -0.08640575061506678 0.06418773753758766 0.18072213264036274 -0.06666245937510712 -0.10035550114841296 -0.08322579034566285 0.010031950343867576 0.052523136061449094 0.03585783359076045 -0.24224210822703274 -0.025465958127568983 -0.00223133839099926 -0.14278544367644894 8.561367992994487E-4 0.07772953298632307 0.15383338280062564 0.16327394674466442 0.049360841728012445 
0.7495883697223569 -0.583563340969441 -0.11017623602271887 0.051473890072499806 0.007914594593134705 -0.04837592936139501 0.2896275654720501 0.07011709903161001 -0.4094144955923471 0.07499171057770698 0.0723354593118316 0.07695398525674897 0.21046924483442098 -0.5983695642035514 0.12488820188394716 0.32352226184274047 0.2659368355737597 -0.02910032851394645 0.14190993528987028 0.13282065569250945 -0.21867958516442418 0.1440245338733186 -0.0818892363350593 0.03458120322402698 
-1.208353474124623 0.20205056731252924 0.08071871526314478 -0.5432593858822035 -0.2621344991616068 0.13074131226641394 0.1246920763128474 -0.09736010704407771 -0.3011915325923722 -0.06552074950106096 0.014570868747959875 -0.03191477665733641 -0.8528548325911475 -0.46629489431221255 -0.46292703674047025 -0.2990877655394555 0.2251036311637821 0.253078039084827 7.92524598042077E-4 -0.05820837901715522 -0.05825432589534846 0.26355225828777074 0.23242646550532978 0.1316035677236915 
0.9556434296387195 0.47273164772429155 -0.11990399528020435 -0.7843839942154034 -0.7277369944045993 -0.47655699630763704 -0.01519008090786983 -0.08837184050743829 0.12539185864647007 -0.24829422434439163 0.09547882111782924 0.016379446118071517 0.4391774589828567 -0.2543649232520764 -0.2862746608294869 -0.31061240139388896 -0.2101828524759619 -0.11389172525502411 0.0901845404529079 0.11768026072048902 0.03078337057886486 0.09600486247440077 0.04586496408665428 0.003206834477693765 
2.0232118713040492 2.186543713834933 1.6358424469061064 0.8959819587255557 -0.1318086086285568 -0.3931106024497405 0.06362549878076695 0.31805734435857747 0.08808193320699953 -0.6956762667773702 -0.8092065785674012 -0.44774922394739863 0.984592964788496 0.7992103562617334 0.011092381147488117 -0.44350495066806506 -0.3062009208667096 -0.08066396093208263 0.013409537674253227 -0.09661879999171613 -0.08707715394699361 -0.15245864507886772 -0.007566374610653699 -0.07285931076548895 
-2.1837266799405493 -0.8127151444744136 -0.028914119355738954 0.26369042195028713 0.5733002067544954 0.5552252037617545 0.049607232879366636 -0.49063240883118464 -0.6964013402286275 0.10205488179265926 0.3466292907095493 0.2752507054686988 2.2154691222498157 1.4583514056715225 0.14732483871208213 -0.183865692237786 -0.3873342264380392 -0.46932879598135885 -0.18820991776157822 -0.18269266503066575 -0.10102567084540597 -0.33640253859554053 -0.15536556251042502 -0.07218653250961693 
-2.5924473137004767 -1.5528571053733184 0.0019466338584477327 0.26321825803914645 0.00594966285897458 -0.14315790497203396 0.05206480639646949 0.39362657709294385 0.37093652868615745 0.21668063266701676 -0.08830524221593905 0.057227525963816805 2.7557941222244184 2.4096339654513064 0.3350620342466599 -0.6084261672086327 -0.47105945123210025 0.1422894734354654 -0.10003602544148438 -0.44020416892141984 -0.24919843627022656 -0.35172642090162043 -0.2824319081173593 -0.3334309694730697 
-3.382934344608464 -2.0326221596861505 0.2550693951073786 0.08359493284115926 0.36538654916575264 0.8064530428975862 0.5552200185690135 0.42192153821737577 0.287041573443109 0.30473494172003646 0.2011248404733733 -0.019549331308685414 -1.1470446568904968 -0.8572577937293667 0.04128710892982653 -0.04333343075529272 -0.08478804409053069 0.18634840320293758 0.01766929271802503 0.03607962551128315 0.005637810048942149 0.0753823647273082 0.11755993514502248 0.08372509804766737 
-5.644566663035248 -4.432404674913117 0.4886645869345678 2.8113082049060174 1.3853265738621154 -0.9455929423240527 0.11092718226039666 1.1823928775985568 0.3439557851818109 0.25816296596380256 0.11084137090276469 0.6999437028605026 -3.071722517832441 -2.160517067867365 0.14048973429017753 0.40286051017929303 0.4201782025795657 -0.128410683559661 0.16275073831093062 0.6755180118050023 0.3547480734752329 0.30429718302916986 -0.08456665806567332 0.13133224887482509 
2.7834669653983273 3.198832021483586 -0.3961344226832786 -0.8803542592172702 0.13797588352451706 0.3973975128289512 -0.032831833206672045 -0.9932544356178405 -0.6998243986232807 -0.14483337903765822 -0.10562382128487002 -0.29728267712264617 -3.738016061771134 -1.6948933624297675 0.1453911647606001 0.7791654122200075 0.6530750022793307 0.09989288848545745 0.3887092544852638 0.4763740754669417 0.11709716626069676 0.1873368480047467 0.06029057174929381 0.16938269787108162 
3.5395195847934513 2.312967007643909 -0.09392066011675626 -0.46338867646951787 -1.1408796120591047 0.44660191074126665 -0.1421614826484796 -0.9253394714044547 -0.19987470570634647 -0.47142675604164547 0.31876906286020257 -0.19790254775367808 -2.3754656309077675 -1.2492021417938413 0.5867038415525617 1.1278975930560846 0.46008839228176446 -0.2649038609207636 0.38863027125555627 0.3764158964616211 -0.27607114564825097 -0.07280134756267158 0.08853839089945552 0.26584683066822296 
3.2390707167905877 -0.32062791367536114 0.11018852435124035 -0.6165528631310959 -0.33073536471162956 -0.1893230490914457 -0.4843634124323397 0.046665486318056226 0.20766532010509742 0.10751925870852032 -0.08371072075322705 -0.07877429961483995 0.8359761708801511 1.3266945386906122 0.07348276787262087 -0.1935180706157489 -0.17732646437509733 0.26885164919599663 0.25284815661091326 -0.4942836952140765 -0.5833426958844227 -0.2941327054772909 0.25040108953904705 -0.06827596088116127 
1.2540283539919237 1.0749317180478801 -1.5246084112403766 -0.7042852723053237 0.23941702113489538 0.14247892139843654 -0.8291978418934385 -0.46681477275425487 0.7184243627623749 0.350390689778728 -0.1657303520614233 -0.20685097789806953 1.1268309571117479 0.6522919961473269 0.2527947191943514 -0.23703357833484637 -0.4505093439966108 0.2532592470551614 0.08804441642105747 -0.4074911060603854 -0.3246772973551236 -0.18163187152377022 0.28589716167939533 -0.10487330241589926 
1.4182840681586377 -0.1622339497902363 0.09876114926066903 -0.1793517494521205 -0.020193039947191016 -0.2570959400876236 -0.4478581234169323 0.26033430069928887 0.5910541547956267 0.3266560144840278 -0.6145773824411982 -0.08798057940696666 0.3397684743597657 0.11572571250172163 0.28028236760686015 -1.014536927405345 -0.07618380119492674 0.24722635776548885 -0.377795310866077 -0.114532170724647 0.04285637844609249 0.4598994148375839 -0.0958084767156238 -0.21062988171053296 
1.069420037774183 0.2768940372593658 -0.8465911301545248 0.029111501695533448 0.05537725754850842 -0.27928938492612865 -0.4245473764193557 0.1902994395860852 0.5824627690137596 -0.03609951935808853 -0.27348909133399785 0.12132049939008308 -0.04747398538777977 0.35492405827617607 -0.7065806013353214 -1.6645016939146762 -0.206837001223258 0.5821031033227124 -0.765309541739005 -0.48153474621569115 0.7367720500110692 0.5964573980627832 -0.1186818819095488 0.010698550297540604 
2.312069451820161 -0.26878621078626885 -1.069667219012266 2.0603595320845107 -0.010164079333655873 -0.7201179692256297 0.44669728742884984 0.06170489232182719 0.1470769816411276 -1.0789338812358231 0.2575940790299316 0.3890296068726826 1.9778013778233923 0.36680735900145606 -0.40987666360749864 -0.050405577778862155 -0.052782547043313865 -0.17312838034481723 -0.3112963017124039 0.17451531589133307 0.5156193614558169 -0.15516813165619903 -0.46004485668479883 0.021561830536182297 
0.9495576183245014 0.06343567371736825 1.1793475769020552 3.169364168670389 0.8549135444979018 -1.3723193740006976 1.0194530779006852 1.0771041700815494 -1.2699032006935829 -0.7361865565496963 -0.24577043706834184 -0.477451721930516 2.9498042223753647 0.8013681374932279 -0.7213679993120475 0.7555264475243555 -0.008294996962470722 -0.3069973444733819 0.07451701025242086 0.15017834941571087 0.2352891981466444 -0.5560446603069907 -0.2620355381415449 0.04360979781270164 
-4.455188855586698 -1.1559268450236058 0.31542178655487496 -1.5982613496029618 -0.2616135422919461 0.8088041954841125 -0.23596944543974097 -0.7066140122224425 -0.02962094471815277 1.1422039280484289 0.7516978604803705 0.14672003964478597 2.3573840267570163 0.46201746039653385 -0.4438359422608769 1.334414573901789 0.13489794621032475 -0.5339494779576747 0.38475857294767746 0.20739869332967342 -0.09062982982175698 -0.48705434248835316 -0.041931141070726784 -0.04526324131991263 
-4.3963634756484815 -1.6836400581016493 0.6249683649980471 -0.40815740003379686 0.2059869799150657 -0.12275843386085405 -0.3067650407423229 0.12392384361108744 -0.0350558622465334 0.5214655569207575 0.2655656323654175 0.11164588956592647 1.4199780055417903 -0.22439039434799732 0.05801805452068979 1.1890549081874908 0.38884092628436884 -0.6306734345811607 0.2718620313899947 0.2994562350155597 -0.5627722755973541 -0.00368290835151297 0.09682255695312968 -0.18403925753854186 
-2.087122081464396 -0.7813007260663616 0.5390302137223688 -0.15412340526876267 -0.0903946356732121 0.2569499945774726 -0.04446937209267843 -0.08390102443196212 -0.19845719811712625 -0.24659691050599056 0.12771946752523222 0.23027052508419932 -2.5904021108973088 -0.460311323097306 0.49730039125369596 -0.8224828165014647 0.12944589283921548 0.08162290915130395 -0.06274365514353754 -0.23671632060177883 0.11971898145795268 0.5351090954771061 0.4350066318920544 0.17864814999456802 
-4.494409785362021 0.5492937972827381 0.8934891997562389 -1.1198695280591828 -0.39721868766457175 0.7956280301961044 0.10811694705716968 -0.13262102886036997 0.5028317527979662 -0.030737412217947735 -0.22424891145016174 0.03289080796540289 -2.777358894580767 0.4354038734507039 0.49523871785745194 0.06020127452271821 -0.21485171608414988 0.3723691656489521 -0.5166124355947908 -0.11076849522798499 0.25075105811612647 0.11351553665071952 0.151038340777336 -0.006675504852328725 
3.3650406319619983 -0.8914598034238814 -1.310739804585309 1.2250431639141253 -0.3483483870197738 0.10474223600172139 -0.25517947390887463 0.13180738581862267 -0.6577216966142606 -0.18702187381353672 -0.3084147632880031 -0.3498468695386563 0.37784241421371173 1.56613490886191 0.5412884127625442 -0.050997157282357465 -0.3154083864456312 0.30576461839618413 -0.3107816668621868 -0.50171189268123 -0.052475988274183205 -0.12862502826928948 -0.11625935358439432 0.1020167974022672 
1.209631851380622 -2.934772139775001 0.06413722057953031 -1.2783445081933955 0.9795190038407962 -1.1637620515198348 1.3484273169501473 0.34837512416975003 -0.5576767873463455 0.151131428622372 0.030517725440027177 0.42173110143434045 -0.3752315758456562 -0.6689947183911674 -0.6026811004985797 -0.6653573731731253 -0.18432811834569499 0.39861272855059565 0.3120280046410113 -0.06386104773414394 -0.0021439598311244015 0.004722465675718782 -0.10812507267466968 -0.06280656896789207 
-6.072670142476852 -3.7376724841232223 -0.6701590349769098 0.07810555664541607 0.16746167791099753 0.3193511802468898 0.26772044354739305 1.1807365770966678 0.4892250367775792 0.04834375388171802 0.3491142098333207 -0.27020001385707104 -0.3388280465449924 -2.4879333086434903 -0.42368373363643447 -0.04900501283355885 -0.3237975561560247 -0.33324054586513174 0.40111449585406933 0.4082663847791015 -0.3424613882311063 -0.09439167046258616 0.1207216585295579 0.09238297040100085 
1.3501403293943728 3.9793842928059107 2.381242116447779 1.4496713950945477 -0.10213936509287236 -0.5075146275782667 -1.0894170255939981 -0.4655024812969607 -0.06420973440458047 -0.16258762309273145 -0.22863817998681457 0.18148708702828648 -2.4497694125769773 -2.650969846392908 0.27990883494598906 -0.32999229629271404 0.199224274157867 -0.5479930970890577 0.6043754174633795 0.7106725675685843 -0.43746126059622964 0.0027712238461542935 0.3091218608342327 0.2237853216248387 
4.3112705325901 3.1152619062161335 -1.1982410516101298 0.008050250770830214 1.1638734659151344 0.7763401616263326 -0.23960079019901004 -0.6860529657853265 0.12292894160817569 0.2530126634317735 -0.5410017861632558 -0.5068737735386319 -3.170294970126143 -1.2140210364377237 0.4326588586804096 0.640687305477538 0.20811135068817432 -0.16204399463276586 -0.10565092971034534 0.5810901858985648 0.07235311145996193 -0.02656664215343228 0.01088296092847126 -0.11729750365350038 
3.366969751578077 1.5916702042340454 -0.5115482759418268 -0.25333996637796047 -0.11635971263487321 0.25172274905761716 -0.21103831856678984 -0.8502478070950059 0.9378550420270453 0.040483302308881405 -0.45178985906438285 -0.13128798359939522 0.6494134723862484 1.4086802187740268 0.5230866665430908 0.8192247380372639 0.7642161666531777 -0.14249935571202496 -0.7206350508901048 -0.32606819172269597 0.15754463460802315 0.19296938144569462 -0.2470484036983304 -0.20867877698721612 
2.429800056809725 1.0982476694758816 -0.5217404148233358 -0.9924506790509442 -0.449762200382525 0.4258644758272455 0.14548387916482491 -0.3701613177000038 -0.22886668581811942 0.02650821764120842 0.42804116658669106 0.23808003241727094 2.1163071355935967 0.928063632537001 -0.550726960590277 0.13126799839014602 0.7820343192996383 0.23475957452618687 -0.3017342114758685 -0.4276623312902374 0.12892261705212116 0.09567573000413661 -0.2991668402882082 -0.30046687882070344 
0.34263515012581536 0.7618507548539561 0.4737317984251095 -0.5077523541063569 -1.5879700319035759 0.09522128245735173 0.8799457923943992 0.35475626982846586 -0.36094582451550233 -0.6282435445345327 0.02798555473320319 0.4350465150119835 1.396997427726733 0.7510910522370867 -0.3096121557039224 -0.33074179520807995 -0.13131093690574833 0.1078320517131533 0.002044806037633675 -0.4227026780168745 0.12232410763105091 -0.19374440687633107 -0.23422298957286317 -0.015211480625675011 
-0.5254835734645589 0.7459807332951751 -0.03870020702276711 -0.2585475505354096 -0.44642433234942913 0.15031217134790475 0.12010978874800093 -0.005568010376350241 0.38556152372308605 0.3003488968410707 0.11661102780257585 0.11135961361778901 0.619855681309789 0.3950698681990499 -0.17908632413880143 -0.48674841853531475 -0.8026497656408945 -0.2035468763310021 0.22259507485292782 0.0750450756831413 0.03250927249660115 -0.16507557315835225 0.14782725751234227 0.36694286188593406 
0.6536192835350203 -0.48546948438686144 0.1757680872696561 0.371933854988512 0.27590416406582385 0.06600274615782764 -0.20448569147127887 0.23556357329379085 0.2636686143632898 0.48479618333794344 0.40659417904626427 -0.022293332322629228 0.25444327594524463 0.25626669963307896 -0.1978169925699511 -0.3265438743162043 -0.7766055575644032 -0.07447771983602065 0.16923404967595065 -0.05318679250889432 0.018010219635132402 -0.10484107750721118 0.07290313472191895 0.2527172568022664 
0.41474094617575563 0.5366981844991408 0.16450041317079522 0.027951472007565592 1.0262499985554587 1.0511143729700139 0.019914396538880497 -0.5357001964820902 -0.638701722747319 -0.03478492681997292 -0.2047449181068663 -0.6340786295732248 1.111166189769932 0.8877471354360313 0.07180164929606347 -0.07548783786483464 -0.20584143972141142 0.3711946804216355 0.38946286239648303 0.11598165720273647 0.2152175651360039 0.2154587141097921 0.1432962817773025 -0.04585914383364489 
-0.8908069375300758 0.09769193035273638 0.9655824660381815 0.3286297575707685 0.00550947533719004 -0.13174665884564085 0.4223413394711075 0.7793827404080188 0.09715513981430299 -0.14615340018237732 -0.030045876477832578 0.049613866200691095 1.5718516258183886 0.7222772376615635 0.1260557262807939 0.13735462946633706 0.18900848867349054 0.11536027953684197 -0.24603988468704227 -0.1373466953151027 0.0823907650222905 0.19900980374216312 0.10811282700206426 -0.07484837854669509 
-3.0867690322418073 -2.208841380382718 -0.6490123442952203 -0.010431988232033979 0.306297331179122 -0.8643971674152676 -1.3616923139126413 -0.6254225655416736 -0.17683443441043234 -0.030552453728145162 -0.09495778976728331 0.2129834458570635 0.4416414923129694 0.36779128160778835 0.19096653139491096 0.17346982955096824 0.40970294520796013 0.2688053339068154 -0.17683116541881835 -0.36545307030697316 -0.40877883482249616 -0.19868223114734787 -0.19644100944370133 -0.21245391957226 
-2.311180604711363 -1.2795314149306227 0.20435728716028212 -0.0209383032906994 0.06885503173352053 0.6776776777399425 1.2244373178156087 0.6924648437688907 -0.21443732487202502 -0.11434946443445981 0.02736213387027997 -0.22127923439768815 -0.419409922360133 -0.10213486860440257 0.195550721869688 0.10016349848261381 0.1473897835930177 0.05129102735200636 0.17186117142546387 0.3350478644526968 0.12659582369762415 0.009727044583665079 -0.03704552385011597 -0.013496308989874565 
-0.1999966971725089 0.12193601231745532 -0.027786591574987973 -0.3176739862146052 -0.234531615266587 -0.16001379704322394 0.14935990362308488 0.6041179627583932 0.7434310140633337 0.5453597987481119 0.35587410505018136 0.13872967944274486 -0.8465900362779495 -0.49926473248462494 -0.14963900579314238 -0.08891203775903729 0.071696811068357 -0.1353976586220409 -0.19357941074469998 0.008164066339643542 0.07540314248961429 0.057488256190601834 -0.04622534846713206 -0.014590408905976746 
-1.075963337984326 -0.7612921601841425 0.06831742406900143 0.18176026111421267 -0.16624540221900858 -0.6378114260876817 -0.8487682835731472 -0.840531117100105 -0.7427650555154525 -0.4632906601715011 -0.144325252336217 0.12722967637747412 -0.3118730579419268 0.007871854525373609 0.0799751953524253 -0.18650730278345842 -0.058090799960491164 0.2576609499360178 0.41362665233533774 0.2368442662424309 0.032353774746906455 0.1288805946699745 0.17632859502281997 0.029545533872835445 
-1.164607556771477 -0.9701668103020831 -0.13207539537015278 0.1549548428426219 0.20875711495031557 0.19954036036466716 0.2556487190158366 0.11658321587389353 -0.1388799965575615 -0.02854662443143001 0.12956194873736138 0.08250021718741263 0.08633261396606325 0.2744492060978456 0.2143474166487276 0.04203738014845374 -0.05871902753496578 -0.17844966989987318 -0.20742640433067097 -0.10753744251592996 -0.014878036685166629 0.0343940418727815 0.0981431685516962 0.08943548525785912 
-0.8932560010860984 -0.7570955671969744 0.01657610300058865 0.30226919053106244 0.021483066506542747 -0.2750822507720565 -0.0695870468867803 0.22569941848384795 0.12965685619770317 -0.21403803685461237 -0.38846757304177004 -0.2818011048885284 -0.2830106181452021 -0.22053523963478527 -0.10480106476241917 -0.13285714722941486 -0.16117583158176832 -0.21392268195129674 -0.25410614250062197 -0.29017919343530174 -0.2772175155357574 -0.12842777334769842 0.03784836790491077 0.1326373648383154 
-0.5503482075198125 -0.7035099024696656 -0.6449581809869644 -0.5040405913683913 -0.15223876702446532 0.19397062499858297 0.38204849827191445 0.39361502251420666 0.35185416826225574 0.31755136147132307 0.1835157597478692 0.07493861430216878 -0.27719868002037434 -0.135961413438638 0.19452774440160334 0.32303816768037885 0.30511467172511736 0.24020883207356114 0.23964289051479382 0.157374471965369 -0.017283581697324534 -0.08639619477134279 -0.10418125419487038 -0.13058452246823954 
-0.534061158174552 -0.2330148951959954 0.6391620111646648 0.9098294199079638 0.4977800335136868 0.006741487449250627 -0.14964974569932007 -0.10850944011435637 -0.15647959131808897 -0.25105633307978237 -0.2848472615562032 -0.26690161669485013 -0.3936803951441221 -0.4182178128497407 -0.21285452499557764 -0.094350149207511 -0.09770276284148416 -0.137370302318264 -0.05248989905699843 0.08057946656265126 0.11426596063234913 0.052895287587787033 -0.016600917609226162 -0.03697645106198647 
-0.5126089381661272 -0.8243229059866586 -1.0269515826570008 -1.1179397748869653 -0.9447353837286085 -0.6619980049666698 -0.423248603122275 -0.18843577072311132 0.05603897229230817 0.24915110799518334 0.3902955555791891 0.4668040404952921 -0.15157819921250124 -0.19019294965523495 -0.15530848288121116 -0.08805777020753693 0.0373954980579679 0.1578157866289511 0.19293471572698762 0.13773586989230457 0.07688948435760114 0.044253447796083555 -0.005229279873413632 -0.03252688427337353 
0.2689155496694253 0.5579643731107442 0.8461363788223397 0.8922692299128825 0.7108396633830668 0.5650129711653619 0.49053120098130976 0.27498641541455315 -0.06523342771437045 -0.33852377287990365 -0.4420547181297515 -0.36680446479913065 -0.11748016989034626 -0.03332284839645979 0.1860039608872904 0.22453787137403727 0.1000408432836532 -0.007981836477655454 -0.009749568834268677 -0.0034060695147292755 -0.05833746316771088 -0.10155418851297719 -0.07340521890424842 -0.02538512928803442 
