0.0 0.0 0.0 0.0 0.0 0.0 0.0 0.0 0.0 0.0 0.0 0.0 0.0 0.0 0.0 0.0 0.0 0.0 0.0 0.0 0.0 0.0 0.0 0.0 
0.0 0.0 0.0 0.0 0.0 0.0 0.0 0.0 0.0 0.0 0.0 0.0 0.022573078828882782 0.024354326750508564 0.017261702218345294 0.02213822594086327 0.04120778427731886 0.04826360174042321 0.027970907379546217 -0.00847071417235796 -0.03644271799430423 -0.05632289049137166 -0.09344614147205872 -0.12359329088617328 
0.0 0.0 0.0 0.0 0.0 0.0 0.0 0.0 0.0 0.0 0.0 0.0 -0.06278389633284236 -0.0804206179856188 -0.067674178318063 -0.06294275379539067 -0.06284943806376621 -0.04576170007668697 -0.024573362891398536 -0.013872709630862646 -0.007736391196775115 0.005314728053208336 0.040901671400219275 0.07173193282253144 
-0.06771923648664835 -0.07306298025152569 -0.051785106655035884 -0.06641467782258981 -0.12362335283195658 -0.14479080522126964 -0.08391272213863865 0.025412142517073882 0.10932815398291268 0.16896867147411498 0.2803384244161762 0.37077987265851986 -0.07014313372486598 -0.0978233356289387 -0.09795776579125125 -0.08153450343067241 -0.06166863355311392 -0.050486946913037754 -0.017334197738652624 0.04182331650332344 0.08142706417883523 0.10221496972674808 0.12586412150419177 0.14276260548851824 
0.22221130724185123 0.27779334408261924 0.22891508828170692 0.22203560029746694 0.2503599906072769 0.20968050284069573 0.11567644974351493 0.028912057634050997 -0.031454903401130996 -0.1004285198966825 -0.2628742264087459 -0.4005857347968543 0.16698482029281006 0.21552926037863493 0.1579250820938752 0.07368687979060044 -0.021894437308180387 -0.07422624397171065 -0.05907248655028651 -0.007822966958893762 0.03548953817532694 0.06206304878006552 0.11652935834736011 0.16384962268988082 
0.09932374755367235 0.1545733348455065 0.17941575323290027 0.13358571014328374 0.05982590535570331 0.04662058931876539 -0.005835631655799589 -0.13992597832699583 -0.22855374083594018 -0.25643064923190295 -0.2461552513082023 -0.22799494906712753 0.1593329850534532 0.22092131863675468 0.22237073745974048 0.18695644216607085 0.08574681224873015 0.009024238912894314 -0.01677370186574145 -0.033359698596788306 -0.013424821734056383 0.021442483211223117 0.020672442830271105 0.004599894494676089 
-0.5844759528985906 -0.7604059386844209 -0.5893756762255937 -0.3210608333547381 -0.026041317169288786 0.12697303464511445 0.13817891440944 0.10613796129871614 0.0624723328834456 0.026510514012812403 -0.0863412371798911 -0.19216145720681876 0.19238460446722586 0.2386192163931996 0.2005065432865201 0.13688376581121 0.05677589960064785 -0.022540269038769045 -0.05738018034208422 -0.012538654717634184 0.029343467187668407 0.007896802636234454 -0.0705595627479948 -0.18431617660081476 
-0.14237456157678707 -0.21672729477826969 -0.3097519367806071 -0.3557357874946999 -0.2426631356898642 -0.13050978786216194 -0.04484284887437684 0.08687828647510622 0.10263900104279353 0.041171704885698185 0.13005460131093546 0.2527680503794738 -0.09237279343931304 -0.11281399672634773 -0.10546787324118478 -0.038737586705946715 0.12377932795249948 0.26978210653951523 0.301597960471819 0.19580461157427606 0.03883083637023857 -0.10611373330993516 -0.23120363057105828 -0.23538154202404385 
-0.23409335159459665 -0.2524139902850915 -0.1280206965710997 0.056045051682828695 0.23127681232811714 0.36586649854746656 0.3073205993790562 -0.046874110614097464 -0.2850816759035031 -0.27292010486418644 -0.2393004644743304 -0.08801870471771067 -0.4418305837436951 -0.6502551826074782 -0.5985116040617341 -0.32427116479015716 0.023761770719957748 0.2335916694354864 0.2135302477491026 0.06457148281384183 -0.06175422283465137 -0.08438088403819856 -0.03821481075429403 0.007554162817697089 
0.20125082721961451 0.239019350824885 0.2651418831292076 0.06124552774234049 -0.4401711432504981 -0.8821724622509565 -0.9952003555560647 -0.6508337770934172 -0.17126924555318157 0.21162586013640194 0.5239352540521922 0.42607830076044995 -0.4328272955424322 -0.7807878497469171 -0.5079745493840084 0.03499888249554175 -0.03867004034563707 -0.024751296435171894 0.05660459237294926 -0.25571739781525943 -0.3110317475404138 -0.07665969783101231 0.008613163581148225 0.08452375047417882 
0.569203103934294 0.9624862863364365 0.9187122260047009 0.4432620033972132 0.001427374451154928 -0.19797063646694746 -0.027233075497023945 0.28127954464145233 0.3846891246853873 0.19442608850205623 -0.16863713128763738 -0.3014790708503981 -0.09416533071072235 0.017622089450815004 0.29347401113888977 0.2408023209580019 -0.07648164761895453 -0.24703234616409941 -0.2937444120556154 -0.13003878050900386 0.03611117052919014 -0.04292614962388388 0.008217481460070711 0.08787530091914009 
0.7544590972860643 1.5181861161517172 0.690805250083518 -0.6543409108385174 -0.01172829571447187 0.22566266895056075 -0.04737978855518454 0.6899536522931097 0.7008488433695895 0.03747770169561382 0.06888344397414428 0.10592698202328105 -0.0836288125449867 0.2238876120383669 0.3363602730509605 1.4793865962670072E-4 0.07149209751443342 -0.16404306998696191 -0.5710797937995361 -0.2407944564878101 0.13588440555185033 0.08574814490174709 0.15695056137072083 0.25947918632460637 
-0.22820149449565452 -0.9448636413009526 -1.221274413464924 -0.308568691900748 0.2465003314169676 0.5530459714390061 0.7146435520454624 -0.3271514837803493 -0.8294742319524591 -0.05706757677214075 -0.036427003815518555 -0.1915689481065465 0.6174026526324384 1.0742101212393635 1.0909751432397494 0.35259806704535546 0.07017987909927113 0.07074871717856374 -0.002980072722795444 0.29127744464528277 0.2612928119647087 0.03294298296095699 -0.029971400657692836 -0.1543042366416714 
0.8508395640695489 0.5210314785284789 0.3260543837111387 0.436717059412441 -0.7771839142767047 -0.7655515562430475 0.34710071207130033 0.37576510658091394 0.02815921611019062 0.08012825806825918 -0.013021493796029696 -0.40731431958529485 -0.6180293652802447 0.15840536247638978 0.17355312963022748 -0.8158797659487323 0.21380936262540773 0.1901672433321918 -0.27141161514762685 0.37865985597403995 0.2419899057471457 0.02699062440450949 0.11305301648937442 0.03954171111781645 
-1.3311950873547636 -1.7615667585700354 -2.1718377705283576 -1.1600611828643324 0.17361554643445798 0.08539032459416546 -0.21553310764188005 -0.43545851643829814 -0.06284449757903943 0.07427186143286257 -0.03777046042947188 0.41805428987890403 -0.9032290457629433 -0.7755127509994876 -0.8294294235878693 -0.7431563019706573 -0.21110801336416865 -0.0893601732884594 0.1823814326640726 0.040572680824366124 -0.1526346807074063 -0.04145646596847182 0.0295998890445829 -0.052136083273836425 
3.160043989556353 1.4513215873570893 0.6454275397245524 2.2190446324894717 -0.6167139910994403 -0.11101123762359419 1.2319433867313672 -0.3918723993000358 -0.4084357410585574 -0.10916389062041632 -0.2696038771870023 -0.31750977032289357 -0.7064088301295879 -0.6281579836568755 -1.115731856134033 -0.5100392998083364 -0.22611588945198435 -0.29348896350865067 0.31569317293453275 0.18491683914387932 -0.07562578534213393 0.04340908832545084 -0.0191353366235321 -0.25589559297184267 
1.3268834300497732 0.9165295572832051 1.1073272792919768 1.0297364274727085 0.7995894099208414 0.4938563319946576 -0.2749220832767889 -0.06505077331297282 -0.15327271124586617 0.16194789547761246 0.003064520746219046 -0.08006297291623787 -0.4798355735552731 -0.8498397213248042 -1.4287297562686627 -0.35032892679724076 0.027849115003589137 -0.033119918989456765 0.2840139526127002 -0.1292573648286727 -0.46265338470168915 -0.004603606602012357 -0.09649561101612247 -0.03734959561317719 
1.6410267957560443 1.0664572715724852 2.0336674272030706 0.8719361536689298 -0.41182317766394344 -0.0893176694173416 -0.5702843189148434 -0.36418928241338666 0.3002506789700058 -0.09393702393046827 0.02396702548672114 0.609431090727804 1.831151646662418 0.6590051366303206 0.15637793921292373 0.7795666336489583 -0.20309707412559208 -0.07225773783900538 0.4538765974597663 -0.0583665638471715 -0.32106219529687424 -0.02834028125579685 -0.18176840504847255 -0.2415942593815362 
0.8678202302112101 0.9803845632966794 1.420231554538372 0.5644798369376609 -0.012377205294057836 0.17390329745940947 -0.16646111265687535 -0.06152798039560459 0.9707724465117464 0.08046924789392562 0.10493092128203378 0.06663264619308684 1.7635588861487668 1.2632480277720046 1.3601007337665045 0.9220419895835592 -0.1577613725842745 0.09342921459848279 -0.11206297870197157 -0.23108755236384274 0.07990918421212295 -0.026268312194385485 -0.03225579833503151 0.12138207666882524 
-2.1038793505116202 -0.5576213255406097 0.01984158446258366 0.11297302681012056 0.3985605388847856 0.26573849316104603 -0.18391689095788855 -0.21853410421720543 -0.007271734046740974 0.016596276938817656 0.22476813769050794 0.3339251982670526 1.6033182510176414 1.1078855879614984 1.109605292700848 0.4239659643096722 -0.515228659050211 0.008124090498789871 -0.18216829188004927 -0.3871219875542411 0.2491129567054374 0.0012781320840922576 0.10104144347038135 0.32855716686615133 
-2.0913401552626953 -2.0611752274762614 -1.9660620006372937 -1.3569079778485644 0.8676816693993002 0.03604060691001543 -0.13191686114935164 0.5553842946804648 -0.23923905737386164 0.18548618162612596 -5.686403505798104E-4 -0.3064562566923379 -0.26196332216027124 -0.3398322840369352 0.2230897776781089 0.48895079522536533 0.28831809211318954 0.04927702658383563 -0.3553987767229452 -0.3508027228293606 0.32589375746022314 0.23527916879304897 0.14303655948856203 9.849311933698979E-5 
-1.6893477645599275 -0.7364195969255398 0.3979983266883593 0.560732168133026 0.6938333621400105 -0.04475859563901419 -0.04105156902845741 0.48872054271130205 0.1579175607964977 -0.1502798870488452 -0.22640752410811613 -0.18969595842793768 -1.9765450203484878 -1.4247202991876542 -0.2789444125979836 0.3693431125835626 0.6703963009939448 -0.07516926829771127 -0.2043432182246546 0.061689685716114585 0.09901904844294251 0.17116444239841297 -0.04610135521483532 0.02360171271190707 
1.4464444037161774 2.08928055109995 0.5618838503911574 -1.1262521193998878 -1.024967893261239 0.1813207621079327 0.8283025565472446 0.6372528646282234 -0.08950347329054226 -0.5419301764913897 -0.09859092628434024 0.328147745182571 -1.315605612533384 -1.2304208033204966 -0.6452844591353957 -0.1968207210243383 0.362366848562042 0.037640401406040636 0.05694218726649941 0.35604665430266796 0.08812286386814254 0.05715699756973733 -0.03881380271125349 -0.05384660290359055 
2.056863431044406 1.6413116827342478 -0.4072981032576912 -1.1103842401649056 -0.6663035827667791 0.4186062204552212 -0.05099694513222286 -0.4445374463394285 -0.37919667141722824 -0.13318887119766332 0.41208334630189414 -0.0541819408061231 0.3961804209356119 0.22876944667111232 -0.08446595687796865 -0.1322855334089179 -0.6372902213529996 -0.5576582003781637 0.46357664959937667 0.6056075549684984 -0.08942862052339463 -0.2500975961239628 0.026638413381325266 0.08656300310799948 
-0.01762891546471046 0.44122154265533453 0.37243959174191854 0.06911238937341624 0.4606495961665691 -0.3085630053552242 -0.29777073489696715 -0.04612667370217394 -0.2350505328714263 0.005469680991323028 -0.20337266742182447 -0.21267345679247354 0.553263238069975 0.7668132695718333 0.011118694366634596 -0.813063147784128 -0.6645647017275697 -0.04468531385845439 0.30710718906983314 0.45430510581536687 0.20102938454350058 -0.2668560501325692 -0.156829313849547 0.12742039695388718 
-2.1458523677763193 -0.598698432716569 0.7461183266468847 0.3599065139731277 1.8628952814851054 1.8731578892270553 -0.8687448721044815 -0.9864123530289945 0.4989769521571236 0.32631297258168684 -0.2539318936833498 -0.17897436676441386 -0.42747428673147053 0.5901690667455514 0.480151496376217 -0.7781383094355373 0.5385756665638068 0.7858895753026228 -0.3228642887708792 -0.19637845361289455 0.028746779150056894 -0.07383981395694574 -0.1895939844294117 -0.08193666254133952 
1.8880125889166148 0.9088458001098587 -0.048180447661034354 0.5777919468834796 -0.29587322020447226 -0.4118991307026212 0.31585495282387455 -0.4547249994730941 -1.13167843870822 0.02888705201664276 0.7049046352569226 0.008282767300054839 -1.399561815647166 0.13573613961993095 0.6266849113833061 0.1252537198907647 0.8500297739197863 0.809237667708392 -0.14477822787878028 -0.543571728426037 -0.13730344969746802 0.13584858051694182 -0.04700676000759835 -0.15750014963525913 
2.386465539048155 -0.3630076462296685 -1.6374425726848658 0.9696909093866743 -1.9037691742726792 -1.8873944427789486 0.6107830773199939 0.34889707738471526 -0.017123055949002097 0.07662188516051402 0.5267266482507558 0.0811499347716313 -0.8544016352827368 -0.2677489967945279 0.585554222210872 0.487333974299764 0.7115936914481357 0.8362576698267646 -0.19702908983092912 -0.5227856265881485 -0.2216768400508169 0.16968867903673224 0.1855992025004605 -0.10958033365224878 
1.9148975780645507 -0.08383226944790856 -0.3158346927421242 -0.6115409680056512 -0.2061074977138977 -0.8559998424773982 -0.603200025972864 0.9169337963690822 0.4349098202740407 -0.27723051684891603 -0.4526816583660822 0.1297648413452812 0.5762168970604948 0.017071325093636364 0.04437179541808941 0.7299343367754093 -0.31447371924880324 -0.48122500900230053 0.17393516630313696 -0.058240979104737856 -0.6418966298647969 0.04285026622953716 0.4645201625216444 -0.004944707290920174 
0.40391004349792325 0.7008875924458984 -0.8767172174451865 -0.507428951481599 -0.31676865410458865 -0.4135647643658502 0.18186988678667518 -0.10388487118563713 0.38071334281844393 -0.029694280095730524 -0.23193635437322885 0.0890255971697193 0.8963925032199901 -0.26521510410623134 -0.4155217820595836 0.42697540935479994 -0.7460425026547458 -0.7893843556219632 0.2067763020771649 0.22924856388197043 -0.12823228221964236 -0.09953336275707987 0.2591216023513487 0.14267468219399798 
1.1506396455102461 0.32568420549116617 -0.5616585115351422 -0.8734511330086117 -0.14595232254210777 0.29486105709773125 0.008506049181123077 -0.05361108787370433 0.5950932515024479 -0.04650566404384643 -0.3093243509960183 0.019179057973771355 0.68845711772217 -0.04049630496351201 -0.30426147770651374 -0.09803725638755245 -0.08303864677990162 -0.3953877449961267 -0.10885518955261535 0.2755358026899564 0.029593385628619313 -0.16516885599295292 -0.02825405534130058 0.04990950847532624 
0.079416995665337 0.22787942861948807 -0.2679653171096058 -0.18028023617624506 0.30428074610566336 -0.09467182570062382 -0.3153988664884944 0.14642382786019725 0.28748207509572143 0.2598595470292188 -0.32231681248832217 -0.29158122012460774 0.022402093759872937 0.09223210024029112 -0.17102879675076946 -0.11293697850744926 -0.15667423162105518 -0.2069447760627486 0.1564824478051088 -0.1513448671325943 0.18308491642325242 0.08565983013762994 -0.21116142064512275 0.08012703110118154 
0.011772748814333767 0.27416072735583263 0.2925737902096266 -0.48100355649567084 -0.26751625747931884 0.17071692317836873 -0.028000080677433203 -0.03482796122370413 0.392745297249544 0.07349913756746806 -0.3227292632846338 0.170339724566466 -0.4745565504244791 0.08081657562621085 0.10015169494610203 -0.09630077174341267 -0.0416598107795045 -0.017188504803866134 -0.017484378108008153 -0.07768223334675263 0.4686639354817632 0.0601089385690137 -0.2937414226183929 0.06911455612666118 
0.9061372105662606 0.4499530307926918 -0.7907469780652625 -0.36484180421572165 0.21403600822718238 0.26934163078207685 -0.26932439169937317 0.34075816688714555 -0.0673674293248614 -0.3466761713142775 0.4082503637064471 -0.22693582943017263 -1.450423424112435 -0.363683475056576 0.3664288599923842 -0.5413995635109397 0.11385425035508627 0.23012054785768055 -0.03962562825693588 0.05788797834815953 0.14141784350191952 0.2646329618118339 -0.28429460599148443 -0.19137407246525417 
2.1609491893332216 -0.02780232247406822 -0.60072276589562 -0.4922680337586353 0.024149478735646213 0.16441984326797932 0.03792194611058691 0.08226844265307942 -0.6334738027325504 0.07643537942086065 0.20661632876177574 -0.22048730575342976 1.024877840708233 0.27760724089053657 -0.31192345264334786 -0.21438108805166686 -0.1368702780529345 0.032154570245208645 -0.0789446213632228 0.115756135450213 0.2893105087599079 0.006159281751337842 -0.16602514859007458 -0.1349702413828471 
3.3560990477431982 1.4699113787041664 -0.9206036190341351 1.4495506929880562 -0.18311487306707797 -0.7818849293184708 -0.22948299511169684 -0.0857883091226731 0.3763380945810101 -0.5355074593329789 0.2658942094629264 0.47795451243110265 2.3531971306453214 0.8915562821396952 -0.7281441671798506 -0.10249192768616178 -0.010112363810115174 -0.3049502047600408 -0.3858862828501959 0.05773209887906041 -0.21571439233167466 -0.26229685022977334 0.43981931667673435 0.043429645322961834 
-4.2878416918988345 -1.0686401692715144 1.2932724686241064 -0.7450565409425591 0.34167001732661484 0.5998664924930166 0.18891308511839705 -0.1688231295694338 -0.6970389909831154 0.14943693632280525 0.24652425960735022 0.22280527778436962 2.584889840890533 0.7262202093186879 -0.7316768560818007 -0.050391128904024286 -0.30974715257396407 0.13835920748316827 0.062458940078023155 -0.18606392122348267 -0.3513482519899433 -0.33220960320121373 0.06900746422854777 0.11483968125363504 
-2.9290587407536766 -1.7042968922276707 0.44668790621442617 0.06902823243472553 0.08561283036204359 0.9664689204496809 0.8128388873473094 0.29310765636122094 0.6115583417954451 0.40371360092407016 -0.9311615517465432 -0.5788710571679578 0.7731107480287024 0.5706479978194681 -0.18128176211262215 0.44860616821003374 0.2930327470416015 0.1200884029594735 -0.06621137728928257 0.10283679896972618 0.4091329708930221 -0.05721161755303864 0.07452827473707102 0.07139314615611364 
-2.45114143908994 -0.6193588149642135 0.9106620397255013 0.34916658323010286 0.8190270847429777 -1.1248347040656013 -0.6706158153529856 0.45101222358158044 0.30296082963006205 0.6034536588959775 0.5981218166808673 -0.036593564714804655 -1.041570796167911 0.4373590750234344 0.9396559386148725 -0.511547801970371 0.10298864250918897 0.2525586663073964 0.12670674121965306 0.2375643329817482 -0.033789465911448525 0.15731679790429867 0.05519230056614099 -0.08110819092676982 
0.11841667725264404 -0.4666732919078882 -0.1854531182469662 -0.4433793737283761 -1.3008916479000638 -0.27979953991758233 0.3989155869918422 -0.7042163826073587 -1.351060728404645 -0.5908809679604491 -0.13348939328504517 0.3934744952123489 1.2698692685477517 0.7751164510749401 -0.16476799670015868 -0.43640759998146067 0.038963676260369194 0.28771701341373385 0.16971558034815667 0.05675104260667583 0.3186832663927717 0.27508902397014134 -0.11731476691365028 -0.16293112280719665 
-2.686867012398262 -2.999529194501709 -1.2096248349898147 1.0457906680501046 0.7259563289301016 0.4653247237544592 0.01575451163717151 -0.3828541090303885 0.38563894185127523 0.17478382705216883 -0.3178887213218218 -0.020042925625474273 -1.583718898206102 -0.9848681191242697 -0.06888407294009158 0.1538420841463579 0.012692407336068726 -0.5308865945091465 -0.17244781091722347 -0.011501165231182423 -0.07474293016231975 0.1980359281721261 0.1634749876875802 0.02676126157404793 
-6.620803759742771 -2.8395610556837436 2.0011353336725604 1.0299389899691065 0.01525717948737404 -0.6917618337015508 -0.039493017192239244 0.5397876948471779 -0.3858305134934766 -0.20721855506444958 -0.12121198200424788 -0.0983530082910331 -3.1978465641995584 -2.599452625233735 0.16686162475232522 0.6095524852230637 -0.38421722702776995 -0.4464336066088579 0.3438876035408693 -0.009993210509584904 -0.5451910947045533 -0.0892257307641993 -0.21085258356034955 0.1125487734739105 
5.669625474026073 3.5216894242965235 0.02402003258601282 -0.8490188510577121 0.12287544904105263 0.6738062263538226 0.06593191949072541 -0.13648631945214063 0.04457451266143714 -0.1824853320684006 0.10155814797772805 0.12903640231474256 -3.170126707078421 -2.118921322513255 -0.14718474977006632 0.6669542463159889 0.2572858368332304 0.05324389747723394 0.04934015171198392 -6.640778363803945E-4 0.06192578286460801 -0.09415574673083273 -0.19616674071644655 -0.08020115502900414 
5.533710126639152 4.0710752743942 -1.3028604262918555 -1.3246320698436587 0.1533004731277705 0.9552605286093097 -0.6578359275575425 -0.797420645867728 0.45504477030393387 -0.14456919610756652 0.2893449227462286 -0.018711489179491003 -1.6548324070884484 -0.5185664363584713 0.8435523387264364 0.6096912295255947 0.3312602679143004 -0.2405549822823713 0.03179670765915371 0.3145856628344564 -0.09069996176286584 -0.28350433248093926 -0.3254657490381709 0.014638807452797867 
0.7462561656460398 -0.09808339200091609 0.8839272943025922 0.22221345900852052 -0.11492282838978785 -0.5179181498326728 0.17690551168387136 0.2877422948362056 -0.22057604864125402 0.4259263877662255 0.06533304845227961 0.18073977990576712 3.015576567849708 1.7303999164146842 0.01292026656291941 0.004719150349373535 0.2674173454906763 0.2724101974118598 -0.02972321659888737 -0.01762246902445323 0.16299466399847945 -0.18034227855618865 0.007067341677139831 0.18630448493293741 
0.8053781157125908 0.5260246615403901 -0.9594753133650384 -1.3347508536407942 -0.859624485540107 0.6257653012388109 -0.19036993626627335 -0.6160836008003643 0.018844652446466548 0.3390885824610551 0.8732978148729891 -0.168121119444939 2.5184331704899963 1.4552930489177385 -0.42623015225558225 -0.2556645193213176 0.148866630745334 0.38470853181844894 -0.30488676120285857 -0.3115814027512869 0.18401923134637055 0.011128548807744018 0.20438715486528578 0.03395858490459485 
-1.01293822405977 0.10301498147937593 -0.18643332356615394 -0.858116910207265 -0.17291410809703756 0.02132324780349254 -0.07863142635824705 -0.1742874349124628 -0.22630942040526758 0.11671261431585456 -0.21162032311707168 -0.3551722373513457 0.9485905251973256 -0.0829619586120766 0.02473010780145864 -0.03060329345040147 -0.015160532777872179 0.04121065089162027 -0.03596894001330778 -0.04158584946221022 -0.07555648872122998 0.17722133334002818 0.18833212662352805 0.0322284655085869 
-1.1419921899779322 -0.3953530590991612 0.5110103394092643 -0.017473327271813055 -0.2643037792546066 -0.4684857656641198 0.38459282507209247 0.36833842726046684 -0.094146237853171 -0.023347955805613108 -0.18533985606495307 0.14736876473528085 -0.06339647209458092 0.6647219116223692 -0.20206664096294266 -0.6685961108365764 -0.38931539109829855 0.23331162212492673 -0.07020433650638157 -0.23503249856887828 0.04115484816759648 0.014346442958637092 0.1320015715596933 -0.12627283909403522 
-1.1258302571006755 0.6114913441550893 0.07449414451106486 -0.3446154238247656 -0.3671015831989215 -0.09442456905606827 -0.0026690489453882194 -0.07971117080757928 0.06258886267225472 0.07548065687947514 0.029655504050666526 -0.0736905587101035 -0.4499370232712492 -0.2158886995460835 0.17606133702525892 -0.05052098431324955 -0.07633969249511215 -0.18939636599775075 0.008276975181111229 -0.022212883192795834 -0.12484491051455548 0.08744971207228569 -0.05904583962960267 -0.17001019276447935 
1.0520135485167863 -1.722379254664574 -0.48373912451481993 0.4142867356776856 0.4054154253057307 -0.016295656706188932 -0.017738115453558093 0.041725762853828785 -0.24906903359508403 0.31666523230333354 0.35665518661004003 0.06995655851654556 -1.2350283916201528 -0.269490429432814 0.33975361106943763 0.06025984095665778 -0.005937455006726748 -0.1864120361046494 0.07386931482253362 0.033610276745092905 0.01589930812751794 0.05903474175937082 -0.013816142354958852 -0.025590483748559545 
-0.7601300234933817 1.4141941779003329 -0.2172426026798886 -0.9224339887422657 -0.27875463289186975 0.3634172913177794 0.09770311836124454 0.055657546869243735 0.2256867090093554 -0.31564311595547584 -0.3054803255657602 0.19356444405146 -1.221389719504911 -0.8104998724008278 -0.6746624301248003 -0.25542393271736435 0.06057359145281375 0.21531854856095692 0.060798596045514464 0.09039986822993569 0.07031712584914367 0.33866662426230043 0.19500101719333765 0.1447773961300453 
2.380242868078879 0.011766812326658993 -0.36238212020357174 0.09065643231696363 -0.2906648893879522 -0.13817058753709546 0.11279879695117523 0.1998232381867766 -0.22339308540427516 -0.004890294666250072 0.02367648580813686 0.09051271460017773 0.4521952725841631 -0.6383718979049666 -0.5774914381739077 -0.1640418694418022 -0.1250581522910421 -0.17966853158421947 -0.1636024161546658 0.06364951987774914 0.07881641015813473 0.15988114098484815 0.1444673666350062 0.16381188870722938 
1.8742242416330113 2.1759179278619563 2.037802932729842 0.5834715260076884 -0.2007822002105213 -0.6794427493234858 -0.25033329328429826 -0.4299595131638603 -0.1612004889705807 -0.7797414524226343 -0.38885819712839487 -0.5183008251420556 1.3293431936625713 1.1888188838392588 -0.08744916492692585 -0.46252212062411363 -0.32608736185780757 -0.03409661078906997 -0.06813930928547686 -0.07253273599670797 0.029299120055534495 -0.19123055233971367 -0.21387271265610563 -0.10512257402072145 
-1.6217494017988994 -0.1881254359304858 0.12121242230203766 0.1534595866281152 0.7416036658381828 1.044139958367102 0.6470873388332108 0.09358573323713337 -0.2920746650795202 0.0690709775823683 -0.03505797751366124 -0.06554647300838473 3.0699213089368613 1.5461357096453978 0.09212221675562408 -0.15114883710538426 -0.30592208555344613 -0.11611147265735951 0.012212972168689135 -0.24291608680202514 -0.30307196135790304 -0.3571023839067604 -0.3105463354572383 -0.27880478298330696 
-2.747163469542207 -2.052316349488871 -0.19669237915191573 0.4337307959744994 0.1833731750684855 -0.12544814926710945 0.034976775276657324 0.32637450733418927 0.1721301386803744 0.22106790493935596 0.36550504406345574 0.5869617599179057 1.9067175497570448 1.8445852203934268 0.727489902546941 -0.1884241927937441 -0.07704197920204155 0.16691480141180826 -0.0924763644894882 -0.38991000342949095 -0.033205671079697185 -0.31613231775727363 0.06653784782498873 -0.09586181161204695 
-4.518827203144097 -2.5125231779341206 0.47849888547043484 0.6189733086497109 0.4350236796328828 -0.06683346959320507 -0.06649515383536997 0.5504044883438273 0.5191574848439564 0.566012178373036 0.5781338715839265 0.374295771020118 -1.7800015944466976 -1.078395306649924 -0.18064957924350025 -0.02190066304391558 0.4154393260851468 0.2257590297745342 0.2672607787535792 0.4263635906361711 -9.807077445818842E-5 0.254997791513456 0.06354731216218386 0.09349261624866223 
-2.397389506965524 -2.195638862316507 -0.3233100064951797 0.9159872433781229 0.18363373049825338 -0.6247004395787569 0.38388704651845673 0.5113611195712657 -0.46719955069322744 -0.07981509954614716 -0.895067665152155 -0.45063651232016605 -3.496470361429944 -2.035136779665296 0.021005346102146365 0.46742352711066193 0.11293602636821198 -0.24039681598868443 0.14755187097805347 0.5244267708582825 0.23735530042399422 0.18536611144718615 0.16198377955964102 0.34445234361974575 
3.5433684002528523 3.118721740433104 0.7264699737041704 -0.021966647941949802 -0.5048445901321414 0.6164890141993232 -0.32915013304842633 -1.2779983447899181 0.027884391930655283 -0.5454808947152481 0.4045864406075925 0.17277481436466444 -3.0588275181923694 -2.0451478461485983 0.6588068600411521 0.622071302221607 0.006975241832240409 -0.22833024106978161 0.33335987195238753 0.529438049355568 -0.21487947428519227 0.19087464640406493 0.08990187881584831 0.10577386980365383 
3.7111498130491505 1.237471530323404 -0.3836939615752226 -0.6480698070616562 0.31449923084636167 0.2540810568026796 -0.27635134805097494 -0.33270438867378527 -0.2942992161349577 0.2207161071419395 -0.03367257912730037 -0.3456347926136048 -1.1527565089823968 -0.2091660786499198 0.00334424244090481 0.668746084178586 0.057557587953324475 -0.10049585298618846 0.3233301602449759 -0.06394429730249344 -0.30333601255165604 -0.31856148493209696 -0.1052517779202123 -0.04872380333016726 
1.6033856914256734 1.906365164191719 -1.467729717113 -0.4652120727952207 0.34866520396210743 0.17876650542542155 -0.7364555724078166 -0.6158769056003512 1.0773457404203983 -0.15687736418320214 -0.12226930787604573 0.004473301755875892 1.4990322654315642 0.9699139710884076 0.391981378287366 0.056351111931039886 -0.09844850840218251 0.454341002061817 -0.062473691557541934 -0.611738974557942 -0.21511871710536953 -0.2041891929810309 0.2734383364601739 -0.006515729516826728 
2.0308713743952556 -0.9619623382460549 0.763757111590691 -0.868628296731 -0.4157939304088445 -0.10435162623324068 -0.3824507145367759 0.3721332918839626 -0.08192218728313083 0.6815675899841208 -0.3158844571496989 -0.22031434602527003 0.5662719674902824 0.7970540697145365 0.01384465112051081 -0.8362303614558141 0.06249674898625668 0.4044219172199149 -0.24909413979083464 -0.3953298690924276 -0.17784976989616127 0.39384317033390515 -0.0050816796053949065 -0.16521765228476235 
-0.11358917671489266 1.3086967614526106 -1.0231996977408844 -0.08074073890039757 0.1556475157020092 -0.5673176504681674 -0.08867937513290003 0.20479973860503398 0.5670520288208505 -0.16333905719324604 -0.2746226297617299 0.12966177962097722 -0.4801713168503161 0.725615967534709 -0.09775421990732476 -1.5115139329878795 0.04680731164871208 0.5500020255348075 -0.500216224969506 -0.2623263762554302 0.49958380038931344 0.32219452902311646 -0.10485469306498924 -0.1032618963849719 
2.8708213446485864 -0.8548564774506513 -0.6474929246228129 1.6683856103583745 0.22351782801764075 -0.5861426169102706 0.14704297268407074 0.4429468965008051 0.4943969493533 -0.9575825573547538 0.057749120631726436 0.08742392530813159 1.7513005627029488 0.05138081434833808 -0.4533735157173955 -0.6250005492737998 -0.033198851029344646 0.13403293316866102 -0.1376860801379597 0.09347096887714683 0.3451376233344656 0.16733860208475648 -0.2946875764328358 -0.20534650439418592 
2.6239246568499563 -0.3240356688101098 -0.4688420392842736 2.8008227726237305 -0.11141261019727144 -1.230344075840486 0.49944625889027816 0.13569542085751807 -0.7095652290657575 -0.30388587758311425 0.005477982428209294 0.16038985524409077 2.7980802871332267 1.0292349500047087 -0.9195649639008803 0.5027071868793797 0.028586972538328998 -0.533922079156184 -0.056256890001447235 0.07694220479797316 0.3781240816012406 -0.3473491233967869 -0.1024204239753647 0.14423194528300165 
-4.591787230496015 -0.29973856615970895 1.846698829514572 -0.43440840467166475 -0.18266731437117023 -0.17493721305306442 -0.26345529113448596 0.12627254412628008 -0.47902642834322373 0.24982519392478553 0.42812796605383874 0.38036112934573096 3.9529471406544547 -0.05805510389235957 -0.6147141647271742 1.6327683406066305 -0.0905264503908892 -0.9024983223182971 0.45838271213771303 0.13441828751254012 0.10015291294864458 -0.5846170361553419 -0.008585806363887219 0.03710560798728155 
-4.776525750542273 -2.0565670442069868 0.48839931689306404 -0.537465292023517 0.2729791692814277 0.8288458850717813 0.28534042678072 0.132310300398377 -0.08060852713460956 0.275004437357345 -0.15255078054669197 -0.4495026582468274 -0.3691245450990131 0.2936735468317919 0.39091876642345297 0.68210614734312 -0.1419195179201913 -0.4878519973727533 -0.4272642985332527 0.05040986113213769 -0.3282869800101056 -0.2063806533564023 0.03645147726879794 0.28750162664146695 
-5.287794873618663 0.1855745219248659 0.718028891470041 -1.5607753791378935 0.30290128945095884 1.091757369588487 -1.1210522476742892 0.04138459419275531 -0.12054014045820768 0.5068233936410422 0.16252092121083872 0.28105335809174603 -1.9924573530199556 1.1639186216621213 1.1584609830500563 -0.6334333896574784 0.2026897007891905 0.5307649986674378 -0.3126201160396877 0.14680689180822595 -0.3484122710350553 0.3804641039527654 0.12216055786415636 0.01386151728979749 
4.079302113708319 -1.447712853347773 -1.077263369532367 1.317687817827485 0.07156164165223797 -0.4001353750430017 2.210037632759938 0.026909812427867386 0.09605256702205131 0.18675698262796425 0.028927073043315488 -0.6524611390533176 -1.344987529787268 0.27885307902277817 0.250474864817026 -0.44811664731324957 -0.09784615268380815 0.40647432534988326 0.11015733635067178 -0.018144169943549577 0.10068377447116528 0.31196416277698696 -0.042642717690992614 -0.23698648448061146 
-3.0423291035614444 -4.09592152657568 -0.8458527764228813 0.5383152093752697 -0.6900276529241469 -1.1527415789979862 -0.28794354600503197 -0.26144788731314295 0.47787983768361164 -0.8474433905688203 -0.02909263433363407 0.44025581787958357 -1.6442132810832124 -1.25076540170611 -0.17230189738260568 -0.3908601487585621 -0.2512850956931445 0.39314890767858374 0.46902817618653697 -0.03513950539279228 -0.10258385487882886 0.221449110408898 0.3804382674080767 0.010338655629386887 
-1.8642960462090787 -0.7523782570250486 0.5189155563884471 -0.24266064434035006 1.062982098520405 0.7316723833153682 -0.461685933105924 0.33815905098197485 -0.681869839619015 0.01624534113131526 0.07118415029852226 0.18185556530108823 -0.5821280829110629 -2.398839760068927 -0.5058197982118746 0.6077717620034201 -0.13290500017838716 -0.4300529837065725 0.758389334862806 0.08455141883219434 0.004392362956759942 -0.13895335878970805 0.11573124051829271 -0.10443242841658218 
2.6166440495896737 3.590203428881834 0.43684512065745107 0.3919792982217103 0.5610463480963088 -0.6535932326264493 -1.1922749933009693 -0.008821508905921593 0.576172627498812 -0.07226811683732726 -0.9999224196409946 -0.16712096097361756 -2.4880069510568803 -2.427521645875069 -0.04827971263635219 0.5105887555822913 0.2150537471604006 -0.6613020479718276 -0.586607997419559 0.10065264378780518 0.1499160939273891 -0.24818717649613906 -0.0748041371732046 0.1642083824554034 
2.996199785865949 1.905743949130251 -0.20115292343690938 -0.4324595126059958 -0.15526035832282836 0.6404494028909473 0.3870353518194886 -0.3530576332723263 0.03372908324417126 0.21602942213134185 0.1671482441421176 -0.03547546437697048 -0.8885427061477452 -0.2797296813963935 0.12947124060208662 0.3248636361595729 0.9619867480733921 0.06632708433259697 -0.6405170496636992 0.06198169295777889 -0.14261055756718358 -0.07694971703951449 -0.20621184596300068 0.15379517590061423 
1.991443833571683 1.857582307971878 -0.34097939860114646 -0.8985516232387815 -0.7260676659837321 0.876776055129707 1.047519803790939 -0.21779747654940795 -0.32966790553014885 -0.20277390158041647 0.14733773026418207 0.056296185352402744 1.2216737105745967 1.4560301991259195 -0.03078624366485209 -0.1717081290484588 0.22493695804585703 -0.1893852007250214 -0.34902130696237904 -0.021333819214042093 0.21684742646093536 -0.05858214184271085 -0.4133865356471081 -0.061738744350489504 
1.113932180243152 0.9531213476191098 0.519414094211486 -0.5719860920888229 -1.1794211386597506 -0.23249351356050085 0.3399678173392193 0.25670195593038136 0.1988820995970162 0.3123473846214033 0.1161896132349359 -0.39123853556376464 1.0209915744889282 0.9827532378576702 -0.037756370284673824 -0.4441440079574408 -0.41816890711744276 0.12594387726713427 0.37901635439749864 0.001947720203739382 -0.013383663345479616 -0.05154630960575074 0.10803504060920942 -0.0687625237937191 
-0.10724327932271827 -0.30157586774035394 0.16892034282780966 0.9768669751085003 0.39831586412719877 0.351033827774339 -0.12167730517369768 -0.24969984586514915 -0.1569461600604165 0.05531932744577456 0.26571650275392056 0.19597680767124803 0.7008799811647431 0.5307127035245589 -0.21200124853016322 -0.284249535547496 -0.5755141351934189 0.103468585091316 0.259512223117843 -0.20084619021451092 0.04852821670687731 -0.0012859464326715013 0.02754371455354536 -0.04255373966856982 
0.9825686188463649 0.037063323413356386 -0.34283368329736597 -0.03773678790731427 0.5370545979740342 0.5254888847672285 -0.16541515689068897 -0.34294960922567386 -0.012480799454256064 0.2416217364354986 -0.2161462639303799 0.10097179584476415 0.7601727036460796 0.2426853153254731 -0.017165267796788546 0.04139843322790138 -0.37935003954049296 -0.056544555981593435 0.21900231602893697 0.1998257134507224 0.2455946747416539 0.14847420663003574 0.008682203104036362 -0.046858385367422796 
-0.04551432922415266 0.7234732095010781 0.7261482357437692 -0.3129276686870478 0.14223687127963225 0.18737910069189434 0.5216746215523642 0.6845668766721524 -0.36957110612514465 -0.1635532381894496 0.23087452518620388 -0.062147761346152214 1.7056208977617136 0.7320313649821036 -0.03412355614854978 0.2862964337901788 0.010588448794179453 0.07198709324637158 -0.16841323085123575 -0.29947032708070803 -0.11061176779478364 -0.02100013661921867 0.057673526159681326 0.22203873448258507 
-1.1974504057443696 -0.2874591369780255 0.29229595114387186 -0.05128406987475298 0.08666847638551156 0.018967517925501776 -0.6387150941106225 -0.8099085456904366 -0.4315894515955814 -0.02363895245109185 0.10756399270668515 -0.12160109495279613 0.7365317267119025 0.31901665239901195 -6.180450225662751E-4 0.05282203228100426 0.21705922346801232 0.2905208106514408 0.1646846787409297 0.11444040211197122 0.06292566969688519 0.23826622953107432 0.042998781225615866 0.011930206556512274 
-4.134096460312492 -2.335408732490974 -0.04627380594715991 0.12475131472168327 0.5917435785389218 0.38833323145608767 0.6202123559899764 0.8821906036093563 0.38444346939459706 0.2509500817467258 -0.06915920404365594 -0.3588529503777271 0.4226517310455115 0.6437139578799526 0.2610348994661917 -0.31850589327074913 -0.14290583809496984 0.12420098245475743 0.27682332414672467 0.142674306265715 -0.3743733648178836 -0.2742412584705849 -0.07662449535592386 -0.192203315934063 
0.8172645042548272 0.6094543372123464 0.04523147261579741 -0.41504237645469255 -0.3388764260596475 -0.4465506125691906 -0.7087380603322841 -0.7850826790301895 -0.5782650963047825 -0.680428612125812 -0.19512574299229757 0.21353377069101476 -0.8349684514981314 -0.21920851634635818 0.2911808636446735 0.08194849748185125 0.2278177637860956 0.12638486951308828 -0.19770312375429558 -0.23487774450472498 -0.21113692888031887 -0.04292313376505561 0.014620812155208515 -0.2840795646182073 
-2.3208269773602854 -1.6561254012339655 0.06657577660923142 0.8244691644151694 0.7837268367871214 0.04753521857496823 -0.27378386777697905 0.2441310245448839 0.8268868106831067 0.9875653670596652 0.6120928791034668 0.34689475363413136 -0.8101045031287654 -0.20647886204818292 0.1570773261979225 -0.19475466580711043 0.01731698325874968 0.0961253077822564 0.04982885656661412 0.00815306073580783 -0.04580730244671194 0.06369522711020069 0.05212113268520646 -0.17505365195802272 
0.4008202072739214 0.03052474643254488 -0.6376714310683442 -0.6469884871670498 -0.6927764440968751 -0.1897880841732033 0.40139238903574187 0.21375447735597453 -0.019400335598879492 -0.26317719381239474 -0.27692448533250175 0.37776374689589653 -0.1186928556666768 -0.0285532460791685 0.11047614708379978 0.1677304006431434 0.39758820449278964 0.08487537284548352 -0.3481369159576213 -0.3396411448967229 -0.15288518769452938 -0.08091092322220317 0.06673189082469776 0.19397559616237722 
-1.4955608024357425 -1.4265073509565243 -0.17605433269885662 0.8249883674991932 0.7167426377812866 -0.028423956088675206 -0.084339438393879 0.3583128432088508 0.2424329963817814 -0.14876130874058488 -0.18462323092917324 0.08419301739390017 -0.45853050797901296 -0.39432896456732475 -0.09027643192211378 0.30545048112726647 0.4754282792174009 0.354399447815315 0.15488238073238225 0.10838321512903222 0.24991965799152835 0.3094605318359899 0.2656701656806861 0.31725620202315136 
0.7607099837925861 0.5803050503111313 -0.16488191398155794 -0.9184931799261347 -1.498148940035099 -0.6631971437738194 0.24095047284902976 0.17674984632799576 0.1726173739294683 0.13046749544092262 0.0030366395499291654 -0.2370421496760013 0.09507632345911769 0.2010427512571149 0.17481474287248341 -0.06016964962988758 -0.24738003682500276 -0.0021492597686646095 0.16500059336064235 0.05117357284371358 0.09241027316842983 0.09103334394838393 0.03790084277311084 0.15927652924570715 
-1.125180341682579 -0.7480286594712844 0.10101031383217962 0.04387006741291241 -0.23987175289596913 -0.7789585950706688 -0.6582100518807698 -0.06251630532822339 -0.018881018055652232 -0.1376385730749631 -0.324898180379807 -0.2974709041493739 -0.11044518485360848 -0.2527400766686962 -0.23437562293509048 -0.06321238283075481 -0.17586720649159113 -0.18466885729728075 -0.012191330091659089 0.026339022274394813 -0.033832594460450206 -0.15224662851367787 -0.17016536024743348 -0.07322459768509985 
-0.06959899348001342 -0.9118428530814198 -1.3006479829513127 -0.07592038823424667 0.527670861716761 0.1919270146237873 0.1933259156972602 0.2706483330933709 -0.16597414788545217 -0.5418385934903573 -0.3204895389265174 0.09076611993041211 0.09852262918999848 -0.05541244339962296 -0.1740133578401802 -0.24909774021382106 -0.6292271206612321 -0.6349274917556257 -0.27046158569109724 -0.05368000917870013 0.05548294394019012 -0.0026459428991929546 -0.07962220548223319 -0.046851148885099135 
-0.7490707592386174 0.07778683074583981 1.0949555705912921 0.5933391201455136 0.23143435638012982 0.09802053660436366 -0.02395316954301696 0.2323465330029788 0.5132265406705923 0.6441316212660887 0.48763593905135044 0.13996267564599302 -0.4336865504369727 -0.4787717264824856 -0.10107713769403855 0.3141713948296561 0.26990073648510443 -0.13401566245698415 -0.13774296850381648 0.1326135822143409 0.07848427907914712 -0.14938906561467594 -0.2518147934040706 -0.09441486912400683 
0.27708730500060996 0.3336346354014381 -0.13981446884057358 -0.44593448565097205 0.15387936731054797 0.8030957656555413 0.7352067887534449 0.19035845469849505 -0.2598852372542243 -0.2524797730320244 -0.16436380371894999 -0.31520549291838734 -0.07644102302206364 -0.33869734535574586 -0.4295449481153435 0.018345926666530458 0.3024037932971794 0.2236347224312857 0.2215565895379629 0.25628150658235077 0.05909757381783135 -0.1610908172017724 -0.14128478300564307 -0.02068028533653296 
0.0025361603880273975 0.06554777573474357 -0.17617503014107427 -0.7136370683676933 -0.8626782151481758 -0.6824959832155933 -0.5159215828974126 -0.42021211277380816 -0.20737831060870757 0.1658492135398983 0.35248333222862105 0.18875950964704635 0.04481098432723196 0.27705142339500805 0.28998348905084903 -0.00417511371322606 0.06171814769277215 0.27517046245850746 0.3040935245743723 0.26377881605448794 0.22364689368105828 0.2377173654020821 0.17956476770619792 -0.004386348013822705 
-0.2160793842271449 0.11036871049136598 0.6235521617609009 0.5225299260227654 0.16751576758937559 -0.08871889276009126 -0.22535964623943072 -0.17191686376528792 0.017035556300703705 0.1805750619780551 0.1709411135017765 0.12840855893948433 0.41841189328309464 0.4673471971303284 0.07715558796243172 -0.22558196599659885 -0.09438122634615802 0.12272571101267589 0.09667622539638182 -0.0894314589296016 -0.19804993184221184 -0.0945625360181918 0.019668609954707216 -0.0179961596073423 
-0.6369203676064359 -0.6417344769841482 -0.15667821186199227 0.12163225544832312 0.03946171316239955 -0.28158352156334254 -0.4559505257696961 -0.3778522559285935 -0.29617453715004666 -0.2855478924451973 -0.2187108226776066 -0.0686853062414747 0.07619038774563232 0.1426303174859499 0.08260786906292182 -0.10651490585524574 -0.23183672944955602 -0.3153197597067028 -0.3732255143020224 -0.31657161793984256 -0.11898626601322926 0.1164916955989471 0.1938525640832758 0.0877912048663599 
-0.6584201108514423 -0.7147658296301012 -0.38102964186740973 -0.18682324956918367 -0.014046917806265657 0.23446240179138822 0.4151925840004412 0.43747290306469255 0.3786626715430808 0.25690638801509874 0.0622274438700422 -0.1324946061520999 -0.010211751096963706 0.10229703452269072 0.21003512481211065 0.058815524109790164 -0.15800608418427295 -0.21952677329771467 -0.15694682945046165 -0.05188068089008927 0.05578884304054604 0.1315547461155382 0.13282293985409777 0.09650440524172464 
