0.0 0.0 0.0 0.0 0.0 0.0 0.0 0.0 0.0 0.0 0.0 0.0 0.0 0.0 0.0 0.0 0.0 0.0 0.0 0.0 0.0 0.0 0.0 0.0 
0.0 0.0 0.0 0.0 0.0 0.0 0.0 0.0 0.0 0.0 0.0 0.0 -0.00305200104335294 0.04262114918347996 0.11011799148393271 0.11423698811160837 0.07351028960416887 0.035885757663531526 0.027555845193078188 0.0399235906898656 0.04876653381994037 0.052828464380259565 0.05133823974302165 0.029854023255146068 
0.0 0.0 0.0 0.0 0.0 0.0 0.0 0.0 0.0 0.0 0.0 0.0 -0.09128608411473375 -0.1604631107198795 -0.1972083697967705 -0.165147261786135 -0.09520913175242667 -0.03669512407745693 -0.008097987710775948 0.012017873262453155 0.036362927311562675 0.03910260641900856 0.004399042471464637 -0.029104493978156218 
0.00915600313005882 -0.12786344755043988 -0.33035397445179815 -0.3427109643348251 -0.2205308688125066 -0.10765727299059458 -0.08266753557923456 -0.1197707720695968 -0.14629960145982113 -0.1584853931407787 -0.15401471922906496 -0.08956206976543821 -0.011642770503187627 -0.03850671935887462 -0.05768678193747271 -0.06007403997060553 -0.06263477040043931 -0.06763460054853083 -0.07810920531207859 -0.11770998634067809 -0.15518778927173146 -0.1497206733620812 -0.09298106287257363 -0.00279064374504763 
0.26928025077917184 0.5453210559348585 0.7568020966162106 0.6667972675258176 0.3958928296635333 0.1639140087276681 0.06562773092194513 0.023831766247438935 -0.035938981204777454 -0.03806512268663634 0.06381023220013857 0.13209451681718776 0.17107409743433477 0.18307841021457885 0.06330186991048008 -0.013912253723492224 -0.03733400256162927 -0.05058313532196437 -0.06910627048954988 -0.06706752903389795 -0.05212765511876843 -0.05334716109771264 -0.04787075350661491 -0.03154776237917794 
-0.09971181388002304 -0.15714036989080538 -0.20534070249568714 -0.1531765138510922 -0.010042103630448718 0.12094679728175844 0.2015137504752632 0.3412140758983148 0.4835328584175831 0.4681945814295618 0.24703807251765159 -0.05767532717345099 0.12154404212016745 0.12815963564292457 0.04585239669963781 0.00608561722922335 0.04242243177368358 0.09613850995147415 0.0843692126927336 -0.0017394351042824923 -0.09033940883296622 -0.11060030167243436 -0.06956163252039115 -0.02511788831627619 
-0.4587883837979634 -0.5345967694735538 -0.2524122457094957 -0.05303046407138978 0.0067576250938588545 0.03744737082971661 0.06522816844140078 -0.029289836882261944 -0.15853326458239683 -0.15329850399203232 -0.05691413535351353 0.07869991584154021 0.18387216401978002 0.2989585976128359 0.368606727961824 0.3412742583629966 0.24112612872049088 0.13790542833030509 0.07295379303472972 0.07035784694060507 0.07622343945081345 0.05951828575276973 0.035557959787470256 0.009023476611563358 
0.00855819405812408 0.027616558224992538 0.03669600661214156 -0.0010539502238914866 -0.15323056184872016 -0.33283948389604123 -0.33557539241716317 -0.08799166519189888 0.18601576672788722 0.23093220252922236 0.1150323621089345 0.01248889567121414 -0.17753996990879006 -0.24556775104733228 -0.19230853833305436 -0.12769643501681072 -0.07170335168621436 0.016028983808897213 0.11615708063459346 0.22231234099288447 0.2615900326068936 0.2416126926243268 0.14339414334003234 0.019419494235120686 
-0.33647124524924177 -0.4439332009615482 -0.4700364418231757 -0.43308678937677236 -0.2558913273888037 -0.022909135674347325 0.11531092326396913 0.02736109597073058 -0.11585075371236989 -0.09798879049477582 0.023139208042086343 0.06994197556016513 -0.1874579593876969 -0.23035059296654917 -0.17778470731063545 -0.05562776941036234 0.059429533917981336 0.08557335527008812 0.11274304537217156 0.08069189740440637 0.01879000586462279 -0.06962800232425671 -0.1015732212124612 -0.011312678671554157 
0.37174952657198634 0.5342310989951886 0.4803970105603159 0.41994095385203123 0.33639242766952565 0.10303809910709877 -0.17199886883980134 -0.35404841350683486 -0.3225784948381113 -0.2842983531920468 -0.22317102920024534 -0.11155483973812551 0.05323694355066877 0.03528943865935733 -0.09858160382845653 -0.1751153435626558 -0.1897561385502249 -0.22623630298771125 -0.22357540029578468 -0.15680135325824301 -0.033797665596438764 0.0529031949195596 0.0862125842512067 0.10092114865975867 
-0.07801017189180381 -0.09685226095900434 0.05909137424832345 -0.09664460787826412 -0.41634247141920805 -0.4372114864821177 -0.3547892294637948 -0.13833715493801305 0.039393848606734075 0.31320078084137243 0.41690722393846 0.1746598195608725 -0.3407213424308925 -0.3273763357636809 -0.10731685851666768 -0.051013147051616504 -0.09864705207399543 -0.06310826468547116 -0.0245809482219221 -0.08062204698305316 -0.10813827988221454 -0.04417644853136445 0.02609491907113318 0.016219168043260606 
-0.2803831732726012 -0.2517922277543514 0.06787691006176155 0.35607098971482176 0.4962634258171567 0.5530206004709777 0.5702008848340728 0.46526152003720195 0.20978646235765153 -0.13337216789753056 -0.34048939859287247 -0.34263347230841557 0.12287403017047686 0.14425640438026113 0.17666044418764426 0.1770074894298818 0.11460172212066937 0.03553738263317404 -0.062322927448686644 -0.08268032816860321 -0.036279237455010376 -0.013438929649874263 -0.0428369161165135 -0.09581165066669801 
1.0117591319657295 0.9312074697042645 0.05817418397610452 -0.2481123661533181 -0.03988567024063294 -0.0585755922998733 -0.18204610890720163 -0.1404277298521284 -0.05761839266360763 -0.04092253754794062 0.0035136355250003776 0.13682378771552833 0.08371694421984044 -0.03700735343413967 -0.12146631556182484 -0.11093393686756133 -0.08850941647075299 -0.05917043599221605 -0.11793398029290535 -0.08060498378799556 0.02448003854542839 0.02315687245912133 -0.04198945849077673 -0.08888918351126336 
-0.5417572158682109 -0.41256797947722923 -0.0491257268665074 -0.035347635300087166 -0.19564113928176996 -0.19289199588354555 -0.071401646772038 -0.10496214154396756 -0.16523466183790933 -0.06691990504776751 0.11203651335602499 0.19479812818464062 0.2770333218742973 0.2454729858872261 0.03083692351137261 -0.010348761367513448 0.08010244131039128 0.09509606982788767 0.14974783714128884 0.1963950551184198 0.10127549000644365 -0.014527803806928077 -0.027159837484809452 0.038534543062335946 
-0.19847398325352028 0.09455767520485359 0.48199163939793244 0.43186651523187436 0.19513806054251426 0.11325611967179205 0.3198139772179766 0.3885896272165584 0.15346429506822934 0.21050403203912693 0.31661264343634143 0.17261156984813453 0.42785254364759373 0.4879626821833732 0.09983522860885963 -0.09232998189895818 -0.028919041980464355 -0.06927924590447766 0.028007150262102504 0.05642704865832516 -0.12363432887233983 -0.08240957725957615 0.1691655370248767 0.11387856909981177 
-0.5063665812858682 -0.5698862881663243 -0.23654258818327023 0.04712783312476587 0.1384442364944093 0.18181653500148198 -0.12997266965238283 -0.38843232385240073 -0.19958135152759793 -0.2155020412702801 -0.41555939009411463 -0.4761309925617265 -0.43657107028824677 -0.22771899436071885 0.6597960886591413 0.3531271657988697 -0.074793393610046 0.10569470519690778 0.15019928989458586 1.699903106162313E-4 -0.16268554331185622 -0.06203230900630951 0.06255182147186149 0.12884456252444762 
-0.289493816268223 -0.4540214225013077 -0.14762307119209295 -0.012360154668870083 -0.1201712321873295 -0.03809212002895407 -0.2367820482533367 -0.16797378467288732 0.33045793879825613 0.28059726234204413 -0.2401850238245598 0.13065264078927658 -1.1655765456847635 -0.48565045963280284 0.47051010813948674 0.5421519671772234 -0.005108668700390118 -0.11218687487904211 0.2704174985400974 0.04073205534198904 -0.22773780006384645 -0.08816287064727264 0.13477665460357913 0.1292278210688487 
0.8134659115038807 0.544878552458008 -1.7137066375489187 -0.872615797746324 0.18639368791328992 -0.4343019916238959 -0.24370150372013893 0.1728095934689066 0.2343251462326459 0.08413040681970241 0.20277988257089113 -0.1707560948592733 -0.2047963592670663 -0.07859927801446927 -0.22292137142198268 0.03192272994880355 0.18611047178221782 0.23732403393468504 -0.05242467721811427 -0.08652681571764846 -0.00573492664355126 -0.002957164932008658 -0.18246604210475195 -0.24283188427990465 
2.638339407405896 0.9941266337910959 -0.19095666033770353 -0.7347175708642508 0.1864893409342443 0.7578760076216073 -0.43457410136843766 -0.014227497470062411 0.6197244463796467 0.3251764199359536 -0.3968869567068988 -0.36775934220963824 0.51918182419882 0.3487156084792588 -0.6987995737937781 -0.5622460295637446 -0.11040035375455508 -0.24902332949734104 -0.5915588447181617 -0.29008484783974503 0.38461485453811717 0.3281597017884057 -0.14152114024707405 -0.10034444389408302 
-1.3558941153217288 -1.0581624822691182 0.4538883206554831 0.3125383513760456 -0.5732174654130311 -0.9281396306278539 0.12619738855951046 -0.20572502030086778 -0.32700982538763945 -0.22892012527120886 0.21018970266131076 0.5015706517774449 -0.1781623962820101 0.2200981993775719 -0.2083951210577825 0.18128777134246957 0.36537753181636035 -0.346712614166165 -0.42574395957755873 0.1020850277318912 0.2589279691858663 0.0208346171717473 0.14597994876589163 0.0451724509837369 
-0.7623592754518782 -0.698647730575521 0.8649781710870406 1.081800859461179 0.5908354057394962 0.955896687965048 1.3529450397613236 0.8915480657312349 -0.5427191390059527 -0.5473565769777173 0.18067348687145246 0.09552259915316652 0.2769824786493966 0.1490104982688735 0.26613975488030456 0.014862581127624916 0.08230547849523047 0.4230208403671962 0.37993680285841086 0.3161374192316484 0.2293113649715869 0.02400098718333084 0.06057085066947351 0.13264639182541774 
3.048302441778798 0.7309711365086007 -1.6164886900879432 -2.3247383269364477 -1.1119119399384172 0.5068255107028787 0.13977080444765655 -0.5863332713274156 0.03876303136784669 0.45789305376129597 -0.5239401855159593 -0.5379144184918864 0.5846351632275352 0.40772317630503335 0.6116358642880693 -0.3093795804517508 -0.3573827032112467 0.15535528532714096 0.6242037526633604 -0.014510409978437546 -0.2606707650969848 -0.07732433476961109 0.17683999929352465 0.06626351025833843 
-0.3947063070925574 -0.3474716704043841 0.04581258039309588 0.539333024909121 0.20892014271124595 -1.2286690841453476 -1.5811712178877433 -0.7723356296517336 -0.25109607691285707 -0.09023313113029136 -0.21153456462668419 -0.24595598255122575 -0.17729570526587532 -1.1762011532070102 -0.4767897556497754 -0.0020382179334806536 0.041838704183755994 0.26616143719065644 0.24644393614459878 0.07300278385857417 -0.21586632654466778 -0.12536576270254937 -0.20188078184685207 -0.18448839429323272 
-3.293626089183995 -2.456920041269787 -0.9714364768617525 1.511911010007327 0.6898882757348344 -0.30192260055407893 -0.27935574060603713 0.6697480573259291 0.30919093885676713 -0.2255088438860886 -0.12422626947019483 0.4735194118546257 -0.05331301553540454 -1.1820126269118785 -1.2157355197626207 -0.40046594187269263 -0.24359059033150918 -0.20208533726128372 -0.5190603725366293 -0.2747026033543542 0.15013554218024514 0.1634307656102058 -0.5057422389386715 -0.2725037067141085 
2.9404921058271443 4.423901317934703 1.9728213314232712 -0.8304091552102663 -0.43558081464839754 0.5617864320215575 0.8231765038543742 0.04449904982884001 -0.030334113116409545 0.170441659953623 0.5864588743891264 0.14327086685960858 -1.0802585205477953 -1.3886726028373186 -0.7413587771915707 0.6553140075814134 0.30292907781268835 -0.5736071399404342 -0.7136862578192297 0.07644809893087119 0.2483570689187867 -0.06606469448748993 -0.2775393958478823 0.02705780525516129 
1.5406422819251606 1.8913225230746917 1.0672134936848314 -0.438469411258676 -0.058889690264067984 0.21785376440327736 0.49477806118648576 -0.1706428010046399 -0.5220245770711125 -0.16273663861127863 0.5942898117921501 0.08498327694502195 -1.1928188425032529 -0.5829529228094957 -0.29129028061311907 0.3027954955943417 0.16855554810045023 0.1408799490282389 0.2621200771516672 0.27920413161668645 -0.0575938846578381 0.007561543291354611 0.16008034886884986 0.19689993278522944 
0.42893506899625056 1.6444248559353323 1.2505639266945163 -0.45141878720211787 -0.325478107727368 0.23226415319727706 0.17282065467368413 -0.5814844972790627 -0.5805595257052774 0.07657484969477346 0.26182558228579034 -0.1328613308619077 0.6877282537950941 1.2660869701039437 0.9398574618562506 -0.902009080692316 -0.14986015080756043 0.5430533508497033 0.6359966776348233 0.06337257819346516 -0.43276804666686797 0.25291862855508934 0.3656102243707567 -0.18099672197640926 
1.5406089567412105 0.6816769581583859 0.2635630673419822 0.41402933922022767 0.12917027797296887 -0.5598013082266554 -0.7405380474706937 0.14512743602982114 0.7570852991247153 -0.20126006863072765 -0.44215067002507646 0.020885712359695524 -0.16464845777690376 0.9928717228826711 0.4027999487033587 -0.8657566901680237 0.013957783958012032 0.25625265275240583 -0.04528582938916172 -0.09300767314800802 -0.1466049906761985 -0.02012064590488356 0.32826142420093757 0.14966363517667344 
0.8773240070338373 1.230463190081025 -0.4449258409740562 1.4493687116272298 -0.08003034634423467 -0.678546084212586 -0.46715547472150576 -0.303503803268786 0.6284150887862807 -0.5690525107019205 0.007848442185469512 0.7183098150814995 0.07955211498510595 1.4310437727739738 -0.3575320014651733 -0.4532168606996378 -0.018387221321566154 -0.28306020802196225 -0.09156553689399853 -0.36394904807656614 0.13485500313567603 -0.1592254679381312 0.09647573731784331 0.09548017196663533 
1.8103931862370786 -0.880311812646168 0.7065585314090415 1.208406909830721 -0.22348692282967073 -0.09549907514900857 0.9506236140515659 -0.03061012856575418 -0.686696912288296 0.22043897930171905 -0.26350589076050224 -0.789593201556702 1.0849754937622176 0.8831106501355127 -0.27836615330662423 0.40574872787449295 -0.23308038013112564 -0.47329834804168264 -0.2750728708715526 -0.14335282681698572 0.37038701184910666 -0.31595881660313535 -0.24456235673223473 0.07859162781067223 
0.055386609292998656 -1.8677120769843123 2.1016621990565065 0.5110430095915488 -0.09398784336134974 0.8492936607243405 -0.3980635654054501 0.5982314292484234 -0.26323342940579975 0.34340172954294373 -0.1169240193000267 -0.014062389803614989 1.858505320670892 0.8924546683758994 0.3633769631716069 0.9169917674335061 -0.21204983131995933 -0.14456872712926397 -0.09258434102977421 -0.1801496244379143 -0.08903681632699005 -0.15511312055732268 -0.0526187155138988 0.11532318634720042 
-1.3033488256750225 -0.41856735871548345 -0.1746324927534264 -0.33405399338541075 0.8353901668749033 0.0961738634299294 0.050134610485936204 0.1243183002221736 0.09174852267343547 0.2903892610562462 0.3539226309143758 0.15129693137023603 1.5403525117304477 -0.5813698272899868 1.0392687037448363 0.5254278607437225 -0.03356454735841713 0.07422472167080023 0.2551069105490933 0.021362386130455917 -0.3530093203753731 0.08964702034578675 -0.08200337295398467 -0.2857325657999925 
-3.141320949022788 -1.6777730420120154 -1.094461218407643 -0.5303761390652229 0.026680602763356265 -0.34067637211426305 0.2608420501506317 0.15948085565099296 0.5063028202863851 -0.13868828990721604 -0.1430096721102731 -0.09810481042357078 0.5999176753483026 -0.5995692617667846 1.0267213408876275 0.09178254353244701 0.0988235142333126 0.23032841605036036 0.033768186630692275 0.3225132231512507 0.08205883600429902 0.23650880979808875 -0.15705677985377334 -0.0022224312455294687 
-1.2123105697963714 0.7688281517376439 -0.8131858710933928 0.15283290192793952 -0.18312750381677234 0.27681177625789255 -0.14414992537375482 0.1246779998415933 -0.012437076008269154 0.1925429279894387 -0.004452945493425037 0.10962570615325343 0.044054093090059775 0.15969004125047506 0.12444071144830919 0.02905937345264457 -0.11038236297712707 -0.20047036014145095 -0.07980205086538134 -0.25403837331896234 0.0017558001949751951 -0.0039650309457845605 0.015121134125782199 -0.09293819512551153 
-1.789885544691235 -0.662702046910522 -0.6592251344363929 -0.007748068662467356 0.11880044928455025 0.06798945615927787 -0.40222585736768146 -0.3694880900150385 -0.45731713807784447 -0.3172015333179188 0.5334341084651937 0.01344051654146472 -1.4968209384208055 -0.09183401678719301 -0.9707006077112995 -0.03279811150099321 -0.2731490347823038 -0.08477248420185395 -0.1444263623784073 0.040472684142339614 0.07799162765338814 -0.08141467418727232 0.11564755233360637 -0.04833905578104012 
-2.111228807110978 -1.4051729800176553 -0.765572669083979 -0.6825461489447222 1.1204773325456876 0.49325202971751175 0.6210747168412368 1.1509178930120765 0.5682911012706247 0.39154097559895124 -0.029662661750704145 0.37433885326425287 -1.4173680397840307 -0.3117126854247531 -0.9650896696243413 -0.06510442571073934 -0.15727327836884555 0.18701762030228952 -0.15082927601546983 0.30812364730114095 -0.13864579327394003 0.0909647274668608 0.2307760834617368 -0.022030527282385286 
1.7986009848969324 -0.31527042577278674 1.7938340037215488 -0.014292279125912355 0.19432528892903767 -0.19457904623851086 0.3115088161783579 -0.4750571433612675 -0.01803615131322628 0.006056708849844605 -0.47734747098245267 -0.08544421663595014 -1.7482441015450672 -0.8707214782642838 -0.7418817286021056 -0.4728568813612073 0.4216259358686272 0.3480307918491496 -0.011376027432354793 0.1333244683466514 -0.06875731377489236 -0.03727854034758537 0.3413502435701062 0.13095661876600315 
1.245550284761637 1.5302503974430355 0.8555535687006603 0.35141828429188005 0.25092991146752064 -0.1529568334500816 -0.04852943410036503 -0.746908415388715 0.1838598104312419 -0.24198037549502538 -0.19139040615481218 0.22515965458911671 -1.5985444263614397 -0.25147687326384577 -0.3590424540866783 -0.2596590203574126 0.8728516955327859 0.17338129360511764 0.16399391606859956 0.3776307110388089 0.31473485507049737 0.08235987292044847 -0.051905443768439606 0.19466312325905286 
1.7764572140076584 0.4817506991519842 0.7558569324776041 0.8938403588028534 -0.7113036477822479 -0.6529984878043741 -0.03329569959981615 0.17945165914540295 -0.058829551333476005 0.11139476327182563 -0.4097527500430709 -0.30483974041897666 -0.9177402502090549 0.5287226407255455 0.7245751738561852 0.1992489236653119 0.27968622414058375 -0.13736345852093104 0.06274093951279484 -0.1982470488390069 0.10095990484921914 -0.018064865838494797 -0.17094533031175888 -0.03088727255714858 
2.695476357417977 -1.0492529226885035 0.8305432287980281 -0.35763540683686723 -1.0452632856970272 0.20231786968509052 0.3014952265245252 -0.30922864135768546 -0.3555167639307426 0.09179232962661532 0.09225630908492377 -0.09995275462139244 -0.8575988546689816 0.6445874479199151 0.1396101284505793 0.6317892107338298 0.07051171653224841 -0.30205787945433377 -0.1409548543086411 -0.12476091591280301 0.2975465970929867 -0.08589546456995563 -0.11194083212717137 0.14233738710572283 
3.8268586991959275 -0.6116866878836538 -0.3673863478956907 -0.2575122045574745 0.0033632150895603896 0.03987397775669621 -0.05172633267247173 -0.0991558838597616 -0.05122757867989147 -0.10663504619549136 -0.10633483766704399 0.16977380564075017 -0.4461339298005906 -0.1751989801776701 0.5477518056928364 0.44760512663357965 -0.1789971932008327 -0.4123570476431258 -0.011120062940025321 -0.21567138125496435 0.09999291758601996 0.02056303989376677 -0.2698599627413199 -0.011102166716416617 
2.793146106174447 0.14320674720110915 0.9983448235355699 -0.9682730662294452 -0.31793866956512873 0.4067805721323845 0.3835504453618861 -0.2333218961477237 -0.7125809671745105 0.12472092294850001 -0.007276865961311496 -0.43915927975791513 2.385347057150889 -0.8246381349034985 0.2727398312912574 -0.4130357944561614 -0.15835410945843756 0.2762701307088154 0.2710805510862107 -0.2353319742429382 -0.23872938659560106 0.05649494226355702 0.0474181832047687 0.030978372293752166 
3.066024129031195 0.4111178047401882 -0.9712992819696762 -0.14365619140159658 -0.537974376245699 0.4818413039013565 -0.04096312019842063 0.7885124303053151 -0.18027620246965192 0.03324134692958297 0.4495937257040064 -0.10192997770146545 5.147438496257871 -0.7525298904684354 0.11114486432307968 -0.9810066064889664 -0.24560162309793598 0.2294295931979817 0.3952418189483969 -0.13141703162135976 -0.4460944596171526 -0.12492329789106464 -0.05964960501433686 -0.002921097601690237 
-4.080147528952323 0.9132592357100711 0.31428020196124873 0.8245439699536781 -0.2995321616540848 -0.8474761855136859 -0.5171280329711325 -0.04706687571140922 0.42519570775094084 -0.1476306937265929 -0.3279625222149075 -0.05703597983154113 3.2805847328190865 -0.19697195640015033 0.7185418018882265 0.6325149971390924 -0.6105854111208994 -0.07193362640195859 -0.25955808170869027 0.3052082213991239 -0.236206001492579 -0.0843001652484372 0.059761558021763285 -0.27488110456053927 
-8.178809972014301 1.2608767392671716 -0.3587886300777692 1.789099096817863 0.7309648304278463 -0.021286423014213685 -0.7871125503511531 0.20196770078616044 0.7181674627088406 0.404310655815249 0.2329568055027646 -0.012524551517366103 -1.352165051373552 0.8017834406114658 0.28531129527879323 0.3679992854800515 0.4062446309261476 0.061966277619480294 -0.2775395291502637 0.23972574693828572 0.05802937508389757 0.1921647973705413 0.11662290965374748 -0.09472559573939787 
-1.4261910417600632 0.3092431491380685 -1.463535908075063 -3.8321957017564525 0.879347960460797 0.8741453147960454 1.5352994055643232 -0.8556741955855182 -0.4531847952860196 0.1920867642509786 -0.07824307992598045 0.340781320831653 -3.0529412135655076 0.5859697424852542 0.3969358883121372 0.0682641964768362 -0.2173588158542931 -0.1531717566617176 0.024980256985975502 -0.3805639098911417 0.4282520720868395 0.4783171251292915 -0.1599594524801691 -0.031988602770022405 
5.7955410395557205 -1.6922244738082077 -0.9383251127879 1.0807157880133142 -2.346148330081583 -0.56486827911195 -0.23455825201535743 0.47363884942751255 0.0848259237971356 -0.7131117741708268 -0.025134724401699587 -0.016661840814868906 -4.11218063935571 0.9905673472464827 0.15223118144830475 -0.07057227896654017 -0.07307927971023243 0.5995752583905669 0.3056857048605439 -0.09129890402141438 0.2662995614626547 0.36863894262358204 0.0535856913690537 -0.03771335917774601 
-1.9084993940408106 0.6319006147919981 -0.5867592216200976 0.9739430349254439 1.8911008661635091 -0.1161699874796649 -0.8683459530969568 0.9587892796413396 -0.5428897390537252 -1.0238708541214294 0.2809616001778319 0.04099847312727749 1.4496134725378054 0.2240292453772208 -0.551308986987319 -1.30926401797709 -0.3012618428458716 0.27661939888101966 0.1887202976612975 -0.11257962846078085 -0.02631724015954784 -0.05912143544029521 -0.0739084906338095 0.14129443072940567 
4.398886122193202 -1.872154035299241 -1.253870517650166 -0.4022534346234645 0.4443262167071875 -1.3248545470480595 -0.5023469856021449 -0.4313673247630253 -0.03587874979527084 -0.09362736286929318 -0.10740260865630269 0.2505069498680597 4.628686935649088 0.8124420818532804 -0.38646733069171574 0.2904330161658221 -1.0708384691318582 -0.423279407248655 -0.329308660123072 0.12285459222716545 -0.4903147560875914 -0.7450428310867698 -0.18762397179652324 0.1339656893835002 
-5.07670400069222 -0.2728798062480773 0.348163755318027 0.8370809634932073 0.38789621560402665 0.4242802521210412 1.1030328793738244 -0.06543222310790675 -0.3138807380111729 0.05970886492109739 0.18461633410274958 -0.21668636669802832 0.2560835116125156 -0.48202923988512164 -0.20533494182593282 0.4293163353524087 0.5551722111890398 -0.2500366652876869 0.02306298269390757 0.0012344845447307036 -0.40425034941387206 -0.4881656065375766 0.16494161168481522 -0.02328869658627147 
-6.506417464065837 -3.6771605088480106 -0.24638460918181515 0.27784777523196624 1.6179694025937328 0.4347448228336619 -0.23232168788153218 0.6171858241206394 1.4412656915386337 0.9802268595682193 0.5859098240254113 -0.28971648905271663 -1.5033171743717684 -1.6367608489190442 -0.606593184419891 0.06129926156067996 0.9142129126318035 -0.45218172079266017 0.17028869914459166 -0.08007054275523033 0.05179457194394902 0.06351995047831693 -0.08397558431097085 0.04799361766037469 
2.7759018642511624 2.980491571221748 -0.47449735037647467 -0.6540565760594974 -0.36123736034688303 -0.2458596765574647 -1.072547550038986 0.43080925156531524 -0.06871091147906128 -0.09630114572745574 -0.5605194512174707 0.38097628234648007 -4.634357543266432 -1.1948378842821041 -0.3566655314925013 0.679054151979237 1.1887623998372112 -0.071659993829862 0.3955891731733707 0.2361014701987787 0.14220422674990765 0.20195203518770252 0.12779917309465064 -0.12710305098923771 
4.9825347128368165 1.4114428227229787 0.9772395884567575 0.15941755047084794 -1.923745733212768 0.36676057966917386 0.07457713167048552 -0.4392764338339453 -0.3138473788931737 -0.20618220897996742 0.51709203693672 -0.19230522763531854 -2.639761243904176 -1.506061806471652 -0.06751937474460172 0.776722968230109 0.4911970829346148 0.14972956861479317 -0.1209836791233787 0.24189384156691898 0.35046291693846504 0.3092451670852387 0.14006645836016993 -0.010504080207919745 
3.081892540655751 0.7673321808127405 0.8063482509762445 -1.1408663800639447 -1.4075334160043562 0.6732523551928713 -0.23718404992229658 -0.24550550472695054 0.13706311695500784 0.04705729363208322 -0.16437229163685674 0.11591715556098578 0.5247253975446231 0.9526236493793458 0.5620473737426369 0.2531071526353487 -0.5556350288763263 0.18927564023323754 -0.21597187713567986 -0.05638760048560624 -0.15415852613800796 0.09290783060296942 -0.15852059235735527 0.019743767975492228 
1.2598709294443964 1.9476046057714491 -0.6842492856243696 -1.8089162274561374 0.6675261816186251 -0.4739998988858857 -0.2870524005697408 0.2296616775660153 0.2869899265062039 -0.019187861367266135 -0.03236313084540554 -0.12567468503621027 1.1111393777403222 -0.1171422360017429 1.2589603359752688 0.26807321387879185 -1.076785231438717 0.4314681489031771 0.30303261202517934 -0.04016668547878351 -0.11071491610570416 -0.03111966470500349 0.17544633568189408 -0.17478963958333593 
3.063057563313503 -0.14546026844052484 -1.3298950345638223 -0.4292111450020508 0.010031768866399338 -0.3933063579796476 -0.24381715251183333 0.26550299732215366 0.09334601423527378 -0.46852181134271464 0.1897699097456579 0.28842970712044924 1.8869718217233098 0.18239727715512663 0.20114459872221715 -0.925054062682589 -0.36817619886752634 -0.09926936411900071 -0.2711102585120259 0.18375444465430832 0.05909471132773183 -0.17386314364005293 0.10144572004944298 0.10218526685476093 
1.6585340682869738 2.21926575535484 -1.7315197766990158 -1.0006297086964746 0.5978273686680047 -0.3943645104540981 -0.8312041531102841 -0.5742806284221469 0.04015592078380581 0.144966337622442 -0.18631807080021953 0.24580741533495748 2.0425795220440794 0.3504349313182236 -1.0852705377991168 -1.1316878852812897 0.46420142266498815 -0.46885761654654834 -0.437126623214578 0.2298089954857144 0.22552402998505003 -0.2132510917418504 0.04664664575829158 0.06536677402517177 
-2.778354493935467 0.08430977455566513 0.7265497003469161 1.230152548603991 -0.268155412926467 0.9312427533339795 0.8482226018840529 -0.39479768569579443 0.08319598583301141 0.4865696250573879 -0.3917319818077787 -0.3763796951888808 2.4381003627705073 0.2823792680528105 -1.4213047262319494 -0.9685826902559929 -0.18731998874510117 -0.41868530808630705 -0.6104416061943964 -0.1336448538031855 0.2870870656420318 0.17779988238513644 0.19244050528842574 0.17816219381039686 
-1.9471616080633565 0.7814147903186832 1.5433399603176117 0.7564655815847107 -0.585984495479906 0.27029839509694564 0.4783075918760501 -0.12961496738215378 -0.38450714924781493 0.1430196956582337 0.118447877656438 0.010629694042939453 0.9876361047036482 0.8434173975402771 -0.9360441378165554 -0.47695924901860304 0.001563543983339577 0.11820461110620627 -0.25725054296184857 -0.2881664430482887 0.054141835042983394 0.1536004961493965 -0.1333698015107957 -0.019811538756227192 
-2.4483956868228542 -0.27367259008087785 1.2965892756237123 1.5979892806253353 1.1638976671756582 0.5304181135037517 0.9327517935781885 0.44410472821171365 -0.5555836476750112 -1.0009481375160199 -0.5399345803479481 -0.12846801366473232 -0.06929973442917185 0.8100127790378672 0.678456054194211 0.6117037350351379 -0.23373889930870542 0.4608026656005033 0.35504107860972284 -0.2387628085473135 -0.26458217815639024 -0.24883879702332198 -0.3589922197043922 -0.19553814198613265 
-1.469353649380277 -0.1319952549477197 0.7915928491122521 0.2463296723486625 -0.1228898033330767 -0.5485660238576029 -0.10171712007180622 -0.12923250623103488 0.19712023240886695 0.42792373046095633 0.28789263300225226 0.18128619084156478 -0.3692857133694134 0.7740011418550513 0.9271838607523352 0.6275891223546485 0.11137951775428086 0.21580369174012334 0.3267819410222141 0.23797925040444726 -0.317897652310686 -0.24755637678670572 -0.032727052318379225 0.043637462102433806 
-2.809359269989491 -1.889023539924735 -0.9329449066330366 -0.34989070188339844 0.20151393892623468 -0.04173303399025624 0.07311172202881266 0.3212995093705866 0.5861288294738412 1.0906339987259923 0.6005222996324909 0.12490648237020446 -0.8747635314287451 0.455564481749287 0.7496681539674578 0.6372318422583357 0.3893177996000809 0.04374604396262577 0.13477504394074116 0.10330747304635919 0.03949339601394519 -0.07577706891324272 -0.14368181479162764 -0.05689800900230499 
-0.6588226763717978 -0.732913160324542 -0.12344453081101969 -0.15236179422486762 -0.4389311846180369 -0.09103710637642043 -0.07221819541590419 -0.7821501091749321 -0.0016704308901830944 -0.16010224210265522 -0.3535994053786438 -0.24696994028183036 -0.5633148082235019 0.041199199171388035 0.15984724754202126 0.07341176512107812 0.14127157781145488 0.018610189787061564 -0.011093759077562456 -0.03125785036331832 0.31204385439684096 0.4394814611551152 0.28507544990246036 0.14387916357411984 
-0.22937057904085878 -1.3399070826403277 -0.49489649631702504 -0.11436051286290683 0.15396495901789564 0.17041552287528314 0.513677199428014 0.4606411105445847 -0.5746685040673217 -0.47960394449448585 0.21185688321738286 0.25635407890388023 -0.7997697191733951 -0.4318177348432916 -0.2435114504025991 -0.1882559736351909 0.031104748643818163 0.18816951367041038 0.35169437663731423 -0.10832199648524972 -0.005432527972191477 0.16813509221562276 0.16382524997988443 0.02195373741376895 
-1.0694035701840876 -0.5301510811040875 0.09302690132818259 -0.0916707175248177 -0.5229300468132718 -0.7104708716515572 -0.28871858153871954 -0.10512975572807898 -0.1586126640110745 -0.10540168139415038 -0.3730010084975749 -0.3160750981476326 -0.10670350649406214 -0.1808661671137645 -0.18460281856452485 -0.07695613906960057 -0.3044485925509224 -0.17854855406250136 0.0993118745149445 -0.11710546333796716 -0.07091692860822753 -0.19257171446091226 -0.17948131411966672 -0.058690446372514915 
-0.2047596655631606 -0.6949513750050875 -0.3106462714948405 0.1845316806721493 0.15019912409239766 -0.2965246923639191 -0.8737212148217224 0.3077553221029092 0.6808975299508613 0.5588784417248716 0.1187473512523032 0.09359784906179874 -0.35099876170790817 -0.3842648151550636 -0.0010920571233464054 0.03809926924248708 -0.11570336340519105 -0.301699884474911 -0.14984739728201033 0.13664933624365738 -0.13209443061902523 -0.12250039773331028 0.0036010674362258375 -0.08092627057265779 
-0.35101761362846046 -0.5127925128008686 0.33823881247146254 -0.070939473783594 0.4762975104974792 0.6780786634306848 0.32354538816413053 -0.3543908249401929 -0.416702662074592 -0.10162829182959722 0.2313993029628962 0.010479513756755134 -0.09186725987025775 0.6712088421489354 0.8632787398294424 0.7163578923058532 0.11620465838048466 -0.3233311344296375 -0.23220450376861224 0.04874828147258694 0.08357608702069579 0.2694066510029984 0.12143949874844677 0.18932900614897927 
0.4644327278050521 -0.19579192132674628 -0.6142262805186258 -0.2390239424609799 0.00146127057809331 0.38124040875889526 0.65708740642262 0.1753236364196695 -0.049340213178487274 -0.11398944607683159 -0.10114647482153022 0.3358555846696597 0.2675826863963939 -0.29647357804485147 -0.07228260182929795 -0.3642214980740958 -0.052631572444473175 0.18814103057501022 -0.046209686841397445 0.031598734259772075 -0.06663750274277029 0.16420755590878028 0.19039620211422212 0.038404712252611196 
-1.1283979872574208 -2.7933573343900644 -2.3450193136482516 -2.028966582875813 -0.7971750951975736 -0.07936001892405187 -0.35750938085505396 -0.18515875730421993 -0.04422205350848757 -0.577187690502294 -0.6273725917059985 -1.005190984398501 -0.5771349603586621 -1.672538615248656 -0.46794384225345986 -0.20921828397706554 0.04777659472576531 0.13123220841754366 0.3618131782815294 -0.052404265899610745 -0.16906711683927655 -0.18008437256203777 -0.018769397497309447 -0.03333642717351997 
-0.6188175379378622 1.3347517699240647 1.2478305970529104 2.2562097294405463 0.9448301442733436 -0.48222844291158146 -0.39456476978793775 0.12834308550560647 0.69456973389612 0.3040354733348791 -0.023055307755915744 0.4862189613815932 -1.3456275873625076 -1.5288487951990122 -1.0050501585716594 -0.3594822351549963 -0.03445840661413676 0.22731423122350877 0.16422074098461886 0.09899639636644637 0.0412484532398239 -0.17216699352708353 -0.2516657494203336 -0.1434181934397979 
1.922012400318983 3.7395514873196944 0.811041900446074 -0.6909014578031605 -0.13871671052744183 0.7161164640132922 -0.2360680585751787 -0.17368775178432916 -0.28145628509406595 0.22961236615066066 0.2486619119220173 0.035307106921348266 -1.5467490165023519 -1.3455347965220963 -1.128426321300765 0.205601331312698 -0.10574071997409712 0.06024429369928889 -0.35793355584022807 0.263280822447794 0.2084201195332748 -0.16128070153959218 -0.3908556574553325 -0.1707106866831253 
2.9761102961043733 1.1243000534154106 0.8228935881491894 0.17039020046768272 -0.2243927019145623 -0.6984405263803031 0.10370452232882577 -0.127401055439615 -0.05446845710516979 -8.884938220583699E-4 0.21583352162546277 0.2458611193291287 -0.9260286192796298 0.4152516352943915 0.5397544867275528 1.1718423703605299 0.49894543513906014 0.3540780963728804 -0.2590943624010736 0.29463094214315305 0.21661051211530458 0.19389242218556582 -0.05764969548592241 0.17024503736478522 
1.7143851452285173 1.3484729134305518 1.2527281547059044 -1.6028608123274752 0.10465848781867071 -0.15198685828755773 0.4671566406072485 -0.8471291541749912 -0.29496331660766717 0.059116397694951237 0.42574996596930986 -0.37288000332289273 1.0563893861594353 1.2272814810928443 0.4696254181235147 -0.41603351835051333 0.09974639321825457 -0.053368185448739114 -0.12133380989370347 -0.1827900245615568 -0.0036472844302314713 0.08965759597214969 0.14582472904796182 0.06864322903378246 
2.26308194744626 1.2845361509854616 -0.592275990259663 -0.8033377043788863 -0.6736937603168933 -1.1104110708797976 0.03110596782406949 -0.4188290397285217 0.05149171330700686 -0.19239380899396363 0.06134975167820522 0.17957740440935804 1.8613023282860242 0.7116958834510182 0.5305178388321377 -0.5655676805426545 -0.011322468327354618 -0.7052411410344138 -0.17698723635226277 -0.4169640021417984 -0.033309644653081706 0.004290195208883535 0.1500740595907572 -0.0024572314625867044 
-0.8906415838302664 -0.022411004743863927 0.1097504352799561 1.044063049671664 -0.21330536098104003 1.0822062926092568 0.16423264835830986 0.5203963140447946 -0.32349451700945986 0.0563922358201642 -0.11157039024823939 -0.1374807227201138 1.2453398922292835 0.7818309798501177 0.26462011885392395 -0.7816886815071754 -0.1054335236120153 -0.534611596681436 0.0722108159600016 -0.570815384649527 0.017591223815742796 -0.0106625643400761 0.21021433912831833 -0.13259593212849147 
-1.3052833242243072 -0.325345637850436 -0.19717106863424938 0.5436313110960764 -0.031443372532643066 0.800186321274531 0.7861282275100834 0.43972821687588726 0.05972607705497168 -0.012396998511315455 0.034271520961965785 0.13553317341549936 1.4233552127708498 0.7309005049460143 -0.5655903588155345 -0.46728660631402746 -0.23740877017668946 -0.9146892605957174 0.09236224055151528 -0.5306184406507833 0.34818505802911276 -0.15606783407093985 0.061462777035089754 0.15652715860998428 
-0.23745189562404967 -0.19207913170185265 0.26131533733142565 0.0687207244565693 0.09983386476259148 0.496549235679586 -0.12698693711576325 0.43603837147138524 -0.35185416992887797 0.00110568547385545 -0.19135393605752543 0.04692990855951101 -0.25800174000894166 -0.10570079123208931 -0.11276278835261966 0.5736487661809837 -0.20491786539752946 0.41568708004426486 0.058785716242119 0.4974704233676907 -0.07458049107188103 0.07784167964015667 -0.09518902072717973 -0.016334844897636387 
-2.333578534969398 -0.8233313003735869 1.028712635161206 1.0861932771707434 -0.11803706265864067 1.92648523937219 -0.10037096109343979 1.215205253510533 -0.9788836343206224 0.3034529683920103 -0.08314680652242101 -0.3822093870604072 -1.7866944228926922 -0.19802389765116826 0.3364212235817532 0.5226992392934364 -0.180486583856836 0.8509728320874871 0.2710649275312414 0.6539697147916389 -0.31225418658300047 0.06109300511910947 -0.06983462980724627 0.007549894310153339 
0.397511241569104 0.5436842002139795 -0.16490305155991258 -0.9481642319086205 0.4447450802745472 -0.7280044065723672 0.43112509393371445 -1.3597534743756006 0.4195518118939803 -0.3350577865519687 0.23270583567549322 0.17039509221074864 -1.5272471464946278 -0.40079780698771145 0.7622130424334865 0.5282826038909507 -0.13234485750128036 0.7992304086214572 0.2407309469935988 0.36600695462785965 -0.49422934524556855 -0.027644684075715808 0.006387698056042131 -0.04641743514950573 
3.7373183758571926 -0.09915561085484725 -0.99332554493384 -0.5160239286016379 0.3375607712818871 -1.1404553538619537 -0.3061225706083796 -0.6242850045755367 0.610785645892544 -0.02759427785573179 0.03174552451719524 0.051150898659420546 -1.5983293432033394 -0.13946515655635347 0.6871361368283093 0.5692442003706123 0.09428620754827409 0.6341514537162393 0.31738900555553456 0.028675819699348775 -0.4099660245567925 -0.035803109551494995 0.07640564314076137 -0.12242243788209817 
1.3088410884465382 0.6482264445019119 -1.014304699921511 -0.7150184843300922 0.2690695202961687 -0.36767169356771356 -0.7463039733390897 0.2577626366308413 0.3359992257012444 0.2495633608248739 -0.26796319574545996 -0.030497928851885667 -0.24580207050147695 -0.30066745987508714 -0.020761809395534497 -0.09357266721948958 0.4493576128210446 -0.49883696892956064 0.3437626665846321 -0.8227394906307496 0.26763626804233276 -0.0029287479427673366 0.06288092340564748 0.07558050806861805 
2.0057445712019035 -0.4572069528484928 -0.6079949511429228 -0.7381121977303575 -0.3130579053142737 -0.15613547827885432 -0.4638234441236414 0.3204197389092659 0.2927907324461231 0.118551723358074 -0.06202922023422853 0.08550443711720444 1.6879053218309297 -0.6217020208272528 -0.8369530306577255 -0.5854098115798171 0.17986094169853115 -0.3708976431043662 -0.07409519811694963 0.043602523459972585 0.36581638095719765 0.1618281458691553 0.10796428880951403 0.01584067216876835 
2.0007043554011794 1.6247122508360636 -0.2952829202687677 -0.556402095685792 -0.5780184198905063 0.2763465624247651 -0.521312469062551 0.6361126257742467 -0.22435953550980756 -0.39934454333056957 0.09095043783426267 -0.07352320122399744 2.3532747020379863 0.4195185675189676 -0.9827585435580849 -0.9322378128953183 0.19143881638511825 0.15884529477333156 -0.5378009974523339 -0.02243384479789351 -0.07041306088538113 -0.054711224364392 -0.2241240380218387 -0.18229674012959754 
-1.672329223112917 1.2777075484598353 1.1580226572129648 1.1608973118156634 0.22152191627963114 -0.3497715525450946 -0.19633272839580007 -0.9442675695271572 -0.20648411637352276 -0.188624763385476 -0.47160415870120814 0.025141518339171387 2.685080472263302 1.0749767413908107 -0.2808700946121933 -0.6854119975648363 -0.19480831244261135 0.1615092868930953 -0.25605139513882763 0.3079978837239955 0.08371478611094978 -0.07534390946609415 -0.039377541229271444 0.09573794706320927 
-3.91194612051001 -1.4777865087091548 1.0509621265747997 1.132190199582852 -0.5725368396561384 -0.7473895407545882 0.7333536611539914 0.9574078252427334 0.7968758327672107 0.5672852772898249 0.609196387553546 0.5465737509259235 1.3978310155570641 1.510094262668786 0.2990277997311459 -0.22809067559456633 -0.4545804633479696 -0.13454712212924558 -0.26372394380505376 0.16011773383683173 -0.1572113508433091 -0.33650579254036433 -0.1374786143900582 0.04275078176831778 
-3.0931716076324083 -2.130887797248316 -0.4385071907281266 0.4738276473298294 0.2686262418963764 -0.12879528736846346 -0.3230023238154298 -0.764221511996964 -0.4689713100252354 -0.13873145855384078 -0.20301957140605587 -0.5117578801473839 -0.46487274842894794 0.5932866042730525 0.6814008171528619 0.5458873035077249 -0.021942614295754264 -0.2368567412293888 -0.05845235220234807 -0.16303521983604793 0.2496229181055795 0.1372450440593421 -0.18016021749435143 -0.147409981028529 
-1.4823674990102673 -1.201272864316219 -0.3941013954916597 0.47140476334082393 0.7621708073450297 0.5694997962241862 0.3331941600624252 0.06573639549865481 0.378518113845976 0.5852261818747059 0.36909398735686116 0.06667415271432686 -1.3234594108923758 -0.49370779987200725 0.24434460038391967 0.37488701641644684 -0.12502929950332012 -0.19640204231215017 0.08077418359991713 0.10009658072794021 0.07964958052632998 0.2027809284172485 0.24507046571246516 0.03915138511718134 
-1.4925002885759446 -0.6404090865557901 -0.1636480332123913 -0.14637188058649725 -0.38000406433369016 -0.2976459973463154 0.17910407875702725 -0.009326195146974095 -0.7461740112296438 -0.6093303478559429 0.18892769388018865 0.7073212605305568 -0.9503948976816249 -0.7713666321909965 -0.31572769111918214 0.07992479408028884 0.21650872947507516 0.12682918560688924 0.04369055749449152 -0.22359324856199603 -0.19247388309956084 0.09865828587150872 0.12263306440983235 0.006264422685341072 
-0.7419035473611144 -0.7419024644393959 0.18049874666517307 0.3176289142916749 0.12686621196885517 -0.07375805882921177 0.23997790906801142 0.2796704246339178 0.696528441790425 0.19424193668913045 -0.3219886422269717 -0.18041997476459082 -0.5542652769303563 -0.2501447134152497 0.02968493592352302 0.09769921995441148 0.1308224330845724 -0.09534323602756556 0.10429117173342971 -0.05320189530864822 0.04990637887642559 0.21208939137946392 0.23431039867989611 0.2174531705306938 
-0.6122188904121098 -0.04647310061373755 0.2213758115510034 0.31094118961353745 -0.06324764884076173 -0.1876539166624322 -0.4074658708016975 -0.20040878087860742 -0.05055482469877734 -0.23921419357557924 -0.2253774498436364 -0.40700408446394826 -0.74875286601652 -0.34819911285801664 0.4020826599021469 0.2584736649150689 0.09296138431251937 0.012237046745296595 -0.04381165811365581 -0.10104781823169233 0.05946121935118276 -0.33880458863602886 0.08673956132522598 0.14598954483224816 
-0.2597123673011157 -0.7478067170414961 -0.6756681256439261 -0.05034943162242789 0.2113253003448483 0.8005334639649413 0.31360561964149847 0.32088337429041613 -0.11901061604873397 -0.23610006940386769 -0.1266846368209147 -0.02852268638050201 -0.4620257050766197 0.7151133722001416 0.21990626775767105 0.3165544398958442 0.11173324182502918 -0.03160716266426175 0.20979423881023096 0.41534810982418424 0.2331669053374366 0.10229098300428281 -0.36278582849032914 -0.042842899088956006 
0.5126627194436162 0.40714037831930994 -0.9418125767642824 -0.7378037023746526 -0.7011177614592448 -0.7715028989792817 0.27372519781125115 0.2732107847198537 -0.5167881403636125 0.6222544210986428 -0.16894299279851782 0.19340398184176788 0.17665990360893438 1.586357493508877 0.11211797229065042 0.2852412820986932 0.17300986392510612 -0.2456500944611335 -0.22985051053742203 -0.11706100545301819 -0.01830903527036627 -0.021601838007146972 -0.18407975976784977 0.09309937398188256 
0.08173276294088172 -3.1140493205063446 0.10237413754980285 -0.10766195940176276 0.11060154280300916 0.31298792032199824 -0.7300003416691558 -1.2031836876378654 0.2301443836105328 -0.543365319660829 0.7381516147214563 -0.35209531065058086 -0.0822041578148091 -0.7596600219731547 -0.9168952067289267 -0.3516665262751831 -0.34275274744825324 0.25711582227161345 0.19741646665909932 0.06194314382905064 -0.014350122441748195 -0.24160480180543295 -0.08790572727758077 0.1760133118905548 
-1.3129211663599116 -3.6224242794079444 -0.5039992369178123 -0.5161263927928748 -0.5319153618451605 0.7930691385424398 0.8038886414658958 0.9128077664445879 -0.17020521871731192 -0.020776054425657657 -0.1055562963112725 -0.5245158942745565 -0.629170458899592 -1.4402936672262303 -0.915305144362128 -1.3254460542348048 -0.3578887431133006 0.18689024886324027 -0.06360330075525489 -0.12368868035621894 -0.20001200251959475 0.20356058239086314 0.035013856658815325 -0.14671038957379498 
0.8996920490450755 3.5459556777415955 1.856110824619619 0.8938114924122327 1.154982342882566 -0.7531000216107597 -0.5437255021631218 -0.1847445480591029 -0.2492517095466397 0.8102295737745814 0.10533919676820491 -0.1976026839940042 -1.3021532275642593 -2.1842819587590845 -0.379777647661544 -0.631241353824041 -0.10861050289996958 0.5665343302614598 -0.07283391043254568 -0.23400062009461509 -0.20498347016787363 0.08444448847958612 0.304263905130717 -0.5035355049821992 
1.9911944530902952 1.398018880874031 0.9272345127871935 2.737797734422764 -0.14964193215912147 -0.7991296746026235 0.3713976803239988 0.1350572559991292 0.32294591377375803 -0.6652247727916517 0.04242164620166189 0.5562888372348644 -0.8827443123374993 -1.2632612890623605 -0.07857360113298 0.09359835084025973 0.19529793025600847 0.15352086413091096 0.28474411924705206 0.6092758142504615 -0.32517291549033467 0.21887868865573087 0.11178362991955525 -0.36515030315175595 
2.3361346359085564 0.9285749756299211 0.5260902056819319 0.15910003846254117 0.24529633665989836 -0.5905156638898497 -0.2952531298005703 -0.1123065721312908 0.5985192278686187 -0.4744744259165904 -0.24862907192716188 0.6181088385413065 0.2313065233766801 0.8705683479035854 0.7390258094321482 0.7699799610755133 0.4218647932742576 -0.4752394979216092 0.06160659851620043 0.17529531318300215 -0.040021341333753575 0.09560433637555203 0.09374166254814842 0.05043794281574401 
0.6170904772208461 1.476049938834974 0.39673187594997117 -0.4295657183388082 -0.6629661495018522 0.25121436728925184 -0.17457990245653607 -0.9512386642707025 0.3814280590460628 -0.03506012054726437 -0.26392305172225483 0.163079253913056 0.8510524565113381 0.09171618684115963 0.462248749989236 1.3820773175104384 -0.15442261403405008 -0.6060181668260541 0.002989896901471075 -0.01347417635744578 0.3653256980192922 -0.38646789943644616 -0.0981066496825092 0.39300546523735674 
0.8928244668497598 0.895235105050368 -0.0957152852582146 0.16755333556647867 0.1460500717311588 0.1474464512081301 -0.45555650632145567 -0.16748252747319348 -0.15842875818153135 0.20833423852573163 -0.022713441914282012 -0.15231172078033203 1.0309123298289926 0.22303902615536053 0.30961307080107286 0.4289853725970021 -0.06457921059324677 -0.37820496882191673 -0.29469282198787206 -0.2634596547262497 0.4691803564811588 -0.1838545203338524 -0.1909906694225981 0.30400004344428005 
0.15969216808567932 1.1395402556403287 -0.14860899171044117 -1.41266086666052 0.3632490424073985 0.6499437683265488 0.4425796778800283 0.2030677627424179 -0.39455718725904343 0.15277459329652576 0.22378378024274956 -0.23751727881638657 0.539167018319271 0.2788797168857495 0.17805656704044903 0.2962866968472742 -0.04928536651584251 0.006096776132520955 -0.3871657073465662 -0.4851675317400701 0.2382267459923929 0.1445685289302648 -0.03908585692386687 0.01812921088531673 
-0.5279031990108383 0.4277127387611621 -0.1300785728910805 -0.6363085051676092 -0.0740736275149867 0.3447345420572522 0.2802455459947637 0.10091917854089805 -0.42102921842230456 -0.016828221836928225 0.08048952035813015 -0.09359302542681242 0.3123142337948865 0.3419664880367555 0.03425745974104425 -0.0019928831317120497 0.2887173291736505 0.09781868565430694 -0.3829212068052846 -0.3181279298653364 -0.03145304120234419 0.33043604246120245 0.15024460645702695 -0.19487760817212593 
-0.29004674480666814 0.8731719713223285 -0.12025618135494298 -0.9164948885135868 -0.4050482003312519 0.13427999346712793 0.6190161934250529 0.3700630779424621 -0.2019519488107293 -0.35618447715672885 -0.19826696208686034 0.079332273580346 -0.16870304002027728 0.32566717162098663 0.008960021291938217 -0.31776671912952287 0.08460091838788857 0.16122256913536223 0.0031622126326829405 0.10947290293125177 -0.10563865196288036 0.08500813657517041 0.06565576018984404 -0.11199354928596161 
0.18075122191127413 0.0025197830991015024 -0.21266406965909646 -0.07455100411185178 -0.3359532944204675 0.1118222816749197 0.6049888563218857 0.7034036045227937 -0.16037225379865583 -0.5284943536312484 -0.26242189012055783 0.27389632753767945 -0.37750733594172675 -0.14481027118152667 0.18174300524523904 -0.006597806726494164 -0.12502522595552748 -0.03329470437949178 0.2712582750449543 0.4155229155045315 -0.10331219072415132 -0.2908320089289107 -0.14394738591815784 0.08640190093846505 
0.311474077685455 0.37513521860839916 -0.13419630720224784 -0.7402394597998301 0.24038612069647325 0.2827321911116283 0.27072138481841845 -0.42659315904228523 -0.20796971368222672 0.15358324946817464 0.19827220491256145 -0.08528130744074766 -0.7789462211112435 -0.06912708211915675 0.13798632756609455 -0.05012646630558478 -0.2150204619596631 0.1132326082627328 0.6450591571141502 0.317243294390545 -0.04568782055503262 -0.43988956677034025 -0.11808801681198595 0.10749551180761174 
0.3038583975682805 1.1111619286627068 -0.6683375257031452 -0.7046427993450051 -0.021715110162266793 0.37039255637347734 -0.35938187483678197 -0.7473214494803229 -0.1080837638141019 0.6007839416373522 0.31406209461289275 -0.2704919377316607 -0.16040286933809966 -0.03813444120802482 0.10607256136553445 -0.08596701237464839 0.006001479730496806 0.1057215608234856 0.8185270253899112 -0.030624947993189378 -0.4489398972328224 -0.1491333374425171 0.1637045960381447 0.11809327479975251 
1.985238330698559 0.5262321448979961 -0.3063784360312023 -0.45106959198025587 0.08289409341863707 -0.3347029686703493 -0.8339759123380638 0.1436957217723855 -0.09103273213790841 0.3988450755199917 -0.13224490401762773 0.029039870792180844 -0.01672839372861379 1.0457873583355914 -0.07407174837753445 -0.9450248776748179 -0.14632554704509163 0.20024328504117692 0.07430600636838963 -0.309517636000086 -0.16655109189574288 0.1844908843129991 0.1355947169966337 -0.07820447877587795 
-0.1749222965809789 0.0413746435783775 -0.44479068934122257 0.0387650991023063 -0.27521171997303984 0.10337517909545169 -1.2982435712696068 0.5101340080950264 1.127978947127652 -0.20372525432960564 -0.5882771237698974 -0.13754408597804235 1.0398798564805947 0.9310234541040622 -0.5348022419022105 -0.7524382774040829 -0.048085013168183144 0.11408363205900884 -0.5261934002760628 -0.3498474813594123 -0.003317794003848943 0.30697214867367656 -0.006998550291645589 -0.20064033382125454 
0.601049605945926 -2.2273332138562107 -0.02375448025060578 1.723131224000968 0.8061110667371347 -0.18448897537288955 0.517234213929662 -0.1267679798297019 -0.32634779346587506 0.002365194512656321 0.2426576631140554 0.08285820301007701 1.302977118716016 0.1965819450577193 -0.5222386084075544 -0.28290665088363376 0.143027472002211 -0.030208650530868093 -0.7021435041831422 -0.044782108978375056 0.154336939720817 0.15894702173135394 -0.15009317534659572 -0.0356887080966353 
-2.123686809497187 -0.3051257542723764 0.794757222113188 0.4655716248766312 -0.2390685573169662 -0.04696533645227907 0.5435932628575435 0.4374528453989576 0.019527148861428256 -0.12189256388000991 0.147606461921988 0.3045198976231548 0.5796868413482094 -0.34646614048239055 -0.37294384150803284 0.14593118861451693 -0.018383708642198782 0.04597891300694181 -0.37008873396197567 0.1679011958207158 0.3064161492292122 -0.11494240750975486 -0.19400925955949147 0.006288201567785405 
-0.9493107689913849 0.10973650865021511 0.6405634334642558 0.18424709778348297 -0.36425990391603275 -0.16890675930387966 0.3515361831477877 0.31438263005554506 1.823478327523942E-4 -0.11891233489886799 -0.049907170823783265 -0.08492599671851181 -0.04530201280488252 -0.8151871316288076 0.14744947759411753 0.608982801605495 0.08760209518968536 -0.15138402486655403 0.27553023988903425 0.06944386162838066 -0.09711804075024866 -0.03948005342785657 0.11210838350203556 0.12268645106131885 
-1.1388026331569514 -0.08776179622766378 0.34188187832544514 0.37041359636749804 0.36512489128014025 -0.04235266795987869 -0.10512835399274256 -0.2141448843097445 0.045465428790701645 0.2017407329054211 0.1400330718774964 -0.07251659081710415 -1.049222280844738 -0.19550545710585077 0.30811165192971934 0.15453671791263457 -0.11137855942034935 -0.10322001984896906 0.1633509066945817 0.17446422152676097 0.0844416564600066 0.013237806037497043 0.0728587729968083 0.054641717819576135 
0.2445135561904559 0.1095462020078557 -0.23966524113908694 -0.05623816656095049 0.2412080568695254 0.26735676498057237 0.015004302687702253 -0.009300699860492811 -0.04796281117976575 -0.04101129359648947 -0.08988079236980548 -0.09668290595375006 -0.07378688990778404 0.14515467232751936 0.11012799623017007 -0.19913548466878903 -0.10801218416262719 0.048835168696990304 0.22789981317136396 0.1269065987447174 -0.01592152947857634 -0.03649425589607271 -0.056385059487653266 -0.08698359886211116 
0.4270678704461067 0.2814857703663556 0.31053660362570135 0.12220410331094422 -0.20766685944869723 0.044562960952402086 0.22180648300384115 0.07590184577669362 -0.20972524101233245 -0.2005565026436903 -0.050983046295425785 0.1464731987820455 0.5363932352802943 0.6062059271467354 0.2954165641405284 -0.08389230774930823 0.021688180580294352 -0.028516376990982067 -0.04774914115420703 -0.14048937168151623 -0.11526876719686341 -0.010800276587199972 0.07562972462192485 0.08240293204395445 
-1.510885351069562 -0.5103512916293527 0.3258520821236175 0.9057582983181269 0.24617252393626754 -0.35887007985099095 -0.495630674864596 -0.2113605312218262 0.17554227116999846 0.19171905056390584 0.21475606672563763 0.06652990506824683 0.13199904823046313 0.6357321779081304 -0.12180054626065966 0.2299959041894952 -0.01719478676381858 0.3724503388789994 0.1997831685592404 0.1496920553694368 0.012338767478962615 -0.07692534426768594 -0.05519451181516688 -0.12244641069683715 
-1.8702828853678253 -1.5964308308492656 -0.8271264757274923 0.14109228717588396 0.29757811600588613 0.35630988542884917 0.29343655824602766 0.3083531464154709 0.2795191892064098 0.11777639058682335 -0.23917453153599974 -0.401331792459966 0.21116640104656306 0.4226413475006809 0.25360749630981055 0.20400659206632485 -0.1298921972315937 -0.09475398871165615 -0.12359970125932172 -0.12023227542195282 -0.14191472284518414 -0.10925875107489942 -0.026010512429580038 0.03614285647643532 
0.9971917894060325 -0.8586920311087249 0.6945679373194888 -0.7556699710619059 0.040169929433689466 -1.0058677138946495 -0.6201602406111122 -0.5746025162881919 -0.3296013287260247 0.030598292591311527 0.16979848569598213 0.5445588217577672 -0.33461544625278766 -0.15087068802007217 0.24294803099130555 0.28498173586690406 0.06474447372015128 -0.23701012895762089 -0.21344172505153228 -0.0397999097525965 0.14335130584633182 0.15230149445743324 0.059021846967610446 -0.02200724961485707 
-1.4604699029313797 -0.8122679023960009 -0.634643812901666 0.34089846180198613 0.2850110294973729 0.6523237441091998 0.6548703696550644 0.618219664575735 0.4685907274712316 0.20778012956730513 0.049527281508142076 -0.20096982899202062 -0.18252672089606548 -0.5496716131356189 -0.1670234368186001 -0.286577811503204 -0.03648574393190995 -0.14048956337674895 -0.003488853098818486 0.025370305658899295 0.0256674334978003 0.055535477239799035 0.015896349423952027 0.08433728734981542 
-0.7119455035294218 -0.44982069179576856 -0.49923334226321225 -0.0490899965956364 0.058222646030070324 0.2041533776816964 -0.03602240541451751 -0.24689406104416872 -0.3490474155014079 -0.3101873022986348 -0.10666038069926462 0.03237067217884537 0.3552426783439937 -0.20801491130881203 0.23725217393559217 -0.21885454335411092 0.028786092108582444 -0.2768266516332138 -0.13812675788554143 -0.13388824196079566 -0.06923985430957984 0.041511668486973886 0.10612968733797574 0.2521875246365597 
-0.46813407621190173 -0.15185166109888737 0.27084447451965854 0.6475357344523611 0.39800898950342556 0.1727680297709231 0.011834199944185775 0.06838800181676141 0.21223993210070047 0.12156275631239939 -0.14863414661023244 -0.39824957971995134 -0.2391556977869366 0.1119815052708324 0.115100866859375 0.3860501065575102 0.27793806233532853 0.30056942923218405 0.19590718377406233 0.13670482258473973 0.0849389639551467 0.019092664586730135 -0.008104516232611597 -0.1098942486177193 
-0.5647041589856876 -0.5648554178308456 -0.46993272819794996 -0.25242497732476066 -0.1026873268950842 0.06439009817413022 0.11573811790095145 0.10197804097368185 0.00629363188798035 -0.05082802624215727 -0.04950986225875789 -0.11336387678794654 -0.12717959608272875 0.03215092534415106 0.039225493332511276 0.22948268261640714 0.23970153432428024 0.24970885641568855 0.13432340796490652 0.015280338311869923 -0.053208487728397695 -0.1013138304776134 -0.13328620323855164 -0.1458058014107037 
-0.8166234818424369 -1.0906950551909596 -0.9945967205124221 -0.7155843675059825 -0.4683481710460353 -0.17950290383356915 -0.00873144332485698 0.03366914581259042 0.03610331191109738 0.02082249777887596 0.04526557098572351 0.2015801913445333 -0.28266662462692366 -0.23121557544846075 -0.10687155979016956 0.12272999322936955 0.19268766009822338 0.18077210826988652 0.08159257557332067 0.060852607079946476 0.0686317239090224 0.05373077358440816 -0.0010077489344917552 -0.06933648171916128 
-0.15616201246596795 -0.07685177078218564 0.015810775255294285 -0.05597799346568599 -0.22770337666804 -0.36883772476312315 -0.42870980767471567 -0.275375647977693 -0.10135364222141327 0.044124318400967144 0.1962483702184123 0.16987319087871416 -0.5103143956046142 -0.5319358810807219 -0.3160623965323402 -0.11448761186364646 0.00124344265094876 0.0807904904992367 0.09317749301469568 0.056261423237308046 -0.020725043766427115 -0.052930035825378 0.002458126864949242 0.022158824434113433 
0.17559472440900947 0.2977932417221649 0.3485874021635451 0.18112226283471516 -0.11754596590476675 -0.15293438357010974 0.03928043601205733 0.0745070250526094 0.060168397428330064 -0.0871057367623873 -0.2684900160453423 -0.33185866839579786 -0.29071642505610057 -0.3540544814287345 -0.2543554667012689 -0.19699456047337796 -0.19515863281552437 -0.1267299572504929 -0.11612861299781015 -0.057034003839282726 0.04613578718709745 0.09378832355468492 0.10160357531376389 0.09858272784276345 
0.470129924702432 0.3367080769547579 -0.19333759993891286 -0.35731545690417016 -0.28181875741856477 -0.19126563345530956 -0.1878003008115927 -0.08722516835825178 0.05643622042864535 0.16192619850460838 0.09999355066192728 0.08687907977987874 0.04249364574239204 0.09164402597181194 0.16892006287048686 0.02417898178287674 -0.2132224803926971 -0.25224399658848146 -0.15002513142937116 -0.10517747199551784 -0.09131768516480754 -0.08096106740999132 -0.07342612938975758 -0.09672954369951842 
-0.25762017525833514 -0.23531153477322775 -0.12695613281151175 0.026068045633393433 0.14418541777580018 0.11190092226400278 0.219199642237012 0.110695917520718 -0.1811989809752243 -0.3194434129369994 -0.21141774517732564 -0.05267093663433932 0.21060727581145797 0.3498677290234204 0.14961507805731952 -0.028065879324495002 -0.11141933454679039 -0.21535029955888127 -0.19927421534735265 -0.0652266233306937 0.014825548809744613 -0.02075626594564843 -0.10200675270076731 -0.045528443537102364 
-0.06703549985947177 -0.08523146044992513 -0.2531776458686379 -0.050987830213655355 0.2810983726697678 0.255476612085265 -0.06859401649907948 0.022062321774806215 0.2932831024747865 0.40317635871824714 0.3879906229536767 0.32046795609654016 0.035039371941244436 0.07138626836946031 0.037133118954637355 0.09614234866358572 0.05018936818570996 0.021039310852431936 0.06802511845071817 0.09304044745244085 0.054728711807246096 -0.01497142165283972 -0.11919543635679981 -0.12397067616181125 
-0.18764439074441253 -0.5408401766457547 -0.07033780904355091 0.11215608746294276 -0.06474652730856185 0.2697453923362467 0.5774999398978586 0.2155431499781615 -0.10273169002397435 -0.14546201903226139 -0.10646829408891506 -0.3120677759428215 -0.11795395037942462 -0.11294627491462683 -0.0903778397072928 -0.022900265244834548 0.08684725055857433 0.1137996753213139 0.12804168944989944 0.018046236369862106 -0.057302221014245806 -0.08408271707301118 0.035250762230859545 0.10661871946141051 
0.33002391662173736 0.27531359278264045 -0.33304611868680534 -0.688786523809702 -0.3279208894335136 -0.3333058010487273 -0.5710258049941705 -0.41877012694429605 -0.1469835604687179 0.11984976651075853 0.40510513418812144 0.5884895279195536 -0.16769831776029095 -0.2624207698479895 -0.30071891040537574 -0.14770317349315296 0.10953158770065219 0.26782082909662147 0.1431856254721645 0.04364922052368488 0.1132192744204049 0.20607408395684965 0.17866752342278625 0.05274058947337341 
-0.10228803236066586 -0.07674523664563004 0.18411162271945036 0.4136681881659204 0.1881532971517179 0.06489310286705724 0.08629046813485919 0.2769734327706828 0.21084101353926532 0.07446803438577843 -0.32572728748712665 -0.5065378809300776 -0.0417779062082424 -0.19673984079220933 -0.13382242264523753 -0.10116078122648703 -0.14729623672909373 -0.06205920132723164 0.07975705826695345 0.028115024360246654 -0.03936678312684518 0.015012846436964053 0.0799668760011183 0.026998639313113137 
0.39338127422952773 0.46998337909398114 0.5217543694659887 0.24136563991431464 -0.1739463026623287 -0.4455597304700045 -0.2525461570340733 -0.13960048119250906 -0.20316107256804802 -0.32501091986132175 -0.038382450615576214 0.259481240170048 0.13881310702337504 0.16942844067561502 0.022394039764601397 -0.19075149702366853 -0.15616771371607216 -0.16722288296331225 -0.1843079187000607 0.022924128287703776 0.03556720198214528 -0.020712109358616 0.036998799635132286 0.11093269165164686 
-0.09398935092358052 -0.04795554742479702 -0.09627078518423537 -0.04943765071960449 0.30015488949312685 0.5120499610285802 0.17898894111694963 -0.008386745978471936 0.043457415406226246 0.03192978484288658 -0.12462512969042114 -0.22855955000740813 0.08570475978674012 0.057921757606827384 0.059173283624313566 0.045110441030477066 -0.08615799294040766 -0.19979257315229826 -0.19989743481484526 -0.015859841595363966 0.10545001649866732 0.07581513373150144 -0.03208737269318187 -0.02622899943551508 
-0.09056474516693047 -0.24736657385462113 -0.26003703402876666 0.11502088670406607 0.08458145554399843 -0.05521558123955206 -0.06445128538503364 -0.34486242243283005 -0.16999336734863424 0.20325521935805246 0.19355765638437183 0.11670228750327827 0.21243742869872997 0.2526560647832577 0.25204980621223005 0.12934662776234473 0.028539962823719362 0.022579096469495335 0.01928729053568473 -0.09627551905626562 -0.1505387248889143 -0.12488525439886473 -0.02204250151098083 1.8009324868080898E-4 
