0.0 0.0 0.0 0.0 0.0 0.0 0.0 0.0 0.0 0.0 0.0 0.0 0.0 0.0 0.0 0.0 0.0 0.0 0.0 0.0 0.0 0.0 0.0 0.0 
0.0 0.0 0.0 0.0 0.0 0.0 0.0 0.0 0.0 0.0 0.0 0.0 -0.011258692419929458 -0.04075896495066855 -0.07444804442482633 -0.08194418143883198 -0.06877262000694832 -0.032479179468537345 -0.008511253548135589 0.02074615803019894 -0.012412018536577585 -0.0636260776453364 -0.07701160637305456 -0.022211618292196932 
0.0 0.0 0.0 0.0 0.0 0.0 0.0 0.0 0.0 0.0 0.0 0.0 -0.02172894507003731 0.006079207351752898 0.008343797697560626 0.032065843374540125 0.047716026804755084 0.07945148464320277 0.09238769728580076 0.03408551433686987 -0.007268055960974758 0.005855644647588189 0.04365938749214459 0.05264331580160012 
0.03377607725978837 0.12227689485200566 0.223344133274479 0.24583254431649593 0.20631786002084496 0.09743753840561203 0.025533760644406767 -0.062238474090596824 0.037236055609732754 0.1908782329360092 0.23103481911916368 0.0666348548765908 0.04096402594241214 0.029085487152049765 0.06076964990773479 0.1348284454122102 0.12527524525822528 -0.011343654293824168 -0.10896202781966068 -0.11897081044036416 -0.00474187600932451 0.09055596458415116 0.0835518963405605 -0.012767961606102931 
0.04829879658021774 -0.07937606948126152 -0.13670345972992137 -0.21911380228186833 -0.24630701042468772 -0.28707322313241435 -0.2899299721796057 -0.0711373059653112 0.0031861400780578975 -0.11300605041076917 -0.2464955720360156 -0.19124737484309579 0.027315505057515566 0.1065107081237815 0.15681756129615154 0.02655854400225179 -0.04701655977605934 -0.051654455782871304 -0.007882472785448208 0.05050483383070492 0.11373774462679492 0.11791248845644615 0.03496401750862283 -0.10344440294235711 
-0.1470414761173453 -0.04756842671551853 -0.1139572198582437 -0.2949284350956965 -0.252672230562332 0.17756757444767968 0.47185106954878486 0.39248108430374806 0.012632557988944582 -0.2151648685470689 -0.12740790300367372 0.13392757223985668 0.019137731632179616 0.07235391004844545 0.13982098660882142 0.059386839010243754 0.010719639529214267 -0.04969602112479646 -0.11215488942482936 -0.10615550176311006 -0.032969007758105025 0.0429802733934081 0.10123480915397931 0.09885887697059853 
0.008462261516020142 -0.2346094635875824 -0.3018020073220933 0.19070485769934084 0.3705447246197665 0.11489834932758008 -0.19951123609584442 -0.3788742806892872 -0.3289114850699907 -0.15071591462779937 0.0743293085355502 0.27668685014543837 -0.07328115365916954 -0.13267063658172748 -0.08133560898406526 -0.05606234506544389 -0.07403685796419075 -0.0632669669768406 -0.042795674802463414 -0.01118076898499785 -0.04706155376642978 -0.06763974665253235 -0.02008193308969583 0.07898334646014625 
-0.003718850104651672 -0.017168138240170272 -0.1135695527558993 -0.13723730270483991 -0.13426692608902496 0.04553981555000419 0.3167890608770142 0.4100965185607213 0.3021918914580721 0.08079234486430001 -0.23308204862855714 -0.4639088885294719 0.052125357654089356 0.006954399665207204 -0.11670589274608868 -0.11041375622577222 -0.010325552050442518 0.21747756088061873 0.35810987482716045 0.25778189104285826 0.009231713097364777 -0.1640018654837769 -0.16787455600956722 -0.03976783997781099 
0.19648094455137954 0.30343569602624676 0.10710953367110221 -0.12977233328096494 -0.08339908876876898 -0.03125844275305478 -0.08401194343633012 -0.046402716138804284 -4.088653572165424E-4 -0.0580654171588566 -0.1334126999544864 -0.1292791838388702 -0.007952549316427268 -0.13253727172801658 -0.19679718394686174 0.009406851984841147 0.12623843095077616 0.05363428091229248 -0.04288729426720319 -0.09884966169775285 -0.09307419735829144 -0.059239284051746166 -0.030087447460090854 0.014196426095484401 
-0.3974268905972931 -0.3374542055180547 0.03170468788342462 0.1965514290717731 0.005276332283263296 -0.4017867121538591 -0.6602282012624534 -0.5471003711000682 -0.17931389115953683 0.23051547916979048 0.48008676927004623 0.4562141091654439 0.10038706903094748 0.10107908729624564 -0.0074504733474850355 -0.06428261358050008 -0.06432031907096808 -0.02081233049509157 0.059110065217900264 0.13205048379185882 0.13408887191946892 0.06490741243077157 -0.059413479862107384 -0.16104753744643344 
0.22917392971162265 0.3231453852354096 0.21595242419882998 -0.004410064143489101 -0.07794219741870612 0.17765877044263428 0.41765927777549894 0.3962731492343661 0.19106399831368814 -0.04785962962530609 -0.19199275803347893 -0.22596392698847273 -0.11973330441595402 -0.13298285730430734 -0.09948503750580047 -0.07902656620321631 -0.0450972715319841 -0.06678193114481418 -0.12188861042059541 -0.09557955082182366 -0.02360328589245674 0.007299850474546482 0.01237499101465809 0.034288334681695676 
-0.32122654977761567 -0.3302602447334886 -0.1456395779773081 -0.007070596532077589 0.05596558544884786 0.0035182004374343656 -0.11137674538260112 -0.20739286550144037 -0.19581115613578698 -0.11903278619478996 -0.025551580002738716 0.06757609538462972 0.12062793218722472 0.11646198930453348 0.04096059809908129 -0.014703486634446946 -0.03875111420000143 -0.13271073101644268 -0.23681504254976468 -0.24431744381594925 -0.15240820205466096 0.005891733589420624 0.11970582904789046 0.14607564379867635 
0.5175806873894029 0.6987872875468857 0.49423677911887 0.20911837813060935 0.026548099244391055 -0.03356510561425896 0.0072281598855299944 0.0704821835273528 0.07864962480827875 0.09480916409979417 0.08228150163793181 -0.03782518099355012 0.002598441775197783 0.05760459634069648 0.16602263566420125 0.14239307745590002 0.04508641211824782 0.04267439042758653 0.10881430765893867 0.05133762781290077 -0.014297573960506718 -0.09151642657806332 -0.07620213073633976 -0.0306201250292031 
-0.9035140659978573 -0.8746611245873932 -0.23031928387383926 0.1338976678380647 0.06928452655171899 0.10195741892391552 0.2554324853318251 0.34874744320128626 0.3341179017571507 0.14150588153897847 -0.016167847709330496 -0.07608219522804643 0.18831809262928845 0.11600335599286764 -0.05717418445125335 -0.0733927285133182 -0.04324682000973689 0.006558570254983076 0.04389950305471698 0.09717571610104203 0.06350015958003741 0.058045625254461296 0.029639485993839337 0.005303573649920586 
0.5125223624961501 0.42253203614027246 -0.23977562984550815 -0.5020734286962603 -0.21986090432488514 4.1598991663410745E-4 -0.09218826055853019 -0.035809888555699554 -0.03100780875126055 0.09642031624199966 0.03192176802883623 -0.06227440659452535 0.054533894631046444 -0.13665277595642586 0.09153814331587601 0.14701207733779745 0.2760946109527808 0.2825633267810473 0.04126201421080095 -0.03211745234780158 0.038934458943675504 0.11494244783547086 0.059526502028727744 -0.10130612048075371 
-0.8836516652188546 -0.5401426870087849 0.392889179858641 0.5687034924213118 0.3089105472626966 -0.0331480580929614 -0.19336704432472196 -0.4457739777630403 -0.33148291809612956 -0.29397523802927655 -0.08929017117970894 0.06388998723535558 -0.9763835204764998 -0.4954367856330621 0.03140794239127672 0.20275282750303866 -0.1679141919754665 -0.29120247176460423 -0.028865570710939852 0.16657168783258183 0.2524915434052763 0.05302245586608329 -0.05409920420120919 -0.038638511050386834 
0.3440478031067622 0.9414863966268592 -0.09198188269499818 -0.4493207661744065 -0.9215487439694401 -0.8137023474489623 0.10784188208140066 0.5640952510529208 0.2946466579038924 -0.03227761962249087 -0.05973684271306218 0.19610708921701003 -0.0975625883178733 0.3124466545657379 0.10222349097767176 -0.17240606141238382 -0.2307573354388206 -0.17028299869686334 -0.09013287769069855 -0.0960656018058657 -0.07355606839812362 0.02980628869831732 0.014080707137551903 -0.14112535582901617 
2.109873775126336 0.35217205206849966 -0.3984399846229244 -0.5007371459319782 0.923871022300396 1.3826240029005263 0.2420141261446792 -0.4509201901007694 -0.5861839617862546 0.04678748187297385 0.19195907026524628 -0.08935740998265362 -0.2862794898713905 0.014888314516942946 -0.0011523752393443238 0.2135227655901263 0.13542762993778668 -0.19657086784474223 -0.36311448732731444 -0.1395049774837658 -0.04306812784365094 -0.11418940606895513 -0.09399083589580022 0.08761876334883789 
-0.6915525927228252 -0.9609652970955835 -0.15078152053774074 0.5498650747175362 0.16493086447272692 -0.19662104448951978 -0.03948021272113511 0.25496002303076204 0.31701091828817285 -0.1633799098040775 -0.1509449741062971 0.4377253595015277 0.3648537006504597 0.6415458393641006 0.33045877293595144 -0.0398126190351983 -0.19655707733726044 -0.02806468723660686 0.3783376437573925 0.4044548895007063 0.07042217719791806 0.03144124223657222 0.036585538851205135 0.04266191331291567 
0.4929870023101106 0.36641821630160765 0.4257461244980453 -0.5714577247950385 -0.6406121467717469 0.248023893961544 0.9696374650584894 0.1273085686993365 -0.21346066475731698 0.11414412526838214 0.2382864022043092 -0.3197754379534169 1.2587249520625654 0.79763001752808 0.6294514761641352 0.270807427723715 0.44320288838084015 0.4873719981731815 0.23851168792638333 -0.17768312589949412 -0.3365566628015945 -0.13647536368112032 0.1713627404239415 0.21173372224953238 
0.057930087563495825 -0.9902742035819965 -1.4954512560633373 -0.29452261963728144 0.45036407257841266 -0.16220823126965056 -1.390982718647682 -0.9383837968492509 -0.10298152220433066 -0.1602796680299117 -0.19265712523620904 0.18333036326364466 -0.7314383230880465 -1.112101033459165 0.019580091236351498 0.1964320489494571 -0.0934162077483327 -0.21062434547011188 0.12365840629170426 -0.026069453345578864 0.051294945141526584 -0.10697547217554453 0.044274623497098674 0.16022239805542526 
-2.0410424212045206 -2.0260635472725337 -1.614459545352532 -0.8909655819257144 -0.5484542468949672 -0.09669839822895288 0.2022303153288026 0.6788010975377194 0.6334822468647806 0.4546634520292519 -0.3012730754416223 -0.5973610786123094 -0.2814069820632805 -1.386437155583198 -1.1751111419924365 -0.4264443095182748 -0.1573129902859248 0.1253704569582805 0.010635237782767462 -0.025302327845963275 0.12844657035781767 -0.01948565254762885 -0.12393136316168489 -0.11096873201112632 
2.76977708829863 3.5715786850689817 0.8105810406784935 0.1203228564345028 0.3991005377793352 0.6076131380160643 -0.026751856731404497 0.05742211864830715 -0.2603453729474557 -0.012713156657878824 -0.013989105774627364 0.09585098566469813 -1.0048279395369821 -1.4343785908874374 -1.558090001737483 -0.168613630705876 -0.10026313394561953 -0.06057282109265749 -0.23300812601624285 0.10017147989911664 0.00999476750170599 -0.03911060632669342 -0.11435417495541018 -0.009106734007007048 
-0.018715551867614977 2.244803238725712 2.7980634021044395 0.5004524657238936 -0.14304140851443387 -0.512998161556155 0.25561632075204826 -0.2946874055115527 -0.5201184504592075 0.09881782722525226 0.520746481958573 0.05687044687943531 -0.7046029206369808 -0.7169828423850664 -0.7231960430605217 -0.8005008350714156 -0.08268940777536014 0.84136798291488 0.3313704054838358 0.06482995177620249 -0.20813442409395375 0.5474907100221713 0.0037335432023381707 -0.3869648255360126 
2.061250471505989 1.177428176081193 0.972557275420626 -0.4843907513444574 0.5484470552250046 0.22766011367192296 -0.7186513433105763 -0.7521539850219647 0.4438345239525454 0.1349749633521684 -0.2606043790700761 -0.11646519746120654 -0.3786427983570449 1.3240932081169914 1.1466130594359174 -0.41765292368990653 0.21880744145689004 0.3787369547267878 0.0454177494292922 0.0466124291154432 -0.2746124053358676 0.17942064420979587 0.07731880155424169 -0.11516331598751212 
0.4270296491027423 1.3219602343765597 0.4741404664579667 1.8128937271780123 -0.37505928229172153 -2.430825834801522 -0.4459311578331189 0.8890992940442479 0.9057955706966414 -1.2616527380422857 -0.18916606840091238 0.6696914895586806 -0.2993425642654408 1.2954254890827135 1.0217745377725957 -0.7704209878367845 0.6606251417471218 -0.48286082145592096 -0.5473016182047812 4.331455396942389E-4 -0.009687498403293601 -0.13547023214393805 0.03403661489483508 0.22096339132980725 
3.682832882884586 0.060720562892583985 -1.4672966698060224 0.7170609967771631 -0.1413128497026911 0.4303161104583846 0.18776863427330248 -0.6743085184759228 -0.14946516751777728 0.12926019334650257 0.10901076474239024 0.13493041228761182 0.8849247235397645 1.1699500615148106 -0.08631271336921816 -0.23452866313946644 0.09623387502256064 -0.6385354492288081 -0.5728243557322922 -0.11639093989014888 0.4954247215055409 -0.25064936569300983 -0.04407597587674033 0.2632355184952231 
0.06852093523940894 -1.0831194219281235 0.9526667613999766 2.210989555173437 -1.7800368812919514 0.8342563044183773 1.4443111865744525 -0.3349095754036564 -0.19440610951416532 0.5080859086598993 0.23382906536783454 -0.7317175319843956 1.1152366130779758 0.8913065156679346 -0.7761364588804912 1.1167651592629828 -0.6419564702745116 -0.7573414638180912 0.12529071491344093 -0.045146557760371575 0.43746309679822515 -0.4595475150145716 -0.009309108126928645 0.3163761469623954 
-0.4142693421816377 -1.1298821803108972 0.9922322680572755 0.020147324076229545 0.9622342296574375 0.5107253917483975 0.05470055168251442 0.2090232693724341 -0.49233880045867373 0.002053737080105311 -0.3398740183242286 -0.20546724217533763 1.724025721820384 0.10842239395092627 -0.5686711618747955 1.0591275140500291 -0.7771460032004036 0.27319275090099 0.34634858408722174 -0.4882050345137538 -0.05904440087917719 0.05525767748566174 0.015487945069268058 -0.10370912988626473 
-0.8701290775980732 -0.7566579410255034 1.5727853741677915 -1.1889449142604693 0.999036588851749 -0.19900608399225497 -0.7552692612780477 0.5828730734011841 -0.2351569032275858 0.1805930351346276 0.06320364751318297 -0.10923812409703082 0.15319588472482293 -0.31214258709121134 0.4873918190672996 1.0272771614352438 -0.9009054284503174 0.30819211484087417 0.5102496380887263 -0.0812345547512849 -0.07479777954052053 0.16705568563232312 -0.019073375879104053 -0.3839614834885174 
-1.0199192761578253 -0.42777735941150485 -0.07134249056554332 -0.7603543106559714 0.8005884248266697 0.12736905196073062 0.24851310593788745 0.3314152606629183 0.048043431976464546 0.12723359765215322 0.14785963846191186 0.1348180980027236 0.048963175599277285 -0.582330915890611 0.4365630406874616 0.01595814925728704 0.3926080623136928 0.31879856891402086 -0.18550159114012213 0.1491978188435279 -0.276514413323856 0.01555803732403932 0.048792465436472 -0.19171354040307056 
-0.08824175194696604 -0.4977440711041856 0.02227868350948725 -0.4805911117661936 1.0035023064743847 0.10135812978958825 -0.18334400481941282 -0.1524019067950438 -0.24020388711017288 -0.05567107852309405 0.04718236461207648 0.2500242483921259 0.1054831895505141 -0.5232261827860419 0.29005593780025024 -0.35712350985975855 0.29772646516541773 0.13693926341300086 -0.28786524249851575 0.28534564072759283 -0.14192205858951765 0.04633550725326766 0.11279498330336334 -0.00892998630273241 
-0.9521025318050231 0.4876536324002769 0.4577964913240429 -0.3819040249427694 -0.21782281609495868 -0.5958524218845866 0.32524269687356333 0.12906730293996438 0.3397279314541878 0.07351168193684818 -0.47824077318309133 0.19004219278929577 -0.4813007882663028 -0.06907500047514681 -0.10311893073401161 -0.4987567645823023 0.2826023207691073 0.06205226844002661 0.15791193474838772 0.14691963989254683 -0.11971474216148274 0.08666980157710925 0.12722049578662478 0.006122005116629331 
-1.2204870184260166 0.3553051114267314 0.43804806982224775 -0.3067995275377946 0.6150628138163099 -0.24821313730859884 0.06996167074966153 -0.17198986992011744 0.0447670228021055 0.06844747123247713 0.03786890342559457 -0.11006021258211968 -0.835143579660051 -0.09049110318767599 0.18994953048215132 -0.46307766644091836 0.6807596151786458 -0.26957144490331225 -0.1608742462593703 0.04591998747678116 -0.04869902705551744 0.03410838758802435 0.01346919310587972 0.07287260799082673 
0.9901057218806084 -0.6470769492515229 0.03012960848011126 0.6490201909767359 0.1470012088483852 0.11599788018974433 -0.3518755360918129 -0.09954967745218535 0.2647022035047735 -0.19483508195696014 -0.2291451183047215 0.2964943131399584 -1.8949824818123737 0.37032045707125016 0.27612147370970624 -0.0938713208207983 0.660287272801864 -0.44493644359923074 -0.22361946876680802 0.11211186413146786 0.3242576804910462 -0.007397924472266597 -0.20359303484510602 0.16841431018621109 
1.4460848601903713 0.34109452928474226 -0.3337364665150009 0.3931797795968086 -1.2211885515332246 0.5541473134623596 0.6378378504413862 -0.17585337902931242 -0.05659394196891343 -0.02382285934026296 -0.1177730421447476 -0.0218196357556856 -0.7947803948609042 0.1546663195725609 0.1464732395284433 0.030312209952786422 0.575559096103575 -0.0870512388201848 0.0023446613200684974 0.057805486054994394 0.08685245026237413 -0.06611561804242404 -0.10156588979884905 -0.029809684357487116 
3.399558974323904 -0.616202447742479 0.015324338363548407 -0.45027971604767614 -1.2805589518257832 0.33777668352762635 0.7121630133281251 -0.20533653489984172 -0.5823646276334413 0.141840620640018 0.21035930413739778 -0.3593210261825545 0.14571856045332243 -0.04939193467361417 -0.08382692614173948 0.4007741772631044 -0.24000040792800503 0.194841612941295 0.2783705958415991 -0.011156351072189116 0.07960922949193527 -0.10527380156293965 -0.12575176208835778 0.03297876037663624 
-0.04087246006495171 -0.12413109804547329 0.00603098629519927 0.15191379611605216 -0.3978343941573311 -0.09794882251698543 -0.469091587920513 -0.29251289936127245 0.20774308758409055 0.09845647406126012 0.12281436160108206 0.3072765101515981 -0.3182425947741902 -0.011055551141732364 -0.2950668065448883 0.09085990787251026 -0.5696837685695969 0.36736378208956366 0.5487199333368339 -0.0993778061732975 -0.03403999315575631 -0.05078284717311713 0.03185881618469858 0.05250023085411879 
1.2964287006483026 -0.26628833156557263 0.11172666050022961 -0.4326693490721989 0.4553253539444535 -0.14247889064446817 -0.6335226044356604 -0.007750864069637986 -0.10629399974753428 0.05984665603109729 0.027816466087437042 0.0330099590564078 0.10175002728078238 -0.4997627229254884 -0.17488759352649255 -0.4240513684116478 -0.47451780209901634 0.09103657156293898 0.22870885367125227 -0.37421804650565044 0.03220948813489163 0.06692284961565143 -0.013821251298597329 0.13958052371353108 
3.4523777813507426 0.19930412462148617 0.5032627920513235 0.11179487249153919 -0.380079398709552 -0.3078162457202842 -0.3354791406872225 0.02348720407547822 -0.19250927644459803 0.1695226644835488 -0.12207807167386298 -0.37548582093752314 1.7795350991408672 -0.5657075161203364 0.4609480658101928 -0.2635503519993705 0.0738013243680632 0.0479937594718163 -0.2893364545735555 -0.10564121835312251 -0.12632252591903778 -0.07614835034559843 -0.10415790110014346 -0.06748633052721799 
1.3476837717737098 0.7213681097005065 0.29137121606496397 0.8419338509995238 0.13411695674737628 0.16960068044045878 -0.04076977130227688 0.7593175528987344 -0.478866910023772 -0.0944610234180806 0.3742692746706623 -0.4366814317785871 4.697357461339537 -0.39386376296284187 0.4234292645568911 -0.5667981920138304 0.04890999341505137 0.04910291749205975 -0.11748025271841767 0.14804132095549608 -0.2505430515924176 -0.20263659639320483 -0.18475386331555235 0.05017691875286382 
-5.405105293050257 1.0791632296824964 -1.4666354889177464 0.3052632520783023 -0.4586341686629821 -0.3979698864748978 0.10254135923346175 -0.3591234527860911 0.7729971204793228 0.40405536482264437 0.2620616606098998 0.7445811971507497 1.010010669760355 0.714170397467384 0.8511997829336071 0.8269995766100203 -0.0013891524380805025 -0.26194323997830143 -0.17416938589607464 0.0894933609040706 -0.07968749214407984 0.25396751198112977 0.18783204246906204 -0.16260079983335898 
-8.366902146169808 0.47537340479244783 -0.17361199268590877 1.1709910371759107 0.34787275867601447 -0.24471082274334066 -0.5000920962407496 -0.26056949850534156 0.16258195656775798 0.550490095041164 0.39000818989221275 -0.6775543062463201 -1.0481659303610484 0.7636717502155427 0.25371062445471604 1.0034180100839118 -0.017412055639864848 -0.09127681685935161 -0.16964701706927068 -0.008692531641955492 0.13435164120563028 0.5533846955728254 0.4150470648448399 -0.3278364127240228 
5.2796387310414366 -1.8202097153266363 -1.8178449523740614 -2.533732450426715 -0.4827898423596295 0.6851692258065198 0.41669017947023773 0.26495064706530436 -0.2741712333081235 -0.9148554306894628 -0.6934436566918243 0.2327530157964203 -2.1197710050777414 0.658009793935367 -0.12836222415768464 -0.15990997935681195 -0.75151325327395 -0.27245137539958847 0.011371540495573198 -0.3351960156555953 0.06387683195098966 0.3366183228727242 0.3163286082497745 0.1830950048029624 
-0.8501904491889922 -0.11996066844155528 -0.29415592557102666 -0.748822327999703 0.19843096051529452 -0.09813842512219517 0.3110968697871473 0.47335809789890304 -0.3583376567469397 -1.0951597123805032 -0.39311926121299534 0.8027418970706459 -2.0169839942315573 -0.01857794000074405 -0.11054903892672426 0.08909326464303151 0.029682123992171867 0.20335792830621816 0.10998663256968806 -0.08166135686206293 0.07526233131907153 0.1333674167546472 -0.13201378219466905 -0.08620432942152605 
-2.8041481263074397 -0.5971991155066028 -1.0212768500021334 1.744899872736545 1.870626490239228 0.3460980409132949 -0.3371677452672063 0.2795007959785727 0.8418264312837026 0.2170252999153055 -0.2953604385868197 -0.5448519189166205 2.104628469048102 0.2966353157396508 0.1384637579299103 -0.7543741598544882 -0.353560055777677 0.08822191268113387 0.12903622746866283 0.3429924313295964 -0.06371342190753268 -0.5219023375023231 -0.4997349399783417 0.14449528495150907 
1.7259432651993016 -0.08039807511533681 -0.24024892709169998 -1.235604918334814 -0.9178817795999299 -0.6852490152153827 -0.45312303158109174 -0.022860502375786962 -0.6212038696853697 -0.4155525205251618 0.5870079274237177 -0.030138850625221536 0.19117529585490592 0.040347325845358085 -0.10357293245977346 -0.25149028855963756 0.16622682335523356 0.3356191990754005 0.10188734386051547 -0.04161395057736147 0.007666204675437938 -0.4857059766325076 -0.2842113419375199 0.1896733342849001 
-2.3223135332970175 -2.729896959208698 -2.260189725403456 -0.027218675695694916 1.1360466950310137 0.714058782809712 0.41169144774836874 -0.5159173467861398 0.04840213888368955 0.3110479858898356 0.31569756892484424 0.21570753478982685 -1.3329083809821605 -1.362218373337188 -0.7721105460478809 0.33070418127621626 0.7080140106646602 0.11424275119688583 -0.06149167989380438 -0.12776941951847057 0.11396285585240999 0.12606791317033114 -0.17543229824093662 -0.3543347286488898 
-1.664633633258921 0.825346275873418 0.636019309508955 0.8917078118953297 0.06704038805370094 -1.2889763932966054 -0.36899475830218664 0.9959090210133437 0.015375875426753005 0.31494687452975434 0.1539857608437325 -0.14655783263727806 -1.2632578769497982 -1.4225408460379774 -0.9951222359170416 -0.306371451984315 0.4251900494436807 -0.14227122059452454 -0.09203656040255344 0.026210768311149508 -0.33309234177133606 -0.12167823579789834 0.23885537631442721 0.11412284248122444 
2.8898654658681533 3.036583829010583 0.8569206698411818 -0.31086903620717554 -0.7458766255815681 0.3052334763632487 -0.1947568422252457 0.15342429283941916 0.1816479911704113 -0.526428137123146 0.4474475394259827 0.5763617580360771 -2.305726718460349 -1.2617076907051772 -0.9645718803923004 0.6294448900751677 0.8202870382327422 -0.12022376715632384 0.1595506210152167 -9.958693371806919E-5 -0.009974263788383045 0.1224474301619229 0.2264370155556458 0.1353354413866496 
2.90962739646611 1.3039840688889548 1.1865625830371056 -0.1746653821261286 -1.2524902676246814 -0.05402270020857747 0.1262107946133758 -0.43616362712201495 0.3114502294852777 0.36822024837502404 -0.19543318677013322 -0.55283448969202 -1.510240310024593 0.6537725695225142 0.5488966882417075 0.7889959808585075 0.3598393384365722 -0.5218337236693563 -0.09136616375974417 0.3069226165059218 0.10619878322076927 -0.07524450184040454 0.0180789327414132 0.07321532292246437 
2.3077361072215137 0.815907216399065 0.3582542790093699 -1.382366748910469 -0.6650490918280214 0.4572532377346695 -0.31456319175506253 0.2004177380826938 -0.06971224678042365 -0.08293099151856798 -0.18890400393516027 0.012839539157249003 0.84694281145705 0.508397167126461 0.8799356291929884 0.38565835192993975 -0.31838583028908696 0.12800261025307325 -0.025745787227239764 0.22379868292698232 0.1600479898236551 -0.1397429940840559 0.10560038142324944 0.013815401362809565 
3.157151976138177 -0.025633126388365568 -0.7613375598002614 -0.9395312743285462 -1.0528913941327889 0.20051489702575323 -0.0349930922580457 0.05164444887394104 -0.17754035526013734 0.318931807248679 0.4179247343000644 -0.08444269196525711 2.1422810771438368 0.2236250345198183 0.2830525168638281 -0.45078330990370913 -0.740114721329586 -0.1984933970461883 -0.1655218497930597 0.0497552314481173 0.12699451750322005 0.18271785980263044 0.05964008736475762 -0.23285711844931303 
0.22527474166096972 2.1762009252698604 -0.8089361463191 -1.085411145895786 0.10948142853974652 -0.20604315301313636 -0.036917537107815646 -0.7618757939395057 -0.05400068592784649 -0.0825549343078057 -0.17603256537886441 0.30071965508426696 2.06935562990897 0.3646167311858486 -0.5194572226299355 -1.241950032426696 -0.3765176938473189 0.13488705461218686 -0.2399954704932685 0.05299067347144096 -0.08920673625738573 -0.05582130346438551 0.009029638097451007 0.002733662565919744 
-2.475985152185128 -0.04703788910589779 0.9210002451098562 1.0292067460776575 0.5805886361801926 0.8731056863038903 0.4839535166689315 -0.10428255545526705 -0.07738910345067104 -0.18012135963824843 -0.380789168142554 0.0017968076924101961 1.783697809519184 0.3617652821150825 -0.9413126510267139 -1.074239613597783 -0.4957683814557807 0.1189823698713504 -0.062319506614156216 -0.17897898839587045 -0.14135433865518418 -0.049113177347996306 0.023725146807497783 0.0766415708191418 
-1.083762218343744 -0.2672405957997146 1.0754570444441178 1.3591143381665174 -0.3522360254425554 -0.2837033207409596 0.14594991526125434 0.11940921983297498 0.14783233608700042 0.33405950231805226 0.1833640329937959 -0.03848119836934388 0.5790463563081621 0.8390906408923344 -0.3715190279735481 -0.5350390142608976 -0.3116161522844088 -0.06470435819276565 -0.13161916293865764 -0.21856093108918243 0.18068402762821545 0.16144904896662116 0.03098644334875213 0.07500907164902275 
-1.5394229724170174 0.11079178780117438 1.1204037978982715 1.060924824433651 0.6652724772257043 -0.11760212872438636 0.06053170139988795 0.14793890717531205 0.14560614969799174 0.2579641209797389 0.16705099469124093 -0.1447669776958771 -0.02620344417982971 0.43547284739579784 0.7422690870318144 0.6282836209846591 -0.014579325674620539 0.2070182290346668 0.05619535264710196 -0.13772212666435285 0.003941141751764253 -0.1268087028689715 -0.20043500973906522 -0.07715178209670663 
-1.9801454171475723 -0.41998583586067895 0.20591916120733655 0.50384685770891 1.0019879648702172 0.48342382907929893 0.5696508593426791 -0.2323037319872479 -0.7075503953868242 -0.7859448215166629 -0.5429119768420183 0.14897433283134237 -0.2518917505482553 0.5259665713096607 0.9714887109613866 0.6914043882103247 -0.13363537814805007 -0.0516919490826079 0.09654582516868322 0.008194926156817273 -0.18701326282102726 0.22371814758518557 0.27074025324849676 0.07057210284435239 
-1.949183220243725 -1.2770838112628091 -0.8710380743671964 -0.42801037664751607 -0.05278538195233204 -0.1315125757102394 0.10351698668691323 0.484740300447903 0.3384788370309485 0.7603069108860236 0.5836538659925488 0.13952438838218695 -0.6677605848382399 0.2767125431803448 0.3390118866332914 0.35509406859336795 0.3721924557929068 0.26792878046997165 0.1917952310464975 0.14885210779160546 -0.24063547430509366 -0.24772226755382176 -0.15279914239969783 -0.020566236275276446 
-0.12320684278562444 -1.151202510196705 -0.8432881523073079 0.029368774076127147 0.40769903859061296 -0.1216722500002094 -0.16518020288830798 -0.07357625527377232 0.6124357808836038 -0.5882663353906468 -0.8371581624023483 -0.3923431899414331 -0.8283236053365505 0.19634143161401849 0.4984431057276571 0.3750462526721407 0.3492691852166727 0.08843018904077253 0.42680834804128515 -0.017751989163884208 -0.10948678330279966 -0.2345066669788758 -0.15943041589738638 -0.04299391422672714 
-0.46461050508327206 -0.35373750457184716 0.6279717947557195 0.23288166046993852 -0.15416042701321392 -0.6188404305945472 -0.14743846062411103 -0.3779811545562421 0.20751948447805857 0.9022916805781961 0.7725715146704994 0.18759049251633997 -0.559881301806445 -0.3273315214268841 -0.18117457447427424 0.2012750663150781 0.28916673007813315 -0.038810581684607694 -0.12987871806414 0.0770265419602524 0.2622757313420813 0.3653873448912089 0.22126655742733126 0.04721157351468342 
-0.2374609587181472 -1.4706832840482154 -2.0389150905370927 -0.9517379188662394 0.004867931750640042 0.4617971893991353 -0.585296461125664 0.25231296300647726 -0.3136103692019802 -0.15341720542612175 -0.1590795534888345 0.2539230234444473 -0.4893269616888891 -0.21466881285101222 -0.2597953303151502 0.10484325093962961 0.041788311280128644 -0.3366554892558711 -0.27234654458364677 -0.28415599308949613 0.2781114197526593 0.04697730386904234 -0.026802773887274773 -0.044173203924765 
-0.2124122568581286 -0.13534886005640168 0.27029911817051877 -0.5412822291215672 -0.7188700187667452 -0.30681555035608865 0.7032112699980113 0.09071606542702099 0.01467471804749651 -0.5532796887698654 -0.4191851107462019 -0.3252434388548035 -0.1364728821793772 -0.02996722253327803 -1.9001698992153018E-4 -0.16001069489575706 -0.15252249625135447 -0.060993758790183226 0.06361036787611528 0.0835714101710724 0.14481469433176827 0.3209359889204366 0.2824736200968934 0.11754078536420261 
1.218674918168471 -0.616390393901391 0.11493417693074293 0.10192096605299117 0.5646889006269926 0.7322817776481746 0.22653456555157103 0.5445431140030845 -0.12547609515909308 -0.001412562323743094 -0.1608715280321733 -0.0034066124815663734 1.452657444543135 1.1015384462423514 0.260701652625318 -0.45829864838685985 -0.44751641997185887 0.27306850042382674 0.35001602956139877 0.35983006040612847 -0.34298367851750644 -0.2262319107957694 0.029839096341262954 0.2330797740077134 
-0.7832597969884496 -0.6909822820454252 -0.4483827880084337 0.18608430269759446 0.023496577302673155 -0.5711014483485172 -0.7441850775910743 -0.7748104605677629 -0.32099173553868976 -0.13651860773430305 -0.07395335834851147 -0.03636704561326104 0.09599084629440198 -1.0603431117353053 -0.025676043783432523 -0.14605817448373293 0.08124137745474791 -0.09289462553910179 0.10295628786125771 -0.023304652961967025 -0.03730042785700909 -0.2711575910869191 -0.2677672769565538 -0.19854565233210386 
-4.3100095222823915 -4.497481911780758 -2.4616790953235705 0.059474760384759406 0.9762338936315077 -0.22526536287613075 -0.9116463760153175 -0.39441395521451633 0.8831738931436323 0.3168979864434053 -0.4212127187114686 -0.5897544951994642 -1.113389325181206 -1.8833881617734143 -0.4909841192561994 0.4958939694820497 0.30306969245303017 -0.02677071051616479 -0.3977137902697064 0.12713407890426676 0.016978711556608277 -0.06085910388102348 -0.29603509885582124 -0.03159588468545996 
2.2639574244840968 4.986226234089198 1.635633885647973 -0.08188460283625254 -1.1683666476332464 0.4506418965233694 0.9634328771976824 0.6301085589217225 -0.3777489925328389 0.10103781010731763 0.514287315463107 0.563567459500457 -2.076106596323864 -1.691439591676324 -1.0663111618747607 0.23788126980215982 0.17097905956965895 -0.1544517101329276 -0.2991975364989958 -0.1545346302185071 0.11553260269201178 -0.02135539644248834 -0.22314022097573563 -0.11380566120732678 
3.035234282975815 2.1951698333515406 0.5458781978711378 -1.2517764896262347 0.2514114357358619 0.30172223676072574 0.5658669589663117 -0.5393186324544584 -0.14803360133184335 0.06238654039851702 0.43311343162948124 -0.2085862109820455 -1.87538829312407 -1.5281322780763034 -0.8491880115097278 0.1785797232817797 0.4623233278491248 0.3555656298554517 0.015897723797618262 0.09566870149716494 0.330046486272161 0.15070899582691896 -0.07149419570133181 -0.1762147262091187 
1.7724380893540381 1.0370106204173979 1.2467720510184943 0.12806611829661207 -0.12702937245848078 -0.3712401177681626 -0.5853491355849015 -0.23875423129227058 -0.15198579637698728 0.054803304615606105 0.16830422940822054 0.11446579590000998 1.0681564116082585 1.5793433750963601 0.5412829650608207 -0.1657979084887663 -0.04468051745716858 0.2741233037449029 0.35930228116441154 0.07858938200841621 -0.09448979859205679 0.06213554764163315 0.2012345008870705 0.08855002438686081 
1.5619150246548479 2.061522729284052 0.2803158565203523 -0.581239770027012 -0.9314047275032493 -0.8810212452967198 -0.18494854101688035 -0.2469886645990147 -0.21984716375077645 -0.1121117482914959 -0.03373858858002993 0.1634405152281154 1.7309685634819474 1.0760034913800467 0.1567134912532119 -0.8298370482352864 0.0023852570038651044 -0.05638005131627988 0.07781039915124861 -0.3579008278972667 -0.14092774354079482 0.012108719219841585 0.19323349171772766 -0.07257366974641187 
-0.20385218118019477 0.3150196608338618 0.14456616114090348 0.08024076283043502 -0.44291701364218494 0.2196437263173835 0.2609337836960438 0.24817542896875194 -0.05837281554720197 0.0018803115274246551 0.14400982290665107 0.1119040232347941 1.3330497040734928 1.056013059952811 0.34616931708501203 -0.5824864659909271 -0.5209481307630132 -0.5268271653455514 -0.41084622873328763 -0.18600375312852058 -0.01414034917935128 0.031117739836804933 0.15344351557198369 0.12016486911270961 
-1.1695262722029103 -0.6718451609968312 0.6268406690502974 1.2616473328127131 0.40219948531611865 0.17542046866679228 -0.09070569812790685 0.29091902110683043 0.22794313887564843 0.052521879283082995 -0.13443984027291703 0.01041568458979808 1.659130752299336 1.3987912416011372 -0.15744702497890875 -1.1269177971859452 -0.9150973819157023 -0.66259435683553 -0.17199739524972282 -0.1894224653672161 -0.01883317355792158 0.012197097167731688 0.20977576282792718 0.15033611381272008 
-0.8609903744375611 -0.7643446143005939 0.03500169349848559 0.9540819648495309 0.7690129134208747 0.6810205212867355 0.6000681291704746 0.05030318524036856 -0.3334599001521459 -0.12086672868209813 -0.24167569146128698 -0.16951639611896016 -0.31490819211833193 -0.005107506450100867 0.14759369905017797 0.11795268441616431 -0.150329598712475 0.1799714335423702 0.04056434407320897 0.11153100875202193 -0.0161092323250218 0.1179147268627907 0.030084827918184977 -0.03913758533688425 
-3.0869081356144767 -1.5951688579521317 0.8074391652782875 2.3625930205212757 1.2079224547123277 0.8760734277251943 0.16147647199507276 0.4202148533668253 -0.025804100774539762 -0.08732951968992958 -0.47022311987984244 -0.1468576165331677 -1.2890893085045185 -1.0880402091207468 0.2776146256332234 1.3599756721485143 0.586190932447142 0.3954799746456004 -0.022379704900191033 0.3373395762127334 0.03301006736423606 -0.054836611547150804 -0.26853127485457967 0.013567471820098731 
1.6995633268805843 0.7920040286618146 -0.3885141841236255 -0.8240901342723392 -0.39478970220286447 -0.670597053838928 0.013149666414927097 -0.15106551341731128 0.11682850125295752 -0.2819381695744412 0.22164697895555885 0.30795342980692975 -1.6757627627065093 -0.8513044975805611 0.27102134221071905 1.260323142800501 0.7436815304310883 0.5184267365628358 0.1851508334805871 0.2066280951261745 -0.12200292591094504 -0.18489321147413595 -0.270747426451112 -0.029615539519512735 
1.4174648026515726 1.814101144884205 0.005754730961682775 -1.9291936340718951 -0.7744720042134379 -0.3352106677071771 0.26989264795044 -0.6204153582025299 -0.09623126391961145 0.29756743437070693 0.43949264908239905 -0.26902164383344307 -1.6127884418427716 -0.3930163416061143 0.3591714739170137 1.074350874464612 0.5040682729616243 0.2101340904486698 0.15143598437592712 -0.014225047256289924 0.06066395154074907 -0.13597890526185527 -0.22431699517609335 -0.021609470936467996 
1.9141114445489418 0.08493387702292132 -0.3772201159753692 -0.6809941362553866 -0.4708344484095075 -0.268617640685586 -0.009592459248970342 -0.049265994353477296 0.0677624591532251 0.2413644287099915 0.11570870341092832 -0.019587763910284273 -0.5163591891083662 0.25956587633516204 0.19502252287107824 -0.14547149144326213 -0.26407004857507516 -0.28702753432443856 0.43632478365150273 -0.2899421496580726 -0.06988158258842019 -0.06030874654924023 0.21380495376391237 0.024981725184922494 
1.644183131079659 -0.0625847573143421 -0.2757222905468817 -0.9320076018810362 -0.2662599910692234 0.044681449802513935 -0.2814604183007599 0.41199023560377807 -0.18326293434692076 0.05895589695341992 0.2556970034207528 0.0817413931348433 0.41442077032864866 0.08014424233231814 -0.13505523430622582 -0.7275233520048339 -0.3023986475636542 -0.21775861869395283 0.1969814375833263 -0.3154348423679285 -0.0118496494642877 0.3024004319913332 0.2930836714210612 -0.11765892374627103 
3.1352817299916396 0.9516493507556021 -0.832843241982578 -0.8862686760379823 0.1433144369502537 5.394903795420819E-4 -1.0201481514139812 0.2025581386537525 0.3699890842318727 0.018293838781923033 -0.3278700595053551 0.05762673576801908 1.802114558404629 0.08693242541720252 -0.3573070937551203 -0.7366816390795985 -0.21136113443712748 -0.05667035169759297 -0.13334231650258901 0.08793369224242158 -0.019254350675804572 0.07862624141762399 0.008009422321726736 -0.12875148428723485 
-0.43638265105572227 1.1403106810209103 0.6387319968839646 0.3560136918339041 -0.17435050420235587 0.1834866228421173 0.18422618128296644 0.19997710239764072 -0.21179562806607216 -0.4980985666392586 -0.21796898372264273 0.045347877566218386 2.2199773313635416 0.6635800313429536 -0.18904065729348388 -0.6322712619365665 0.0989471281601468 0.24618009416779071 -0.3045364250834263 0.18931341662001064 -0.025313142114846768 0.014498739479665623 -0.02272923153431124 -0.08975075322406689 
-2.4519493395972547 -0.7773111183963124 0.23747402157456854 0.8850401341259386 0.11729421146844121 -0.1680091721126088 0.1575911904669336 -0.20706050447767332 0.13979185804021452 0.2840129362534588 0.3285134300174459 0.38486344673573275 2.321612957888494 1.513271991065147 0.09325129300300405 -0.359010324933247 -0.002999357607092986 0.05844636653592052 -0.45473833267646263 -0.07726748175593719 -0.050205141246936834 -0.030648542921211257 0.04602310518564425 0.23262032507371214 
-2.222133328216518 -1.1888446167672457 -0.2437589504450033 0.07915177884670266 -0.5500912628087575 -0.6095845014547827 0.04327918600906167 0.04885930730945903 0.007775105093448642 -0.11739987022134483 -0.004307046737713954 0.18737529732318717 0.2765325285585228 0.711790993271738 0.17741021795272185 -0.2174888911046061 -0.39035607726779187 0.03416593442877325 0.17566317258455888 0.12618145680443468 -0.11539390343800111 -0.2798967373247078 -0.0696718692035128 0.14951288595482723 
-2.9366818050934445 -2.423588973545762 -0.6713516473271062 0.3291932552553594 0.3401828890747335 0.22173595292023052 0.41454034425235897 0.5099194814656549 0.41081914139292275 -0.08010988066340008 -0.5727703435547522 -0.7112479493316017 -0.8684479668259636 -0.2897252844004714 -0.11048460535617173 0.0957592413876428 0.010255578598976745 -0.09450471888913248 0.32736892149270924 0.045251561777904015 0.07522531441294583 0.020386287641876565 -0.00686090222951428 0.10438703159172952 
-1.0236140039831958 -0.17192337121957912 0.5609141774766364 1.2864038045830117 0.8852733887978737 -0.11388374296062209 -0.4712379133634229 -0.5370572609873274 -0.0011275594284229362 0.5236530537932942 0.4416885106739947 0.14486491773540394 -1.1337741731793265 -0.718733233461228 -0.01292557873837715 -0.009361286139564004 -0.08610844004017577 -0.09311782920094731 0.07841409113362317 0.18526538766012526 0.09039515010782982 -0.09749427511204657 -0.0178211845537392 -0.08971295650304638 
-0.44586510123602485 -0.4165958879687315 0.1665912736822639 -0.005863602905144316 -0.6311548501318046 -0.13234539469229167 -0.5672570243249517 -0.049856905662992196 -0.0814327529376872 -0.09767238867949041 0.12609835800013436 0.0929575417544358 -0.611185856059295 -0.9835279639965003 0.19146472100666037 0.2739273135938069 0.14417524110831378 0.28348335140449815 -0.03561244316330662 0.23572035590277887 0.14073014740837936 0.11332357659799545 -0.11604976418272357 -0.1970924112566862 
-0.0662191606072482 -0.036141459172077006 -0.6239536747345569 0.27476406634564654 0.19390292691503885 -0.15319034004567966 0.2989355968968475 -0.22704866210659336 -0.017284398064735806 0.18386420912284007 -0.30027784385393963 0.05441142128930748 0.2719805658950624 -0.1557182332880258 0.26446429136619015 0.9061208301308289 -0.21618965895219908 -0.4040600331178758 -0.2676402057577477 -0.2686487498853623 -0.11513053379963249 0.2146701173144885 0.3112021585441141 -0.10233139105929963 
-1.5818216586035332 0.45910396241998797 -0.6533118842414907 0.013231183592621432 0.25334239669120956 -0.6090608027507352 0.13629091861214365 -0.3522458856830488 -0.00329288151405889 -0.25018618812215937 0.14636212625738573 -0.0747439673384949 -1.1677251594339537 1.6643438552180496 -0.4769410571973652 -0.06673488968396206 -0.2055194120393765 -0.5597522368527784 -0.25295263664361534 -0.31734316846240657 0.09917447558429987 0.014075463287953394 -0.08857665480431655 0.2680867415680318 
-1.2715774229846288 -0.14261859654986142 0.17747288233994318 -1.4415060790583574 1.0915937422429638 1.336654060422227 -0.020091267558727477 0.4200834786787879 0.3051941062586604 -0.04410039842883692 -0.5020498490869734 0.5357098454597682 -0.6462717649193453 2.8260158568139127 -0.2967691828892098 0.6500048862559403 0.4111169683360087 -0.1722194256981596 -0.09158936531648067 -0.1684396831217736 0.15424218764761088 0.09675514175772636 -0.355295385158775 0.49136701607124306 
3.659989508254527 -5.356388884933988 1.1967011667371095 1.0524761388487438 -0.46344202167763765 0.8019891156320902 0.35111431783368174 0.5786065293315369 -0.5401954318522849 -0.025916474767512077 0.4927143250296009 -0.95195189503489 -0.4404525567280441 -0.12837551557155827 -0.11797080634422115 -0.5392700162403804 0.22224599690157912 0.0424479428328397 -0.085747287668061 -0.12411594184588133 0.17372010280308306 -0.056221398264052626 -0.15059911947146512 0.06285567364560872 
-0.7483094492782421 -5.606442605936827 -0.6586526515562277 -2.1948730700502357 -0.6810557689085635 -0.3420570221426136 0.4662919932355205 -0.18715582024856536 -0.21155968583845544 -0.21853607282766263 0.5924322122362777 -0.9810856630762241 -0.3953994964790566 -2.7058644029577033 0.002572422380525611 -1.22231090250538 0.27327111422344813 0.7929573795876838 0.14468482592875712 0.29538094000945675 -0.06282612567045631 0.08803680969032401 0.04794547008814883 -0.2646754764337429 
-0.5220979752725943 3.5761425138281457 0.11866330173925821 2.007724727809702 0.4729291615622358 0.10295091003316603 0.15034115121920266 0.32372158931827183 -0.26607629387475024 0.0056958438694113545 0.0509184540101556 0.4950867659926751 0.26124878217490544 -3.939356421805691 -0.06619782752780168 -0.4693019337405557 -0.32696327519486656 0.5079454384358599 0.4864311999622582 0.44196555774826507 -0.6470999995773726 -0.007259669876784151 0.5187880134343057 -0.6272508294659943 
2.0056648082161015 3.508708912942182 0.708774547697292 1.747802333977304 -0.19640519204731732 -0.6926989755413622 -0.3537591620377593 -0.3386168713429498 0.356612914281262 -0.32401698681827074 -0.4249883238416972 0.6062169442472143 -0.7499753053736583 -2.1800719234910457 -0.37315275143636395 -0.4332304330381153 -0.060956363313454186 0.01872706767160004 0.43673942369462865 0.20887486072781966 -0.28072171699335235 -0.1474215117475092 0.2605263364119501 -0.4115826847095228 
1.4992560329826388 1.9041046210435795 0.7115810496937547 0.4890442380566411 0.2751225154763389 -0.5465262229761152 -0.698153704416453 -0.6715596183660661 1.1170182668199742 0.04860299185814443 -0.5549394472343288 0.1361492897013738 -0.39198927397897815 0.9211882569143895 0.4631734923895694 1.6418352474094118 0.23426928404274117 -0.3880326156191338 -0.15775689876416263 0.2782107988870825 0.18350948037000095 -0.12887199155845758 -0.10995579638159902 0.31350207744279346 
0.490939462715116 1.7697921109285932 0.16434672877561596 -0.13584152605935945 -0.39928335592525244 -0.07349965865277308 -0.4196788500305377 -0.3161397985898553 -0.06094181520576053 0.20227488842049846 0.11378215362266952 0.433131129197995 0.5858846087137528 0.8478023646453398 0.3904219980216405 1.1451657223132117 0.023131542814279742 -0.6403563325082933 -0.4670771779489269 -0.18641406654936174 0.5361142609082216 -0.10058132546095554 -0.2892387915194386 0.32903019996112337 
1.411232519414833 1.6820361440917715 -0.998643265968612 -1.975959084400202 -0.12843960862702009 0.9574490984462729 0.6565716915080797 -0.5221493437195228 -0.6078273702412418 0.1291658809253995 0.1114006044227693 -0.3588765588110957 0.7764101699275643 0.7580781327858815 0.27019699857628154 0.23129720028590536 0.04983802551511096 -0.24744461066809562 -0.44440535528690855 -0.5038947871007088 0.4621638995268877 0.1412593986232303 -0.1302414809827472 0.056854243116589424 
0.29202273885874597 1.0763360574820666 0.3926207114635538 -0.45519317173390994 -0.06401875843847704 0.4763823612723236 0.3701096738467551 0.1459201909818637 -0.38930704991279486 -0.06255445496903167 0.10955802488806951 -0.13336073137992105 1.0002920253843022 0.692969394226909 -0.29665183453967137 -0.23549451950719105 -0.08072650567602484 0.17527758764849163 -0.19238777217944003 -0.40869964090147587 -0.03661943945271312 0.18470809080336612 0.07420370346865202 0.027968840319006316 
-0.7305161148718691 -0.02340175059080174 -0.21314693737905888 -0.045171539963799745 -0.04202385981238166 -0.07913340093437671 0.24016809950562634 0.6090947481502007 -0.1052908144071718 -0.2427605323167814 -0.16210293991878708 0.24883249064056356 0.26220368016912704 0.933424133209687 -0.07723807683235284 -0.7847443055826822 -0.01967107796192602 0.5253575692389844 0.2167153711725149 -0.3607342733138794 -0.24147048652348527 0.13431497513801735 0.09302236814106046 -0.18416690552248907 
-1.4390622962944395 0.5436028755891531 0.6615540680998535 -0.39475173975598743 -0.20031171330449715 -0.08104117190792315 0.36568626250900915 0.34433707817971065 -0.20235177476465616 -0.1658861773685094 0.02792281538749168 0.04537008351514643 -0.3981847531023637 0.33978246164053133 0.23807573672063445 0.17774521126866963 -0.06843490331566415 0.04175534492694014 0.020816206804741055 0.245467494086855 -0.0375458822687705 -0.07057197159906962 -0.08217313313695736 0.01236079135983185 
1.4901639964840445 -0.8518696645908328 -0.9013957137897033 0.34805311635888314 -0.0012798973082319698 -0.33991184268055696 0.008637283659407968 0.4608450326231919 0.023106451755144697 -0.22211318328891372 -0.1268488952501232 0.1042587503088378 -0.4736938115475417 -0.22096261195423614 0.08325171705706398 0.24127930144975696 -0.018703146888868094 -0.13630212223651453 0.048524324373037664 0.4703096837069524 0.006419383229658904 -0.23716868957697215 -0.16243928490143386 0.1304893252536071 
0.3762369424878802 0.4712226295604882 0.022517889506972644 -1.1850411337012603 0.12091397025644057 0.4815055473645933 0.4234264613556411 -0.5163574335151969 -0.3408680361876416 0.13883778531424334 0.3384504019646096 -0.09815623529355372 -0.2092531205194509 -0.29302491514379536 0.019040273233287126 0.054321587419673224 -0.13416284578047866 0.05864940772181195 0.6227607670666446 0.21865045019835364 -0.17237696453493587 -0.2171387592336305 0.06390460589143913 0.09216148802652864 
-0.21708429962040388 0.6756762082862391 -0.1433839992538104 -0.3738647473404342 -0.14652726092624624 0.04849960613890869 0.06572502696319737 -0.37148704712320274 -0.05529083338465579 0.3163835550727587 0.16995112149695546 -0.0708723257159076 -0.1997415288993635 -0.34852942055219077 -0.33486533760970466 -0.1447532521681909 0.5387182078944645 0.3502351896442397 0.49707236655991466 -0.10315657784367915 -0.27570001983650516 -0.10808501175043056 0.10699348002881988 0.05278021734052665 
0.042321213316137474 0.6589046845820032 0.22542739113204568 -0.19675757016534845 0.27480050584594595 -0.4511951194830918 -1.5311399103428194 0.10455176745784706 0.35397776141005166 0.21628173115154586 -0.31219101066036503 -0.1435488425520668 0.26888616922291986 0.8582665363295122 -0.0041860241227538175 -1.2426880479917912 -0.017538036397790835 0.12295309623339905 0.05352035059873637 -0.08263903944800706 -0.18419581296532017 0.07667813942125011 0.2423657162685564 -0.11455332856419626 
2.2563464477680064 0.09987756955498206 0.0017455482268742273 0.2881710910955 -1.6943777887863778 -0.9242670781894335 -0.5052966301711059 0.4598601656677074 0.5027836124658136 0.0634198790437267 -0.12250862902409554 -0.03138559808348562 0.7328740764409009 0.710855856547909 -0.19273884422832221 -0.6979931207809807 -0.46762840153917157 -0.2613242991738031 -0.3959606143718381 -0.1081964353373062 0.12745950556242636 0.25140642008042685 0.04061263536921771 -0.09402731226506418 
-1.6671369388750845 -1.8156776600624198 -0.03748881186510822 2.212005091056146 0.9474533433798789 0.5990296008285673 0.5483762381265836 -0.6841139215666308 -0.06731782021691579 0.03528520506500904 -0.24241687158053415 0.22576038658282405 0.9617837971909795 0.3427362228805994 -0.0840110755561468 -0.11595014514171294 -0.37589181815026157 -0.34097231785448306 -0.7440908231164375 -0.058307989805827375 0.15495115402289225 0.03431007664644159 -0.19822400018873676 -0.02142447993117678 
-1.5609774528474953 -0.21960018903527612 0.5662906349297332 0.5157332843917608 0.9200315249243018 0.3073601435044886 0.2138487958440103 0.34743510340095474 -0.22702155925845113 -0.3473374421252533 0.013226145849386889 0.026554996511839568 0.7652927573171411 -0.19177098840192475 -0.021256078697767872 0.4412252490707253 -0.5535027949917151 -0.31008563027735897 -0.1520765151988211 0.06523546283487068 0.23214837169223737 0.0373308902449285 -0.1469856554694007 0.016789022399913218 
-0.9343682279490503 -0.20956510476466583 0.19518807444905661 0.03731176861165997 0.0952713034413909 -0.044091776766603696 0.3415598459989351 0.3356882680087055 0.25402688520350725 0.3187301617967111 0.21461360246910408 -0.10824570005619905 -0.6971482732795029 -0.5779606663426694 0.006223397792453215 0.7131914159172656 0.3006147935897379 0.1705227565523386 0.29873167993905886 -0.13008964889397623 0.0940586691335179 0.09906010683267669 -0.020898244172105746 0.06082340064511311 
-0.4059161796464337 -0.1278657428881207 -0.05082465883690457 0.051842005105567246 0.39222161615801143 0.3275505014402289 0.05434111148918164 -0.24574731762457278 -0.35433385532111006 -0.19029527005690983 0.08993310035928745 0.08525037803628627 -0.59099414878398 -0.11691335030607952 0.15607126994197928 0.15269396970045798 0.38198973275579856 0.18358271353959896 0.20413905785561468 0.08761195495659713 -0.11024671586003575 -0.0833829430428054 0.04355372031397706 -0.03399088177422754 
-0.15322275563710674 -0.12766288410798943 0.252398641640851 0.304376482947446 0.30951391699381037 0.07736615220368137 -0.26806495951317866 0.0027462356280616995 -0.28583767958614004 -0.34041620146719276 -0.21807561631916722 0.013942493885261364 0.027484096748054854 0.1325667600292594 0.09549978247161262 -0.04191746265930248 0.08464848649056471 0.06349432728910213 0.09951497070836081 -0.04398031054726128 -0.17791461449105342 -0.09201339119872058 0.09439297423337373 0.1584542266638448 
-0.17856774265152708 0.09018875155462425 0.06947154150789814 -0.07588098187750614 -0.33305898011930357 -0.3041169615994508 -0.09375597496677679 0.2510702547214852 0.37365087071647973 0.23238456863511484 0.09890959430159137 0.06743354486379197 0.04203727908026914 0.40746646365215256 0.1290958126093611 0.06766163219816364 -0.01503559341316496 0.1096379282175128 -0.07151021318762552 -0.10231722798941527 -0.16528684584357617 -0.10283930319494648 -0.08167684025876355 -0.0827720392050139 
-1.1304947366906681 -0.7162926320738165 -0.15145937313818258 0.2269256500811041 0.2039661421083543 0.08125897288592976 0.11706347710183185 0.21922041347746035 0.42377836565787275 0.38343041604686057 -0.07305356720216907 -0.5746999634614862 0.31421549381966446 0.5092341431995105 0.45594454962632586 0.26694323935719505 0.0428735036182471 -0.04640393659112172 -0.18584566664147642 -0.061165113480865424 -0.12720875081216004 -0.11089007668265706 -0.052020004358171966 0.04186138877243364 
-0.043392026360460356 -1.0559502598616648 -0.23618308927547105 -0.11241747505575272 0.49010228384023435 -0.00330969355343369 0.07630753274455293 -0.04703272258102631 -0.21328134041238794 -0.24370066922909706 0.26245259657707903 0.6278877243247017 0.18349279809563912 0.2861388162057969 0.2697948433439474 0.11507065061381351 -0.014676942062769871 -0.08985918022944384 -0.005535122562137673 0.1421339846687921 0.16805550616617027 0.08091826448613941 7.311303633716348E-4 -0.04355741757198064 
-1.1634570952416334 -1.0822958079983764 -0.9626076918464419 -0.4781849885350159 -0.2306872258406999 0.06617432795403799 0.20444028655558577 0.3352930647219137 0.3892546784147739 0.2302966475128844 -0.14378710438239517 -0.39186876216249444 0.013825807719867633 -0.07008106171429047 0.05153340927050073 0.06551689482830214 0.17795905876134074 0.10266306739201099 0.16677639180392956 0.1596186579094735 0.14850189380923437 0.07034309906408756 -0.023951392139294075 -0.12121051497446549 
-0.7125649576629618 -0.5852261091004864 -0.3343388291698144 -0.06853761441088668 -0.07170146995646687 -0.026997098445173395 -0.12083901200724073 -0.23336802490711778 -0.11325380416048167 0.06619665944368469 0.1320829718015895 0.10669019693023798 0.07887530928968456 -0.21972673773095863 -0.03306472194473612 -0.024659112278405188 0.1786391497144536 0.02126833312006075 0.07658621753706411 0.0633428279179513 -5.673364825443672E-4 -0.017217225340161475 0.13295886796004527 0.20879082355705106 
-0.8373856941990203 -0.7414115223115343 -0.2569817310025131 0.008435035273764657 -0.04900915727731736 -0.21488652684423337 -0.2846924259340601 -0.1664679090879144 -0.07174108389578347 0.01745245451820701 0.06398542160345792 0.04953034515914212 -0.3804184313306574 -0.3341192058479763 -0.32892710657864493 -0.20199647753551556 -0.10510845231824655 0.03322902411038803 0.10149845073656454 0.164380251854348 0.19146785146476622 0.1475897929789218 -0.03207791306377062 -0.18725524795768222 
-0.4430536547508206 -0.56721218951221 -0.4898019038632271 -0.28175015012492743 -0.13665419958481773 0.07341573448551975 0.0911152363781835 0.013819280570033857 0.01891855019052386 -0.08562689671127394 -0.2403102702959833 -0.21918430000726977 -0.33968790275392696 -0.2892181317506241 -0.06546247471493456 0.14126524810068444 0.04371501596200627 -0.06684990895134899 -0.14233131330659163 -0.13567365642483084 -0.02430160024728331 0.0647267779699705 0.06330272468217683 0.07501798629845675 
-0.1569574527057318 -0.08894515024858585 0.1019051652361993 0.23441071192855123 0.11711449592821516 -0.08371916084247266 -0.20603218984681992 -0.281441343579706 -0.2512350531550276 -0.13656095334640173 0.1386432558577031 0.3328342301793061 -0.4946913487173523 -0.4848635828734298 -0.2628718230456185 -0.13760649481881826 -0.05727459515688169 0.033801103534775445 -0.001047269611270163 -0.09989768473726852 -0.11587672713028806 -0.08457948057882055 -0.0018989434625111175 0.0761977541963061 
-0.03371537014782522 -0.0438048998800884 -0.3173948531443669 -0.6053211970403333 -0.2859083444452519 0.1079689454079932 0.2668248098689141 0.23113966161327054 0.049397981210990316 -0.05097697053392247 -0.09515411937206356 -0.26001570447521427 -0.3360482719858102 -0.28951600005045214 -0.07613408094511676 -0.0094713516691348 0.01664866816689517 0.07259438557910274 0.053822514964167324 -0.01174021631695 -0.06903891860053088 -0.13396706934683503 -0.08539369045537519 -0.05001999743110654 
0.44201920965153896 0.4514755814926943 0.44543021277491235 0.5830400431879224 0.19744170062354482 -0.3335664429097964 -0.3694054038456149 0.024564954602272843 0.26064938198484744 0.25386593316599293 -0.0028958234709686066 -0.15864721519580394 -0.04201415827269198 0.05182402218278962 0.10631447510285115 0.10810359803899626 0.08626016988073083 -0.024992819803108298 -0.13747020970973386 -0.09935079155389819 -0.04597955851212244 0.013767097564128602 0.03226620528231395 0.006586027473740985 
0.2656028300279747 0.031125444768506316 -0.43316218479723334 -0.4276507607472086 -0.22676380643316807 -0.019443781218126593 0.011334298485078997 -0.10396321957010557 -0.02990691157782102 0.12106086807303383 0.08664034073447813 0.17661641497360486 0.11393351952404762 0.20415628584813592 0.1629139580752923 0.02176522406255906 -0.0038828338787589476 0.03292110450860686 0.11158699037243754 0.168166472563145 0.09559801442300192 0.0811936292101028 0.08901548792872353 -0.031939996074585864 
-0.1805740779755558 -0.2818823891212521 -0.15915459424592093 -0.1787353003349999 -0.17123828272001926 0.05496566187991213 0.33412369497429917 0.1841624716736766 -0.0736439312242546 -0.2638811653422657 -0.0490525900425096 0.09476008803367356 0.07598316319097724 0.0010996830814856324 -5.616852375481448E-4 0.12087860085936963 0.08270932589859963 -0.09940277558068474 -0.1331921738923378 -0.009334894685402403 0.08700840769479544 0.032520662998171766 -0.09859699684787214 -0.10722759816902298 
-0.0642192849064207 -0.28959477211752294 -0.5038443238598271 -0.28972919746654935 -0.08991985113719303 -0.18506042051268165 -0.4197007106583555 -0.3531585146118663 -0.07024940545346442 -0.035684308910101575 -0.33912219987246367 -0.2908993678661954 0.24945222180671886 0.11344152499693634 -0.16423402972206017 -0.13044524046823683 -0.15892802926152227 -0.04995123997143331 0.0949240901511102 0.012641092958561787 -0.04394422220148999 -0.007834654876445102 -0.0467397082327079 0.011610554015191732 
0.37898077754580495 0.608536640691252 0.4824563380188537 0.15144345896948383 -0.11910825472024159 0.04745020347953535 0.2456886224031158 0.17716728617936042 0.019795405838282848 0.23467653266304533 0.5057764373761187 0.39679347073116517 -0.1561549513383015 -0.22588452417479163 -0.17347716126552473 -0.08261279773397306 -0.03501158469197435 -0.03241296709599729 -0.02549868998788633 -0.08863105267209347 -0.10292838205105725 -0.17662096533943483 -0.11838743984012329 -0.0229356625030525 
