0.0 0.0 0.0 0.0 0.0 0.0 0.0 0.0 0.0 0.0 0.0 0.0 0.0 0.0 0.0 0.0 0.0 0.0 0.0 0.0 0.0 0.0 0.0 0.0 
0.0 0.0 0.0 0.0 0.0 0.0 0.0 0.0 0.0 0.0 0.0 0.0 -0.050057634740841316 -0.05248934933626215 0.005891590954716734 -0.008142889779919948 -0.11507533885037358 -0.17116255540305705 -0.1087896850330159 -0.007553174483818537 0.02601241765173225 0.03344442749411227 -0.007492521897886166 -0.039707608889728074 
0.0 0.0 0.0 0.0 0.0 0.0 0.0 0.0 0.0 0.0 0.0 0.0 0.028722531059046947 -0.024186914909646456 -0.11695683021385901 -0.08979795150083164 0.09695002177362401 0.2360363922699629 0.21956544959610272 0.060788041464514934 -0.05623967064620212 -0.11478340571433192 -0.0629420584326769 0.0068153950895804465 
0.15017290422252394 0.15746804800878644 -0.0176747728641502 0.024428669339759845 0.34522601655112073 0.5134876662091712 0.32636905509904773 0.02265952345145561 -0.07803725295519676 -0.1003332824823368 0.022477565693658497 0.11912282666918422 0.15934379804759002 0.19325519248871373 0.10369677666405315 0.09086518060445954 0.05140568150896068 -0.022587196008496863 -0.10879156011549514 -0.09934921260960561 0.03755063524692798 0.08853916984637174 0.08472818959869144 0.11007826137525938 
-0.16125404528840281 -0.006173279275453858 0.35970787707365215 0.257179519832615 -0.4634630735964324 -0.9648530099144743 -0.821880876337832 -0.1936938861192726 0.20773763841620474 0.39451685838416417 0.17758739245120148 -0.08000759860333345 -0.098108588300953 -0.027310927766394693 0.1338951175715132 0.2138252092752091 0.20343523004726363 0.21690278825817222 0.16471420921861335 0.030656372581384306 -0.06426826061085637 -0.0023232377969789977 0.044602252591004164 -0.017421117997406154 
-0.39740437149856866 -0.5766789378284143 -0.49094426852898554 -0.40118530172968614 0.07751449227133417 0.5501880929827277 0.7373151185154014 0.39489458088845314 -0.2165207249488863 -0.4628759387311973 -0.34297826502167506 -0.29023098482411136 -0.11002829588023448 -0.08322494192378072 -0.09428385091815045 -0.1328500989493708 -0.006306703759509924 -0.012492123887879089 -0.07641832470140525 0.05561317230841315 0.07661795944112161 0.036711477456762426 -0.004945508376913331 -0.0952781607239998 
0.5681144027634053 0.44900627621778444 -0.16505060488212198 -0.4286686422909043 -0.4764499280018976 -0.6690585781612949 -0.6996156593640169 -0.2780866464626517 0.2620465178294139 0.18824104151536725 0.048921157584654276 0.25694025973886625 -0.06977777415372118 -0.017193249143432638 0.13692564383529734 0.06413652015750411 -0.18425341668762518 -0.3820470668385359 -0.34472711767801273 -0.09948474870805668 0.06651952353369471 0.12623340416640608 0.08761984382296602 0.031118694887935283 
0.11557356783732331 0.17955309603350944 0.5275560208681882 0.7659030472496319 0.3706395550323831 0.4030668219962187 0.4944914207163559 -0.1019836133020943 -0.3350455709851662 -0.10732980641822562 0.1016472082576721 0.23648337967008373 -0.002881212391237694 -0.05909795797111691 -0.17661035374955314 -0.2436410694838754 -0.08405765364020927 0.1102051608691162 0.17663275008577697 0.06829935589238034 -0.0824121785374372 -0.19809112559724026 -0.08682061360598442 0.07549763985107427 
-0.20840969249518526 -0.3327095487761178 -0.5603191991308267 -0.5187742151295563 -0.05726535491408134 0.2548488260943879 0.33371232559572905 0.35319945710017114 0.06744149083326056 -0.16195642027153997 -0.30758487565737014 -0.43672086551423683 0.3732843162053509 0.3334750264342096 0.06733389528322896 0.007823846137267184 -0.03125117997118543 -0.04767101737927526 -0.04212213580328591 -0.10857587070458614 -0.02512247702981002 -0.010588892760976243 -0.00816118405055355 0.08675376912823213 
-4.98686695560302E-4 -0.008527151418112444 0.2365210898440263 0.374790693141266 0.12009516664805384 -0.24238109175246225 -0.3092471242218025 -0.1256465385700993 0.12801832416150194 0.306496168953977 0.0957365924172904 -0.16989334175078258 0.030561975657603806 0.020859503396530605 0.08751479224299698 0.13535813859583423 0.060243125817226635 0.16418425035969922 0.27143248448566365 0.0887041572379192 -0.07589139339714386 -0.0973490162272191 -0.0984770444032526 -0.05745344069843236 
-0.49370241858620556 -0.45737867935903354 -0.2215348252197279 -0.2565840036485229 -0.2574241938961767 -0.2033215691491287 -0.17137997948508002 0.05947242828510925 0.1058820013455099 0.01309473211219464 0.07636001765650577 0.199867313064603 -0.12285800827685556 -0.23732920480342257 -0.2673999529833589 -0.20072894860474974 -0.06180900349493679 0.0032824406921671823 0.02151522930381102 0.05927410615922169 0.017275646811685686 -0.002447085427774683 -0.06172771072019114 -0.12909497803094763 
0.16653400391002204 0.1793091511353755 0.09561945718364784 0.22873352572161249 0.28998959707175087 0.13959926853887936 -0.0672598802002306 -0.22123257060832094 -0.12659164604985929 0.09719166607156443 0.2051058948104919 0.09054961247596088 0.027565098371516477 -5.206319942534879E-4 0.08655800572122552 0.1539397734632931 0.0914849729005671 -0.005445755114455016 -0.032501733604290185 0.008030900722628872 0.052864518586295255 0.09045321136996982 0.01843115865522864 -0.06513945757802629 
0.07664798703259024 0.28535991435740593 0.31233147614943924 0.15644121439451952 0.043214440358880474 0.054011323872215564 0.14817301567351004 0.22317015464161688 0.14291953550388412 -0.04996291254700963 -0.1770863946933975 -0.17965740853476564 0.015939660801636002 0.024604678691042253 0.04128134511411202 0.06119292297056694 0.05356490058458239 0.03085106332615249 0.011449357913747987 0.047025600622133235 0.07944278679958743 0.08610979886349511 0.07392385982656967 0.062157756118113895 
-0.36836918461950763 -0.3783345522935717 -0.2900860780042338 -0.29354123627013445 -0.30467906918117604 -0.3547102729197693 -0.37151842098822696 -0.23158810391623974 -0.049093998676570924 0.06666535717366967 0.16716632262655612 0.2152873917829806 0.09094175288111976 0.07932401573772359 -0.03264102339066657 -0.07631282937971474 -0.10268221736093597 -0.11362330486576892 -0.09933133595945487 -0.10533621992522439 -0.05942352953487356 0.020472196157619083 0.05642353731884253 0.01679517321186876 
-0.27406980672634873 -0.2523708637176867 -0.15252609296812314 -0.17902539156435027 -0.12078456252346043 -0.048719988398261804 -0.0535987828323258 -0.07642660692733105 -0.17119518273989656 -0.2299715100293433 -0.12644177573123536 -0.04897484494324854 0.02462873481528301 0.11007171181346624 0.1474006058795269 0.09887280088276351 0.0076509153395867 -0.034143930715298906 -0.014564732380780496 0.014685888489877988 0.009277828547870801 -0.0172548685702614 0.006882830881202858 0.0629782795523957 
0.06906764214613226 0.21020249295975102 0.4259713119144287 0.6254053168401916 0.6800357505957293 0.5318348392714248 0.3316200269310519 0.24457446995182616 0.20873630167665172 0.12577937633987402 0.010512973372883247 -0.025177188955403947 -0.15351729437471384 -0.13214590945972193 -0.09274042635435782 -0.1436910853612324 -0.16437906712130682 -0.19758099611609967 -0.24116054373046195 -0.2120325930789503 -0.16484671775343074 -0.10076905252148637 -0.006210372369974848 0.04456367873517517 
-0.21595663079607874 -0.33912374370965415 -0.48789903644847277 -0.599650464808934 -0.4720957155483323 -0.2868294400774848 -0.1597020111437879 -0.05896879776205005 -0.013829100316339604 -0.027755316419327603 -0.11940821271016963 -0.2483599568227604 -0.15018301174012327 -0.12225993829747928 -0.02386225621969068 0.0368519059879957 0.12311645061961117 0.12786557933606293 0.06236206625608248 0.03879578372885334 0.02641303647418311 0.011955151115785453 0.003419073618108744 -0.026694144920511267 
0.0631261105394989 0.061479616081577815 0.1558216727990145 0.3478445564358546 0.36411370869518034 0.3570874412681412 0.4050148243588899 0.3957807707379707 0.3667631133719428 0.2678644179331209 0.1822806582259478 0.181288911517211 -0.017850634573011465 0.002872803776768943 0.08297505232336887 0.17524762028613092 0.19070708350095178 0.1398454406120991 0.1278216483666566 0.1414275943775682 0.11995574575894989 0.02563538198800805 -0.07835390892226711 -0.10651110500947379 
0.17944999429733777 0.18877038961383774 0.05413549524865602 -0.15080072932616884 -0.33217289343201944 -0.3449430274048088 -0.27738238031449225 -0.2684171085069633 -0.32944769801009144 -0.3368794841733231 -0.22258283901209386 -0.0721254604180222 -0.02476655818301617 -0.2675621127248241 -0.30481221684901666 -0.3144574795295099 -0.18236157897437563 -0.08540624194892438 -0.0010914304416615357 0.02443006899562174 0.0643113280504896 0.07050388036959658 0.04156718365921052 0.030453235004555008 
-0.0750837666815416 -0.062362985032301754 -0.09397111090424226 -0.12476241175958369 0.0379530890347175 0.14135531109878952 0.006995266416434276 -0.07498415780842177 0.006678363246677976 0.2034353142528476 0.2971620132906467 0.20623887787064835 0.5466036728906262 0.044643646366091784 -0.3530223755141879 -0.04907352473785065 0.11814422135622094 0.11021455610237989 0.023226282016675887 0.01640432232069437 0.02321115166507683 0.09086317297348834 -0.019236836746341912 -4.247956146633906E-4 
-0.07255201763650998 0.525483895021758 0.5514340059502055 0.580025457877315 0.23806933120502594 0.07725535085396418 0.04258205915242452 0.10312345952428094 -0.026720709405175985 -0.20705240568798072 -0.3015504412201506 -0.35219464501314407 0.5969219179654246 0.25424280490257445 0.31590082008624143 -0.23943496988506782 -0.26774534610775264 -0.1682572614122967 0.04108646567266083 -0.13320064327489564 -0.19703599936563324 -0.15330092095172845 0.05252887427420905 -0.033463705051900786 
-1.4506839021654558 -0.24080807572065765 0.9662395439908034 0.12965203704766465 -0.27544006769200513 -0.18465541616838493 0.17535375857540386 0.16079751976026543 0.14576616407425458 -0.06963864023001531 0.2794749695690019 0.3225978906587621 -0.34447777984824784 0.2628593250808183 0.7073408293024039 0.4784749991138962 -0.08049578959567875 -0.06741143656150461 -0.16981396851718453 0.14740668529318998 0.3227771440616331 -0.033668828578200694 -0.09929019018319513 0.02223687531792377 
-0.9235156918569789 -0.48473547974970765 -1.423672292457591 0.4402969559254104 0.6277597232545997 0.3228341204656685 -0.48482102341195954 0.013293982533379989 0.19211639967301997 0.2595602559232938 -0.3713259399738986 -0.029913851656376722 -2.122016866694327 -0.4095838568367755 0.1866703109404636 0.5307192792858533 0.17019479402663204 0.07149967946004272 0.13302475195052876 0.23310488478975655 -0.0970957397017204 0.09996864576202152 0.1510902651264252 0.16914197935066735 
1.3838314099734363 -0.3458312728890238 -1.2284404496075556 -1.49032315812532 0.08459526179696689 0.2208002359774512 0.78013871325018 -0.4722894751925412 -1.0710716234773192 0.07113546918181246 0.629920333217106 -0.021612144761506635 -3.045065671458381 -0.23579974228913433 -0.21567114647702348 0.3316184196746493 0.23087346913045637 0.2885516408734327 0.1234276857133763 -0.04688172993630632 -0.11954556838869546 -0.30165986330240496 -0.057297400530153676 0.06420729655492896 
4.876240926377026 1.8067470641162675 1.0887630699279942 -0.20214478239375255 -0.4525327156193562 -0.33997151359908206 -0.6588846740365498 -0.27964769736858547 0.8729854034757721 -0.5773453976799592 -0.9300439184234782 -0.6875155653550117 -0.8765947172986657 -0.3524992027702141 -0.5352901565875784 -0.20538815363970117 0.3669557559123402 0.08828078044235133 -0.07284199606919432 -0.06872276122620001 -0.017354164122667992 0.2053658612087695 0.1265465180246026 -0.13841035794962303 
4.784634803092684 -0.6791501207862423 0.3570353022290813 -0.5439823528167018 -0.4279142556463963 -0.7189075217563077 -0.10789747325242985 0.44791354952016715 0.16396836733896486 1.253793776478826 0.7307261603842528 0.4587768578432927 2.9846762291855646 0.9767743837006219 0.5580964048813778 -0.2946321060067764 0.1762970420387281 0.14407152393496134 0.3046244640179056 -0.07468826408943366 -0.1585195182886476 0.0717292712870576 0.2585349342760049 0.018216159653378323 
0.005866763479394077 0.739421552509544 -0.6105396986131741 0.5832910141902048 -0.2168527857607392 0.527845658005494 0.17772305804692834 -0.24063924614437415 -0.3733411033671181 -0.9478664813515215 -0.8013684076312798 0.1451227208900927 3.494815006038646 0.34352052461753074 0.284705416566326 -0.39954907933346817 -0.36084838669239755 -0.3406772017126369 -0.26711150693002006 -0.13351726215951137 0.28844372229474974 -0.033398692406781026 -0.29833486585492586 -0.236477177154906 
-5.135010196134442 -2.7424916681875278 -2.053078279981105 -0.9991447383969694 -0.5621358292485259 -0.6453229216297208 -0.5520385448452759 -0.2677289085363459 0.02765018481006873 0.041208197156420795 -0.21002222500700796 -0.4925797668441938 1.2348109794439692 -1.4314615420843138 -0.6529063482129824 -0.15839469260040764 -0.2625527731944038 -0.3806897319969562 -0.24447050787938393 0.023475100346399713 0.20095207741888066 0.28448125833394433 -0.08184631688269277 0.12120110570442781 
-0.648381592125348 1.807856263964318 1.4397036113341095 1.2240836483967859 0.6971232312589014 0.6452677914755351 0.36452038254993346 0.4787253181382052 0.07581332785597095 0.12914346920158654 0.43533487183692965 0.49759427845344956 -1.9062626135905425 -1.4749490467752302 -0.7272676308476567 0.6014477625831361 -0.1703541267740328 -0.15693679512253148 -0.1784363155062523 0.003174341752995876 -0.12720048428952932 -0.3221607099786968 -0.30177994099519906 0.06027246866153311 
1.407326042563148 3.0810171497393117 1.2906326918943867 -0.3891945921187694 -0.09724394457300523 0.3644506074995404 0.5321153881342194 0.017805966339678347 -0.6634650805292216 -0.13815497379956093 0.35791347129822637 -0.08106223805166912 -2.064226698559427 -1.3328467537783937 -0.3259032194637319 -0.026059527004234306 -0.5183046295026797 -0.05636260464375966 0.18062486283733195 -0.04749376075875741 -0.15523124177500047 0.1408404317393072 0.18424888548182272 -0.13156118113674833 
2.4534864849022258 2.2525142838718146 -0.10059229200795006 -1.5260273466983034 0.06176365222359892 0.4937692788084578 0.17095503807593762 -0.3929297088413739 0.35381798217111504 0.10829723406255976 -0.1799964327982999 -0.24145344949076897 -0.13749050490321935 1.0832085286410411 0.440691315603642 -0.4235865492599375 0.24220613260914634 0.6775355360111988 0.2133229431786098 0.3951370735933964 -0.3378373680735209 0.13415136152936444 0.14290454981415512 0.048905238256306695 
-0.49326413896994836 1.0337195831939052 -0.30522066991887975 0.4540893401632782 1.3104578487771645 -0.40048585136490317 -0.9971304611202739 0.31057988722971586 0.3543415829774981 -0.3708899804919874 -0.4551032291348614 0.27162764053816046 0.5172135966030758 2.0219881755498674 -0.45072861677984816 -1.0242388493176564 0.21190180663436545 0.13991675722525154 -0.007288332469648588 0.0779512599399963 -0.14193703142701458 0.13328961243681028 0.016853783453141685 -0.026685277291832007 
0.7143850133508582 -0.418120538686102 0.9155563454298168 2.0732013300355745 -0.7333460632436224 -1.0048705871258397 0.48917447764135075 -0.8530728630870028 0.5804221003231737 -0.15694311204029354 0.41312957261100813 0.17453362438961464 0.7731148100844902 1.4521631020932535 -0.6992940743302221 -0.7855875954773263 0.4002800705624486 -0.12574297413479485 0.08963060539453709 -0.26276089039818185 0.40612972310177 -0.1137277815570914 -0.18204958698193927 -0.020829733904846204 
0.7252359885296045 -1.6496299656313322 2.134744223515048 0.8839076174672611 -0.33539450674249094 0.6940202687909345 0.3948706657604587 0.014023763642503906 -0.35095604532420716 -0.4054036380585651 0.010789118234147299 -0.2089999431163649 0.3989326287655935 0.7197193089490636 -0.14946847137757002 0.33868458986847 0.15720670190354533 -0.4729812275292999 -0.15905997175037867 -0.25717048372448503 0.27032961476093725 -0.338474949730789 0.02385592599059022 0.19396558121786067 
-0.47510800910102136 -0.7623002479953271 0.7773074842657524 0.6158263010816838 -0.31615038170391907 0.3237451411349235 -0.7939373415480399 0.5436310241467777 -0.5119223729833423 0.4667374075171228 0.13320615446301354 0.06134954405103234 0.7946345340679786 -0.36035771036181313 0.6189846379161716 0.8041409420424731 -0.5626272866657857 -0.2284302765009355 0.15082050567795022 -0.299719454781162 0.16066823702308736 -0.1509760382746755 0.2263385217536311 0.031925192696560634 
-1.095315514040789 -0.9533484889986727 0.21230917479586253 0.1667230850348136 0.6302399022966769 0.3541499670926147 0.12160536372555741 0.38373939478628083 0.08952497534794442 0.33269460892167135 -0.38670929803263476 -0.25367706294613035 0.57745906840294 -0.4311143588800812 0.9417741413045942 0.4241289393970182 -0.4188798443493121 0.29295770987464836 -0.3207596574819059 0.09591509430011214 -0.31335130194664274 -0.11622634218645579 0.04033178759137359 -0.15299397611697285 
-0.7592428375678806 0.3148118540830076 0.019819956040894482 0.019370770124379266 0.4717185922341507 -0.14964460677387326 0.17334561162495077 -0.1387723143154052 -0.1218231210821642 -0.07306412070638527 -0.06713678451649407 0.10109660621481546 -0.32690465053068024 -0.05145271129987069 0.10516460352823624 0.436474478130374 -0.2861952309811188 0.35758112738587916 -0.38215940633855955 0.32531458842873484 -0.23393994451586062 0.14417380134056973 -0.09620810753573139 -0.08879743012303887 
-0.8650738024457858 -0.894842940030256 -0.3118344362863059 -0.09025143524514112 0.5273105393364106 0.05184201312138781 0.8735081616196809 0.06748014997325896 0.3940482345651321 0.2131761526125563 -0.010034775050219658 0.2301084541526621 -0.4597488160064071 -0.44424015020060964 0.28174440799641004 0.25633347902758463 0.2959014237084973 0.07809581242180619 0.034848293972025636 -0.07001648859363512 -0.009629804085597155 0.11572858562619648 -0.18382282731891933 -0.015120728797833402 
0.3904850866935178 -0.6371948885799235 0.7238854792221279 -0.5651098731694608 0.5938999927195705 -0.5978442640371004 -0.023410521479422908 -0.2741831187329159 0.0376358309556456 0.09397523164997112 0.23349321557900016 0.08584907587075273 0.3521547012711619 -0.23482324657929313 0.07881747461525072 -0.1714879585419089 0.24423113553742137 -0.0572960815012443 0.14356312704262172 -0.012698796389730085 0.029736408717465124 0.10273043845256762 -0.04835036198603591 0.04182693161603973 
-0.29093302815226696 0.8553753329346216 -0.9849568107839843 -0.31003703040102026 -0.31855506907152487 0.34396235845880974 0.11543854836166734 0.6614942627759416 0.03868491158583098 -0.09801082413509629 0.014444183876376138 -0.20069111138059878 -0.1316632549423626 -0.2326618829712701 0.23161247454791992 -0.09191635936875509 0.12292193474995765 -0.12706940856448737 0.3280870137851418 0.059879890792468776 0.1553462426299563 0.18325726017613841 -0.04448629845543833 0.1347383239853099 
-2.1027773285281257 0.1441724573384482 0.11992871944398154 0.6437274433280455 0.1619579898258543 -0.12381653493885131 0.12169103712609242 -0.39768298154755627 -0.033350685744909014 -0.22566194769026182 0.06567482197831576 0.1910155941333267 0.11140622988808185 0.109654120440745 0.006348562619931701 -0.17805411905861238 -0.04288515216071587 -0.09260540478569168 0.04169072307929974 -0.03172013273656558 0.08271320252137969 -0.05958187144891095 0.15634100247771424 -0.012379561859708224 
0.7765471699921238 -0.5875409640756315 -0.7046934800409925 -0.41892101538762905 0.37451573653339576 0.19603637426572534 -0.1833036590385022 -0.05040959099682718 -0.0364972349744595 -0.17677703824574248 0.20733331711643754 -0.22668977693455455 -0.7134490215485091 0.5082782842969172 -0.8224293677021928 0.015905970476256637 0.1998547704693959 0.21821626518694204 -0.0442226771358066 0.2634725174800809 0.010514513439522005 -0.18945240829589247 0.1712511852919348 -0.10348107152684179 
-0.47747370204292316 -0.24469910139703188 0.5647081259908369 0.023494476499680728 0.3760200463992578 -0.24606505758348318 8.884129827626541E-4 0.17692920636316523 -0.17291270332834824 0.3121039530520271 -0.3319743584741732 0.1359870942268553 -1.3615842004687957 -0.1275847997645707 0.035512470545262964 0.1276004545158845 0.06150022324551533 0.08423858883019658 0.020262172662448008 -0.05867304443072383 -0.07097507486362943 -0.07890465980147125 0.15034640617957062 0.004879585376241326 
1.0367622232506593 -0.4750237405883899 1.2599415890491663 -0.047638458415607765 -1.0251504087664143 -0.24956217577970047 0.308507891840752 -0.4162293836196618 0.07692238005898458 0.20146345038143665 -0.3004847817731837 0.13726635315316227 -0.4707693702774652 -0.46123652984214036 -0.33713400190015125 0.18324021889231965 0.1598378743504366 0.03590180895643273 0.0622986514728705 -0.06667689145559695 -0.008725478074259599 0.036691745474778936 0.008321728927207802 -0.08200897151730115 
1.8518677462489936 0.47066824488853953 -0.9689262267368868 0.07528480129438142 0.6772903927392133 -0.15373302640672817 -0.1850012563008787 -0.03875395194396747 0.12286473132925725 -0.17806821259943761 -0.13145534711558549 -0.005601227039255696 -1.0973126234147357 -0.028345288413149056 0.10463381179488973 0.05189877096338217 0.4508380293447029 -0.08435808114776815 -0.18782959371291505 0.04898683458311198 0.05527182459376464 0.1383543713500145 -0.18931554323159458 0.16546866146920317 
1.024184556678561 0.4384849523080039 1.073525702023323 -0.9945368344619383 -0.25563305968789174 0.042164931808049644 -0.27725477881529303 0.25746266252353 -0.15820951808048345 -0.041766191844346934 0.08210862465552027 0.09013129825040436 0.3824601684509907 -0.16730886958907285 0.028688740803654095 -0.08599410820040994 -0.035487206174942866 -0.09459946253539371 0.10664956898205702 -0.0454531227362455 0.0864474564092678 -0.005475325473136783 -0.0804059015495349 0.11135560928956438 
2.8207530014873328 -0.6164175826057816 0.3440146341190893 0.3412473516326995 -1.3612527161741124 -0.13885436793405384 0.8572585294495303 -0.3068773204577666 -0.22116222803990815 0.018655660114875405 0.04467556800625849 -0.33685136272937527 0.6761081797440752 0.2567406862191892 0.03810516793617177 -0.11422845765892346 0.21103590287105944 -0.05058957698731986 0.07759822631405693 0.07358390208268108 -0.062442694509417085 -0.0952359082429795 -0.07508517732944404 -0.11272437795314756 
-0.5950609097214823 0.5704457819259892 0.517404936210216 0.07736259101646303 0.10058276421507711 0.02679688259014351 -0.5325707079806236 -0.1458083311540257 -0.010406509484236104 0.11952749044369049 -0.147332534685501 -0.031175406870471045 0.7318049363496248 0.05399952148971302 0.5732530483073243 -0.1809224259572452 -0.29612719673038285 -0.06449800270854932 0.1928498201628784 0.06000142608612128 -0.11504648924160127 0.0022671539880494604 -0.040779234040915636 -0.11057513358919842 
0.6331659402167897 -0.36553422857802076 -0.8051813476388485 -0.11797953846804887 -0.13392522782544947 0.005719729164184478 -0.29013797066038427 -0.05787016135323286 0.2362913105593848 0.026992670985482192 0.2085207645432573 0.3932252593806247 0.05180308961964197 0.0973978803540166 0.15096231085774056 -0.05929090131596567 -0.30651731502769797 -2.871644824602541E-4 0.28487775885819516 -0.018396866083808378 -0.025065841533784577 0.02268786616569503 -0.011469219237899564 -0.08899570965848176 
-0.07743672173504201 0.15104471082498439 -0.07163545201968091 -0.2221561115398285 0.019084786328925296 0.16337189138457842 -0.2821059892489709 -0.047045195287100716 -0.04179681965532611 -0.05273615924379871 0.12252372850976778 0.056818387962999595 -1.7397199944833668 0.3315642229534359 -0.185894677750048 -0.2548462022003533 0.35565976613765565 0.023778576387379975 0.049634844134883616 -0.29696862473072744 0.3023746579597069 -0.14302720399549282 0.04907129968585866 0.1571567008371075 
2.4065316386351867 -0.698910688117329 0.18564789566081608 0.6688794068587423 -0.4009517821479426 -0.20628037888389053 -0.12260710649088152 -0.30106829013980396 -0.1302695483530094 0.036723886461534905 -0.05584490587767721 -0.11386113117066532 0.29798380414134007 -0.7761265563932387 -0.2176455155074537 -0.3225425243205042 0.009798501798012912 -0.01725096406658273 -0.15386171879284907 -0.11576437328824303 0.15563450560950445 -0.05966544049310687 -0.004580505999417246 0.3188856854502411 
3.7374162245194196 -0.2575586571646644 0.5796743478105277 0.44847172495412746 -0.8328832570366433 0.06146120745204109 -0.7652406724700257 0.8666966074314422 -0.7342500539071597 0.5437434946921426 -0.16236359853260973 -0.24910231410614853 2.371349733107631 -0.39722651723702657 0.46544639093576573 -0.1205710689203617 -0.16601195127122204 0.1123995004516547 -0.2132845074571447 -0.10237683849518397 -0.2891760034641088 -0.13508642407455498 -0.19844957884304737 -0.08865592651192666 
-2.1682119453344613 2.1671471245965197 -0.47789970103159174 0.5143341162464856 0.2626632884632961 0.10842796333020133 0.4130145273286903 -0.1674479428477752 0.11561441085678825 -0.09225083450316784 0.3647059460626978 -0.41047144593552454 3.7489411719648964 -0.3832075761810865 0.24234439774071279 0.09989168379811734 -0.4918968666182468 -0.06676024659137215 -0.18613830783432142 0.16113298846193833 -0.28336411348515816 0.08378829511296736 -0.07606345827848975 0.01336650438462129 
-4.904114129073111 -0.09030464382086034 -1.1362008264807741 0.2168297405273849 0.185313104836972 -0.3311807810774316 0.08993671621267733 0.19327514655243683 0.7027892111321015 0.41701047346221765 0.5075970390687223 0.4710913248812092 2.1281410276726964 0.4325813851369409 0.5560037566064179 0.5215703102549935 -0.21444936332231027 -0.27738344060781767 -0.12471673816470223 0.4795393559981563 -0.02400060746810991 0.37135817581517694 0.1567018572097816 -0.08856720798436894 
-4.519526700463237 0.36708503375402834 0.3165522895843287 0.4850253476777615 0.5656406367699902 0.19032135515496226 0.0082191226707313 -0.4477565250861163 0.0013031595828345566 -0.1512744882624047 -0.16263484984287402 -0.514057463818208 -2.189648464281547 0.8348575888522576 0.19074833011640369 0.6759751971044506 0.5874927756268403 0.46519239983670985 -0.02378855921901435 -0.2601017328958483 -0.06224379443700508 0.2812861534580318 0.21798867095288113 -0.37434323629040184 
-1.4713494809342822 -0.6552717671542414 -1.485562917316686 -1.1015848215264907 -0.3410238412230596 0.8526648333631135 -0.1886927556469395 -0.43176716944385624 -0.6050926058658531 -0.5408192058737699 -0.3687987722091687 0.06839231878830004 -2.038594475651611 0.5998621818343941 -0.27265971909317493 0.2133409480044559 -0.11300337205583534 -0.43929538604216156 0.03200317883321841 -0.3579952067600923 0.29420418349354255 0.3927366651236028 0.35034455483008137 0.1380469960312731 
2.6843511234407655 -0.05494208029356251 -0.8754636459628469 -0.8543841940399285 -1.2366465653872092 -1.8790720434002006 0.6236949409155418 0.9253784138379164 0.9562867026667807 -0.4571944552092695 0.14893783884299988 0.9139077659821356 -2.748587365935363 -0.1471374263108217 0.7066236903658464 0.33305311885902134 -0.30252143000625736 0.44668426819927176 0.16648093468924616 -0.08767829056434191 0.07944054270979371 -0.016636474643984045 -0.23126825770477102 -0.14754672299486415 
-2.39026961407028 -1.6788776323002472 0.2777862985723385 0.24651166737286212 1.4254668220830777 2.0214020763266345 -0.31381072940938315 0.5806932973706973 -0.6573151108904993 -0.6082395384351581 -0.6992229697644585 -0.657032278112782 -0.3397829184640577 0.12190064979887875 0.023947176378065056 -0.520425348656758 -0.729586645844056 0.20519365627894004 0.2803218332021508 -0.09800784473907638 -0.23185022728417948 -0.436867522959498 -0.20789135428314567 0.24829518459651903 
4.185695463910851 1.3203002452594963 -2.684993389457723 -1.188182253348979 0.5899595951356937 -1.7341000709246135 -0.42866469451578526 -0.6909518868003673 -0.2109072160342235 -0.06765489804975844 0.696382022049084 0.2912950036169254 1.879759838933328 0.4163167364550651 -0.253666178631153 -0.46854908371690884 -0.17157856625965195 -0.38847953535546637 0.22249611384087994 0.3867901936218308 0.30490384020787414 -0.34416692172702135 -0.11132595105811932 0.3189454056420994 
-1.2026728957771518 -1.708594879327407 -0.652639574703443 0.6265902540983086 0.9344330160476568 0.16459787828849987 -0.5034784375377284 0.6704215150925148 0.6740550353371875 0.5750135844249684 -0.018846800962773635 -0.365186853818652 1.3700429770313027 0.18689508316184833 -0.7976712608960842 -0.19428214560372836 0.6427111062679434 -0.018851364225149325 -0.33017390903266536 0.2062758611703214 -0.3349070845163522 -0.31483963184716024 -0.26137910400560505 -0.2386496633604264 
-3.548726752505782 -1.289033666145178 0.3507478265685028 0.36122376374807497 -0.47639396359054287 0.21476866168526576 0.05104045345707453 -0.27985627588848483 -0.624109891070685 -0.016320251458268653 0.14272760761651537 -0.18885116309122751 0.7640311506147434 -0.8373676101062166 -1.1157560384240748 -0.26482897621529694 0.21217315525025518 -0.24063175684145288 -0.32227383824915384 -0.26291089006110013 -0.06135906409444818 0.09215883825415026 0.2206985609248985 -0.148909947045373 
-2.6331874369558714 -0.9348959260834553 1.1529294732474784 0.054655095635520234 0.030510282642365882 1.103521802697143 0.436858423702183 -0.24368209159620813 0.554007480176788 0.31061203381057767 0.36174154946864095 0.29898979532257375 -2.533106463059679 -2.1151031700598364 -0.18725741421902886 0.45645947161624423 0.49857361352305346 0.38138609861681366 -0.17921400086445682 -0.005929441877476571 0.13460360568658356 0.4110714273279248 -0.05726436288834619 -0.19301955194824597 
2.608859282655981 3.4455535989561703 -0.2405097981609592 -0.10772774547169406 0.4054014960875736 -1.4816667626045763 0.0679883896117206 0.5548325867272945 0.03319375382932077 -0.21193063750501384 -0.15600783594131895 0.40593652018243154 -3.500162658635798 -0.9904983814650051 0.32532319643579105 0.22598770281984135 0.5949639834493438 0.02342397596149126 0.19154833000175642 -0.25425246713743616 -0.06071735560561784 0.1372801259874064 0.10969650688539463 -0.09575775374090435 
3.3178534758210034 2.2694209983014275 0.2047614803183746 -0.5083124061405395 -1.0021855543605618 -0.13134270541702003 0.025689596978319074 0.27086540941705484 -0.058407604172566074 -0.5603955045354334 0.3023140094811821 -0.08352203961074356 -2.5071419948578675 0.4983749876716823 0.40543065390362015 0.33650384407825507 0.5370455449191455 -0.325581106399965 0.404300898918495 -0.14220917807849145 0.17594306997592515 0.04319510537049365 0.12708637246604176 0.1658560699752473 
3.9762407670131736 0.08030301605739609 -0.15113776627431852 -0.03525559382341914 -1.7449379954371103 0.7619289878578734 -0.3180201231862627 0.2256273750171922 -0.13575028207915446 0.007343139752517658 -0.1566481430459391 0.2896780155981442 0.24885124261164648 0.7549510689962782 0.4128905329646073 0.6781461838782302 0.008574437592564673 -0.5978505009160291 0.4508488645333238 0.2770612558493238 -0.019078935123721868 -0.15269419038188883 -0.026849042312482807 0.10644007862009291 
4.204547805439134 -0.7473955976491151 -0.10804850440670244 -0.9910925124233825 -0.5054566063527288 0.9584672466658131 -0.5830400166543104 0.3475480484943174 0.11065028820325015 0.07138982907033098 -0.01919741437717426 -0.14044916231102444 2.4115353978612997 0.36552481521171326 0.11938222796808073 -0.08864378623378566 -0.8907982563207694 0.07549326303228111 -0.3133602821299745 0.3856647906660334 0.03907394979968382 -0.19344978452355144 0.15403701972661119 0.026783871549812432 
1.4189583900119764 2.689108689942607 -1.3227764046922426 -1.9007762439649627 0.1313137093059631 -0.23302023589790555 -0.980193397171936 -0.31469250035930807 0.005901613012578251 -0.0697407331622295 0.08529500292530764 0.11507984567229324 3.4317790963530226 -0.38385307167413085 -0.8433932006816528 -0.6015038374886917 -0.7156892802108743 0.6353741645424239 -0.43755998876728586 0.19854510104366474 -0.13560525977404128 -0.12517046494433212 0.009678165445488171 0.15432598354880628 
-2.6381115292622965 -0.13155628427631783 0.4324341156230944 0.6903792776315892 0.7320833622302096 0.1396521173640261 1.2968570803610793 -0.6159690248927953 -0.2464554011174839 0.05849578549259454 -0.2807686226842748 -0.07657456929725537 2.1462789558297914 -0.021055041626417175 -0.9328022050641253 -1.2073700000935323 -0.3473575020275856 0.33219904162877456 -0.48865338246894136 0.16789534561874597 0.0847567316644151 -0.04594685064888094 -0.005145992577851764 -0.011930938751052222 
-2.897766854695179 0.92394257439339 2.1088005257557416 0.9285200236151702 -0.21664013909595659 -0.7347859411185048 0.054711294607900085 0.11175060857975438 0.4496183419033364 0.3893015563743822 -0.054897035228853336 -0.20523723155515916 1.1217274473858778 1.143070458582007 -0.7781382443277725 -0.9846344244957866 -0.1046719874603006 -0.20803148077851627 -0.353510480478191 0.008513034194360058 0.10153553579098303 -0.04459922202363129 -0.05570031760506967 -0.06413054941734919 
-0.07592643969666346 0.19835258500474495 0.9745696455616812 1.2163693540671483 0.7105928239309877 0.21275297438978902 0.36546778486259557 -0.3693595428314517 -0.3654782712353742 -0.02029076375133204 0.06633658243346152 0.05550219255585842 -0.10831210709292716 0.8336294805540181 0.4836210587457996 0.21122616902731842 0.13354428009692884 -0.09144461320864643 0.26323418376119917 -0.45839811284633103 -0.23725690578262457 0.020069850567664194 -0.031395299452680527 0.07686263585575875 
-3.2273164969284736 -0.9050571204439457 0.7405705633217816 0.7901319913046176 0.4560749408364759 0.35452377792476175 0.5460326920118788 -0.46353634397306 -0.23919355930142572 0.10345020753062767 0.0788433531816485 0.24143311299778392 -0.6668935394889318 1.0405424730815935 1.3706107103351595 0.7557377356235514 0.027456225670637213 -0.10972994333500335 0.12787722844734103 -0.26356777867138415 -0.036162090306110395 0.03898007442333227 0.004308880782588971 0.07663097703096124 
-2.148400386866868 -1.7179448785197042 -0.33431407939732427 0.12589478670491022 -0.004907018026793053 -0.1306689025316679 0.2614938303754923 1.046868789922605 0.8097212668327708 0.14121190821147922 -0.25345291853148416 -0.5304976491410032 0.017682368614145776 0.28783719840384414 0.6630199854440205 0.41126364269546656 0.373830291476654 0.28379252724046283 0.3007126246150076 -0.10225212840232462 -0.12816220546269458 -0.05912945236853462 -0.11788102202078855 -0.04416430014869399 
0.1391507373567189 -1.2395361130891658 -1.3485897427702342 -0.7934558995743652 0.05874110487102216 -0.2338851726527663 -0.27693341349057143 0.19433977821687842 -0.029495156212404894 0.1916099971229797 0.09207107290585259 -0.14213024179961206 -1.192006666244066 -0.23610647714569458 0.32865805076443616 0.3907132398508057 0.16024101538185528 -0.005901576378909756 0.26699585682824667 0.2333987788799102 0.10289533474943395 0.24303509266497328 0.09733904806474204 -0.05884359872663562 
-1.812207162681697 -0.49791951388417743 0.0300898422756275 0.77437237142024 -0.2122311325162472 -0.3444201320428355 -0.12518703623120211 -0.3915412187194471 -0.08584085639180086 0.11301769855809579 0.41336578863372514 0.3797767704006384 -1.0023387569056037 -0.28392337425847014 -0.07430870265414813 0.4935821539816758 0.0322943009327748 -0.24151384562789588 0.031007095243503757 0.47965713213153666 0.4134062834295658 0.17248911198918201 0.1590124468560012 -0.03169785182087224 
0.18060688971113914 -0.8067503713246253 -0.4276055498080027 -0.7062465206054642 0.07901395193563707 0.47910412181707485 -0.061614445169513976 -0.4445276762917645 -0.1000985019374418 -0.6115579656376005 -0.5465831445951823 -0.03717330059313004 -0.6431659987312826 -0.4046048894344034 -0.38197940069725006 -0.0065208051459392236 0.013329948238729225 -0.11560474626923321 -0.3163913984721561 0.040724548464736866 0.06802152815587885 0.06356237795081454 0.12990846914188112 0.04970430971425387 
0.8378878076727334 -1.082567626626564 -0.5718800679159957 -1.3984563647245676 -0.1119263443574249 0.23737798711709918 0.060813060484452286 -0.07266887921768352 -0.39519591059340825 0.025328553624223316 -0.41116315034897033 -0.48788256428162746 -0.3973413714244857 -0.20503318318581423 -0.1105598714314674 -0.051540692877536154 -0.31656598650614104 0.007957775919007778 0.09221627820600009 -0.3604439313411027 -0.2991750612793244 -0.2455109730999089 -0.16686830560261812 0.013913531832663825 
0.7436012483733514 0.2666026115852378 0.09833341441732746 0.3125208839358562 -0.03140113392457666 -0.177969993425034 0.5792407335680696 -0.08727003692821397 -0.07888221357923769 0.044767435737472314 0.11461013497155699 0.14258649639875925 0.5435893757687614 -0.00528497969324541 0.07759311320578051 -0.593287070667719 -0.16468669264101563 0.27891354299297116 0.04855973231700345 -0.10521875058306358 -0.09046289098110254 -0.16212398041002227 -0.27842579348567964 -0.11671960001985793 
-0.9016802277393459 -0.4194964557816663 0.0987999744573646 0.4196107477821882 0.7926743699322827 -0.03975640217880444 -0.7222634602179941 0.5111617556220858 0.8010761832670704 0.5213879171702862 0.5833740656582099 0.2481562764067023 1.7558150278451696 1.0544778222726918 0.7209616774417226 -0.29794131476818975 0.03877119899295336 0.20304989338697718 0.3389830543756436 0.06393404420920445 -0.21498126717225266 0.09143679525287336 0.07713057077072094 -0.09820223782152855 
-0.5803772198891055 -1.122431017667338 -0.9957249106120244 0.16458113514431494 0.12077367271383016 -0.2190693125138869 0.18424461823069888 -0.42078674196245835 -0.4268458759243735 -0.37321570618056515 -0.20857437214173352 -0.05503392087772112 0.31618974224176966 -0.650706999692913 -0.14446846039510486 0.04061668155155026 0.3998258760447831 -0.06543429534217675 0.03494702239453231 -0.0027112202942041197 0.1683312690554056 0.11491938855329627 0.16469703384176262 0.03468389222182717 
-3.7675680417315465 -3.551484278818351 -2.1877359377264876 -0.4306625460242277 -0.3043273446554884 -0.35122203349940595 -0.7586380449737931 -0.09771265932817469 0.42372972209591764 -0.03999026117537802 -0.4809626091044879 -0.09446564217880163 -1.319452359495027 -2.0428724627434973 -0.8449566474029843 0.16850528431652836 0.5108937715267157 -0.24348426569639817 -0.4064677285774578 0.1250551046252067 0.34167803506074734 0.12614942285994357 0.010898535663106576 0.03498827782360156 
1.2279759286441427 3.7847175221823193 1.6750067516945681 0.6158074861844134 -0.6823779047650406 0.17406570826179701 0.49258695876237213 0.22530083142952861 -0.3952027901598781 -0.019301640749584403 0.15268737082761807 0.2098457790260297 -2.414087845222174 -1.9143196512536065 -1.2436174271799652 0.29236856015898766 0.056204523387096784 -0.19169122032759148 -0.06150428999919664 -0.08195829452712991 0.029269800396895824 -0.1746042132708672 -0.3258355453964665 0.043839981512638106 
2.1525002764791106 3.2555466625239973 1.298304085513021 -0.31151828068744614 -0.338431155908429 0.4941288845225482 0.34296855524854264 -0.1870473449495278 -0.2397794647974194 -0.03401738412503487 0.3700475871842144 0.010751592984022215 -2.484595891878459 -1.339999107017517 -0.9182765783254864 0.696049066310208 -0.23176991850658726 -0.038490168676085706 -0.19724214232917836 0.2446856181444889 0.15617697874209382 -0.12388903095111985 -0.1381132168176041 0.06209678711047805 
3.7018521566720874 1.2170124654223073 0.9921073593081164 -0.7720966780010388 -0.0307879918209899 -0.06667111054208957 -0.18204581188287905 -0.13024451557039207 -0.18290068366839252 0.14761049510686486 0.3434271659033148 -0.23916248299704737 -0.18990904391153482 1.32899631958837 0.7213956632070135 0.5289974423921499 -0.13017038225444347 0.5126952214625436 0.11603049320549574 0.21755546498729902 -0.17668647830177206 0.10769345033870557 0.14640194319051375 -0.061108182070910975 
2.4492815198898583 1.7523655706142058 0.9085434934431977 -1.8248576628621258 0.06518745439224816 -0.11538311806920554 0.17040476733636756 -0.6539968402616811 -0.15095226737610667 0.24822076374975685 -0.16199285618952397 -0.05625187249869726 1.6186503635911869 1.194263105095625 0.5403716796530328 -0.4434781896564887 0.1250669002254193 -0.004579937954482416 0.06228090643585299 -0.28614600007869534 -0.08476552782434166 -0.023026783659786457 0.12431883794153403 -0.033350774519199405 
1.6493124386733733 0.5493191093721048 -0.29429994189156083 -0.21451514990469622 -0.4936760631520487 -1.059263954829957 0.23077737310197244 -0.19389081587629176 0.0904430460347817 -0.483501065703097 -0.020498237057054003 0.4266720579801223 1.8667974892811487 0.979249161602116 0.7376493588581269 -0.9451283811184945 -0.24322505245751724 -0.5173065403042971 -0.2607552561051829 -0.4455997578715638 -0.0426664281795312 0.07515528208041648 0.10188054343913368 0.0054556190358151235 
-1.6771809552950927 0.0066040252622237006 0.3203926971537614 0.7401255242338487 -0.48218782091915746 1.0041651205299291 -0.05028575655144207 0.7032138054395081 -0.12215474617598154 0.3506187472593054 0.17905377483979668 -0.2221133539469644 1.064997699187115 0.5269891226912184 0.35229235984650553 -0.7055477312330947 -0.0679828874240212 -0.37692573833374715 0.06657297409141949 -0.23999663358098433 0.029647756732122 0.04901665847093404 0.011940680052704322 0.08758802080679533 
0.16469092642111693 -0.8478542467080494 -0.9267653191215461 0.7807968718064577 0.9725748032072646 0.9254743910712344 0.7105652183765745 0.5279494351937049 -0.06930015972986148 -0.12905434288915885 -0.13273777992874658 -0.17259859938035918 1.9483839939461296 1.0101011580328947 -0.2799485953869378 -0.9852207320952816 -0.7288418848551185 -0.6807087241975364 -0.04942465273101863 -0.23460585171301854 0.12356854273902633 -0.004202688944795123 0.19361639079564477 0.15120674031386594 
-0.003400821545358923 0.8699848805806276 0.1678991025186738 -0.205870480018419 -0.4639893165153449 0.023024923981440182 -0.26920807757519194 -0.29492706505372646 -0.16002393469015108 -0.07605257307001434 -0.14169512491179065 -0.019380606238842524 -0.014495982720690748 0.08963568248455456 -0.2812210424071661 0.261650700123774 -0.13957607857581214 0.7719791657669473 -0.13674401985218412 0.5762052262454648 -0.14073508011970406 0.10860513184807942 -0.11110111932579403 -0.15655610901833272 
-5.032729610039882 -2.912674792385781 0.6217926415867963 3.214145048507282 1.6837503392114002 1.4734323160368965 0.48851249180690326 1.008997174509381 -0.2613279879252125 -0.25755733870405173 -0.4409729595681947 -0.12831453681553645 -0.7253088203908412 -0.8012352439338715 -0.20985779354874068 0.9092911623511929 0.53917684299235 0.5446747200279051 0.41874813216571777 0.4075414334502652 -0.12436370132261516 -0.2041225824559161 -0.1575146234307082 -0.016629429316514722 
0.9650172610974792 0.7701072506474258 0.3897768440210885 -1.2615006644878854 -0.41904735319378883 -1.5857513392537437 0.47097266628994594 -1.2659257429547244 0.3960644082808062 0.08905484962251359 0.6664747226369029 0.2254129418256224 -1.7611663981108734 -0.5029002309861514 0.24321483399026844 0.9862631828515281 0.523096449309142 0.18932112055213354 0.25197378511085594 0.10693617144942284 -0.09249673948958015 -0.23665727391593058 -0.11312921634459698 0.04528334885998538 
1.8564083462722216 1.6057903000601659 -0.40813080922653144 -1.4192615230123877 -0.6674267074305633 0.09583836260511092 -0.9157695500531478 -0.20917552620659197 0.02574677275250542 0.4007596931323255 -0.06427883341096874 -0.2451070854630475 -2.476949197557532 -1.200213077855861 0.8717240967752572 1.2227765719067663 0.2965764459471345 0.414474190006148 0.49245162653740576 -0.028841544493792615 -0.23597549669720644 0.019126284848227575 0.0015962002390151702 -0.11546920066491534 
1.8355293946312088 0.11945302731610852 -0.04678367404546768 -0.8479567428131682 -0.8576901411217889 0.14385853904093238 -0.32298841197773437 -0.006649229044008387 -0.026071096560269624 0.3047607327595888 0.009345461043387265 -0.09683437849504314 -0.4960571789348546 -0.021147254657353898 0.6048101638755156 -0.42759878363031206 -0.30413716840229427 -0.2618225004628009 0.31336833084642984 -0.5817923896663655 0.02136402974394186 0.18705492649177613 0.17036615525712784 -0.11150569477081358 
1.9628619158658491 1.0132915528474609 -1.775099389705697 -0.6609566280503758 1.0133423953339966 -0.6347951931288855 -0.591861848671474 0.465883551035401 0.6576662545869448 -0.4227891348172721 -0.1171969294884824 0.37921672533954237 0.46070977007133074 -0.05334616924598201 -0.34488770947840425 -0.8861478656121804 -0.5359226072293745 -0.07947668304046678 -0.3516204645131554 -0.18823017624901447 9.733453842004636E-4 0.3433568658829878 0.19754223671120566 -0.09040021703365676 
2.3999620131052293 1.12979838822584 -0.7411693573658753 -0.3578567610779553 -0.34702039936918605 -0.4349670599983426 -0.6310861769401805 0.14192188742337553 0.016012578131760935 -0.060335515878016 0.18183530490427618 0.24776812073676824 1.844107731159976 0.5363567745264843 -0.6239667657215294 -0.6817520874476379 0.08344816795072918 0.17660978133998748 -0.18399051190856686 0.13370927977151645 0.11012208816081788 -0.00705384710185782 -0.03554091535907621 -0.09745989052889505 
0.19206272682121917 1.2606561273432462 0.9737251608688853 0.994132082956547 0.6850062433812587 0.6236812112461487 0.2931407259675416 0.28122944430675945 0.0017848992538887498 -0.44676278019783566 -0.7431504654750303 -0.1462076839779829 2.5717183913568165 1.4891861633082553 -0.8774025563265194 -0.5926418111585514 0.3898552058451939 -0.15360093356239826 -0.39393460682135856 0.26175743486009617 0.27331297671298094 -0.25200353783397067 -0.13889818300177656 0.10231856607301211 
-2.811394204326404 -1.6132995835112371 0.45070434783182955 0.36975516402628417 -0.9438665689976076 -1.0152090071665472 -0.21351816357154157 -0.31545001499423697 -0.02849668337619521 0.33790909675544406 0.42894497511388985 0.45825749775040464 2.2170906033963784 1.583477384052043 -0.05224592073265433 -0.18551003685319264 -0.04343151247586471 -0.052660164396958 -0.23591223985491017 0.14251424314564712 0.026095079847081315 -0.15193283008537536 -0.06394548835713575 0.17297724172416742 
-3.146615149488783 -2.0827179512087666 0.2611714266750089 0.7531628428731588 0.14219986261262552 0.11612858114241154 0.38115796510828215 -0.09070280233608125 -0.14001804479801988 0.13409917236790986 0.17594278441204042 -0.0329836613863122 0.4523244984016437 0.7206608775907511 0.5425682735263838 0.4126837132724137 0.09303370817822343 0.09147265019457591 0.05103742443407289 -0.14163146658778591 -0.08895834551929614 -0.15757484393773405 -0.2223489327456659 0.09970616630903793 
-2.581970858928904 -1.9489467246542826 -0.22815472807097414 0.31915796952331676 0.05467732844272466 -0.023210251755600042 0.03264192305417965 -0.09965471869214548 0.008628810616471305 0.10503199809523733 -0.08587485496785191 -0.3277756157315694 -1.0828348848736737 -0.5242274508396477 0.1586562603173283 0.07855281573127913 -0.2780496513894883 -0.19890050071820456 -0.08318124788488927 -0.08609669391344636 -0.18561637849101364 0.03832986912633543 0.1710843449184097 0.1317776947916016 
-1.279622441082462 -0.7335029348574844 -0.31455012175886443 -0.2186204596092104 -0.0933668298735777 -0.14673611704305256 0.016948409352462335 0.5982261959190714 0.2500971888154439 0.14240030094546985 0.18130624780283822 -0.05230962616410967 -1.2415667901826521 -0.6076182558298537 0.15548666597829355 0.1247642809836025 -0.030077100191687967 -0.03184317742920879 0.17288384955652067 0.07051590994153395 -0.009409149985964824 0.08172430435594187 0.16444084798484757 0.0032396620925241315 
-0.49638590390854365 -0.7152247391679349 0.2625963410967813 0.6199883680736313 0.008065731413958943 -0.2870751559192014 0.21813035796103616 -0.4016244323814742 0.3332948352901137 0.21876892508765777 -0.08698979133673809 0.07258739576449862 -0.8682246275831993 -0.6650816251888313 -0.1588611070311897 -0.07672126624809276 -0.13008627635383777 -0.29623202115540787 -0.06509047223749125 0.011803363346732515 0.1575375970697339 0.22045295613145888 0.0072154709720209 -0.16443981460927848 
-0.4647072564510064 -0.8767241764623792 -0.4506641058437495 0.22845480064719403 0.2557369617020723 0.3435905655118386 -0.23023780101470814 -0.1512656753160187 -0.2741236071769466 -0.167942204196126 -0.3168222913580592 -0.2428841534119186 -0.5221973855375651 -0.5248487039988965 0.09881376714030747 0.24735749164239865 0.17464226218998977 -0.06244297439161276 -0.1948210628527645 -0.08835457614427378 0.20327485342315374 0.19728356444701664 0.13743377881077237 -0.015692281199469842 
-0.3847545684950342 0.11790877171465874 0.31648558506503743 0.3257841381393929 0.27038426171641294 0.6203224704331779 0.35150644495023864 0.23968112688520204 -0.2018735825965351 -0.4011556177283413 0.1415430016965341 0.26083109172017055 -0.1869543156941816 0.08109730865160387 0.11627571175359556 0.3878548743142407 0.033605037217727174 0.08915460557106987 -0.021933786899157637 -0.07263413699753483 0.12841794232494094 -0.12043012386977414 -0.06497204806108882 0.07090432721706179 
0.2311540478234786 0.4244764216979082 -0.6379360451639149 -0.8135908195692871 -0.748452881594774 -0.4131060070444039 0.5347235544161546 0.5426371447185547 -0.09214316251069293 -0.13948812098758048 -0.34526148514611504 -0.0993546305435361 -0.209938956841382 0.6248993131931115 -0.19953640958904562 0.018740312839953255 -0.253177380905722 0.09876209616017134 0.03930740478592992 0.06929208227534506 -0.08518559687383602 -0.31124296226967724 -0.3414522845416712 0.08475373501393695 
-0.28345360896324134 -1.6091169642028902 0.007405175496077332 -0.022553444760850194 0.40934554140920054 -0.1761906863542898 -0.09854895905692229 -0.5306734314061564 -0.14294921401783597 0.5658322550927074 0.12214594974055626 -0.21189034732087797 0.620684556530148 1.5144324672971692 0.21124691938014625 0.594398440195308 0.36720281420547596 -0.047940974483350884 0.39697918193400544 0.008271128372811945 -0.19064316135853665 -0.04962025876228258 -0.22419945299314373 0.25802367367876505 
0.1144591343072432 -1.8879092480829396 0.3024853277078674 0.3464026535774558 0.9457884645728445 0.4455608554250584 -0.12313231336891745 0.02603535700362536 -0.04802900084478812 0.2822927462023813 0.7172330882449434 -0.26078463893320514 -0.3339518381036785 -0.3293744244125249 -0.2876239275237084 -0.4967424852600202 -0.22013492199729776 -0.25826586206519475 0.26716271907767764 0.06691723450603737 -0.047454402181118426 0.11343695994725538 -0.08885858501221487 -0.03184443453632498 
-2.18846078132736 -3.2691957952864246 -0.7874658595112924 -2.0374079190199024 -1.6783448539838242 0.3348119626484994 -0.5105031669592417 0.4731686356242309 0.3479988206461224 -0.46318527503647444 0.2828940739804361 -0.43252492512129004 -1.1629047007569155 -2.052530251851564 -0.7496303216190793 -0.9032518779695451 0.22026082918493425 0.18070414826304348 -0.18651961738619413 0.03818331755846027 0.039614679097390075 0.39726567899430254 0.26717800714959045 -0.2725138925477139 
2.1855131483165735 2.24263911047725 0.6223712549108953 1.6840638733402995 0.9557970820936317 0.10619025464978579 -0.0607874988657186 -0.16003559231475106 -0.19525397329931685 0.0347097642352443 -0.15905979222941036 0.10649596196564487 -1.4412696545631072 -1.9781968975083755 -0.6456599748110774 -0.8473513051103968 0.05983120885631706 0.6640225197944707 -0.1325549673814989 0.18713739496941137 -0.2556270701777153 0.1796610029732791 0.4579597481604214 -0.37028807985743994 
2.1697334863028397 2.483199612071707 2.0963531767518013 2.018371579266363 -0.2564412549059958 -0.548617830755784 0.42983748585006065 -0.552187909422349 -0.18818076508274184 -0.5021732909066318 -0.24124163147103822 0.42201102987283884 -0.7683489790749681 -1.550911510694065 -0.298170327595597 -0.41933306876093157 -0.40873195986591937 0.22585840850390163 -0.006316068640119243 0.39105531621574924 -0.18800032493452457 -0.18188552378106695 0.18459198035685473 -0.29685550268047595 
2.2591709641814655 1.170483740763121 0.7975557340095527 0.8605668197655134 0.05534303846497912 -1.104791807256212 -0.19563773762907188 -0.02269855538131882 0.98694200255279 -0.23719625478237738 -0.39457830351058365 0.4228116231420502 0.5076961133938549 0.6084322565912049 0.9826729753645096 1.1872873944144855 0.19113430316415872 -0.23321853895702038 0.12344685426769743 -0.043367275664200323 0.07336211157242518 -0.12725877309376415 -0.0934201508905137 0.14180281330098002 
0.07975724796509809 1.9196164216528349 0.019452883726169823 -0.36766018594971467 -0.0019219525717397712 0.2627277680897933 -0.4241298416572073 -0.768665831489733 0.32090180752364267 0.2184243058155373 -0.15312261144954142 0.2998837523319351 1.318843527621621 0.060037502625026384 0.8457429827381636 1.614152000023643 -0.11771541920369848 -0.7622872000452907 -0.11781162750854994 -0.07102748590768526 0.38758680361201064 -0.305738944960185 -0.25465708187735503 0.39094588213926545 
1.7074129273038796 0.6991339359130713 -1.2871975246698177 -0.6847824272951182 0.2551345214340275 0.4001730720980583 -0.004144397915176956 0.07830519571154193 -0.6698815943197847 0.05618728515545224 0.07714115043138237 -0.25784883916684326 0.007205547726066778 0.8328710755080436 0.5090099017713495 0.3243286048419131 0.01999932359926933 -0.341621796994884 -0.2752182569357894 -0.373551528290926 0.4796532918252076 0.01611659101763056 -0.10620083137565577 0.16966152575130436 
-1.5109180781232308 2.5387620066216527 0.6015008578769958 -2.051409797274249 -0.003190738779424551 0.9857613297029532 0.687525698518763 -0.38960732724572356 -0.5225293774824864 0.2683517740050083 0.2868698871900439 -0.41049638539051064 0.15745683967242385 0.5454060858060918 -0.1384260039066436 -0.08076696162396096 0.2328292371446775 0.11611000074240979 -0.27490913880841256 -0.4127616555272125 0.12935078177056886 0.1453962572415289 -0.04269695243719852 -0.001496071074998014 
3.0328919840474295 -1.6377022782454187 -1.020497958379909 0.7294558109020413 -0.004020539228986486 -0.44144319707814006 0.07418926309031115 0.9084267773694545 -0.030302280419768124 -0.31050976193000457 -0.29597205870340904 0.26901711474935996 0.5502941444304076 0.2829735052791351 -0.3261171002611533 -0.2777706814951864 0.26030203389057455 0.2147653407059944 -0.05296845047991339 -0.11469061048199197 -0.18852754438267513 0.1620766748497582 0.09489286649607749 -0.23790321329000186 
-1.0553527994239484 1.4518162713138043 0.3013811123011463 -0.8324784201764115 -0.5708321336742652 0.3352059004506631 0.3614307442652862 0.054558344262948255 -0.3869401947380722 -0.03441594236632106 0.16152485042944983 0.0409389885988275 0.03552261340444277 0.3773879967330484 0.050609779495142705 -0.2783662446795992 0.04607876176332696 0.1805872934253566 0.11044079553886625 0.08839994480356954 -0.05890425608253106 0.07443770720692001 -0.027774956167075444 -0.09349811056724085 
-0.17125214533698419 0.39368628772959013 -0.1587863510984331 -0.4609360713584776 -0.24195088279027588 0.08115476460622006 0.3178084306513016 0.20029419140318194 -0.1720935525439664 -0.27865888120815774 -0.1448649306765531 0.23014311370849327 0.8361350240348985 -0.5871582726930269 -0.17348958680276408 0.35019716156940167 -0.17408344136581752 -0.1731454041725267 0.18520178301999005 0.5200691998119847 -0.06750238853697482 -0.23383169975521326 -0.16650867824343885 0.2057903986518892 
-0.015413853644352216 0.3909037334350032 0.018815715750829742 -0.6211151221051918 -0.022461852288760742 0.18270046858470335 0.23439372812166903 -0.30074086867329586 -0.27492097317279407 0.02911321202332484 0.2946411916778423 -0.11056505316835472 -0.765869827309389 0.36400470642780886 0.4227889375713456 -0.32717679112180403 -0.4311207908759706 0.2214640811077798 0.44185934615657335 0.14372366949451054 -0.36696144378057965 -0.2293732590695675 0.10792650870779043 0.0571008987525172 
0.004517439052936112 0.6542288087730626 -0.35874649969645844 -0.42681732284177354 0.2440446441757138 0.15424573137241993 -0.4178975778978505 -0.4741312155983779 0.11619527440851729 0.3592207601408123 0.13699580540271128 -0.2726020603227165 -0.5908392093631143 0.05772277922958994 -0.05373659534372618 -0.1614052385229278 0.1565376531324841 0.2822182259870846 0.4971762554554531 -0.15098086780495143 -0.2016133163908719 -0.10033182732873118 0.11176659739454127 0.020792450558536457 
1.1543718903092586 0.2295308915086416 -0.8670056261138779 0.13199257893064864 0.4795324754706516 -0.36573182625577616 -0.5962942899298577 -0.03939996071980345 0.5697997231274249 0.3347640141678964 -0.30318504373355365 0.12100887935688079 -0.14582902328673253 0.38980207997290844 -0.10045581746677705 -0.34605137074436093 0.09370094213758935 0.08790167618437365 0.383366248767597 -0.34484197803261446 -0.24548107811847678 -0.0035143727922078614 0.206639725091205 -0.028704060648062208 
1.0163726107755533 0.3012043710040011 0.44533410586509925 -0.3532742063076144 -0.9625610060674343 -0.49128376593479417 -0.7583763266892942 0.52256634084129 0.010386048478539855 -0.13048880029425003 -0.18125160515447897 0.05197879577026615 1.0445525266200257 0.7022513668316632 -0.5757233901187256 -0.6625618240882322 -0.14874258122526818 -0.21842580105697743 -0.4442651504689501 -0.13910669602942544 0.3390134498637858 0.3143524772864822 -0.04917397829535003 -0.1410638989107472 
-0.08385436964546322 -0.6019902875991914 -0.08185713462961797 0.38026743186081147 0.29973814642004526 0.24176018868518945 -0.7454656437854 0.23543628720471355 0.514426874147625 0.2845111106174796 -0.16615427831717772 -0.1867432992706594 1.1880311217150181 0.37535911717245557 -0.4840179509477165 -0.3686997119071555 -0.050838501547309366 -0.1927984589393241 -0.665348948224633 -0.06956563300274077 0.19057950139757443 0.12719404807141158 -0.13524420109966617 0.08804782835294322 
-2.51002701082978 -1.0367647021680106 0.9758494249175884 1.4367307229578414 0.7801695523768215 0.5057771270728695 0.9894835504367709 -0.1942292514723601 -0.8731586506929401 -0.5587102199434258 0.2160023575805734 0.3044657257232952 0.6803610675166656 -0.00898768126413696 0.046490964411949776 -0.03631547002370561 -0.20895464649079118 -0.2108063582136803 -0.6583468563772842 0.18452122566570064 0.1451974296934768 0.07205741953178928 -0.07710172628483587 -0.01671543937638058 
-0.6465216640331288 -0.2275619234227193 0.319790567203027 0.34308925001938717 -0.23931729910954824 -0.2858668959416357 0.5258226161810087 0.5276947344452438 0.43983356852044153 0.16729257977824963 -0.09607942180208129 -0.2693780706784634 -0.3881146707500452 -0.2345175887058645 0.07346253259536069 0.10613804369613063 0.06449516670646673 0.18598402421941926 0.017055512363708836 0.23139390256304151 0.11323160595862618 0.01099595319340585 -0.0643098330891661 -0.037305823673656834 
-0.7433769445806107 0.14095323270817595 0.10503736171292744 -0.22573870531578544 -0.06616934383026407 0.4049488510196593 0.5810201124593539 -0.1771265597760771 -0.38790958778829876 -0.28805179347000287 0.015016145442480422 0.1434424996033099 -0.8123292395395204 -0.26319662933272675 0.1935083162456491 0.2598129051895851 0.08987445118083996 0.08694005302575332 0.38414663128893595 -0.11180663502993025 -0.3103287556650846 -0.18595315707403734 0.08716273702692386 0.13388649216502602 
0.19716460948008763 -0.48729648891969113 0.13316129918663044 0.8930880149092331 0.5294220944041879 -0.2657777459464632 -0.592400461887818 -0.4672967663325525 -0.06789247518057417 0.11619403780055054 0.12726832701936708 0.005685784810303754 0.07343318479609125 0.21494981164605953 0.04177245648855887 -0.11319988465677515 -0.21477772795501163 -0.09429744515283922 0.10901321570388685 -0.0852988057259438 -0.0742099989121809 0.013686733964687272 0.07091365387125127 0.028496573000787045 
-0.49488242896782686 -0.11730753142134454 0.48863911018883943 0.38229262494416316 0.12617650207743358 0.23491239299802325 0.3961551956043765 0.6386864040063288 0.31169063815282155 0.024698522267535716 -0.1571597279109224 -0.23472567851616644 0.685496123615826 0.6551062357113283 0.22549794510285368 -0.18373564745149754 -0.16133309642195395 0.029505931746230323 0.11798654544064247 -0.19029942019633794 -0.330698949916874 -0.31457386125691494 -0.12508582377298788 -0.02599360793539358 
-0.9910684762277944 -0.7432809762961377 0.002672323499394391 0.37867323885973825 0.30884296180163784 0.08204366852769995 0.2912154274968368 0.3756846697318723 0.3126634522864241 -0.03014277998458148 -0.22273244673913373 -0.16578370062108636 0.4097202025891347 0.45783434189844535 0.4548861053433959 0.5920888029506871 0.27145196710083547 0.10445935917588207 -0.116997066574837 -0.04783901751325844 0.02541588448533626 0.05232914757203941 -0.07306881044859881 -0.17366636913752367 
-2.2057487725741476 -1.6963732307375858 -0.5062119857520155 0.5826756250634546 0.5281195117368729 0.14252034854388673 -0.2147474685549009 -0.02771901721927561 0.41390929822882416 0.728838199193308 0.5652740036406945 0.3071580661251857 0.2768774630432065 0.5519915846415332 0.5090082045673336 0.3373541351248008 0.17093673245440652 0.2612592826649795 0.3560714368940126 0.4516508177470988 0.29993551375536015 0.10853462255213502 -0.06468197151421459 -0.12265464747572581 
-0.17656282648415633 -1.0712666649569065 -0.7340714688731298 -0.983369894002474 -0.4859053117280382 -0.5329598012470411 0.06404206991633166 0.00942299682002501 -0.19524945867458426 -0.3928632433784538 -0.014742107410644925 0.2557430199021988 -0.499928339480791 -0.41866223636741057 -0.048149347824634724 0.21016345147455842 0.2778595344168883 0.19380846336430016 0.23280682689612045 0.23394805233453597 0.20557309224220655 0.11703557709997973 0.08090174342261526 0.08281427958190667 
-1.7327676429692653 -1.6092894410155596 -0.6700136073268994 0.051251786000866884 0.01074044147905201 -0.2413637201095446 -0.5584724362874087 -0.5331352127790439 -0.33415944763275485 -0.11954511369193317 -0.06710898303252302 -0.07752509635063154 -0.5528467053714824 -0.524660742026546 -0.09058270273185769 0.17044707388576738 0.1573747475186249 -0.055787155737641404 -0.08426887439285985 -0.052074871046815206 0.043355142918974764 0.1440025875383749 0.21440570380797883 0.20074845638295324 
0.2722259774121376 0.4691638379450809 0.2290211777607405 0.013894803967356761 -0.26604610632011666 -0.3074396872384848 -0.23534256932527065 -0.07345138949185151 0.06997854849059404 0.04294214515809991 -0.1492461836703708 -0.22188495812889775 -0.1819945813561207 -0.5166270416436508 -0.37951074115265526 -0.4056281881580483 -0.19687070732063425 -0.18072717759664167 0.010359227541368568 -0.01662026635804183 -0.1199284977831452 -0.2195985513703884 -0.10328955637451916 0.007256528180510989 
-0.7716030584078473 -0.8926062561089414 -0.7160102008733776 -0.4272979455787629 -0.05393433352296256 0.19712175875253282 0.1877514742444798 0.16994278907710825 0.1512298658893107 0.07892774230990644 -0.010691069653378987 -0.05627331400812574 -0.4838196611858015 -0.3926304637211468 -0.05509185748989165 0.2078301472010106 0.144807153547765 0.01746658206496852 -0.14367674136016548 -0.20825456165555414 -0.15071146569702926 -0.03345355542714342 0.012933367301730725 0.02639477624162904 
-0.11116137469650322 0.12027286752073696 0.42745905135807516 0.4727895362614858 0.13704419773487175 -0.2100210078881548 -0.3401475679737183 -0.29225520503392555 -0.07815862208618143 0.1666959827317915 0.26691760502334055 0.2233475441894129 -0.01597914094118987 0.02712968053146218 -0.06129113060680136 -0.1078677726896099 -0.1420646324752215 -0.12110677380643146 -0.07159597832022982 -0.00903176039769695 0.06547073022242235 0.04908841471675134 -0.04046792938182575 -0.10474018916645937 
-0.08961498335754037 -0.2569525646399473 -0.6039569716558918 -0.8016860217492294 -0.6252261711917372 -0.34247280597961516 -0.07503971288268843 0.20103037995865566 0.19204353474672065 -0.0810613661973487 -0.31399097928457087 -0.379325676234674 -0.36724998050300856 -0.3205055969537125 -0.15135877395537142 -0.1096663568513523 -0.0256634689288107 0.02685073018732162 -0.008913433800647417 0.06607716054202949 0.11763146047850341 0.03929346330639102 -0.034906740160019045 -0.09053951742639445 
-0.02083063728944623 0.0699479506161973 0.35686795497240165 0.5246921601214197 0.4457937099399351 0.32567791654688355 0.11084095919900293 -0.06189990373953437 -0.146840476605378 -0.024328544738526546 0.1238075592907024 0.25386179048375446 -0.16047474005976733 -0.0492745279798501 0.0647938040038042 -0.006589284741777705 -0.16437082953043666 -0.2929261099487038 -0.27331675329864946 -0.07616742045724863 0.0795009516238744 0.1502864808272304 0.15759903928577956 0.11265695680615297 
0.28498151439764996 0.09407299320446594 -0.22663833081442664 -0.12425018695467294 -0.13131868283906215 -0.15127989402695122 -0.011002487939938577 -0.14346634319617582 -0.16732358828660124 0.056559616125892415 0.16558417369299722 0.20008811512388686 0.10270070902158072 0.10270760269704675 -0.06844231249947359 -0.09593876636660037 -0.05493340693685148 0.02567742724737106 0.019053701324974 -0.005630685519132104 -0.03389987052364318 -0.08267934473989193 -0.1318704024198238 -0.07637245628496264 
0.1829645966052036 0.09258367253808064 0.044418318925929956 0.15383947308954068 0.3832029421498442 0.5731608659816246 0.4477840794508552 0.10849541791523608 -0.13697791544114368 -0.3529739509115203 -0.4456670893227822 -0.40433022190832646 -0.05509510481861272 -0.11624011063600197 0.02955869180505133 0.2392698829703562 0.2766936628778431 0.3096640799996764 0.2537914996055393 0.04203815676999504 -0.10616254497552069 -0.060933509677296875 0.029127384698563588 0.08964016968080307 
-0.49961472736960744 -0.5763932336920292 -0.24240521613423516 -0.3284433791334888 -0.42913056648613723 -0.5432465624390989 -0.30067237698353655 0.13272477568866675 0.288811865735533 0.33129937110882396 0.36635755228164285 0.17888769881625438 0.13928536050016152 0.05830503656445907 -0.06375805655512712 -0.08687731607123278 -0.10557564802996726 -0.15285308743611914 -0.021405114526606112 7.834979811529215E-5 -0.054586233666190524 -0.014695497503830498 -0.018190362093107242 -0.02419554803436358 
0.5367527980500206 0.7539013959724508 0.2760753222171519 -0.09102089270024091 -0.23538133687005652 -0.4073309892460718 -0.5056985950958162 -0.32610993349194073 -0.0564205686898831 0.021102106801898272 -0.06396128409931118 -0.004458510404838523 -0.06562827889466538 -0.09775751147728802 -0.008291872936131947 -0.014009648821581363 0.03668348048722497 0.022636171861154037 -0.0593112042809929 -0.07172049543093739 -0.08102282974490636 -0.07501862513092848 -0.07028132126958063 -0.1282209965434408 
-0.30976866782524315 -0.4115009782060963 -0.15119266279465626 0.25881194415391623 0.49470040076079 0.7975252958952544 0.5299541929132154 0.07360128311306671 -0.043843560663659964 -0.08639192021932537 0.02930235736058341 0.0727389034752336 -0.10144377252983834 -0.039639961349661045 -0.09175493100598432 -0.07464210325661585 -0.09630671243055755 -0.1707928547278282 -0.0741885868787479 0.039167530646599315 0.16268955540843746 0.11398779554753906 0.010482646361683778 -0.02129809941156131 
0.2849264035170176 0.30341007922697827 0.023687661064536347 -0.09775924208941775 -0.18876298293529437 -0.16513357876901413 0.2104044073454579 0.35321865049584833 0.27241828699317194 0.08092757014533984 -0.06629552805351058 0.033407165392506294 0.025405209900735432 0.08023226405739019 0.12879785438963284 0.12089171281934603 -0.039722820891751796 -0.04783509429200975 -0.11929993078485984 -0.08170461229601395 -0.04616000938646909 -0.06212597571334799 0.006326938459135928 0.08581510556011139 
