0.0 0.0 0.0 0.0 0.0 0.0 0.0 0.0 0.0 0.0 0.0 0.0 0.0 0.0 0.0 0.0 0.0 0.0 0.0 0.0 0.0 0.0 0.0 0.0 
0.0 0.0 0.0 0.0 0.0 0.0 0.0 0.0 0.0 0.0 0.0 0.0 0.11656348784079877 0.12650652803353976 0.062499375765807164 0.045766589550609804 -0.0032203117085228272 -0.08218893104806776 -0.06633387953968234 -0.0018054430837614228 0.05480330177464065 0.08154515238173458 0.061624281771376604 -0.010888558642742416 
0.0 0.0 0.0 0.0 0.0 0.0 0.0 0.0 0.0 0.0 0.0 0.0 -0.05778404968856569 -0.13175603983961912 -0.1299629019686616 -0.054525896755601405 0.03904588069126153 0.1873862135577247 0.11900276220183659 0.008570651159397044 -0.03208178935907018 -0.031540462883993085 -0.018662493592515258 -0.0570270634982985 
-0.3496904635223963 -0.37951958410061926 -0.1874981272974215 -0.1372997686518294 0.009660935125568482 0.2465667931442033 0.19900163861904702 0.005416329251284269 -0.16440990532392194 -0.24463545714520377 -0.1848728453141298 0.03266567592822725 -0.011950204755318309 0.11213543528082326 0.11639155571425568 -0.025250866629780433 0.04658137166373985 0.02209091624743938 0.054234487483979986 0.10582141272385977 0.029937772983923625 -0.16375397895227575 -0.15888004279183618 0.07134937982034285 
0.3481973808268952 0.585027911569167 0.48363776955469556 0.23222757459271892 -0.12196810963656884 -0.6854420372452757 -0.4565091059150333 -0.02842011810383327 0.17845032073917153 0.21693911722458115 0.14842390343461068 0.1547483525307819 -0.18848821661168458 -0.30183646688890686 -0.14432067857451755 -0.12362085496974096 -0.2345911773413062 -0.19831856932748784 -0.09464360483836003 -0.16337786188098594 -0.18611095628786434 -0.039450260149892884 -0.031725111566964205 0.060934418788185785 
-0.13824807614749268 -0.6289202616270533 -0.5909935519201148 -0.04036118740701816 -0.07876006017293513 0.27644826988031973 0.0655510905055767 -0.3032541791196627 -0.17903847932135664 0.38279237824453666 0.40242817665820324 -0.2914223157264195 -0.3056810265190671 -0.18417529939552035 0.034709233017273855 0.13773463261379676 0.1086406055154714 0.009067011015797257 -0.10088543907360935 -0.06965294854954689 -0.031410330778734966 0.03238374828492488 0.10779037824036541 0.09112085447749059 
0.4597434561476019 1.0302097394299377 0.6347097480348993 0.3223932742868173 0.7479840296731705 0.5800149696144054 0.3506560885718152 0.6444688398284313 0.5656471558623104 -0.19536313724519155 -0.19847517628527392 -0.02075926053723398 0.04417353814493848 0.06083810546807722 -0.00375969049464094 0.05796600364732773 0.008202715291488064 -0.02114747912639207 0.048369685766630276 0.02814020848209801 -0.007897583778536351 0.1256963260376548 0.12619198613196614 -0.011434517123314012 
0.5115795783744517 -0.04958459984444352 -0.3671618155893449 -0.5955865163402688 -0.7512369510757154 -0.413362743333029 0.09807535859645083 -0.12206930406620733 -0.2637773305492865 -0.13563557476509203 -0.33479444017528376 -0.15294308097023657 1.4610900257456567 1.3299123853895118 0.5937986152433111 0.16552109029359172 -0.07486319300814671 0.012686404024426001 0.047797163649973114 0.05802529134585355 0.05924836409291645 -0.04991758317816958 -0.10522829968510389 -0.1834542537937168 
-0.1092370608688924 0.11284576427363047 0.3830009728732334 0.3359422281173611 0.1896621899403571 -0.2770940932594252 -0.6178802972603612 -0.20343318107685499 0.2445124976887455 0.09906411561643114 0.1384592534554558 0.11981228652263246 1.485334890593536 0.4019380331338234 0.5553563103938716 -0.34409888662648225 0.02029737275038675 0.2544601569010941 0.008677466743711467 0.1491420292776592 0.17513505614783778 -0.05607878687625589 -0.09550037266201351 -0.06253000266100016 
-4.237027894876215 -4.159975430217436 -2.2465350100692154 -0.5436989352030652 0.42499043871791176 0.666943589243957 0.40642779247174554 -0.053379042704580215 -0.19621624251332356 0.385331501348234 0.54964586084315 0.18865467212479767 0.008420270663306159 -1.9645988108757768 -1.504612204519545 0.1603321355679417 0.23425237202651347 -0.3767837811907329 -0.13578709387558183 0.0599966426984129 0.09762866797989428 0.1503186708260973 0.06900710248932024 -0.11719600633596433 
-1.6219574790076732 1.8795910552149637 -0.09167258590677996 1.3287461435976622 0.09897821652519656 -0.7235186673773699 0.17044747140303346 0.1626976213146401 0.006461443400815531 -0.2876103146730869 -0.35419420880845026 -0.00396812910175065 -3.9242551242672 -1.5301293702904184 -1.243602427966892 0.2725885073740875 0.42158908946295276 -0.11756387825691682 0.04749229684769296 -0.1273190133284151 0.032657726748594816 0.21533146295186198 0.16471255020688494 0.045180678409884455 
1.2426789754539236 4.960839187312221 4.3840115773592965 -1.5729848807842446 -1.4086520804476756 0.940200887298142 0.11127275589149899 -0.4851246333571936 -0.4376378073450043 -0.3932543720986249 -0.29548901651129145 0.26053514584984794 -4.787298949771436 -1.3550428380852555 -0.654301662226176 -0.036778382691286825 -0.1374873198107255 0.4459575862788623 0.3214849848808598 -0.3013162787472577 -0.20183025506032562 0.052668414729887925 0.10772304095575151 0.3358171040405739 
8.92367487676764 0.14282656638005697 0.7985349630596539 0.032819678785688255 -0.15828381886570753 -0.061031107515767236 -0.6127796695133169 0.39439665423469705 0.26725009985880144 -0.15763733651572537 0.06688904151202169 -0.05166998556954605 -2.029008853760976 1.0488434638789712 0.9776379010293534 0.2509518452773937 -0.4842420375061045 0.3511393168113863 0.13244550463835453 -0.3951531077888204 -0.31890930030094766 -0.3476945467724281 0.017185237391778536 0.175774964243164 
4.852052776550437 0.7735353284557842 -0.7287337978739044 0.2145994452767822 0.9660834158455405 -1.0021729495234313 -0.16641359171265863 0.7347202770771644 0.2788801944386604 0.16233976807988948 0.015935112815659513 -0.7949457117630262 0.6250522654289155 1.7541800383175719 1.9203467174181093 -0.6645459781497974 -0.6116986929713647 0.23503946506719375 -0.2809278152775525 -0.16013365559900375 -0.026193484183493782 -0.006643926992389988 -0.014312787205513081 -0.047518449619210056 
2.660382181726998 0.8267125930062686 -0.46821360137823986 -0.3179015552650324 0.3643365808969019 -0.8057496994007423 -0.08804586870995132 0.7382344894639222 0.6049303434118263 0.4776762555549403 -0.5614619856472614 -0.0035525930248054838 2.757379864325142 0.5469273856076349 0.4958167074919715 -0.2560539809406914 -0.13101981843836974 -0.5458267495315633 -0.48714163118620785 0.540221949805705 0.60036091985294 0.12863132457317344 -0.23897862281219298 -0.15073190521411908 
2.499168526687498 -0.6436439409536003 -0.7436542926760839 0.5960136706905079 0.1651337985851138 0.6074417880390482 0.6916893013224736 -0.17664258417479495 -0.5278974765710354 -0.6909793871567877 0.061624858684889317 0.3790317984351078 1.5116617153165108 0.4504752631533894 -0.1317005367264622 -0.1826888356773866 0.5627085334740342 -0.863408347691788 0.11221475070849975 0.9602656737360542 0.16825653948913008 -0.04100893378590894 -0.007678214992445605 -0.2595172828423344 
1.827977408723683 -0.7893659557381554 -0.6814549120151709 0.6102745089008994 0.635250445079615 0.7716417722976829 0.41959377752774074 -0.7705877645564383 -1.1304438241951709 -0.11687173261690709 0.7609800370139858 -0.18646302502625584 0.3707679456108816 -0.025095767228825967 -0.12775394999978637 0.3696873818832161 -0.11804454333969878 -0.10767185869931105 0.4087158317957647 0.48108604308006314 0.1225297850786727 0.04449128048965336 0.05542742557479378 -0.10043852003808575 
0.7332700171025621 0.230148813367828 -0.2270115323760522 0.2985779202259762 -0.8574991166679187 0.7993563577027198 -0.7568776669570039 -1.3916656171208184 0.6417976597747688 0.58264056352354 -0.6222512535376272 0.07506135276470216 2.054037407367622 -0.6352125438377788 -0.4186486091202752 0.16006091620579196 0.13103114290061924 0.5741798700947937 0.23640550811406916 -0.4090979693895105 -0.5124308304028319 -0.1339163430787152 0.07709195286647759 0.05296027857214252 
2.4310275996868214 0.4651035175320324 -0.3432731315288966 -1.278245825682415 1.2297866685425145 -0.5786914081346449 -0.5899098799575067 -0.09751212330325554 -0.3475065799970939 -0.29260756125418363 -0.3858062062603844 0.4497481899246546 1.9872097065557714 -0.21260138391357497 -0.6294626397549609 -0.15076034145585612 0.1724072848489228 0.45012682976973073 0.07379389605374026 -0.699849735538856 -0.33790866784502915 -0.10910480778801245 -0.009184976261832936 0.05473353998413327 
-3.9644687908969374 0.6347589539246421 0.3432006444416045 1.0600910893647892 -0.5252277418481937 -0.439931232029169 0.48722460572288984 0.7141135033671451 0.6179263925384217 -0.2013624436020039 0.4037421217226416 -0.09795464475677496 1.3316002805553826 0.11064993301197272 -0.13789042836627483 -0.3970662642861213 -0.22551173311352068 0.24938849593199275 -0.47470133862955954 -0.36587489185814465 0.19575827269314652 0.019724429408753925 -0.21139202095987328 0.02720332145159789 
-1.7847823069438817 -0.3538668742758375 0.9218269188408832 0.6817989486990612 -0.048107096877015865 0.04090507785443526 -0.4238390469734269 0.27607188181614795 -0.10478218704190978 0.6024441943099021 0.2755382781693501 -0.2641556462179171 0.5565792005371571 0.24157032149889565 0.13531075754244695 -0.7534464950788097 0.36634709612168864 -0.11813556333539184 -0.10161796086698004 0.22829356747402232 -0.11185964999273505 -0.03555114392514938 -0.18034203730543907 0.10456248437764769 
-1.1536258712482343 0.3076842102358448 -0.44589027246211765 0.5097543258936019 0.45798296538240857 -0.25860737308779846 0.5841909324396348 -0.4808329441060863 -0.06683935478226283 0.07594139751523535 -0.31874743287287466 0.35040330648119433 -1.5722005146708125 0.3332338266794264 0.25512531330376226 0.05847049112158994 0.157818515675983 0.11326393424281768 -0.05341342725675646 0.22750651342424108 0.23003076257275032 -0.08233702335810898 0.16889575980888985 0.043084896669427476 
-0.6441314617490015 -0.0960700751202559 -0.3546599457043764 1.2572620412896076 -0.3608599734378526 -0.3149466475991547 -0.33353916071493905 -0.18491960198870688 0.33045524364145357 -0.3246060500373551 0.516464682953691 -0.0881182388272731 -0.9033218360014356 -0.05424960361953968 -0.026390452601372145 0.7171774563006125 0.10946788306978687 -0.20908312756002378 0.14079864811955892 -0.20467628587415598 -0.20632440480044234 0.3352528556044503 0.078930355295389 0.052212561562989236 
0.18180733051806008 -0.493840925691428 0.21606813680294756 0.5969480697047462 -0.8423068505957242 -0.601797172030827 0.6023149443639153 0.26208970499684925 -0.2897846105215109 0.5091737486459517 -0.22340836009619836 -0.3152280384603794 -0.7429952257347061 -0.006712670212741874 -0.6182551823071524 1.0542670562024619 0.2126789337632687 -0.5930645683301844 0.35494977853332893 -0.3334810626335758 -0.04485740112450203 0.1979617045160217 -0.1509978661156184 0.09956324122249917 
0.2574666001772776 0.20964450454641792 0.670019072012467 -1.5133302921083485 0.2736341619026899 0.8397493600060209 -0.8552969972942439 0.518639414887148 0.6256636552290413 -0.6199305480688069 -0.008922324105155033 -0.08797765843609794 0.33606775713472575 -0.8722391836485152 -0.4683985296643365 0.828460430502246 -0.18347000883430362 -0.2093428661177932 0.023969970920456236 0.19575166704737637 0.08981224154144563 -0.1289119226431315 0.025652854976352574 -0.21184866118341336 
0.6245607749927444 0.17496493104073352 0.8965357656009179 -1.2677506760148063 -0.49730090357766876 0.9432383281001671 -0.2197794848706997 0.16783073535671372 -0.07987135720255062 -0.37028146701710396 0.3969396690034036 0.051643292618109224 3.9283919671688268 -2.1996230816082467 -0.4722698171141226 -0.2519296573715197 -0.18283499872452888 -0.1333016860323244 -0.16526135671953593 0.006905428735114534 0.2965374785097244 0.254389046845715 0.09117438083791618 -0.197911836652229 
-1.873711455390521 2.186244547459209 0.7103018288896479 -0.29576987735735405 0.017047079556030575 -0.4594357993112721 0.005598141140999713 -0.7250451183107682 -0.043938107642363416 0.5018573257235672 0.12933210347483226 0.3639920791837227 0.39253093514229914 1.743542817874997 0.821735941862627 -0.7723041862902651 -0.32384588267386305 0.20244567821582918 -0.7202034031300357 0.34352453387749654 0.03971180608680432 -0.46498258667601977 0.17498129894210268 -0.03899339371250338 
-10.537779543204522 5.116728297676917 1.6127362097067248 0.7439568344438079 -0.16550831324880788 0.4477004657247926 0.6676514453049013 0.8632156853904638 -0.8445961646149818 -0.8148873287873803 -0.5660587163999405 0.05252260268639736 -2.7345576731878967 2.1499760695179115 1.1237996633712977 -0.09574247744136817 -0.37869419641709706 0.636991856238872 -0.1319391420189566 0.14845753160169198 -0.1269461121809951 -0.4273583692140477 0.18173017055666119 0.00630566343269096 
4.661043953849013 -7.4918656323966655 -2.1532889756283176 -0.20227148846686005 1.0792755147598485 0.48018125654622046 0.8615977470080626 -0.8596266617622165 0.8888906406748439 0.9973201428443906 -0.05236702822979107 0.02856286766726812 -3.6101958645563905 1.944509072075669 0.5741925350725858 0.36756949256192556 0.32540008962399203 -0.3199505946451177 0.13319930903202698 -0.22108686314367407 -0.07314251611515216 0.12044305494762854 -0.11505130414614806 0.2961867071135209 
5.560856089936667 -1.4359081875850648 -1.0430678222539926 -1.0272724381359488 0.10766746807171335 -1.4375457685451956 -0.2519618617473614 -0.21025108772263812 -0.16544739481816895 0.6640622320646276 -0.057401276814268265 0.20044090807826365 -2.3676966298046698 0.6851102515302507 -0.18169679015449391 -0.07440434805424023 0.2991388486442697 0.5268068371207294 0.5390250518934011 -0.2593507594528299 -0.10612639622229407 0.1723089852588738 -0.2823654962251568 0.3075634915836784 
0.9075583217080574 -0.37096442613680747 0.3156262396522491 -0.5128637187532523 -1.095741079976206 1.4430391017590751 0.06580686757105011 0.47494885767680495 -0.16408494419531336 -0.5989466195453224 0.22015729612044033 -0.5985271948527731 3.0349244491970686 -2.0751912541589506 -0.625305309338939 -0.24360727617532144 0.30708758557667726 0.06583767411373505 0.2911403083066904 -0.208338531818299 0.40347164810340114 0.610023145490846 -0.34939587875645334 0.057339058770967455 
-1.557946837720035 -0.4990530600437644 0.9233689725299232 1.1224659937497248 0.024583438186410234 -1.614148968243823 -0.5515282706567955 0.9739802040294427 2.708164869790197E-4 -0.5336809033691452 0.14477561010041406 -0.5566228408046172 2.571874580018729 0.10375567410065356 -0.5560847293008127 -0.2260643116166794 0.08682297144168838 -0.4581039171570202 0.2445691746159783 0.0039827367631877775 -0.1838778680465795 0.40379159396089853 0.0594559367208455 0.11109530909798564 
-0.8843279299138409 -1.7347194336904639 -1.2605914450034583 -0.5463188758837325 0.19955477297246826 0.37096983405432904 0.13796002654270834 -0.8267267121833599 -0.4043834092879336 -0.23387772591126121 0.8947321645822279 0.2350775657958062 0.3830443684866814 -0.4300112327350547 0.4502374548834192 -0.09185580482423028 -0.4165952899982506 0.5539442124289525 -0.35547019295926613 0.28353023856541193 0.28248379301433507 -0.29865243709659434 0.05936749478819817 -0.5065892826356265 
-1.2588245243085705 -1.0652977061101971 1.413295207976299 -0.33235192472067054 -0.8004493727276889 0.47280061677823815 -1.0217459650811254 0.428638486917881 0.5063354418678796 -0.7298469966350987 -0.5730565212076986 -0.5496473995399829 -0.728085585062427 -0.36588272437306363 0.17245109105234105 -0.10963369858811434 -0.15998706763243917 -0.0863271416736957 -0.1995541448674738 0.13753488591664978 0.02409555292760444 -0.15118308140053757 0.09315926038971618 -0.25888311155125515 
-0.39113594045771904 1.2021915951015731 -1.2800492427211965 0.4901126549546362 0.5665611954755952 -1.262268328038813 1.3673262936610135 -0.10297099946364996 -1.264568635928769 0.39509373837743733 0.4009708774099021 0.9177529324217896 -0.5659942584821307 -0.6055025740904088 -0.465905820743399 -0.45945580448220164 0.1706395382659329 0.067623063539618 0.03266601403811328 -0.19783188847343447 -0.22073608663517075 -0.19411930496974708 0.2792129809360123 -0.053898944896511335 
0.37971392273918525 -0.869860401320592 0.4157445982317691 0.9331513240948834 0.3210414298321642 -0.5385484621761649 -0.5675489696135267 0.19949768991963834 0.35807677102458335 -0.3946173913118818 0.11217847251742841 -0.12131118946384345 0.053551601628587374 -0.2651244629984069 0.26645522079325135 -0.04337671450093731 -8.010056709849186E-4 0.05696067174240423 -0.026095029319926688 -0.056168504893198724 -0.09347879191771254 -0.42043636598913176 -0.21985850508735374 0.083385247798423 
-0.005614377991326691 -0.015930363814040227 0.6359013220990035 0.19929691315509546 -0.873109243105257 0.6737751829126766 -0.1871365133054308 -0.11866064826393519 0.3319541860392268 0.18086538633637161 -0.2855242750883725 0.18260629544727047 0.8275725441079737 -0.1582350663821849 0.0026711840479594815 0.49527975989267636 0.2967929450352533 -0.21183277841136397 0.6151417252901806 0.17118259457476045 -0.16477360757050996 0.1078054121562555 0.3027571174788057 0.30050743300199395 
-1.6122401104275288 0.33913666234283024 -0.344045736813555 -0.056813910318088245 -0.07821113642430799 -0.6661031539247193 -0.16622947363812313 0.6049888259976197 -0.01148959336298061 0.6385762773528294 0.4297665703035001 -0.4322298244479924 0.7208292893866934 -0.7380505798375125 0.6121002788453651 0.5271673400652012 0.005169029966543929 0.046865073352213495 -0.3688406835328594 -0.08834505467508329 0.0833148797660938 -0.19287405107936476 -0.0010179180663658083 -0.16489412235260256 
-1.8778765561982829 1.0723982624164168 -0.9081676273424129 -0.500744007516907 -0.12419135650192853 -0.5629926469304438 -0.6787586301972303 -0.819264351226922 -0.585464631023457 -0.44491933242368475 -0.6660945239195508 0.17168995090788208 0.22572016116652102 -0.136888974548021 0.21680705255792357 -0.05546474163533921 -0.6636269747481897 -0.16811548369549598 -0.24757583519288473 -0.056502376975016366 -0.09426860810693756 0.1397517196776259 0.09864650850269481 -0.06785285286478022 
-0.8466428563174171 0.8001270250767174 -0.648521763583618 -0.29833023576471884 -0.06892460336913175 -0.060759767311245216 0.7847841394309512 0.8148347054263816 0.5668415402576439 0.4968971213062407 0.305517351132115 0.37882934986365846 -0.37260434148793786 0.18641679698951394 -0.5462741305238356 -0.3104268702214833 -0.41265734443901536 -0.7717689138597179 -0.26170477457174257 0.25825026241465604 -0.09824256648818502 0.13880483523987455 0.1935016024357654 -0.07546981667430032 
-1.0655734885459456 0.16424137846307918 0.1377181778102643 0.4864493007844284 1.113128414611724 0.8754499406924274 0.0800841857386862 -0.054076457053267024 0.3255944435497272 -0.16755019467321175 -0.5193391910107644 -0.019364733114214272 -0.27617164749883005 0.6576339898998441 -0.4782543220874284 -0.21132880680028407 -0.15372311331470898 -0.48541711595660786 -0.20147697632978545 -0.010437821430467823 -0.1124207674732252 -0.15396019385874773 -0.13567872620153884 0.13945038246149255 
-0.9005786197898837 0.23396471335095725 0.7718337521816132 0.380870046195694 0.5411010113359118 0.9299822938429987 0.23946344210914636 -0.5523559083331759 -0.17229143118501766 0.08347720275796927 -0.2241159034581893 -0.11029303241404326 -0.12898857284175178 0.4858280803016828 -0.14761668378198387 0.028868623401506605 0.1202683528288837 -0.04022374125982949 0.18312501348882868 0.2845075688110576 0.20128981509043364 0.06963351685799123 0.02730163166255627 0.14361398870807077 
