0.0 0.0 0.0 0.0 0.0 0.0 0.0 0.0 0.0 0.0 0.0 0.0 0.0 0.0 0.0 0.0 0.0 0.0 0.0 0.0 0.0 0.0 0.0 0.0 
0.0 0.0 0.0 0.0 0.0 0.0 0.0 0.0 0.0 0.0 0.0 0.0 2.0937339057702786E-4 0.0014967893781332453 0.0012086495226253195 -0.0024803158601787354 -0.002551494131874721 0.0012563175952733558 0.0023043417868335303 7.313993046992503E-4 4.8123277129571057E-4 0.0015075732914167823 8.699008866292953E-4 -5.556130737689088E-4 
0.0 0.0 0.0 0.0 0.0 0.0 0.0 0.0 0.0 0.0 0.0 0.0 0.0017628595759614878 0.006115047961305908 0.011901659975747575 0.012133154333610183 0.007030950462444063 0.004876920860245428 0.004574880168575666 1.3831787514576033E-4 -0.0039046120310271735 -0.0016346679430437143 0.0025250287434110813 0.0013325893069060513 
-6.281201717310836E-4 -0.004490368134399736 -0.0036259485678759584 0.007440947580536206 0.0076544823956241625 -0.0037689527858200678 -0.006913025360500591 -0.0021941979140977508 -0.0014436983138871318 -0.004522719874250347 -0.002609702659887886 0.0016668392213067262 -4.3209497665230856E-5 -0.0037776413082454274 -0.007383961393606485 -0.003400556562665654 -5.848892957847814E-4 -0.0049710964421447274 -0.007204982690807854 -0.0028508850086551483 3.8423399483919485E-4 -0.0023635012763298657 -0.0047531981235636 -0.002628826046358751 
-0.004974518642018921 -0.016099959816717857 -0.033892005643304746 -0.040119936791098654 -0.02492009258514427 -0.01274628618782625 -0.010268127825476703 6.821453316115944E-4 0.012435685250025086 0.007165363766256316 -0.006270234900289301 -0.004831187531371517 4.6155137170877936E-4 -0.0047510946543670995 -0.009968939880202357 -0.005256053642492283 -7.525110801499535E-4 -0.004163204582812589 -0.004982862151829924 0.0014614583021231124 0.005390207024961106 0.003104658088408647 0.0017693843475350042 0.004143350663705238 
0.0026168878140051532 0.01938290383309521 0.039097887002471826 0.03026163808354629 0.01421471417992648 0.021286432420347307 0.026749011985161913 0.008211582360159647 -0.0073705446095301275 0.003507821945861439 0.01739471182083545 0.010302071904762011 -0.0015002383738013474 -0.008821635242199227 -0.017089437064206462 -0.01610446586462166 -0.016162279791511035 -0.022751671814609728 -0.023520693345975993 -0.013992393352330273 -0.005931123018570387 -0.004676992254136754 -0.001745776915719863 0.00621351404990748 
-0.0030071581079944565 0.0023166479793538253 0.008544901855433176 0.004357815675971807 -0.0010225826517012981 -3.8078854645920424E-5 -0.0018824322173414815 -0.009587265043498036 -0.01320719792706182 -0.013329245175281834 -0.01531036028296668 -0.016747668332843357 -0.008077682271850684 -0.010795165854953395 -0.011894179365796606 -0.01119800280400302 -2.675007253596003E-5 0.012497087426276204 0.015389506618593512 0.013058065629552562 0.011223442519294904 0.005210805815662999 -0.006396985740462266 -0.011921282917576007 
0.002888914682660726 0.012766233694162105 0.026423908875374463 0.033515468940865954 0.04419256680343578 0.05813195899141895 0.05945620687335978 0.04491768733044788 0.029171112330367482 0.01975556135892899 0.007147690778610393 -0.011015462527679792 -1.3797890346130734E-4 0.0043655968528115985 0.011991918027759294 0.015603411226231677 0.01886945135870346 0.026131855679000098 0.02574962938034206 0.013798845899143682 0.0030378363256559023 0.0013423945307971922 0.0018409771053815918 -0.001573332738567292 
0.019122514739205343 0.01959387281760888 0.008127521517633754 -0.00815284380774943 -0.03982876867929104 -0.06866031175219069 -0.07279024512535617 -0.0568451040421902 -0.03950547077780843 -0.016590923387266455 0.018044232842210024 0.041591428437577405 0.006942363259080449 0.01571257379157144 0.02666202291677997 0.030802901101077806 0.02688062528104748 0.022186011881503997 0.020138453837274833 0.01884240878542227 0.014892775123901742 0.007023763046218261 -0.001064521840351233 -0.004714984977838746 
-0.008034011899210824 -0.002352499144467113 0.003330823088093654 -0.010293265853288124 -0.02299054688238903 -0.02279801816788061 -0.015045969701856914 -0.009556035837925317 -0.00333491716112453 0.0011114774594621728 -0.004805516057897679 -0.014147478264746494 -0.017883152305615546 -0.026794139606570868 -0.02980694263534427 -0.03467916994237675 -0.037526205823392146 -0.03171111201361946 -0.021843937983103568 -0.01628542101311462 -0.012719225128149164 -0.005558963239053939 0.0015589879545225768 0.0012478369397754773 
-0.01837278459430003 -0.03726170697604589 -0.05989462400126633 -0.06614652023018457 -0.04807290165193133 -0.026131125919508127 -0.025046705441557633 -0.03887762981557825 -0.041632508553021044 -0.02507849236420321 -0.006140191343658945 -0.001036705530793769 -0.007601378098265481 -0.0017602330671091608 0.008669457434594963 -9.733186794739675E-4 -0.02283944341501191 -0.03335896887125617 -0.02797254255799327 -0.023005711553252966 -0.025586335262615376 -0.019750225404176022 0.00178139288245636 0.019104981014748012 
0.07528602126626005 0.12157644241070209 0.1498558095408573 0.16654981697921378 0.16089325075993238 0.13200070211593606 0.1011162509807712 0.08479021325648575 0.06839230660242128 0.04067623556455918 0.014562939007977147 0.006555093637179363 0.011022574243786684 0.019822654771810933 0.023214413133011796 0.018290284777400277 0.009824425643203608 0.0013756995104153523 -0.005532238247798783 -0.010307040720829507 -0.010070412902912527 -0.006932924125603753 -0.00861650451732737 -0.014201148380987058 
2.666324512663465E-4 -0.03708989875864824 -0.09114334401253296 -0.09365442918557848 -0.06325233725541601 -0.04598276528033052 -0.046953727792690414 -0.03500109392963684 0.0013899231282647993 0.022877373772713105 0.003015826661903531 -0.026074800557629556 0.30464408214668054 0.3724647932535412 0.24167698564254678 0.10636601603784422 0.010025674836681722 -0.04845475966688408 -0.07587642145825065 -0.06875006177998243 -0.03403424110481713 0.005812745203204725 0.028258534785976546 0.027911912486289575 
-0.05042144315335406 -0.06190636756859874 -0.05068805630530841 -0.051410165707792 -0.044874106010257514 -0.01699929701871547 0.012504256217105825 0.0194268183815925 0.0053651057069701285 -0.0020676832321847236 0.016465988491303193 0.04097501439163258 1.490551558850519 1.4530940903924467 0.6996079092518755 -0.031081898262441565 -0.09179082825015965 0.10843181008253888 0.23836419179963472 0.15753239351711232 -0.006895214847989985 -0.11072694616256358 -0.032912722617259034 -0.010458030423471551 
-0.8694512988245346 -1.0629146817470192 -0.6846536480058237 -0.27626457700021434 0.024733752223118452 0.1937331526484699 0.24688855631502699 0.20005425296181567 0.09198381520915591 -0.021144768575445432 -0.0918673204432516 -0.10198240336688909 0.8302197478534038 -0.7433086485889261 -0.70841925746757 -0.6451985277193758 -0.18877052550273563 0.19860823867786878 -0.14700946899809667 0.05114646693599147 0.05107803781288028 -0.05393295780601489 -0.039120496864313715 -0.14390480419923685 
-3.9615096896473965 -3.724793437272453 -1.652212766218124 0.3511005856738564 0.3922726907711441 -0.3131526870960808 -0.7608974664719915 -0.5053346407405774 0.04378100510594568 0.39486814522632924 0.1607426804123318 0.07588298631222379 -2.301205573537922 -2.2424518149326027 -1.1884259580836454 0.01604782753891913 0.206326107993031 0.06931399395895803 -0.07333223399568964 -0.03785604567478748 0.09108057563020346 0.15175588876396262 0.035150373807360503 0.07369477672232576 
-0.534848487861924 4.024279581860057 2.834876783346585 1.6406857782817246 0.28448584086209006 -0.49373078627525413 0.7807755405461483 0.07394023482347373 -0.1710521400098638 -0.013791667038499211 0.048238971294330385 0.38818562607978535 -3.9315842024214356 -2.4259116507943435 -0.9575354123845483 0.6844738802586049 0.3638194653724085 -0.36213841629515464 0.08307473499621688 -0.10397568552414549 0.08107041186421997 0.28523833484144806 0.03953720080510623 0.10013372850742001 
6.685893871979107 4.1218519454256715 1.754824602269423 -1.0580288259655188 -0.7937284743088364 0.11879069056627245 -0.03444253391138592 0.1960519644751259 -0.1363586435741304 -0.4610119002925457 -0.15903827879956933 -0.4251933304986819 -3.740191174183906 -0.8813121082707432 -0.24637484237818627 0.7514344514763711 0.3664635516235559 -0.28511343766336056 -0.12314481805965899 -0.3420152438994691 0.007603038117363088 0.34840389636348523 0.1681035904112612 0.10568563039459289 
5.6015995276265205 2.2914975792869487 0.4844339049040478 -1.6251215119563414 -0.47372406135411693 1.0641767127027573 -0.36556311495392646 0.1612880069264005 -0.061157596043465934 -0.44891975034035214 -0.05058844325261974 -0.15184543048369625 -0.2136584394806551 1.7874743966091478 1.3251440045193679 0.29605817094866543 0.27154663664187034 -0.21565222477812318 0.20168831709630683 -0.0770591304120612 0.06397103590594368 -0.057585259036227465 0.06267291653254904 0.09522848831537849 
4.190839825160099 -0.2144661111736692 0.26213320013770325 -0.270299123636224 -0.32801301299142027 -0.23676612359500493 0.18170631545702282 0.4770372049063665 -0.033975381229342516 -0.43277950221319994 -0.29415438354797663 0.028841623410185924 3.1129417791898066 1.0642637053082085 0.847649977414636 -0.5174119251747814 -0.46556072855018354 0.007577825501984936 -0.10611724160625226 0.36950352793683866 -0.04592190729054363 -0.14042323138226942 -0.2879465221080511 -0.2123636730523578 
1.3536538539895453 0.830015420332284 -0.3942095291456589 0.3586464142710808 -0.763011799722229 0.33100429513975405 0.06763616457302346 0.16462500584403705 -0.4141568789000888 0.1448479110305103 -0.0722217259291131 -0.12451731582078404 2.3951305952559587 0.4302010411137201 0.25056875146636254 -0.5086515192167361 -0.518948269057904 0.1774948722978259 -0.030811397043298345 0.5813425444896009 -0.14698286019816467 -0.37126384358403763 -0.22844160119983323 0.05439469757759977 
-0.5289586287718251 1.6598019089783786 -0.3488036129496317 -0.4976770135548858 0.7475975805257704 0.46264342284181925 0.06730955114389592 -0.9141271187942084 0.1779067197258119 -0.33662603683116865 0.7156179288628306 0.1982336313269353 1.3030882155339423 0.01626136311467737 0.17559172846626248 -0.24730831183221325 -0.35827134858156984 0.10884717712853738 0.33603398298410414 0.36125521765050106 -0.17457314262046797 -0.20858381631714903 0.012464077291538903 -0.12310857625851414 
0.7761069688246067 0.06376044586976448 0.03819605704862772 0.014521990653198091 0.5453154490609996 0.18198732259086747 -0.21593054166746795 -0.8871574646921145 0.2738499340734508 0.616795047720745 0.12985020414147616 -0.39972552717487025 -0.1498340082238053 0.7391220264481527 0.19754355592365122 -0.3150250837021938 -0.12091438309419195 0.3844002766450097 0.21847159251747908 -0.20195639355268125 -0.2192873907342053 -0.04579473512828488 0.1617201139574914 -0.10245352028025463 
0.5703486211407416 0.11987728671355846 -0.4808447783582275 0.6436880236693571 0.09263740836167489 -0.48879916870617374 -0.6846122803750438 -0.08083721277706093 0.14574064014529167 -0.043001621606870266 -0.432582580457888 0.5357714578627715 -1.0265494947032803 1.0734287590608111 -0.14616291361534764 -0.44077427088921645 0.38167951122381166 0.45104876761089807 0.26421338154639556 -0.9264556206400889 0.26600417643167656 0.15673180856685068 0.32046000868670316 -0.06014759216297985 
1.2535022537046778 -0.6173883478797642 -0.9208196142123146 0.7330391467655408 -0.07278856435760539 -0.3464752390212785 -0.21181769721994392 0.35384923349350705 0.25978833309278726 0.13541990880321575 0.01671818685877196 0.014074331752061797 1.2105349052094645 0.2106621769188394 -0.29703171150288693 0.008019968374569789 0.2738843198030094 -0.05121366198380006 -0.3113683596993057 -0.5691198254803722 0.23723843496742117 0.23664884538587816 -0.07795320507746265 -0.1377964146770537 
2.31199221289798 -1.2199099713292902 0.5691929635268824 0.46538722105659214 -0.08838894643636208 -0.6262715991848018 -0.7273870157190527 1.2447363940332474 -0.6130750090788861 -0.5661338930729561 -0.18919608855592673 0.17177647835240883 1.7333659557903844 -0.16140801268465133 -0.43142961553575193 0.3489125051151145 -0.07195277742293289 -0.42302857634284236 -0.6126790823071262 0.11047422393718014 -0.009258978099883214 -0.16276363935596727 -0.14556836330311998 0.2825558425904365 
-3.726319542682406 0.1016675441346706 0.4042723206147336 0.07961248683587119 -0.18582433294901013 0.4043645237815817 0.7395619051024536 0.1574152083438478 -0.05845754621672378 0.16841464729615352 0.24201657342288346 0.19566120661147215 1.9198483835301323 -0.9461889994766391 -0.648797466546111 0.5136460655098087 0.22105147088802257 -0.28057879269078095 -0.3952017255991098 0.23986801188411952 -0.023040385411139952 -0.04268072321987001 -0.1504614676781146 -0.026732478029376682 
-2.1398383480368697 0.24457337876029506 0.15089810083550415 -0.0763361617111516 0.36501362492617595 0.4048666789209233 0.677735165385136 -0.3140428720137717 0.3326405140996968 0.42879192721456266 -0.10852668383058381 -0.4026895073382431 0.0640458277076285 -0.20668310764643394 0.5026161299003441 0.15414716223424788 -0.30177345166843533 -0.04745743812212958 -0.26370913614588215 0.5904578879434204 -0.22259123508675563 -0.29149080837614555 0.06285053773220124 0.17692696063960422 
-2.2801276164182944 1.4889369755053607 1.2347202167717075 -0.5370373583800137 -0.9626442627029421 -0.020308000001798332 0.271226389025291 0.413634830864658 -0.14394827226308432 -0.23400083168093366 0.42776788753044437 0.3815047586855178 -1.5048456508713095 0.02261090655116475 0.08453503301986383 0.039704228252913004 0.03721356878627469 0.263902057511654 0.501963463541247 0.12510399181696194 8.107858669970889E-4 0.0762949780901849 0.06550384046896396 0.087862601403272 
1.396758766643039 -1.2934953640753335 -1.353879374252637 0.3112706569617909 1.20534137344591 -0.271563022926723 0.2979081507571749 -0.6547470810574187 0.09744405920456109 0.509546271544024 -0.4706233588063109 -0.4519261796034266 -1.0456183471971026 0.48711112794367367 0.1896076160740927 -0.1633458782419753 0.05797453167033473 0.05896895524087246 0.31306359357524377 -0.18076049162275332 0.053012625479047004 0.1651197002315753 -0.004860478650506067 -0.03144473991697938 
-0.9800811474084314 0.8028691958989906 0.9030559590992127 -0.23330360725933907 -0.7176289135677012 -0.0491267978295572 -0.5764149782073069 -0.0475446625852145 0.056708323629852814 -0.10084745913913185 0.22655338950385512 -0.04330826146575206 -0.47998438732000404 -0.040562646888494314 -0.13842771614024865 -0.17499305283485547 0.017841969929422257 0.06723267632013592 0.11699995347446542 0.03036610664656077 0.07659557684832423 0.1485178017026331 0.11768064214907292 0.005715179683369542 
0.3469934590495063 -0.8737261152675408 -0.25209261855052656 0.26183459745443705 0.0685823553475513 0.24236921211218537 0.16236506827570357 0.45882834957942453 0.07327433971608721 -0.13314385975106413 0.0066620011342290175 -0.09594877751167002 0.8396933213156771 -0.39177533041689855 -0.568976615496573 -0.11576951489095122 0.16518120118100485 0.010675998255604502 -0.02905924154717532 -0.23720597580840116 -0.1162205340397567 -0.03118018422261108 -0.10790035624661405 -0.07940541169095401 
-0.31529180066151596 1.4007402917669474 1.0991099873413983 0.012659829878229667 -0.44779066344202956 -0.47897214648166025 -0.012001930157369556 -0.23425120439344593 -0.36165014306382004 -0.35820917114128886 -0.16391671888704434 0.1863705185895309 0.5789017740934379 0.5034409911709968 0.7414444773416681 0.16439169567537756 -0.28461257869934936 -0.08607037594252016 -0.49995809593340473 -0.06377085372794299 -0.03951644467072654 -0.04957243209067177 0.11352682922214559 -0.06934453697746666 
-1.4547158706774501 -0.41710492075861616 0.25502345811598914 0.5355974830658602 0.5748786448400597 -0.08866834336748497 0.10287935137373216 0.15022411727190044 0.6552848946706676 0.7317676802129357 0.04831276412898097 -0.32854933455820606 1.7805460209564083 -0.019967931304481823 0.32923726763204125 -0.47952530444884084 -0.6250584385622533 0.04862580431934402 0.25732274047228326 0.25238678606497306 -0.046591069409308204 -0.16502024682541075 -0.057087239990083576 -0.013234285385827943 
-1.8159318048252668 -0.9357643748684623 -1.5748355112590495 -0.8633601370911834 -0.11693932221590725 0.37460310773783845 0.9532021680438931 0.2980700147523765 -0.11574761983525776 -0.38458593284911646 -0.13485247965995767 0.2810256279899159 -0.450575562141809 1.427899447574936 0.184676155584912 -0.011025257675521372 0.08267854240731402 -0.22629351197775838 0.13511882230758665 -0.04923234796749457 0.055508618273230094 -0.2651766409019194 0.15383175873916963 -0.16486960504147807 
-4.244324601737843 0.35443001196360946 0.09716832785357354 2.138420494285666 1.77833200042125 -0.33029582795559603 -1.0922052022417774 -0.5644926181884058 0.09009628632973068 0.37510526157908197 0.1633916014909364 -0.10357347605437871 -1.7014419156901324 0.7976166666419111 -0.4337005070944602 0.8971924833850015 0.44487053937026316 0.04008411344570586 -0.11880422929738162 0.35642859539089694 0.20824492914051915 0.4639557957424804 -0.03942436088051138 -0.01218689319477212 
2.4312392512941075 -3.2687255173189738 0.6240090857178702 -0.7556759027051092 -1.2975529684545668 0.32072213174567044 0.18018387972762528 0.2708042072391909 -0.24558169371304184 0.6156519608813962 -0.682951413785531 0.5684914044620515 -2.457555353194362 -0.4551853905948547 -0.5697144655036347 0.17483335496955452 0.5084610224244434 0.37511989760629927 0.27970934048096363 0.041442120946812135 0.1168900602080002 0.19008145454084738 -0.22751581011652244 0.21744825734024376 
1.5260243483332596 -1.643474349459094 0.4567026809109098 -2.2098220842821816 -0.16942615015139983 -0.18198019570851853 0.845801183424011 -0.9054287651441977 0.09546714418800228 -1.1602186538797619 0.4406353138333018 -0.4357215432099575 -0.9094402671469904 -0.19477704680962074 0.5767118543245444 0.6531149962359497 0.50438368487464 -0.05288291623972097 -0.16329913928604287 -0.4193699968885418 0.10838101977286645 0.2098828891725868 -0.11459318067677603 0.044458362966278975 
2.6715597797222674 1.4287439776274535 -0.045459291276813474 0.786261087284077 -0.6684433142029125 -0.824914401204598 -0.854929046231892 0.344211725389836 -0.4691032293883942 -0.1871683387422367 0.40907309451842705 -0.20524511045302596 1.3620675582289934 -1.314533233196942 0.21714418932519278 -0.6101254240618351 -0.30989347038078763 0.004203656933643385 0.3350757865402831 -0.12710915606105397 -0.14585988538661812 -0.033804102764471024 -0.12098901711535504 0.22752177349181602 
-1.6361640645109516 -1.409973595080742 -1.2982330466227179 -0.5918929894167761 -0.049373881328497404 0.4011711872387011 -0.08475132140389019 0.6569136134018971 -0.12328600515119248 0.14686674387313803 -0.03884111063071455 0.14991969250432308 1.1347180441005358 -0.20728668086579058 0.029288657381150312 -0.9867691856061556 -0.3080892892103925 -0.36292153964173596 0.16713532384435847 -0.40926912057079273 -2.5196431164168737E-4 -0.4546959715440753 0.2901305419331739 -0.06332028114874999 
-0.07386921697076729 0.5581238050826762 0.8500443815091057 0.2657358220476933 -0.42789869172365513 0.01653546947113048 -0.3597672274792735 -0.12903951385069456 0.30137453711640994 0.06352157029835934 -0.08024615020745773 -0.40689453387053687 0.928695749737695 0.0014983854837288628 -0.30069880545072536 -0.226138823478361 -0.5275366563444723 -0.15554648956039926 -0.2011460695455268 0.26442793386186575 -0.27758264262576066 -0.2204768511737146 -0.04014481741863842 -0.20795878449806607 
-0.5054152856218306 -0.5863042205893336 -0.07891512762550068 1.0107481051544769 0.634569406240149 0.4860594878788249 0.0968143025146263 0.5590042161884458 -0.28901584612947473 0.07852430623216616 -0.18509668960327746 -0.1449359880549521 0.3628893899644317 -0.11245464125346098 0.05245563421947064 -0.1681291156815664 -0.25703919998874686 0.27512823554012494 0.03760919983507258 0.5192991396054228 0.02454149660747007 0.003320337440273972 -0.09107450442823799 -0.17854801725376745 
-0.679901858935378 1.0124141339305628 0.246978165576754 0.6633570104335333 0.5721950110461813 -0.40071908284346214 -0.3422736495545699 -0.4001173775890356 0.446509618978029 0.5084334335993931 0.6026353362606238 0.5660590833208099 0.5340220005455549 0.3187037565584176 0.6035295829838409 0.37411640849738115 -0.15681424820623696 -0.0569309217390274 -0.3770020568813302 -0.020592542132929586 -0.07388087583711507 -0.015687311020303185 -0.014391043391123487 -0.22561726870609425 
-2.4218159134219412 -1.2997548357443023 -1.154066841314954 -0.28631623656499694 0.22169686725282486 -0.21558624322437736 -0.20632570987145976 -0.7654448735452006 -0.2694780359044122 -0.08555020009820075 -0.10705834058004135 0.19908693566995206 -0.1913906554291065 -0.15206318307920644 0.16696891812220857 0.6478572007129499 0.3705714161132565 -0.03857468967266375 -0.4253960112788646 -0.23674885671184612 -0.30185653520674843 0.0574747149276566 0.18764391950782944 0.18044204569695124 
-0.7177349047073767 -0.04126215701509217 -0.42296851059769036 -0.20808123258471323 0.2489803223887178 0.5381511002398138 0.9228089493577601 0.5949626574149174 0.5132482595152239 0.19262075652445235 -0.07609219454570532 0.09794581038529382 -0.30489359106932357 0.42876530206372654 0.27549194855431586 0.5186352626489342 0.4732569303096579 -0.010747134320478524 -0.09740280691323396 -0.18676533375541818 0.1786275363057737 0.2799997098938619 0.34295000196141423 0.32668981501740346 
0.08767320355148822 0.3967234741211132 -0.24484854390490418 -0.49710437547524977 -0.31553749777088874 0.13234846535517816 0.740461036895055 0.7717107688220076 0.5831844392221732 0.06400649998666672 -0.4086646827236013 -0.4522054886780479 -0.6573366544425996 -0.191039219159171 -0.2833702483850895 -0.05967920662447244 0.14932023828674137 0.09958164838280381 0.1974719172560276 -0.031542926824849715 0.038832774877262465 -0.022756821118334356 -0.09115007783199035 0.057619509435584214 
-1.019965644214122 -1.1221209271933246 -1.0341068287912183 -0.7871547080581427 -0.5789585973709357 -0.5424450341718043 -0.5234586021981255 -0.6083991975063852 -0.5157042275025848 -0.4063440461246264 -0.2754114985518388 -0.08836414955740049 -0.19474697847649525 -0.008031540213709554 -0.3621654876668778 -0.4427856099232872 -0.26869272756042234 -0.007941207183315405 0.3126029933184234 0.25858158288850175 0.16255550182531522 -0.07706955406590586 -0.2497817913734007 -0.1619360571875176 
-0.2986905803407698 -0.1862077931776731 0.0016130629370785243 0.1822581210451351 0.1877056122724275 0.02596687883302029 -0.07560768586159972 -0.06913516561000022 0.12849988297270476 0.2822026645813417 0.2660515449189964 0.11938338733454658 0.0014339856457648754 0.07167533190715043 -0.24120086421257184 -0.389819613860743 -0.3202055605401475 -0.10812001914799825 0.1709159606124234 0.21428650437150173 0.15148793593183438 -0.04265329681781057 -0.20937310470068823 -0.20443475297176816 
0.05968792266823808 0.27429809727542964 0.5402971489819517 0.780594348924956 0.8034369500483267 0.6151655150508389 0.39303433078081723 0.23964087596541606 0.25292403216401244 0.3147313364248325 0.3358950657531979 0.29795954394154944 -0.19928024221572826 -0.18074068234772975 -0.19458127162191383 -0.15415657106358502 -0.1104090245833355 -0.10168817810672409 -0.07699023693120503 -0.08607132708905463 -0.04040698370301663 -0.010693161328551618 5.797090037338674E-5 0.015265758909824947 
-0.4564555368269865 -0.5165120338347152 -0.30844794015377364 -0.11152006238457018 -0.04611858986007758 -0.12209675181214874 -0.23053331143168648 -0.29516878102839816 -0.25559349840662854 -0.168571300834631 -0.08619865077405492 -0.03206307651221833 -2.589599911554015E-4 0.0916967071807524 0.16746811948044604 0.23201938396369215 0.2225515300888257 0.14895743416470542 0.09489596666771687 0.0793514549989951 0.13715490061946087 0.18193420543962846 0.1652567126351146 0.09638639223268562 
-0.3432424393238289 -0.41474675982161424 -0.29533251238005076 -0.17779590315253496 -0.13081942255467666 -0.16334868452904755 -0.21502507861946696 -0.2371684085300223 -0.2024365857038683 -0.1488775794309852 -0.09946031340643326 -0.05843819436349288 -0.03979518039526416 0.021882365241278984 0.13630143395723263 0.23900535887777638 0.2551411461169005 0.1884911273576085 0.10553014984474496 0.044699219175546756 0.04699265727774146 0.07663109327876814 0.09949806605922873 0.09932739485337584 
-0.09644851937127008 -0.11677548617140837 -0.08297646482325838 -0.03460490480719586 -0.012820791692547934 -0.03164832387115274 -0.05626588116460818 -0.06878488835926633 -0.055284509951737476 -0.03179549380963487 -0.012040903406531828 0.008423079789010881 -0.19294804733605217 -0.22561180521490157 -0.14727224386467339 -0.06585407799001963 -0.0308617176032852 -0.05657776669764649 -0.10133343327229612 -0.12771218350518343 -0.1087287993175815 -0.07356526101549989 -0.041789094272643275 -0.015436266300907844 
