0.0 0.0 0.0 0.0 0.0 0.0 0.0 0.0 0.0 0.0 0.0 0.0 0.0 0.0 0.0 0.0 0.0 0.0 0.0 0.0 0.0 0.0 0.0 0.0 
0.0 0.0 0.0 0.0 0.0 0.0 0.0 0.0 0.0 0.0 0.0 0.0 -0.1351928924405783 -0.1727434001682444 -0.1305932479506331 -0.10612979275917238 -0.10269674368504239 -0.07457537203870292 -0.004075210842139576 0.04834138893760422 0.06656739887122773 0.04537026723137821 -0.0025198504652008866 -0.02187016465902583 
0.0 0.0 0.0 0.0 0.0 0.0 0.0 0.0 0.0 0.0 0.0 0.0 0.1232054779047959 0.1503012438731568 0.10470022011486284 0.08354237144686875 0.07765036329450396 0.04876742055243019 -0.009151812422973915 -0.044735227897915265 -0.06316875147332952 -0.06208118291595984 -0.01337396732858164 0.03461901808292551 
0.4055786773217349 0.5182302005047332 0.3917797438518993 0.3183893782775171 0.3080902310551272 0.22372611611610876 0.012225632526418728 -0.14502416681281266 -0.19970219661368319 -0.13611080169413461 0.007559551395602659 0.0656104939770775 0.0616332929184041 0.09647156886219858 0.11339191799462184 0.13476505463778346 0.13331024657263277 0.08732492316759001 0.0015373699525785267 -0.06428915387662278 -0.07993128866315917 -0.03950877601477968 0.0022294314229670633 -0.006034064023707116 
-0.5724057723752551 -0.710018831871837 -0.5099905322705381 -0.4098218034793648 -0.3869962054110755 -0.25816531971534495 0.02134262100571238 0.20671776710015213 0.28935735272683016 0.2542989495949468 0.03634212628794359 -0.13666230123731526 0.12861582409812064 0.13850856131973988 0.04823957632532916 -0.012907056291050378 -0.005085493218177038 0.018848790550170292 0.030412130277045746 0.027342423492080742 -0.008632907609507667 -0.009637392420392748 0.006751240526334634 -0.03414415604028874 
0.10130300743241527 0.06559470934932277 -0.08518048784859644 -0.199384262173668 -0.2064326370123606 -0.13289210964509757 -0.01528342036059177 0.08950857807979229 0.09511518962606243 -0.008623146753134359 -0.024859357412872984 0.08643334268977898 0.09810109182331568 0.13994897438289758 0.1167647021456441 0.07773094679198757 0.062385311530405545 0.04592446205261943 0.0033536935915573405 -0.019543880574255244 0.03177101010382524 0.09124297356907292 0.11848406852796128 0.14049059173614506 
-0.23370963734970207 -0.1892079383815144 0.09376138687426039 0.2976079890987437 0.272517913688275 0.12176274123009229 -0.077481864387632 -0.1992936429225447 -0.1215099702913498 -0.034831650209321885 -0.004044267174766081 0.09202104376451548 -0.28924386786011996 -0.3276925955959568 -0.18186367013993743 -0.11248794733190211 -0.07735777766171903 -0.02913207968407396 0.00565396849063433 0.023774149962129665 0.08566996373795464 0.09604278218826358 -0.0016724077470518146 -0.06724363451189876 
-0.058072665660988676 -0.16202216938912084 -0.2603903221574323 -0.2685183583874998 -0.2088227630857647 -0.10401130051446814 0.051576794448418894 0.11661317992130149 -0.08958156541606896 -0.26527442249921906 -0.32769945745692636 -0.470202953732273 0.11673602332350545 0.12993677562388103 0.044870288976426455 -0.038520729503928035 -0.06863103772930822 -0.03336273355539001 0.020369154563767516 0.03761823828630556 -0.0030157897226491585 -0.1061729849230925 -0.15784299877799077 -0.09134499232893752 
0.3750136677518068 0.3868673942852552 0.12320539530369201 -0.03779091337674256 -0.15372780938921632 -0.18520948522843778 -0.02904939187069594 0.12184301629300853 0.12469583903403196 0.09449624090319841 0.19277939955112572 0.343386750509407 -0.07840820008869291 -0.09104603922321175 -0.030438354857717342 0.043684862955456184 0.04048725692789415 -0.005559272300530993 -0.041893131916431514 -0.05888184670903469 -0.08451425042926641 -0.08423009500270556 -0.022135419946211644 0.01684349033713133 
-0.5532667150888555 -0.6122532838557051 -0.23451335899259163 0.08387737757585922 0.2125833377143097 0.12068220425033749 -0.10060712031036234 -0.183914466386901 -0.018940345868680986 0.245231862459883 0.35025780555815345 0.23478546630414576 0.07299598094577602 -0.021952912942021063 -0.18358052019146995 -0.20049387715366188 -0.15881928742247228 -0.10856511911411841 -0.024913374054048042 0.04715210734532027 -0.021260809082027737 -0.09059897777921533 -0.06169354786630291 -0.06430420573118106 
0.24911198763031006 0.309045736521413 0.17213796986499208 -0.009644467749304386 -0.05964690749544466 0.02609380574928244 0.12428948874105317 0.12761572035866062 0.09671217122275547 -0.03739450768075623 -0.27661663884367105 -0.3110036372650879 -0.001440885202031487 0.03520151114748201 0.07497006808547406 0.04410771247214962 -0.04575543594684044 -0.08600786674154036 8.70416472666391E-4 0.06816443408378066 0.07626210068283812 0.09200176120944598 0.10300983884746424 0.1110440203459986 
-0.21410976843756835 -0.05725260168113655 0.2658849511363275 0.3188900502597667 0.22059464823476632 0.11603241133902698 0.049647476304688465 -0.02772949414748538 -0.011807304264347493 0.07246788513040427 0.09207920533938078 0.04990485734851764 -0.2069607108206477 -0.22643041843360065 -0.09644024786712853 -0.02106555991701418 0.0037355724211061703 0.023009356799819802 0.0018203368031041351 -0.03814406503347843 0.010930302787827228 0.06892835538233608 0.04645195469931083 0.04170233954795838 
0.20975785003225766 0.0037625197555248846 -0.3519039640171897 -0.28762038713514515 -0.020467156808923304 0.07513901145183854 -0.10678793959622052 -0.16074277207804127 -0.10765698381664915 -0.09512705406040015 0.012839183118119275 0.10269499394922524 0.0918058349109619 0.12052822085006383 0.08830737138926759 0.07121056059024401 0.10427056244008855 0.12163710089173574 0.08575925553762274 0.027654887444968027 0.016836781941587723 -0.0017395292513311723 -0.09912913675601233 -0.16140166072031278 
0.08729248617211383 0.21967957982804087 0.31682835154988487 0.28606201701982215 0.18178674510773052 0.02713153099960003 0.009470583448962094 0.07469697493188523 0.05045332328753964 0.06731306950269672 0.0661740304793258 -0.09717086794688594 0.07593666405341744 0.1306097128047985 0.16910120926661731 0.17974999624082985 0.12510200972786958 0.04345108471943813 -0.017933884441918607 -0.02858087968886258 -0.00725653398015987 0.013441959772779302 0.04273029681700672 0.023418027683469022 
-0.17700664440741676 -0.19100501678336723 -0.11825584450958937 -0.20686213290006417 -0.3530546432521924 -0.29436705675621133 -0.11289983144395188 -0.006562176515928775 0.015071511622048728 -0.02959851211290894 0.03372335885439347 0.24673920754355222 -0.0944760421203763 -0.1725426561090536 -0.21148247252308358 -0.16184381917734317 -0.051092707101505284 -0.006830607597260859 -0.06521947215579225 -0.08335135166891965 -0.08359896184952782 -0.08433038007508424 -0.051869095130619956 -0.021848403778649068 
-0.24853751337798347 -0.351697971826086 -0.3582427364173246 -0.2607390655802634 0.011582362272792135 0.17043219128473752 0.10650507555430996 -0.019077152861953883 -0.05140195004321682 -6.222651616792432E-4 -0.04655377297977648 -0.09237133249905291 0.07211038971758492 0.11549512529267776 0.11734823492646602 0.0646604970551315 0.020613760142059137 0.04742533544098718 0.11794392950561498 0.14390915378689262 0.12651411853296418 0.10285563208024913 0.06952116460606485 0.028093130527718238 
0.6611009761684352 0.807079263909749 0.6200789975356658 0.47131161169692715 0.21791315591306173 0.023980504101052375 0.040353230818482314 0.1361983468256372 0.19406753839731256 0.1918317534970405 0.22481037023953027 0.16584043756125594 0.00477629364774194 0.02531834223654465 0.05621362243321101 0.039115513049239305 -0.0111065621892635 -0.028538985440825004 -0.04271628415323081 -0.07786077003677555 -0.07673274814772801 -0.01747645568185692 0.08213759527126983 0.15833722676812442 
-0.5480924932685669 -0.6258479363965506 -0.4043837742521408 -0.247006346444068 -0.16553843490107395 -0.27431825575199337 -0.4209877361990999 -0.4284107480995756 -0.41858704569898475 -0.35196895954302543 -0.23793296903143715 -0.1410008745388925 -0.07428171377745645 -0.06608488626420317 -0.003309587187796559 0.05680549783401926 0.12087685204325122 0.05839633519152262 -0.07726855328914724 -0.10018023659377069 -0.056082375502049975 -0.01800479405958385 0.019661369020654424 0.007358773642833137 
-0.04155803540535086 -0.12988506120776888 -0.2638261928918143 -0.3310750316158798 -0.23117455809746884 0.013625123084629133 0.2789954268924455 0.4316869312132087 0.42886230389311675 0.19850420212333492 -0.11699982893358568 -0.20395770174090125 0.17413616844705912 0.20614891236019803 0.15087510276724508 0.15548806174388594 0.09696702816925314 -0.05177348851315674 -0.08796109120959934 -0.0392202573793484 -0.01603524403241796 0.01235698971652486 0.055169431970786144 0.05998865574618608 
0.3256371337412789 0.3150388495252825 0.09363862035980508 -0.02996223742591772 -0.12650433685169624 4.2087621838128586E-4 0.21898963738477006 0.13371926472557238 -5.522062849689924E-4 0.0500558927039251 0.06536721954481822 0.07045141622352627 -0.11934177905819714 -0.17323027257347504 -0.21423233047902335 -0.22383673970903342 -0.13989075189258823 -0.05710014774454647 -0.01908066376513558 0.011811612782851236 0.02624834941253451 -0.03472194676984012 -0.16433574195401102 -0.1897414353149873 
-0.298172342677665 -0.28181086613176154 -0.08155750807204243 -0.10367462804380578 -0.09250497761938653 0.041931403655335264 -0.01575218234465464 -0.027205887448891575 0.03315585078755856 -0.04625164177600932 -0.09234801996095585 -0.1198516750585117 0.13140609734416384 0.11097335048197943 -0.01635098502063831 -0.16477129515635827 -0.20392357101961459 -0.06947422434104845 0.12705979691118427 0.23077372627696058 0.23055627347758778 0.1452674234239176 0.021236208548574564 -0.008189116985016945 
-0.06176000245781843 -0.0301942162141291 0.14717887477504332 0.31080367089699523 0.18479903053764957 -0.11717095280370704 -0.21637194028514306 -0.23439917711707914 -0.2994788673838092 -0.12542519728383295 0.24274835234428105 0.38617041806487457 1.9812292424159832 1.520370103174322 0.7732997738041686 -0.560144696590833 -0.5239471895279931 -0.12451324690817556 0.09507569486899324 0.05646619920414906 -0.1612982413178348 -0.1544163897156211 -0.038878929470219904 0.08558840831373422 
-0.24207775933829367 -0.29018857978400137 -0.2415433650375185 -0.007144100308261514 0.22494447126670203 0.28084371061881863 0.11549682499384922 -0.07657502669634725 -0.1133431859902265 -0.14955752315453888 -0.2693990209790408 -0.33724985170652455 -0.5643818263463075 -0.8015442066629227 -0.8806131145233698 0.3052633442642118 0.18146760056281877 -0.008041455114430524 -0.06785704556917087 -0.13481324783409623 -0.026118319765661157 -5.573125158008415E-4 0.029407270337290025 -0.031201734469416112 
-5.646097885176356 -4.241882603171564 -2.1462677725699626 1.6022065884788093 1.286612507289239 0.25450446346116623 -0.13186195089146158 -0.010994763263146967 0.5565920360574279 0.5649580025400531 0.2705295084645204 -0.07761472039366996 -2.943775445370795 -1.6260250852480744 -0.49877978468254197 0.47091088677601317 0.46178899583693295 0.11595908554346794 -0.10285414819836385 -0.19944602967198533 -0.15491352508439643 -0.06290252878697751 0.11250510190513342 0.1666909950601617 
4.187142077720527 4.228665947335724 3.70700515917057 -1.6651661196273482 -1.1878145176836374 -0.1197819391338098 0.1455639596660172 0.265531649126431 -0.3165246416360765 -0.38977130414054983 -0.1944604090329456 0.2056460975790089 -2.18309858543266 -2.131324525683165 -0.8784047647539333 0.45093794113869407 0.6037938610368382 0.2129983784197902 -0.06506448222041473 -0.08068122666840198 0.13574265909033198 0.18528209610647836 0.013818874314053986 -0.15746120052077076 
6.554956415125155 2.5884537759702315 -0.33075603328137504 -0.2729179797715008 -0.4941884624979793 -0.26473538455779666 0.0771569369738645 0.19288557398748774 0.2668524356923051 0.1833892795701051 -0.13223625934416683 -0.38535054175837724 -1.8407653528279424 -1.4148450379964947 -0.2501010860422412 0.012944950966916021 0.3470718953055217 0.32202128633660826 -0.0959427752152443 -0.10708327205547269 0.15543244866451805 0.27590296560284516 0.16686192736989183 -0.013566504897893766 
0.20669084680893057 2.688616807694597 1.4859150595799875 -0.4223956395991888 -0.6960366269502032 -0.09853150063107051 0.2061808277224304 0.06352848468354133 -0.3757013630786611 -0.5146194499889999 -0.10947276001685913 0.28900166053814136 1.8224237864936104 1.7223028795758883 0.846894830808946 -0.47718948593922633 -0.34666950100809385 -0.10364348772350185 -0.01379510188236995 0.06030099133324134 -0.03350938625881056 -0.012832300981745667 -0.06112843297449574 -0.04985481774608468 
1.866423788763269 0.7726770806384842 -0.28541946464794776 0.9419864955639815 -4.921239940431921E-4 -0.722184614800028 0.12565794072606473 0.41125663512471594 0.11988305078516603 -0.20032682134425728 -0.27255009815319836 -0.07859298717955489 2.5699297539382027 0.3374524737449202 0.12019877528182092 0.5602577362752365 -0.13329217701473617 -0.6420628236590328 -0.25816930984756276 0.39457125698011847 0.3202181477864555 -0.015816539397925804 -0.3138257434395533 -0.14931080376295144 
1.064137031420639 -0.030354343726067157 1.1436523824270184 -0.8410498994774103 -0.394654183911324 0.41987313915781144 0.16269876343702694 -0.02455685544190711 -0.1425117904060753 -0.15941635073813165 0.05908180929505738 0.20183177352785175 -0.0843712342169427 0.9633160841655624 0.7115331161451323 0.09437266384315109 -0.4719517743956528 -0.3379265574348867 -0.042653037037613806 0.4632020830617977 0.19202721290910196 -0.3322730497785288 -0.33916941803662387 0.037177980113383656 
-1.5835559389953069 2.935581930445803 -0.5202210205503532 -1.7443640586580993 -0.2450031529732104 1.402250766524861 0.8734058986592546 -0.9467855268901434 -0.8103967940033543 0.05323734813844838 0.7249636863185347 0.10616681303562192 -0.19872965752777905 0.6307758837023941 0.5637601872520706 -0.1932360023836812 -0.6496800067740959 -0.18760521819864706 0.614845836663381 0.46604049057517777 -0.14123763936374867 -0.3379975012704281 0.1544192904280068 0.10094183484731332 
2.1847944133390467 -1.2827838697057494 -0.5312835109042062 0.6376616459823983 0.8420742107263388 -0.1469695189888549 -0.03973404013132309 -0.6470566834944222 -0.4866430794117068 0.35541761460523363 0.4092786018571462 0.085087820090402 -1.7072210182981309 0.6591823802159938 0.7052439487913329 -0.8862269286815602 -0.424135435502911 0.5478034441585459 1.0454743378566376 -0.08380094823879675 -0.3421837801606527 0.005371586959967867 0.40117277439817883 0.2354675042050988 
1.9022840703874024 -0.49343580747885696 -1.1392320797385471 0.7823387299851209 1.3301836990094131 0.12405236886924631 -1.6176631674799031 -0.6756149225745597 0.7156616133792277 0.5562486997953443 -0.9109063657182632 -0.32304651500277 0.6485359255726877 1.3435310289422162 -0.36146283436851495 -1.0000035090148243 -0.1733432408238322 0.3764919383687096 0.6023636874448011 -0.6799696457366355 -0.5840645549140623 0.16179619645697396 0.25492436494783227 0.020102661001224164 
4.442880081623677 -0.2933926154117188 -0.6625739343528831 0.5542794922456602 0.09015869660609721 -0.5844379944900187 -1.7281897170633076 0.09126068711669127 0.12101034638459182 -0.4270367874464832 -0.32650148788108024 -0.28996407506824873 2.951452934538113 -0.45320165576155375 -0.7140566378815144 0.14217567247370516 0.534759007727117 -0.07560462987145 -0.6317071481018791 -0.6695362648841844 -0.06827346002305908 0.2807501336167088 -0.1671010470319508 -0.10608742812419213 
-4.658206549855685 -1.5897067835278609 0.6298126942795301 1.2973375452547424 0.650984326558407 0.49150918916931396 -0.0894573252091565 0.7239647250142067 0.6379701578406831 -0.04092404020661511 0.3280806363441512 0.2333847776112748 1.4444093006170078 -0.1342820946792204 -0.48514016567388457 0.3890361704938568 0.6273062827935755 0.08076759778348318 -1.229820630990212 -0.34397487758423173 0.24457166663768923 0.10914126849119037 -0.38768386370297575 -0.22030055349665467 
-3.389319080153749 0.6249565856034138 0.7263640157312983 -0.046364779073527984 -0.42260312622950913 -0.10388403952453873 1.091284483038941 0.6617622873637475 -0.2429769715732573 -0.18824641624391303 0.29108824192179145 0.12513445815595597 0.9824684479100444 -0.47528092811079 -0.4104161261778689 0.42267494761760876 0.3981053782780996 0.02861147913447078 -0.7538363351573302 0.025287922882290998 0.11681825304433295 -0.1929047710784673 -0.03225063264869952 -0.01987896204562954 
1.4851557494250924 -0.5497641239487621 -0.37828055775898406 -0.08444764583685549 -0.29535423795351023 -0.35852740196394317 0.6620616254396083 0.07105891005460752 0.1639402724450847 0.10942970872048813 -0.05664963951077184 0.13030587887509168 -1.9575265490919407 -0.4059802933461129 0.218822836469328 0.35855884628812135 0.1795699968493707 0.20911141368651354 0.21147489658180832 0.33027573836597063 0.07003496493250716 -0.14577341863124227 0.22102642998110633 0.2143131666696493 
-1.5762064117468446 0.6124788391311018 1.0727210701999805 -0.02285275506136708 -0.6309881559722429 -0.24525413632680237 0.1575598130843007 0.3418498259496179 0.0075705299493921685 0.07650065132536704 -0.037384452007520164 -0.17878773956326854 -0.9101619339246155 0.05263988737039179 0.15518083295572507 0.02679902832466219 -0.09960726825244093 -0.06285175077582891 0.42959215322136335 0.2243951755037815 -0.06357535093605282 -0.06018520539496399 0.06933571715106658 0.08697858517559676 
0.3078167632166853 -0.3655270302533662 -0.19983434236279507 0.20990499438429788 0.21646685088166173 -0.06514000348909482 -0.2570196799772614 -0.10690625937664033 0.3025915122818369 0.2640226819024717 -0.17076230663451203 -0.257593623538061 0.7602182436076848 -0.2061783434637053 -0.19448702939222606 -0.12745130472593283 -0.2741781021462218 -0.19379210175608277 0.2824236440211676 0.18542760930614607 0.1563522994159603 0.10060241001626287 -0.0382599559649409 -0.03476561275767138 
-0.07016378527569866 0.37491837664454053 0.17159840916602853 -0.27393818415809124 -0.37969186588977233 -0.062022486434476165 0.26204867608328575 0.07755934556802696 -0.12157653868347493 -0.08498728665001284 0.1401374240304618 0.05814845383574205 -0.5549540222782907 0.2329024724524104 0.2918960290866419 -0.1830527866349687 -0.357794116146585 -0.10728170522817249 0.07172441013179641 0.2639628465871187 0.19933273934545545 0.14393200884462043 -0.02520293949030991 -0.1865749083533168 
-1.5485202946335348 0.18755113768563447 0.6557418609346701 0.4234489828893051 0.40153192344391986 0.13123307835814213 -0.237453738123387 -0.3530786776730352 -0.24054309148636266 -0.11163355234061056 -0.03063070963494012 0.11613462044860051 0.17625621892231122 0.011170385485728573 -0.023886800485005022 -0.06612526972837696 -0.1635043241959465 -0.16639492275200377 -0.18868794102618378 -0.11028867459115581 0.01967935103261098 -0.010100034108440792 -0.09390563526133881 -0.036182889153082876 
1.0168241840131376 -0.3627676621956297 -0.23075511870867782 0.41953361059103544 0.3498616561863832 -0.021595561565903365 -0.06739638823802574 -0.32695250466354076 -0.3188603862028744 -0.16746725808695312 -0.03184143203637638 0.19407286350335115 -0.10717525694467815 0.024878921594451892 0.004494494328816767 -0.1402373546947293 -0.1637868652477825 -0.021011590927980477 0.05204531158658393 -0.005941988145950548 -0.133927523430407 -0.17657231016066485 -0.13121704457020059 -0.10396515886139472 
-0.7644458781946665 -0.030195167290466784 0.07300282302957317 0.06154490619486541 0.3422030624314234 0.4138313023326301 0.4737666752619457 0.4262156895126109 0.34219538294370366 0.3355627699462642 0.19694402718292348 -0.2170071609126169 0.21660241448723308 0.4835381520343868 0.41126214209341255 0.41271355265614956 0.4339542617311855 0.1981895687576081 -0.03823870057427222 -0.18174816470241426 -0.20051225318147384 -0.0800715208239104 -0.013055702868791078 0.027163796808943343 
-0.14067522266109844 0.4091547643492355 0.4494844451321267 0.32772591827331654 0.14133316035982335 -0.14028682563777872 -0.2496974653691324 -0.29426187358694444 -0.011163205607287063 0.22113148268854435 0.4200011893321318 0.5366148211005349 1.3521424014508285 0.10049466080025364 0.029111478214460806 -0.35656881995465267 -0.17068114672044812 -0.14689412195348658 -0.18425316288928006 -0.08159596947185628 -0.07146226331889893 0.1731101074744589 0.05864998962973112 0.07785674625020671 
-1.619577834758116 -1.6490245316899586 -0.9181643472659697 -0.7687878289202841 -0.7960666138363567 -0.4039899958787445 -0.03158709783501701 0.1758205008959094 0.20714507776026522 -0.06571836025662808 -0.21738491171282098 -0.1366277487768214 1.4862588500070135 0.29308709943452155 0.2845401611045178 0.07652950045307634 0.18426387174559947 0.19849214826248465 0.23545581917811362 0.006769963131452228 0.07659292951367115 0.10230977809474882 0.11526255831975409 0.058425962305699776 
-2.612037042057623 0.14516303760335525 0.17749403179571122 1.9044064380125683 1.4310399344816176 0.8279974534002437 0.7380399869782958 0.04303299806037886 -0.036948443654458374 -0.4861570154088836 -6.269314776975177E-4 -0.07968708131516669 -1.8878124783520231 0.6392031770009706 0.41019431422969116 0.7464043854852963 0.3212451489600984 -0.20722588767793845 0.034947230476853886 -0.08712242238283922 0.1440395264324882 -0.11368879526847638 0.2589145434804248 0.12048749681089906 
-3.9875415185174448 -0.7774606022210913 -0.6446224536157725 -0.9563838550339895 -0.8554419398662721 -0.6657872819738351 -0.7264695084461092 0.23725836429459257 0.12530921342627588 0.38227768471073176 0.06147041262857586 -0.08413409662186543 -3.312879872508695 -0.22173577531817598 -0.08940787241423893 0.5888288570781869 0.11783570571796231 0.1598738372213798 -0.10003931640894875 0.07241147654699039 0.07320007950604916 -0.37561001216842455 -0.045826196570037246 -0.11881594732366456 
6.706744054274635 -1.9442367313881102 -0.9178694443820454 -1.8176892251257197 -0.792714623505514 0.6122894804435819 -0.007097951494147964 -0.0636135381377684 -0.402363852737757 0.3381998460102935 -0.49617010327984107 0.14890550459035978 -1.8109396397343056 0.21660992701758977 -0.3520166528004567 0.9197473630172238 0.25853194996899065 0.22927756903621552 0.2763112712352967 0.31880445186311507 -0.1724772879444847 -0.023271873374449265 -0.10732248478963598 0.018515830855794595 
3.6596712346018405 0.06088267876030207 -0.1022589919343746 -0.6742265685857007 -0.03769645199667776 -0.775757521064553 0.6410998206280512 0.011909339354011839 0.17025254378376703 0.6489332455390572 0.16786526389836254 0.105523800241409 0.20039350870266923 -0.2991915900595603 -0.6226172004862366 -0.6236200371375243 -0.4831646586003833 -0.08850718875900165 0.06949390137700902 0.40897105806033873 0.21099287200533898 0.4916605735221144 -0.02982675468484003 0.07404388512075649 
-1.0028244994143494 -0.9238383839401108 0.9623622593563823 -0.9959142942632475 0.24657134063984845 0.19514986583695615 -0.7746784912646746 -0.800705845058676 0.45801175500025015 -0.5496691756996985 0.26814309725631713 -0.2300635223141877 3.1900437485009907 -0.30570431882661636 -0.27576283609852115 -0.9565426235711527 -0.16791222840431452 0.28080148795380416 -0.009626284721117012 -0.3779316869387215 -0.09369814390725761 0.1927633747432894 -0.1652014073107151 0.2576127290838986 
-0.7339377677809604 -0.39008500576641003 0.2831132959737235 0.5035887909473472 0.07440905386219654 -0.19169590839351724 -0.5511609426918731 -0.6211086564259698 -0.9378572064587447 -0.6487695250006154 -0.23120592358498315 -0.11678123853186118 1.2058559392662793 -0.22231750272626108 0.2941882685156652 -0.46963784636063677 0.2507060415804209 0.07233978245378063 -0.2756197157177045 -0.1766847815047312 0.09905472660178337 0.13413816631129857 0.0268457587254262 0.04567997261579367 
-0.6665826900369372 -0.8016399326449051 -0.283267080040531 0.4630309658212144 -0.3450306912220076 -0.5221457897533486 0.6179112843291652 1.3866905205683868 0.4327854541052717 0.4087611070502617 0.19896971239397704 -0.5127801632747009 -0.48827654281522026 -0.6262111437073816 0.6057208005670207 -0.10547518957821211 0.23256928072732388 -0.0311977708777037 -0.3705485759934987 -0.3757371119347895 0.10927314691421168 -0.04760160227801258 0.08017750951975096 -0.07448839989292298 
-0.12601748788570383 0.6667359612914825 -0.3620091277829136 0.005214340453978644 -0.4940135608070124 -0.6341290406307425 0.7716640799842447 -0.5517344989453261 -0.11429848557409383 -0.23269639476981868 0.12191468015325399 0.10984220287428459 0.10332921481301516 -0.4008973173358537 0.03727591102866453 0.03906897181070553 -0.09275871769441961 -0.2530011512808826 0.22090574851147168 0.06661023639174479 -0.11261974456570763 -0.13517260504225534 0.011247575309683677 -0.08222647848882836 
0.15804498908368314 0.42638456365308786 -0.5322389304663613 -0.4303015002819269 -0.16692519420751872 0.5099597445886799 -0.3244452746222374 0.29181841200537056 -0.2815870461847103 -0.6149009339810592 -0.14894973317205434 -0.11991004333849165 0.30364386768746504 0.23770854389843796 0.22730682290483384 -0.21842562622802064 -0.19041106911352856 -0.19812397585373276 0.3245453704225854 0.21500321879252757 0.0980601611017304 -0.21599596491871842 -0.08625338403751202 -0.18699589757076399 
-1.4562392517803162 0.1985946980921547 0.295771488100645 0.8330481085668012 0.2636324584382109 0.05125477827811631 -0.7426999087505867 -0.273503311319696 -0.24281172261663087 0.26857931064181106 -0.0909889267310185 -0.06653686303348072 0.5185349526848949 0.46456712686038015 0.13001285539325788 0.04587546923005331 -0.13242396281217914 -0.11186192634271601 0.20256414827050118 -0.023823994093899754 0.044225231904456486 -0.09219322701809364 0.12336668673144298 -0.01837402375449937 
-0.9124034111520261 -1.280694932740555 -1.2940778566968119 0.7043909604488651 -0.1526204935040335 -0.2704657716465797 0.40145716742882454 0.6025652703779891 0.202861589321349 0.8061111491006021 0.5641816679486493 0.13639706239147376 0.2654158487282897 0.13292854861772577 -0.02890084831553859 0.13587489133785874 -0.12955179868378483 0.03387382154662599 -0.2425486486352871 0.1757641265269098 -0.09698647739450868 -0.0400140651616808 0.03094927070557719 -0.1446546330522666 
-1.146398145822534 0.12657432890716347 -0.37112823084746194 -0.6997582976015773 -0.1038940227222176 0.09166949651503531 -0.19897958585278985 -0.6356359458499361 -0.48919849904049295 -0.6666227552563684 -0.6047510806014268 0.036810721272799996 -1.2285127657217843 -1.079368112220228 -0.5081254027958658 0.25607652539905035 -0.015487355426428892 -0.018108173283817103 -0.18061238761370743 -0.08088003462578282 -0.2528269036147011 0.08870106427925546 -0.04091523527680931 -0.04476780640747899 
-0.7931231100800771 0.06360910239240614 -0.11208652604569203 -0.07152297121131379 0.40549344242405005 0.3881309208303424 0.13134050983472545 -0.05440765031023878 0.13256577421074678 -0.027257705546927025 0.015083531646418236 0.26238006366516786 -0.834937495802861 -0.9367294993840845 -0.6909726960630063 0.17587696767349512 -0.035385724961331695 -0.171978551843791 -0.016228455815047043 0.0680958663827701 0.07523548176044172 0.37041664310351957 0.2233365796764061 0.0076591268241915185 
2.1696588948490616 2.7645470171863584 1.2291520311626827 0.4527754981997396 0.03103755675345582 -0.22371904810889343 -0.06580441711241491 0.2976232529017664 0.5508168957827736 0.41916054512780926 0.306305847250525 0.004775055552109192 -0.17814404449424717 0.23324895551155475 -0.18836378733737677 -0.284062019278639 0.035208973399680606 0.12692880579566695 0.008367437969091266 -0.22797113590224352 -0.2500264742865315 -0.31306878981431446 -0.28770418807707904 -0.10908332024883304 
-0.06561944407924081 0.21050722127210086 -0.021299899512865483 -0.3995068404722787 -0.11392910835787512 0.4031641561967576 0.3835549505037782 -0.06835192814617239 -0.5428525533716094 -0.8480304304020455 -0.5613565350065449 0.1294375147792446 0.4299784463282868 0.7511520092232375 0.16667855107080665 -0.14289413627191505 -0.0684085049708933 -0.011793700190833737 -0.0112897100167945 -0.04127529193046911 0.021405332003558264 -0.018583856110145763 0.028521164916061093 0.12330990238647117 
-0.9757178453402107 -0.6466215970673481 0.14856981789825507 0.31641969486482213 0.05019033246970317 -0.29663353855517316 -0.35018912009459 0.05524960077476135 0.5985900876102798 0.6829699766141343 0.546581516956292 0.4305319564622607 0.7225575369498102 0.9076610098464766 0.3848045349833624 0.1446779509282858 0.06686601771590632 0.07975360200022102 0.14640419222815393 0.14167981922813583 0.07850639333895397 -0.007845562748492149 0.029392795083170536 0.0461806173647141 
-0.5103700789703014 -0.48426261815045324 -0.07183107262589816 0.4253373392718901 0.6011425694786063 0.4599692666259835 0.3074019913761965 0.19060505154467108 0.0444631822863189 -0.10341085295965223 -0.19061779795464853 -0.3204280939493214 0.05624579479550965 0.18324888139056852 0.11738092065239636 0.019961419945090226 0.0661872545217313 0.10327982803530177 0.014584500373351295 -0.10230852078948942 -0.1624202673119559 -0.18608099843099782 -0.0721016924051278 0.10873603150471296 
0.22436160144516126 0.38894890735820553 0.10000401276911175 -0.3936804444572022 -0.5270963353125039 -0.49138240932416943 -0.4669405142330858 -0.25689469462806286 0.021639847936947565 0.07038744465208907 0.03275809347506521 0.0911660078222499 -0.09878987183582 0.05929341267309063 0.26322317490464314 0.26144140488124107 0.0485972937680885 -0.15891833668300562 -0.1411883797136344 0.07220407312807604 0.2425957665546662 0.20793190218273827 0.16028929029921 0.17993779648014432 
-0.8343965518584557 -0.8570246751123816 -0.3491597589054829 -0.10434103064653721 -0.023847538031965487 0.19069910747535046 0.3981771464529722 0.3946457819237079 0.23288336840092438 0.016503830871970646 -0.08813974605054817 -0.027087605414888888 -0.1597722936691858 -0.1448222567779157 -0.05204879181525074 -0.018969133341310635 -0.04771235497707371 -0.042894009974021374 0.02433893150505373 0.07854982665280547 0.0630715994431882 0.03253991163806861 0.039102216158995624 0.008070247267783012 
-0.5173349933886735 -0.6381208066056558 -0.5024353636758819 -0.20306533481968753 0.21689350492072357 0.3147565510691602 0.027988441507925343 -0.26338298379898517 -0.22340730511102158 -7.830718498919587E-4 0.014474620106611824 -0.2559516772453886 0.01943285267442955 0.10897730783690496 0.05991808761851802 -0.15445076525723864 -0.2622658113334068 -0.22105718938472418 -0.14822368927188287 -0.06748475024315653 0.03917916747758516 0.07980092908552595 0.013320534971099978 -0.05967093395806534 
0.3397950994541734 0.4637390091652245 0.3855349910423509 0.3869371844770647 0.3722847142932138 0.1855818163513828 -0.013079281009470256 -0.04180028382828416 -0.02222803951926114 -0.16544532962286754 -0.2987827097474087 -0.17107999321885123 -0.2524394047189033 -0.28714797989461266 -0.12570371719691917 0.06012776269525966 0.1945821467360319 0.27147889212164394 0.20976301039321335 0.04774903268843648 -0.0611587428672836 -0.11392113525221198 -0.14017578702015407 -0.15233388474094833 
-0.42103278223444196 -0.5983648582913124 -0.4470976250603592 -0.17596725624728726 0.06163497252512684 0.17434780439198694 0.18335876731378403 0.16378258897740278 0.031658049464284854 -0.07804076235706967 0.09811797041019556 0.3421750035984271 -0.09176105604515783 -0.0950679196608409 -0.053048579331533695 0.07996375515608733 0.25255516841069586 0.21970832210700864 0.05516603152847243 -0.07802139051062755 -0.14442477938510978 -0.12655957055048953 -0.08458886244531656 -0.09191848441765349 
-0.12522944327886165 -0.015458709585715269 2.825233775132219E-4 -0.2982733580185163 -0.5299647120422629 -0.5535331955509948 -0.30879704762959725 0.037815897470204474 0.288826919715122 0.3968960818821955 0.2905659398581222 0.13085070838604826 0.003531954887740311 -0.025624011355781073 -0.06434102877563778 -0.0258000983780588 0.025286465477511972 -0.008662871329191921 -0.008551630629712795 0.09940802497914814 0.17463702742034104 0.11220777358376666 0.010764372150701343 0.01910979938845452 
-0.009539553886682484 -0.11331818824766327 -0.15066339184886202 -0.10035132904015903 -0.08964728714362571 0.02518909069932307 0.01034923023257156 -0.06912690291634682 0.054339553427116216 0.09772493404904509 -0.026433117360203928 -0.1311615747948779 -0.1385062644205662 -0.1698411012746921 -0.11158442854729184 -0.08333327294393983 -0.06041122789205361 -0.012814122255967378 -0.009664767043427632 -0.030931407878459955 -0.03775806728542195 -0.014480934657897746 0.07469389107093664 0.15005345524849859 
0.12345262061707274 0.29808770821074315 0.4303409607635157 0.42652951600767697 0.37206644769505415 0.2861497871852905 0.09908037942027437 -0.22356961281885374 -0.5574798737616999 -0.5899514985772248 -0.268800282314313 0.008258897812437715 -0.009920144402822443 8.935651400228858E-4 -0.032522298892488144 -0.14107586572145636 -0.22744385107194462 -0.2277379710969818 -0.1629138270283683 -0.050473063666286344 0.08644844587711087 0.16227189667460495 0.15742716129416925 0.10617207411853775 
-0.12985502092071055 -0.24561476336546528 -0.32737355811148494 -0.2883688744285644 -0.20814692366737086 -0.20705132020825356 0.008414354919131117 0.3872695677573118 0.5680856480589617 0.45882583184633374 0.15371940828360325 -0.04668945686026332 0.015242974936561016 0.01936145914778642 0.02930626428109223 0.014009989316445084 -0.03862417406083254 -0.05543968901248061 -0.04854923722071197 -0.06458924836635002 -0.08918078076656893 -0.11325175502184977 -0.10307159462290773 -0.07028339829329507 
