0.0 0.0 0.0 0.0 0.0 0.0 0.0 0.0 0.0 0.0 0.0 0.0 0.0 0.0 0.0 0.0 0.0 0.0 0.0 0.0 0.0 0.0 0.0 0.0 
0.0 0.0 0.0 0.0 0.0 0.0 0.0 0.0 0.0 0.0 0.0 0.0 -0.04978073074312069 -0.06476629184691622 -0.03739702258437427 -0.006536620857187481 -0.005219721946150428 -0.015966014681419227 -0.02686941661594226 -0.016600579993955922 0.02136874134444494 0.031042906341154836 0.0037614344325704687 -0.0064743737362383995 
0.0 0.0 0.0 0.0 0.0 0.0 0.0 0.0 0.0 0.0 0.0 0.0 -0.06933821809065972 -0.04358788374017123 0.04485815840029894 0.0954524024436445 0.11091169579255433 0.06100008896140755 -0.016081995700515994 -0.06750124128758637 -0.07742886315293547 -0.03350917432107271 0.02626907688405249 0.029653641873417208 
0.14934219222936207 0.19429887554074865 0.11219106775312282 0.019609862571562442 0.015659165838451283 0.04789804404425768 0.08060824984782677 0.049801739981867765 -0.06410622403333482 -0.0931287190234645 -0.011284303297711407 0.0194231212087152 0.09154139098361262 0.06077213580432724 -0.05549403228822658 -0.09723031626890218 -0.052399642498153355 0.014824752546640146 0.06402372705996727 0.0736876392138511 0.04689290819547968 0.03793732378601208 0.05220197939126892 0.06443445117236317 
0.13334355815729815 0.033614213450139374 -0.19067000907745824 -0.29616213861671475 -0.34056467029688864 -0.2069492889063515 0.007941862177634595 0.17760285387182523 0.2643397014754738 0.1470918824749504 -0.07316507900330177 -0.09867248622460922 0.23083894531591445 0.27226182584993525 0.11646910560960776 -0.052174300836154854 -0.11971771629146656 -0.05699485631092411 0.039081094029622225 0.06972501379025445 -0.0015128075524230983 -0.08954120061653925 -0.1262099094622132 -0.12206120292040334 
-0.3412959520294869 -0.1991235141380514 0.26181710140340886 0.4397720181150639 0.3274812626429044 0.05900038681325531 -0.1960421122687191 -0.3098643445774659 -0.27284857532417595 -0.18735791259551143 -0.12002339867215589 -0.14396711040478488 0.03473286667250486 0.005670052962360524 -0.047475447681085546 -0.0912782301357092 -0.153116060358962 -0.11730393379383512 0.020410085950855805 0.0698606065538182 0.007682324753841637 -0.04111702175860458 -0.03878393246530581 -0.03943521457660417 
-0.4471977638183189 -0.6200742827104058 -0.4242203336539663 -0.053558175263286156 0.20324210047217314 0.16543339754827352 0.021081898969406265 -0.0293419990910965 0.10890959830268986 0.31573819863564123 0.4329992760738618 0.4478787245679601 0.06356871652450957 0.07846676943734125 0.07591543184761683 0.07384651517927304 0.02042257785515522 -0.05573608926944512 -0.08886063162007159 0.002603274430118272 0.11975356126250737 0.09143046475868895 -0.0026023065890260857 -0.004245461970688841 
0.335414253199656 0.5041329647339396 0.37139257308463347 0.17214257130197574 0.20310396153080634 0.2136185021984505 0.012807973599373523 -0.056307653198126 -0.009438146708467765 -0.0541008118279962 -0.14801468344037577 -0.13554684045775695 -0.20022079438451312 -0.1748210334478726 0.07565702366838507 0.24906189530920053 0.23751846944200894 0.16277417426714605 0.10304398634637567 0.005769365326657283 -0.05118830736514799 -0.042891513194281715 -0.04245082523764295 -0.04269918395625969 
-0.39571769403080204 -0.5534143342978799 -0.473204040460921 -0.3838869607479898 -0.3396437533063053 -0.11705007879061374 0.17009871410380303 0.04301468489180045 -0.2266261966199024 -0.19382806218487408 -0.05136251685211357 -0.09014623528605667 -0.2420335155744214 -0.22856033238063955 -0.15131925581555977 -0.1418147254132252 -0.00968975099715664 0.043274043684308705 -0.021252077824517258 -0.03178035359417826 0.005203811383145847 0.01975790121999112 0.057892730067654385 0.11655172869209962 
0.23362639623029402 0.2920096119993034 0.059337883801730995 -0.14224927507018587 -0.11363121879388316 -0.2880803978187392 -0.5796824788750445 -0.36335078254888625 0.04848424423256417 0.19609975739759136 0.24950997350376064 0.2531429213910026 0.12185750114370049 0.1441543903771523 0.08512180388339496 0.020226270909326976 0.025975326096184543 0.05766175168937066 -0.04142883484659341 -0.1173044954682481 -0.0857632213223712 -0.02142922849571582 -0.030318848716158128 -0.08668514786452552 
0.3297967113896263 0.171668390798831 0.18576477843416428 0.5290819241624702 0.3906789436259878 0.2864607165039422 0.3810833586801671 0.2195206263668184 0.06433696868273635 0.13136421036287407 0.06055875739883046 -0.09612134243271857 -0.09614299962346824 -0.1472064707482 -0.20993593097550298 -0.2815600793084048 -0.2612542977399693 -0.15374840760644004 -0.0019784753682330902 0.007759843048814899 -0.04941207708954067 -0.002757580582742262 0.08365023593955763 0.04658027577697226 
-0.39291545294165964 -0.29087156894587274 -0.21345724801309407 -0.3450206838812352 -0.23998336522389385 -0.16112215051693948 0.03160215585097176 0.20735286246910933 0.10236993460732649 -0.15240926261472282 -0.1130187744173734 0.12749615670915057 0.02956575137340541 0.08532382868128756 0.05265960382729288 0.008495477549986863 0.05080489798354926 0.0010229959167352143 -0.14206114838473455 -0.08134483548173042 0.05727695583127223 0.019134220449076395 0.034479531719351274 0.13503693976082823 
0.20598222942557953 0.17964566841930818 0.2930013183730005 0.5621789815827493 0.5072952131286078 0.2807160203778065 -0.12960817715450584 -0.26561666676364204 -0.10533281053866157 -0.011300810430490194 -0.12104885071021948 -0.16706368027604743 0.1070503527420416 0.06752455489575955 0.001537412195379469 0.1198321695436065 0.07807291084029118 0.027323489497775022 0.1278339732733111 0.09488027855955034 0.015889353764112085 -0.007185368984573022 -0.024126463200737063 -0.03801046621138326 
0.20683638309210117 0.03204948714520217 -0.15225919764956575 -0.18428423643028596 -0.32435404749584096 -0.28827703750587697 0.10184673419649556 0.12325237046153524 -0.038511733650553555 0.21002960644704433 0.2368751824002318 -0.11649672896981772 1.5840705930124261 1.7309977881794554 0.9150359150595421 0.36144748960805134 0.10920304370803786 0.14055560988470814 0.10689916307925294 0.03524656007521112 0.014397428068477235 -0.13716547854939415 -0.1544336717913057 -0.03115039581645186 
-0.2912302648533789 -0.19236580193398511 0.1505535166662617 0.0892171918061761 0.19864555224108782 0.2680676915050859 -0.03754085031252814 -0.02306996330804556 0.08710974151934012 -0.02829911721429043 -0.04200883140776096 0.13990649904091534 0.2841492879855392 -0.48817244170937624 -0.4733745370449298 -0.16631899942054965 -0.02938337203844077 0.05829493648607111 -0.09213282911753158 -0.1988216729497657 -0.06614483665848493 0.0661096210130399 0.07766539823613078 -0.02739622351777075 
-4.896520984839459 -5.297859198307592 -2.887341092338351 -1.1928822578171026 -0.4132676659042475 -0.5764648157347035 -0.33512899680777586 -0.019660169484322254 -0.03704362562710606 0.26758632642535973 0.31076223130531444 0.06746225450002474 -1.9335988564879016 -2.033432128162667 -0.9792983241522677 -0.24882803414342303 0.03800812551291451 -0.04734536694113153 -0.05497066586557828 0.08110133254003439 0.13536705831595117 0.311067838665332 0.20677285255647737 -0.02052421379574962 
1.905213049434742 4.309117336273834 3.0806658768521826 1.5654349905378064 0.6399021384481335 0.24992510003400648 0.36527817570022464 0.40230462205858375 0.09236764542506948 -0.2384080334587676 -0.39098856987115316 -0.1768545014576564 -2.2781200485278057 -2.2448967478626423 -0.8259865307213224 -0.11515622972662605 0.29970373080036483 -0.05681013599758988 -0.12336808369433216 0.14006972877738236 0.08276497911018092 0.14002554093626265 0.09621746256829063 0.07266873966364973 
4.909411295411745 3.8816043025292934 1.3205795947142764 -0.17590903336583197 -0.6590067171381073 -0.13716964094694267 0.06534921878685401 -0.3327389198418826 -0.4472418605512717 -0.6181194514267129 -0.2089535060375043 0.10345641266671701 -2.666911137350748 -1.8574904769552327 -0.5857551688366643 0.0197840099186876 0.0383580722687728 -0.21857161341475895 0.03527360368397844 0.17082434526183765 -0.10964096509554526 -0.06213427845374662 0.02707265011247942 0.11692189102504476 
1.6401637406044358 1.9525926912355 0.5245527653039153 -0.07380073123958103 -0.5775961145430768 0.2188505121039751 0.13232429297315343 -0.2867397744614124 0.04391392165088015 -0.005522851097042147 -0.07080335044122349 -0.09609679903337998 0.0034411459674221767 1.7069533921270341 1.2162422329736013 0.8842979662319644 0.35631287530594563 -0.05789102937424976 -0.10601371876606434 -0.02470667440595653 -0.05274704561146184 -0.20090414801788117 -0.1120243763108733 0.05586647131806338 
3.236737081627938 1.4528745550772726 0.1479809699457757 -0.43261642668447153 0.08040724378503927 0.09478731847458899 -0.3244728664961755 -0.18761100700983713 0.31610613154662437 0.3375465706057369 0.06945167125291135 -0.3236822697872478 0.9881086260285589 1.5436230350633167 0.799228694945974 0.02128846105743053 -0.5621504915162542 -0.059092281742022 0.03377394240456631 -0.11375374863375666 0.06254176737980222 -0.09668084794393494 -0.18427709313430288 -0.02937866224549565 
2.731226718424379 0.4026220336187425 0.018238490315629186 -0.9591052114987675 -0.7987434679312768 0.30761970844598996 0.8782303746399325 0.4038606888604306 -0.13106521378949304 -0.11352860042134894 -0.19411802958374108 -0.13088457418486416 0.0012627478739283642 0.9671490616818753 0.30235196843956635 -0.5145818682912835 -0.17374703570371142 0.04390927841703283 0.43789510536237247 0.42938285422587114 0.1629253189350985 0.0075275457129747965 0.10323196312578437 -0.17633903040276486 
1.399553928416097 0.025720526147722467 -0.8239493526295028 0.20287782359146966 1.1380184341047552 -0.004277393891884085 -0.40892564926023445 -0.3367779056015341 -0.5473775949704918 -0.2740740329327547 0.40553511293666317 0.20898628697894606 1.0446334383121523 0.5242681785765443 0.7291362380748034 -0.5405578187792729 -0.4549670833095221 0.07795359361602545 0.39165485656054294 -0.07461716738829509 -0.26588767365510607 0.11759369624016429 0.08152732400171744 -0.356858573864457 
2.5549670735885712 -0.23527747934535093 0.10346202127285542 1.1521977484962989 -0.5851606025918006 0.13665503303611315 -1.1391346317319344 -1.5003048878431773 -0.013120171895857374 0.27770481353327925 -0.5485409606604524 0.1665860137918176 1.7006226994745992 0.37185575136945853 -0.08211662371743622 -0.5109608680738957 -0.35907057276028836 0.020956988584501606 0.09870798290077827 -0.08336178017340505 -0.27187721701365414 -0.06115314429820418 -0.16339132384751973 -0.10431927104660142 
0.1909665891093848 0.19901977582968655 -2.082039509757248 0.13340554965581397 1.3385170610438677 -0.053591124668548984 -0.4907549329918709 0.9883232835068521 1.0547966315651247 -0.21085122509207005 0.0020811647861146976 0.5981581578177825 1.718752911148397 -0.04932099213500921 -0.6637121992162841 -0.044275631335575216 0.16719088230110923 -0.022161474866121855 -0.39419166899516345 -0.38555545901426713 -0.11782434270648239 -0.15277354580344135 -0.21012805309708926 0.2339692828371416 
-1.7663477103460625 -0.7995948453306152 0.8936334400318104 0.6085135296907476 0.178218936880032 0.2694056080808176 0.6230210678034158 -0.008604565173547352 -0.11652067601633873 0.03831942855292131 0.4977829160340923 -0.012512696464478085 0.7400108879618212 0.16095324754737916 -0.5211781697642758 0.337283599635626 0.015001402090149218 -0.0208549439745368 -0.49007508030500696 -0.3357266209187406 0.23238741000798457 0.01665624756321951 -0.247399644467694 0.19683160467393324 
-1.5960474130617772 0.45584218554538225 0.7721015356398722 0.607546827000971 0.25475601746551124 -0.004168256815870741 -0.10742849204241936 0.07403831010645234 -0.14220431479080392 0.30393929696774835 0.5127573338806586 -0.40337220640433097 0.18320125093515305 -0.41330742424387523 -0.7873060758047467 0.16029225211852882 0.3269580038173329 -0.15026991082757749 -0.2721280509979865 0.3069358322414111 0.5548265545587063 0.004255086066904418 -0.00548214814182633 0.1422120285293098 
1.2284414107886885 -0.8465484268453363 0.2399260078671226 -0.09672368908315754 -0.08828428707307001 0.17450843103338443 0.1394273887083608 -0.03598253838675558 -0.11178192874184678 -0.029659190186288487 -0.06168011180464239 0.0768563818810746 -0.0036979880757116077 0.07202643333940806 0.3331481285592055 0.1644895833525657 -0.2573437887470919 -0.1491247056068048 -0.02330269666988105 -0.04509427941916174 0.103276927408483 0.16194918757966545 0.39247847222453225 -0.012575254185802956 
-1.8560317242634499 1.4624188393186728 0.606732433739336 0.005147402687180058 0.49089466156842 0.4446671963379001 0.5674260595496161 0.08120477338922294 -0.61205240574824 -0.1896271739231784 0.29825912313096103 0.12683753305707673 0.30025423046241856 0.17409897386236395 0.2436527897737791 0.475532759410554 0.5271682426641023 0.43890451657868806 0.07582170663446267 -0.20397477309560175 -0.3601206097868516 -4.022417975511431E-5 0.3385687791124921 0.016001854119746806 
-1.6252615905180914 -1.5189624722354846 -0.02312639469553801 0.41624449178994594 0.8321809810698533 0.4923619983243466 0.35550188201704125 0.12309504144255257 -0.19142741276306968 -0.2007448987406117 -0.5724033952646557 -0.23989180363777307 1.4549787099705085 0.027023799279104328 0.21189316745872885 0.374453883038067 -0.006386757892880013 -0.14804167030007687 0.3331022450151065 -0.022877391250005336 -0.23459088943995365 0.051238301093228335 0.014187865973470284 0.1073631006941989 
-1.069958603795643 0.2697522866533646 0.17266936759986518 -1.0755355416672427 -1.7869813445982574 -1.479808590197416 -0.4429308586001476 0.6064238394786035 0.9779802565803625 0.3896028237841753 -0.24758736172681103 -0.29300367600414756 0.5722117864129039 0.614214691565456 0.8021954570981991 -0.40785205706966393 0.3734574023470379 -0.1318944967087857 0.09906919314168622 -0.20523702636609129 0.08490945741575802 -0.13370062340640557 0.00678026549409431 -0.04086339876336296 
-3.52953127935674 -0.33128654834999516 -0.1787219614393285 -0.6797438660201469 1.0698139896889087 1.580871335201273 -0.3547008872620768 -0.22995989768142983 -0.20302559158628708 -0.47298909231965036 0.1686795327038328 -0.03531231567090992 -1.8783642511891105 -0.12736074602014957 -0.01914493204215321 0.20439098995346353 0.5107605065324313 0.39337348411578565 -0.24941461356972927 0.3871912732850971 -0.2095454525128455 -0.28071087469565975 -0.16059015001695762 -0.17283344112448953 
-2.620532239082837 -0.9740631973204401 -1.7220561541833659 1.7766977528012182 -0.7482940497822216 0.29609601802579394 0.6253198647641165 0.873443322049488 -0.8609816885839054 0.3475967930855577 -0.09262313733556615 0.14713798536373404 -1.559567283098027 1.1865913893170097 -0.4278647271234875 0.07766503703035947 -0.8651036130682842 0.6131564573022005 -0.3164619010173198 0.3345460312855007 0.49436894434665785 -0.1570079012597382 -0.035760814552456305 -0.12378540525919446 
4.785117980692837 -0.5149724921881336 0.9816711623225371 -1.6230451253046752 -1.2194441859354588 -1.5757107581346155 0.5696203610440971 -1.171988519698181 1.3566899173576008 0.6623907406956764 -0.16811505740940527 0.05853768905175474 -1.4589150401764266 0.7953854632955858 -0.4329954983894712 0.03677300242404602 -0.08785403144591264 1.0126460812731441 -0.046996732087302484 0.09872443826824301 -0.1708507933770349 0.14457595810287938 0.15452919356269515 -0.055822046151648985 
-0.5485813845263512 -3.198178909378595 0.8760669870893949 -0.8368800231160569 1.952958582418779 -1.740986915436073 0.04429422029872487 0.07380005663047684 -1.284984330931555 0.29293661105572655 0.028092376987176898 0.03142753741210347 -0.22964565903556636 -0.4215753595159642 -0.20094238824825386 0.10763685467909319 -0.0993292395353675 -0.3061038381249546 0.3789979104343777 0.2935583068504859 -0.18301716279787783 0.4197626451789243 -0.1295384125129444 -0.19888911247780403 
-0.18876158610570348 -1.605385082207675 -0.17879703690729531 0.5167260146663526 -0.017250232073853677 -0.43852544188722553 0.07680213123252644 -0.1263115797766532 0.5215281097186424 -0.8793868756133729 -0.3552658051456242 0.1900090467598523 1.461106346185831 -0.7630473464131985 0.6464803580210909 -0.8211473381404243 0.32591624306553274 -0.9847834125069729 0.044604104916565634 -0.19984540320836833 0.014896699143884954 0.4471378536116699 -0.07018272050416913 0.1113849926515242 
0.5553445214231323 0.8358691762372232 -0.538994889823688 0.38390161877842477 -1.0514033081069216 0.6458148742769629 -0.26526475163323116 -0.5300700684627335 0.10565070362920731 -0.14080233429669053 0.38956747407137654 0.6780696439430973 0.056051691983647345 -1.359832558629221 0.5614269372551485 -0.36365925603183546 0.5984600031832783 -0.6350363234564517 -0.05272583462264335 -0.07920685084983059 -0.3615047194821388 -0.17324204340171057 -0.3180344759403632 0.10965416282996528 
-0.15016401083939723 -0.24285449575644735 -0.2502389732841943 0.23000606816935676 -0.6950119698692069 0.18523858452978526 0.5905875322603782 -0.27051724752647077 0.6166823026455647 -0.4621533474631247 -0.1383044444389977 -0.5989383421683148 0.4229686384907782 -0.6377909885957823 0.10734076377152942 0.3108080113076235 -0.12210079703262793 0.1621451830485158 0.12423135245774364 -0.5145747821398804 0.2948464538505095 -0.36454677592626766 -0.10240086433490252 0.35211747999039994 
-0.7360352481104464 0.20005347328345424 -0.772492856487601 0.3974577182279475 0.4964594417666206 -0.14775995827522337 -0.054420976347270944 0.3835234430548774 -0.24804726894859977 0.6040459771857342 0.8737151244549534 0.09693874338629115 0.711081910003602 0.13225985986407304 -0.10534568594486184 0.40979031491927603 -0.2702217747641554 0.2133320472120479 0.12165160059364655 -0.2787092682822478 0.3362808694177571 -0.16179526552616944 0.14782094991257724 0.08850214168029084 
-0.8119776168112489 0.6258957350565564 -0.3840703448899271 -0.4224760689812792 -0.424879215912741 -0.5281735747566798 -0.4013138137836846 0.9606160108841826 -0.18616226554398257 -0.15817070357578222 -0.29013703733270507 -0.5757779429329446 0.14388274599526882 -0.1140897959615621 -0.20243469520236176 0.11651824894740404 -0.22713608998375204 -0.2104319210806672 0.22295620918627188 -0.10343945342753143 0.12688089033394453 -0.11328334075188355 0.06299150289882027 -0.31263792855499056 
-1.2469944056017477 0.004714481238502266 -0.15604214618623613 -0.5192282574040853 -0.3758043607926884 0.36252481228405176 -0.13426888039213936 -0.30950889282131694 -0.5017696205292904 0.1925921403381466 0.022020920780498443 0.4009830192845397 -0.31822278640711854 0.06825987676716938 -0.2719631297726894 0.10928594214734506 0.08860780890705171 -0.12284714524090974 -0.0359241271409535 0.20020338800258738 -0.0401381957211406 0.31340345723008295 0.35183600391111103 -0.03587980561764411 
-0.326332670079553 0.19708438815071494 0.048839757172208564 0.33879430914316105 0.42252820136170377 0.5613919624921493 -0.03835714327600315 0.38631728069422067 0.3629008074340764 0.08342359321631976 0.09856814870176897 0.18695330554753262 -0.27835065006214554 0.2537342510660867 -0.02706022210673011 0.04814765468538481 -0.05585760384244474 -0.099048689088766 -0.08031202112202225 0.22102502302930663 -0.25097737224551314 -0.056905886163192754 0.014020757646749852 -0.05543039179105528 
-0.02418936225493873 0.20967951643486682 -0.1730585182006008 -0.3110352972763078 -0.1930676935917569 -0.3240012911769087 -0.12812693017825116 0.07006264414209618 -0.40216421827420745 -0.4569615429005656 -0.37614548029561673 -0.17678746400101514 -0.2480898442281406 0.043172814045116414 -0.1300309185728706 -0.07070532897814863 -0.08831743980487372 0.08125577690676981 -0.06936126302168326 -0.13207095922928433 -0.2743399148995218 -0.051352985791198236 -0.015279250255626015 0.13953113344190793 
-0.5883281882982168 -0.23778953573988604 -0.2943814925625544 -0.6710155131013225 -0.34867473798587256 0.1122355442400984 -0.1634487255245619 0.10775517331455609 0.5169671500650155 0.33732379653315214 -0.13311610973489704 -0.12060152591700135 -0.18603262173476245 -0.1232292617034018 -0.1549250997345019 0.12438348587997716 0.15091447095335112 0.10011708950843197 -0.01665578752258301 0.14138946550371664 0.07968274286654214 0.0056141419874259175 0.02820934707417679 0.04460743255209876 
-0.37172711380799406 0.09263300104845351 0.4056612343997572 0.19779264065260233 0.2747494282957209 0.34333569068976777 0.1363606997971898 0.2259850385563683 0.2442169528538055 0.2197009960533251 0.1837008007657095 0.13616703469108293 -0.15595169675860854 -0.13419620558459244 -0.26790228306321945 -0.24945237782683835 -0.11095636670394364 -0.042422967470051746 0.061580910797459774 0.1658060962894425 0.0045536677682776845 -0.13709784437525616 -0.23790517154953542 -0.1906330686003127 
0.40553407090126203 0.625295430954127 0.22425518007553524 -0.2887701174612255 -0.26412377244208846 -0.07262779696648486 -0.1206335956959746 -0.1158123130240653 -0.19933800672955654 -0.27175010222290336 -0.2659830330514245 -0.10334624145481269 0.09460339095552787 0.2692279321955697 0.04398874917569773 -0.29496118211664585 -0.2594433417989815 -0.04349983885321181 -0.04594504789013195 0.08563055117458791 0.17757385160092487 0.0823442330537617 -0.06070865061171147 -0.031120526351617255 
-0.05326540157885251 0.18072564984163764 0.3713299946700128 0.2461991383841587 0.09752592374818198 -0.10430071816346181 -0.33427722748492417 -0.3155719015569206 -0.05767264318175451 0.25886893960323054 0.4040034960112533 0.3864840995688286 0.23543650162461813 0.4061136393662473 0.2384066168242179 -0.04009069203387896 -0.07064820571118524 0.027820114185479288 0.049980099827364156 0.12615956098631387 0.12763120659988345 0.09728018534962572 0.0753136406794107 0.07149837121129911 
