0.0 0.0 0.0 0.0 0.0 0.0 0.0 0.0 0.0 0.0 0.0 0.0 0.0 0.0 0.0 0.0 0.0 0.0 0.0 0.0 0.0 0.0 0.0 0.0 
0.0 0.0 0.0 0.0 0.0 0.0 0.0 0.0 0.0 0.0 0.0 0.0 0.0432354297891863 0.03975879549469644 -0.009075977913545197 -0.045803663433885 -0.04263091327795097 -0.002252488664910383 0.042336655161282356 0.0562273036968749 0.0427915913222928 0.012322767223773456 -0.009378814139457736 0.004571621130568813 
0.0 0.0 0.0 0.0 0.0 0.0 0.0 0.0 0.0 0.0 0.0 0.0 -0.09244167418224884 -0.09840170742391081 -0.031164175655480908 0.006364567150794226 -0.009771328112034183 -0.05625700648213672 -0.10608003392279326 -0.13580813836274033 -0.12562648105070662 -0.06510737895520849 0.008120384653626819 0.035786106942660066 
-0.1297062893675589 -0.11927638648408934 0.02722793374063559 0.137410990301655 0.1278927398338529 0.006757465994731149 -0.12700996548384708 -0.1686819110906247 -0.1283747739668784 -0.03696830167132037 0.02813644241837321 -0.013714863391706439 -0.012065465280836888 -0.003703103041903466 0.035431213349391956 0.08495641422001544 0.11201048805949683 0.08929255553750848 0.05893733824765724 0.06859439256231446 0.09498080621287547 0.10100814921560908 0.05696092243776402 -0.023072455969208386 
0.34217816723052596 0.3548433155137771 0.07987856009612493 -0.08779919660321017 -0.034632385580823905 0.16539228644904458 0.38174508451030337 0.49176537063353337 0.44106683013555903 0.21380628770128565 -0.03842937517006706 -0.10050088913212699 0.07039035265128983 0.10892909307669352 0.12803620006971753 0.1281025558846762 0.07668850054204072 0.001799286460927076 -0.0421537872376963 -0.044116330535505184 -0.04385253665091298 -0.05019057186335444 -0.06058830084812081 -0.06927542377686158 
-0.13489268777275232 -0.16631234863117816 -0.14623292009623834 -0.21096964435844126 -0.31871527138807854 -0.3505738098370477 -0.3676845569981234 -0.4516658630037101 -0.5054758337064059 -0.40992759149747005 -0.15166807972825852 0.11946781247368865 -0.02350857877593245 -0.048290691793083505 -0.06647461593572888 -0.05058867432673503 -0.01399169453809368 0.013784930709693805 0.022566051502399254 0.02251137019093764 0.005688407480340977 -0.038549433341101266 -0.06696382519143804 -0.0661629723213157 
-0.20857785875127277 -0.30326929815653614 -0.2973781732907156 -0.2101173503239805 -0.006761496015156465 0.1732677785331082 0.24679865747022706 0.27384096756305826 0.3201081398225027 0.33705136050313816 0.2716671636176783 0.14123493339788717 0.23377701224183486 0.24553323694722864 0.03916862555201789 -0.12643561623924096 -0.10186185089621087 0.05979720837802812 0.1905861312359816 0.2190766321270475 0.1620354140251028 0.04426391654079864 -0.0363063408268788 -0.016302595562733193 
0.21619745995113782 0.3546519957303178 0.4152801482412425 0.3503360901422452 0.15593237866530021 -0.03853507217638208 -0.1272349064710067 -0.12725382012820005 -0.08496065125137317 0.017057461951057173 0.07397964859881465 0.06390614230723357 -0.20330171174827236 -0.2592811348880614 -0.1968972365583125 -0.13802228784530549 -0.09180116021434975 -0.0731978380900132 -0.12300539462760905 -0.1783624021993052 -0.1490215731186767 -0.0334386885944703 0.10706736507141408 0.17424358740032106 
-0.5346979433569237 -0.6422385675086568 -0.31838385072866915 0.010854784864169464 0.033629342081119354 -0.1700187075153726 -0.3102381344611998 -0.3276705471853641 -0.2552970031672657 -0.13247798864537388 -0.04233421685296723 -0.02381226736069987 -0.12818980085847484 -0.15792007071009007 -0.10357410094245782 -0.07270691508561666 -0.07887552361113742 -0.07697911771768061 -0.02210549667269664 0.04899839778898548 0.11865073932557378 0.1731751626482605 0.1343774563236469 0.053781788566190404 
0.6380724897748902 0.7810156907090664 0.45496162829767606 0.09261115158340028 -0.06350720979316718 0.0406629474572323 0.27985002285041716 0.3841771009684166 0.2292914571445084 -0.07484685113980313 -0.315869484707178 -0.320739349347981 -0.05643663360955816 -0.01954772134793344 0.10867480083407204 0.19692484066505625 0.1532428483638377 0.020013514899214237 -0.05725890872775033 -0.08546465950020783 -0.10682133524139752 -0.08176461147010979 -0.027281205419350574 0.025011273638692728 
-0.03494597108772446 -0.04269093351564024 -0.0064966104915589185 0.13686586421229197 0.33958486904748947 0.3646061218693428 0.10957268282760507 -0.12886968635220653 -0.19297013235215943 -0.1365219708962132 0.06345936129973392 0.17221231352692323 -0.038480514835778 -0.041134017869353855 -0.001406348227768565 0.022581472445572404 -0.03075823579712914 -0.10465570097501498 -0.12275954407999727 -0.10454931195317511 -0.060732614581390426 -0.006549996762466708 0.02314398173901124 0.02129047282934181 
0.1356313746452127 0.11352134277760983 -0.06668787437952872 -0.3034439715269849 -0.4567739299093979 -0.3658880315663825 -0.16536358893215813 0.029739727955844703 0.20433991906526625 0.2643732874868062 0.10292647578051578 -0.10913996905265616 0.22758052497304174 0.27241452001009264 0.14733437885852027 0.013528453960258377 -0.03665801566003262 0.01059449938634543 0.09195818778588867 0.12380735754290112 0.0650761039079887 -0.03627524412735552 -0.08977927994303957 -0.09522652586754128 
-0.1680358412847509 -0.18508933993486698 -0.053340054706761064 0.14113792908264483 0.32253740953062215 0.34722388492147976 0.2806473036700796 0.16319607518044718 -0.06062339038347336 -0.28243806767127844 -0.3211641423138478 -0.1934833759963877 0.14465925250106806 0.17362510998391265 0.10069322908822137 0.05000099138162365 0.0793136105600868 0.12105312759685405 0.06947927510456937 0.010923171738614032 -0.0028126217781461924 -0.011906938754964305 0.004195055481419903 -0.006699409938449298 
0.02187584995427816 0.0349713338884019 0.036380213829716346 0.04988975726744871 0.05499056694536433 0.017570567772127538 -0.08156185092848611 -0.1332778524266136 -0.03211022556380072 0.10693692962979603 0.14578010692873156 0.14778807301629834 0.1730079313691116 0.19148167535139912 0.07764113520974096 -0.03214317669101519 -0.06631491103830456 -0.03274777539836524 -0.010917951785090826 0.00203347189059642 0.019687356724362882 0.006982958564921769 -0.04903408040704201 -0.08380697169291422 
-0.4120459662454614 -0.5242912590227742 -0.36011034186084556 -0.1898039743297958 -0.15423821106015206 -0.19028256059047433 -0.14076601148793905 -0.08013041137681945 -0.06630719470318738 -0.0220829757028152 0.02944737928136633 0.06384652230779389 1.4472497918686715 1.5529967779817302 0.6629699943246429 0.06625154358518041 0.011105791021625436 0.2461270520180366 0.33759504365538984 0.10846854943945876 -0.20074553647984597 -0.3516720712333557 -0.2607145508031386 -0.057460288039433156 
-0.26138735698176685 -0.2913227237326339 -0.14622613643170934 -0.04154348974771899 -0.019441386499097137 0.0011085173846902899 0.07809692400212367 0.14530255556268876 0.14811975105203462 0.1132468658078093 0.07472295620403474 0.013615996873995659 -0.39750139772577214 -0.6208852014210671 -0.39588714825447635 -0.07641248610962098 0.019559622617329686 0.01781527476335486 -0.06962220556136474 -0.11508479969095148 0.1306937611889094 0.25649355164368715 0.188778182801658 0.05233604064374228 
-4.368153613422743 -4.680932645069539 -1.9509468625499773 -0.011900078165312578 0.32643601318797655 -0.38292624593891145 -0.8119672147613949 -0.30149977713258025 0.4514982307481469 0.7694231779397822 0.49650808545791636 0.04598352619306311 -2.2776684807613474 -2.422484480827434 -0.7519481123271268 0.31807146685919585 0.15839495766107928 -0.27895907178563023 -0.40186446984373775 -0.12037199778084973 0.22713321309784076 0.2019377431580284 0.12064232387986251 0.1362754152127219 
3.1924338667202354 3.9759476311749857 2.019459918937711 0.19017526751407005 -0.24402541303068903 0.06044658615628151 0.462905367392336 0.32266122952412124 -0.6830942218561961 -1.058296802122564 -0.6540847945645174 -2.885508575631024E-4 -2.1168143213916983 -2.1004173482629027 -0.9600524483958156 -0.10913748089562418 0.24090182723542874 -0.1643880601810997 -0.3749806054452063 0.0182893480281044 0.07440026559234982 0.151916256300494 0.04716078021271816 -0.1744296002629391 
4.694048864187579 4.6095270060057185 0.8128909674358242 -1.259877753538278 -0.517131070777594 0.6169256203806208 0.872423176348168 0.19230624498501347 -0.33209984754259425 -0.04212437121171364 0.03192428302605482 -0.3380274494645925 -0.7232079513969668 -1.129821397252876 -0.8013429730985108 -0.5106591495682179 -0.17845064440090644 -0.027016975314581526 0.0050437571774351415 0.060381021473340034 0.08195239382967698 0.07851299483962508 0.18053508303959295 0.07406517515650014 
1.5579543683881667 1.3646994955184457 1.3520122937628365 0.9098577906256362 -0.32036332622259794 -0.005653235231776743 0.360843544782961 -0.1564684995804213 0.3167179934203557 0.06327187148207525 0.16553251678181102 0.7289102854916407 1.4808734066893738 1.8722921111187265 0.4940814505429949 -0.3803106649824308 -0.24044630151984933 0.2709234364937498 0.39143618166268895 0.070207137150469 -0.2857866686710657 -0.17894376695776415 -0.09413405244413153 -2.600106629721821E-4 
-1.3812900100658085 0.014155614517358472 0.7868058693329925 1.160236108983558 0.8999569029866504 -0.26882540930113774 -0.7760675749890128 -0.24307797700032907 -0.29426505837915995 -0.026900143381412667 -0.45490581933402663 -0.5408114174510392 0.8907141313287399 1.5664432723784936 0.5107574746082424 -0.31958031127857495 0.05486414637434019 -0.026806181648061072 0.10040505051101323 0.1416349527904264 -0.16421404502883874 0.23969057929285473 0.09849008064485594 -0.06407651614996157 
1.7874830837788078 0.6567569935629862 0.5502581163601423 0.1210503312004445 -0.23123049535326334 -0.3094482084840886 0.11284219807285956 0.3297319290653855 0.1553483895752839 -0.5290776151644221 -0.1282675860520821 0.1018834651245768 -0.033742395269656424 0.08426363218583226 0.6831773860521491 0.8265064853369731 0.14747040449030765 -0.48396243126482164 -0.09705387008431554 0.18220955824276608 0.15215790046974667 0.07013047458816457 -0.2827080089234956 -0.03864707146108615 
1.9071421125060386 0.26416843984796756 -0.31850436768755586 0.09326691001004273 -0.7262899253352819 0.84924165195096 0.695208698170179 -0.47569882770916916 0.24122708946645788 -0.4650213657670291 -0.11664590749156645 0.16771550916882416 -0.935586798138651 -0.3758862019324039 0.6336526302499332 0.6458102300826678 0.43741760408875185 -0.04001176556564323 -0.13360043130945573 0.39412917460182423 0.10730685249157541 -0.47071215261028937 -0.36057119289112727 -0.18524782405181775 
0.014965492911212408 0.9869021862956444 -0.14486474588333653 -1.0361770658985254 0.05034887446744524 0.8872005279366393 -0.08363298154368837 -0.5867867489542995 -0.4075017819116932 0.07194105891038977 0.8445265876310679 0.49058803656496747 0.6806855622014897 0.44344476754160694 0.21061279590690996 -0.17178439488247474 -0.5424356384288199 0.17907785121957107 0.41830799053548784 0.08121212776369872 0.03923443128535078 -0.4880396140800984 0.137879672118414 0.14528202226928894 
2.311729179783942 0.9767416239482412 -0.7665905902950678 -0.19858088271496044 -0.5530855941899594 -0.747114480814572 -0.2770286912523716 -0.9672061617959593 -0.33476053011039764 1.0847269774120496 0.14041067249778014 -0.1794202310157813 1.046894708253405 0.427985512223219 0.0037293495244239416 -0.44876403312288077 -0.6070240501019396 0.4423798857534574 0.33122089806419736 -0.4615397707074469 -0.1474708828772727 -0.023756220896535025 0.061647373534071716 0.14473205202167763 
-0.45686713646461286 -1.0298639011119715 0.14246283994316844 0.7823274122103703 1.309474254360535 -0.04850369576003577 -0.6559630788223287 0.3318492128176844 0.32563890550765934 0.1601670554863337 -0.6704348924019974 -0.1603947315909873 0.30695629430557564 0.8063698757852323 -0.11529381834298665 -0.5764874685502607 -0.23626723671255614 0.08878342999325432 -0.0815171312635496 -0.5284120066335788 -0.23539118331306133 0.3922523242949625 0.31428561792357046 0.23121300992032798 
-0.9976256975662636 -0.011405053117881536 -0.47335620917408017 0.5303067703242372 0.46521953502399205 -0.010045893461074762 -0.012288947383092774 0.44960250352717945 0.31706939438859966 -0.43786570136539604 0.45589271192275105 0.059010737181768635 0.6291693776013698 0.3932548442743557 -0.32453696281073247 -0.04753368779607903 0.03233544530880913 -0.19397637852449587 -0.09071436502125084 -0.32046889320057653 -0.1179665541307291 0.32977606268094745 -0.14108084230770454 -0.07757527932690195 
0.7487740486695884 -0.9381341025269911 0.05439951858512959 0.32884151323265787 0.24999801999813798 0.2523159442801277 0.028548540312321014 0.29004493828486755 -0.027243194222007827 -0.3435195745857751 -0.2560712858521289 -0.3222664772947914 -0.44890702232389873 -0.6951761427650011 -0.010827707964103558 0.6646463900098166 0.46679095186163305 -0.36517697593273973 -0.44002267321944344 0.23496620722072828 0.37360713598885265 -0.04506439050236344 -0.21584334780137246 0.017761431379843068 
-0.17859954558726798 -0.24888780816731604 0.25105195881614906 0.17076313016213285 -0.12035381293518821 -0.31559516526116616 -0.347141405755944 0.015102655072178783 0.1955801821466232 0.34724210440526154 0.3564713961459596 0.13424147981682658 0.11217763391284397 0.07686185515060757 0.3016253576652448 0.7249658226097525 0.17685928484711255 -0.33255089539942445 -0.34213914817602015 0.19744629086221513 0.3649919867913039 -0.13339733344856533 0.0373676024148065 -0.14405093062416247 
0.48034085451758557 1.1744059047077489 -0.1872581201596355 -1.0318399377380274 0.20188807275522613 1.1998018679382292 0.8315311700224273 -0.1557994846170001 -0.7344378963379103 -0.09719367589190481 0.026805808890515648 -0.25129439704804546 0.8229405212517665 -0.16274306177754413 0.06580334628479045 0.3696794091833024 0.40582890630530793 0.44576747064298644 0.07538874750256731 -0.009513511574814115 -0.1314689049340556 -0.24442729745570202 -0.04438295357572083 5.829816393337536E-4 
-1.199942002228794 -1.2982606221870743 -1.257403462797432 -0.964249972019678 -0.04130334589588969 0.5138638309081478 0.6126371822899146 0.08018584239146792 -0.42430921492736084 -0.16083665036663522 0.20235135730700926 0.45567748893088306 2.750203373435031 0.6349547285641767 -0.36946307649103555 -0.7304291232701976 -0.3975403979666297 -0.27501212355160604 0.5406990431012034 -0.29798539902823357 -0.3976389898698276 0.026349927768501886 0.20933087345700882 0.020062093617934817 
-1.209376286764948 0.07478148981552035 0.6112171905375487 -0.21269016322634382 -1.007013932437435 -1.4997159657334886 -0.6775069962183102 0.28604387934966535 0.677108219117151 0.6438016951672794 -0.04586240570549127 -0.48473342676982095 0.13481783130983724 0.554907632737851 0.0031939676685250884 -0.5212444040044638 0.06477056165247384 0.6236717252692975 0.11195346292561396 -0.14126654854103127 -0.3897064440502613 -0.1876081430266396 0.1899411563880514 0.038531348153239185 
-7.584351095251093 -1.603939786413732 0.9602035329406635 1.952475612716884 1.6767183835610315 1.859200122229511 -1.2147194519391853 0.6881371701735467 0.6827240940285754 -0.10230536442983618 -0.2351871169270634 0.19077471382390987 -2.297539280637155 -0.3565012248829101 0.1313856830276665 0.13474374479063211 0.3826972528845314 0.38363992721314116 -0.37794022876490513 0.2357883931816561 0.3233454175569363 -0.18477488557950061 -0.06905754021467442 0.008839390846486902 
3.2680919070992234 -0.33747741139247545 -1.3056435210342585 -0.9264695180929171 -0.851434476930656 -1.3438814535303447 1.4093490983601353 -0.035975502884945665 -0.11883521866509472 0.4363651102196145 -0.3242484231566022 -0.23443705395427644 -2.395508107181642 0.8498201445028957 0.09756534709472205 0.5011100540938336 -0.46342321752076066 0.70998164299231 -0.572021018628167 0.3079131558788985 0.2933156817489147 0.41393319115347643 -0.3365666634058009 -0.3660261002001357 
3.453941742750585 -0.02262749693434607 -0.693130156094528 -1.0115915289582877 -1.2671848323028732 -0.7149732068328478 0.7030298212954071 -0.46616964603619493 -0.9963737487070469 0.4972062988456991 0.548716986676588 0.3040111299836501 -2.3733844286219905 -0.1207692117692103 -0.28521425892388574 0.1172278077944755 0.6050772066421789 0.8248179649756997 -0.07796167912705225 0.41606306232310697 0.10475539914032826 0.2701108014070003 -0.04014074072802313 -0.04722930896470978 
0.4580016157791382 -3.2653350884328596 1.1451879937709784 -0.23398675467025876 1.8552073280567993 -2.342574230179239 0.07968142304889447 -0.06054218018215929 0.636710095238218 -0.8977537099309174 0.5718855327100857 0.5567266657507162 1.8396760074400902 0.2499729063039 -0.21182855048816754 -0.8596058085571325 -0.5544287047733477 -0.560418133762313 0.5269073383471282 -0.24334746940803284 -0.26490943727824395 0.4868458244599471 -0.02108153194343935 0.07908033367231261 
0.9408473362749206 0.22229668741409103 0.5904305523097024 1.2545508076221283 -1.4918341388592327 -0.11590738437314085 -0.3160005769024081 -0.5477686781471675 -0.009314760344065753 -0.2455783585755711 -0.5628318726763379 -0.06311921913445712 1.5641824532745128 -0.5148281624979278 0.41672813802210357 -0.32828497179887245 -0.1201543710215236 -0.8572904189275278 0.3166127619585248 0.09873650568453363 -0.12880109889663402 0.049851979318497885 0.3424912559898963 0.2568378726404193 
-0.9943889119832146 -1.209858222478394 -1.311938223771871 0.5192767392882724 0.9241762906675667 0.03784003652674084 0.3381422824176581 0.7348664213946391 0.18236359898814658 -0.6527800344495917 0.2947706023501788 -0.28811288041216065 0.24264843522465399 -1.681440278395181 0.5051434993290317 0.10645680300857267 0.4325888814204762 -0.7271998541418307 0.1404581857608363 -0.1643271453038813 0.2084856066660774 -0.4807033293047278 0.09177469232258745 0.3626370160662731 
-0.5124103531917772 0.4941185575822047 -0.714751461389414 -0.40336836054093594 -0.4412062005436861 0.6666909165967456 -0.37603889426454906 -1.160083463878195 -0.38279720389210914 0.22516352314954258 -0.3401993161131477 -0.044082714856169325 0.05875707881333647 -0.49976526205088895 0.2301660300041094 0.31584152594433174 -0.27489448729494825 0.2696242918261417 0.11629058212260494 -0.30843734843848103 0.16207946475813578 -0.1907761859368006 -0.19192522815017463 -0.0985691346556233 
0.4566851548385251 1.643074811668626 0.2823485026334417 0.2756024203855554 0.03212671463759745 -0.5522738182386902 -0.31167397555254395 0.7385966485949983 0.1979944970140075 0.3089853371207092 0.18524517746072822 -0.5407026345872471 -0.06564051728658542 -0.6482430601252326 -0.692634204524167 0.22099814262959025 0.31394948443723847 -0.0691424176893699 0.08453285072666011 -0.1273795653626821 -0.012432116509941527 -0.13453105329791049 0.19550222170614676 -0.12780398760708753 
0.03903906642404137 0.2951259564932478 -0.8972109009052822 0.4288633892404917 -0.22112588895940327 -0.6297233324688505 -0.3399641942851219 0.3756782535680961 -0.5033686036314036 -0.15413248655031975 0.06770652421891121 0.358883061919956 0.7410411637362396 0.6859619147977756 -0.0953133688353997 0.39014891362332077 0.08537656970907204 -0.011630270014938215 0.08081903809345536 -0.14901484575500826 -0.12911708605208796 -0.017275890998592152 -0.17086783303057043 -0.1681615036718187 
-1.0731920699313675 0.8343672584417821 0.8571941095585642 -0.5598335634912122 -0.12771231843629016 0.8934744141276486 0.06650638024796418 0.3491242587595399 0.2799456483876184 -0.05953886970592903 -0.495688982934291 -0.10618380597896071 0.6394792905051024 0.898171952940174 0.2607706981890144 0.4207870435377532 -0.24089625418012572 -0.8873215414890462 -0.47252431733528577 0.17074809753297612 0.043627048702315874 0.2156878743324211 0.18861345193918788 -0.16702808669455127 
-1.9705952320155493 -1.1594134101977 -0.7162341583457762 -1.1560971094725145 -0.6174163931339585 -0.021292389541609058 -0.8075861864451692 -0.5183027316954409 -0.03642152142265065 0.46125329955863814 0.5128712631760732 0.24314238185514359 0.06779373021275216 0.33037795939455483 -0.08905657109562193 0.1905140437425972 -0.0025077304070340034 -0.12414951038048577 -0.15036501668146382 0.14123622047688186 -0.1309904055474115 -0.11872742637347868 -0.07432023166767472 0.05741755493379997 
-0.4569355674569868 -0.3241713638064221 -0.5904519632133544 -0.19427846087120115 0.9529607292652522 1.8054753347648278 1.339709972533337 0.6733428486278384 -0.16636019019731657 -0.645771178931033 -0.6031775478354164 0.018251965528812975 -0.3549479499198398 0.1187766274949907 -0.15741007442544222 -0.5879798349800694 -0.24572535419316213 0.24093828505462153 -0.017746338155109953 0.022834791128364656 -0.06950692553804601 -0.0809726387426966 -0.06354405195133371 0.09731291141045896 
-0.47247037545140547 -0.11673861056631463 0.09378184876754281 -0.3254562932973054 -0.7539392215890725 -0.7132752616459828 -0.5254709403834169 -0.2101397027966988 0.11275553230329843 0.49516594718266826 0.3444115016724981 0.12441251136466924 -0.48583319643461165 -0.4010743572715316 -0.6228705772655011 -0.6653271377151707 -0.13460108373235738 0.32573241840998346 0.0941714216430057 -0.02732589069162657 -0.11158788661734238 0.03617857632024446 0.14917842208878138 0.1466674762838003 
-0.75741064845392 -0.043300023858882764 0.9244163292782314 0.7887855333613918 0.6777251583707533 0.5166509950159709 -0.021312228317582116 0.12653837092507486 0.41387789813878184 0.1664227227101457 -0.2208269463285023 -0.33875760496510043 -0.12437079361438208 -0.13194352826748 -0.29498745559702416 -0.14263697768295824 0.2362972410343299 0.5166113029193427 0.3938830979763283 0.15660255826048686 -0.14467896148434697 -0.22965858861450883 -0.1823937906639471 0.01107452841150342 
-0.36285810221324777 -0.09662600835687485 0.3949434272049346 0.3483523065567011 -0.07599535648963684 -0.35407747489713104 -0.4095893509487267 -0.16292282076917944 0.008223094261327307 -0.053379380222684555 -0.12583930384372793 -0.018355261749300605 -0.05312885580559742 0.18719859772169425 0.2996446653023223 0.06398420767976136 -0.17182667163323936 -0.187954343500792 -0.1230022288354317 0.0643329113904318 0.18576745928274727 0.2142471788351097 0.10396478568282497 0.016463756504567245 
-0.13862932323291943 0.06160291989129796 0.1439296143590223 -0.10327182774932969 -0.09490292638745526 0.07604253263237402 0.10011988388700692 0.1799267328326182 0.31994291327671 0.3174772506151699 0.17912922691453786 0.05641226685128764 -0.14357337959660268 0.16941069204059334 0.5181977895444118 0.3949150627109778 0.1803971101073958 0.019289134527143797 -0.1407437985245706 0.001071411634724781 0.12488108448888542 -0.008060446582627454 -0.17269636057941207 -0.20071020044576368 
