0.0 0.0 0.0 0.0 0.0 0.0 0.0 0.0 0.0 0.0 0.0 0.0 0.0 0.0 0.0 0.0 0.0 0.0 0.0 0.0 0.0 0.0 0.0 0.0 
0.0 0.0 0.0 0.0 0.0 0.0 0.0 0.0 0.0 0.0 0.0 0.0 -0.10000953180475758 -0.0515536345227073 0.06515959448676752 0.04031889758940262 -0.056938059829745945 -0.08796764486940813 -0.0446756023930478 -0.02058709010625583 -0.029628130871754255 -0.019053462315179653 0.012835741827713817 0.03261108826926484 
0.0 0.0 0.0 0.0 0.0 0.0 0.0 0.0 0.0 0.0 0.0 0.0 0.03389195933330269 0.0027179773794754336 -0.05454439575752873 -0.012335995189847867 0.07785798629802032 0.12714074074776982 0.11129519675873835 0.09079462422552975 0.0724354585354103 0.011414688044900279 -0.05719697861359574 -0.08288361835074581 
0.30002859541427274 0.1546609035681219 -0.19547878346030256 -0.12095669276820786 0.17081417948923783 0.2639029346082244 0.1340268071791434 0.06176127031876749 0.08888439261526276 0.05716038694553896 -0.03850722548314145 -0.09783326480779453 0.15904722243568412 0.10440382289127952 -0.053224812192481506 -0.031057007445685497 0.09071050511652667 0.12004828483371899 0.03891997479128462 -0.02987880250080177 -0.020182914661027413 0.020605752512328712 0.020954029750259267 -0.01493567371298199 
-0.25169017570704444 -0.08548438392248725 0.26137257900273747 0.09748633195364753 -0.3189810486386799 -0.5133736895474217 -0.40089899386578676 -0.30326450783597303 -0.26174857191386225 -0.06282425760747032 0.19084454858235794 0.2975674874561347 0.08418198637689563 0.06687974378253274 -0.007336890966981036 -0.04755796439631327 -0.08416596020903788 -0.13964877362332126 -0.1439312144063814 -0.07082300216776975 0.004516111826244886 0.0508827880264345 0.07885608920936193 0.10235749164030054 
-0.3512965794535301 -0.2704692767125949 0.028988147076075776 0.04442785636023272 -0.11264099103024006 -0.10345800972744612 0.08368957255903953 0.24126866142039183 0.19142302994001337 -0.030405128733250977 -0.15828436354195677 -0.10397672258912138 -0.025071408348502338 -0.06785154683107646 -0.09738122418769768 -0.08766484742967467 -0.057993891257819695 -0.04365423873925665 -0.03495609383233527 9.773209705118968E-4 0.01950025983297467 0.0048990883805458225 0.0073507542476373006 0.029051508298023238 
0.07311662830321453 0.011925858792760202 -0.09022279236724606 0.05998161862471951 0.3942254658868526 0.6026267930377991 0.45696226052919614 0.1227153109524971 -0.06481765414110996 -0.10886560623990851 -0.17667969859867816 -0.3040007460302382 -0.0869531542446181 -0.016094599762097966 0.12232355705470425 0.06889493622879606 -0.09523655424484168 -0.17054483800313702 -0.1321367321658063 -0.12296557912865325 -0.14214065547102323 -0.10924820450178274 -0.03136809324880426 0.021385360108197093 
0.21283941845465026 0.30951042270372753 0.27246257478778224 0.16079020618528017 -0.0118074040000693 -0.16313459046661605 -0.19003553852134225 -0.15416060198700327 -0.0680818457700374 0.06548379612012059 0.1232026353644647 0.11579632704132221 -0.0875198899136292 -0.09020462742346506 -0.058570040051487214 -0.027214033437200785 0.060917318342103934 0.15259868834375181 0.13168972496901124 0.03554742240541272 -0.026570694010780067 -0.04921581090342686 -0.071384244462793 -0.09434762987030064 
-0.2728987119272803 -0.3271904343443546 -0.2273353060172285 -0.16737965164526436 -0.08368817941924023 0.028099114831574346 0.132373758171823 0.26334686125368423 0.2944258323542328 0.21697589347119217 0.14420532887556 0.12352488231632164 0.10244093864278077 0.07763053561267586 -0.018262829564134015 0.00934465795157996 0.11551204450953478 0.18281649834878952 0.16492200720469227 0.08408486721968979 0.049589737635388396 0.05722532248353945 0.0352455529362198 -0.0019867685446112913 
0.08427076040260495 0.16970275212635766 0.27325452405552864 0.239750591806827 -0.056436123403505456 -0.2739902356555892 -0.14908535116930766 0.06431061905356011 0.0915133687246822 -0.045678445878520726 -0.10457414389069687 -0.03469664715149941 0.06992373449495082 0.1519302543120504 0.21655856742315727 0.19128492613033163 0.10061958937471606 0.019422075914406294 0.005380625088995348 0.043100060853899023 0.07148897560916075 0.07428209138934826 0.0366560415311313 0.004872004848464788 
-0.16992185859910514 -0.15106191275658243 -0.03583027830871721 -0.007532548040793785 0.07000369205996629 0.10960512058591709 -0.058278854760897975 -0.23877490122685396 -0.29338447429463493 -0.2249604526912062 -0.1685279677797568 -0.22279395329999352 -0.04710923315713774 -0.06219929647943164 -0.034974894878002295 -0.005878992751317591 0.021494922091673696 0.060978027393454835 0.09075007759661997 0.09754893436508986 0.05965782518981192 -0.0033119206676149406 -0.05225455031844292 -0.061227067351313724 
-0.04842021169428978 -0.23434460102630972 -0.4729656413359452 -0.49298812400795 -0.39051210786382073 -0.2621538210870063 -0.11085110732196779 -0.03239990330843123 0.011356380726914223 0.06360569503327498 0.1696011590987292 0.2743397303040854 1.2438574336147274 0.9640608442100876 -0.015772738078870734 -0.3672096136867036 -0.4547518590181605 -0.24671173767503193 0.11682792270875836 0.24862104423760836 0.19642864472387922 -0.040484013926734896 -0.13780619433830862 -0.04856839053121437 
-0.06522552640741974 0.06143113167027403 0.2506994613125153 0.21662668451607692 0.018865046535896324 -0.1607531746330816 -0.1589935965417069 0.01905531933941032 0.155530850783681 0.17226958501813916 0.16388132833617575 0.1526878956424704 0.7968885732621401 0.1301722827483395 -0.2760281233659436 0.13284401587214756 0.09102655847721042 -0.11977697857355614 -0.2651318007694534 -0.4136510539777669 -0.3794270278124987 -0.1446415700911821 0.160424839252976 0.06946510795548254 
-3.69964970653742 -2.828726302717334 0.17730786848152458 1.2292998165885023 1.3333887764130112 0.6013241249790059 -0.4492117484051783 -0.8104676239423971 -0.7222302279861135 -0.12284142295298872 0.1426397910662628 -0.07673240002908827 -1.1099950680773862 -1.556403792877125 -0.009476713993018656 0.270955531748656 0.1351290283471406 -0.20254429182705694 -0.3108460671189295 -0.4162244633731616 0.1023999577757927 -0.05972892307192528 0.02985732394422976 0.05610803219381303 
-0.7349728309639605 0.7556120898439111 0.4671173368803788 -1.2672085659554626 -1.065026425510081 0.03719708327357946 0.9062968680890675 1.3912121210234296 1.211689913499375 0.3021878165754719 -0.6363218015224514 -0.2556532119998543 -3.6225709239563586 -1.290630330546931 0.4963468277407408 0.677150666951936 0.5728279585940336 0.5724783758930648 -0.39986375393377277 -0.036781998286115565 -0.2505712649189598 0.16154403029971562 -0.12131325212589728 0.001727531889594236 
3.6164386448161396 4.087776298518246 -0.552744437140821 -0.5639370940181484 -0.2539534568822539 0.246503925440834 0.28904186171943347 0.5301950859690441 -0.8239230239583109 0.17783334847038446 0.4801307521953535 0.31018618754380867 -3.8411779633964844 -1.6440548590584463 0.7585443778347134 0.5874452593683667 0.590870578391959 0.5774066194648019 0.042337509595369714 0.025451625190559806 -0.1950340999723961 0.1021832565779675 0.002137391490895609 -0.051334583199874356 
7.144443069784877 0.4750708226932776 -0.8733148690985344 -0.9182068610364058 -0.9059477125985715 -1.7007782025431903 0.6714708601973056 -0.5409300407579636 0.9580910435266592 -0.4626998915926943 0.35907560414932216 -0.045953993812760774 0.140813376017182 0.4123544538556419 -0.3485572613924967 -0.9805820625232161 -0.4602439970800636 -0.2575566301012302 0.36523425148606664 0.7779277932760834 0.3576311208133862 0.2711226987694944 0.0017651659108934477 -0.08981646950839312 
3.884176233277614 2.2437089080333212 -1.428109162033159 -0.7075368139761262 -0.5187623152186205 -0.2619080905070146 -0.4588112732454065 0.07924858137662 -0.010328493082567225 -0.046947338602808086 -0.36147108624231084 -0.02757825952301196 2.6221677213229113 1.3605172360183824 -0.8997703268280405 -1.0031617313736743 -0.47484878338563186 -0.42881701075529755 0.4045174504868403 0.12142978874591924 -0.023347257712613662 0.07171247585979851 0.2776559940789292 0.0961207376128869 
-1.2912817532462437 0.440582423519448 1.950471483504038 1.7463374815931747 0.4481099948982932 1.0640729815511945 0.18452068111328768 -0.7170980065086084 -0.26800071437865536 -0.398789936196415 -0.2208163800362996 0.18267842005873536 2.9985313160860123 0.7237895997865348 -0.7878004463308228 -1.0450444355902808 -0.3864736780897246 -0.7942940276984972 0.3912657046570736 0.01667821237620304 0.35393177495414907 -0.16043475679617794 0.12126620358864765 0.021438831421331867 
-0.03220210763703335 0.02346879005001412 0.7346733670420145 1.113275928788084 0.4935640395262093 0.150529365659534 -0.6810354001990784 0.2539897026066088 -0.1408353718678126 -0.06925905680715072 -0.06289123794862331 -0.0924922322306001 0.6329317593572314 0.8376888082020578 -0.19513744594103075 -0.15167557636693885 0.03745367783624298 -0.08061516849816697 0.028430168730761023 0.09085452964124474 -0.06745385515049956 -0.11028286197558022 -0.2328174829906459 0.008310017411616707 
0.10703829198416415 -0.5861779176746733 0.4086952053563473 1.3065200743523318 -0.2526898557018127 0.4758851524690273 -0.39121419029707927 -0.6783352385015671 -0.03845084194316534 0.029760237898010855 -0.15401293076346456 -0.07781350172296231 -1.0402751118410694 -0.673503239073289 0.5333203773903294 1.0405400652479444 0.2280826844265645 0.3885268543091389 0.023694716926896602 -0.22135646542742035 -0.1288350188576802 -0.08487792441320936 -0.10311960431427741 0.039193123068767655 
1.286220932590716 0.2440226540242083 -0.0718086851362214 -0.032601381254888206 -0.2807234234272965 0.2740313295285699 -0.2562343437325061 -0.2126963915506349 0.07725813615118646 0.06962616027671964 0.3035796380932093 0.07773764913298675 0.426401013386623 -0.5742949468220259 -0.0601032439939273 0.8536169107427849 0.04416702780196045 0.1496216854938322 -0.3942986588348798 -0.05719297697385924 0.1672828512322656 0.1573474869790201 0.06309985655905041 -0.09231521842142003 
1.17033206216309 2.350815208752218 0.7537513774221676 -0.8023440591291724 0.1510056730953525 -0.1632585633107403 -0.09896399790068827 0.18031443685227444 0.009457588184885679 -0.21359877149872208 -0.0946930051143837 -0.020015889829361033 2.307858945241229 0.330968781923253 -0.4777329928135223 0.5444736756440341 -0.41912597393075574 0.1770888714922596 -0.3938164358799707 -0.37570747050542236 0.3009042206581953 -0.1921286053111698 -0.1123895929417415 0.15029670298021777 
-1.8430520328863653 0.27785706730264614 0.7424550129908862 -0.3931427366995184 0.15921519172174536 0.021236167067921197 0.35573548010736555 -0.0037562041487342324 -0.6666381406286349 -0.4196220130458445 -0.281850770450315 0.1555546170868593 0.7087327939308855 1.1323431073348624 0.5706323892166064 -0.5136500960893732 -0.49844393175559576 -0.20446353989257324 -0.044124249632730546 -0.059884386138133426 -0.5677104430066582 -0.1996171652354269 0.11176594199822455 -0.09139490963351937 
-5.2519020610009814 -1.5960014700836513 1.4347623347333602 -0.1466302748574555 0.7847187585159335 0.07101611922257278 0.4842502054228971 0.34431707931374966 -0.5692153655278405 0.8507701404928023 0.47587105233352206 -0.5676120946405518 0.4751311178017706 1.2631514269288293 1.0180236950467167 -0.10153218915806299 0.0945004843337856 0.29315068959701157 0.11150822559160002 -0.06955379919466587 -0.17889636305030962 0.04380844048663938 -0.08479950992579681 -0.056706060043562316 
2.371139612380095 -1.1795983285624443 -2.124211331441637 1.180492014877373 0.8977518291292004 0.770284607939633 -0.4154686964961071 -0.11504455436697225 2.069725942027524 0.1362931999872382 -0.3170002166254172 0.6257204804391403 -1.3238786232461124 0.2281607277476323 0.779937183989042 -0.012635636420470497 0.37651943190835063 0.5320851278925259 0.359709233400297 -0.09102715238327708 -0.038565638256971756 0.03495791796891984 -0.02471490712472038 0.08004989584121915 
-2.362157113875452 -0.7099113741017247 -0.866986535501721 -1.2845648674434291 -0.5017640986097318 -1.4172348525376308 -0.04788658637375198 0.44462000954539105 -0.8220353639922648 -0.6229816994751816 0.17728024775055787 -0.08498064137481459 -0.32561888084331986 0.35014606311501356 0.6469251914688708 0.6510414208682548 0.2537417325458248 0.013216086517888562 0.24376195174547896 0.03872860226388639 0.32288929697018615 0.1998237301100617 0.036935431094578586 -0.18212931592738602 
0.6837113632892069 -0.8496701639312141 -0.446482103858699 0.21373146885487992 -0.32710167544047397 -0.8308937307295547 -0.45732382419520085 0.2191737878852763 -0.42453122662550746 0.21238015303138785 -0.05841064678467174 -0.32591079706966675 1.3489607478029555 -0.40139585405234807 -1.118075019970282 -0.29101374189387097 0.3574047606183739 -0.010794290602312554 -0.7297223931557776 0.0943155768516465 0.5757203217114523 -0.2052445889132798 0.005315316013476086 0.1942945115610851 
-3.4313312939255782 -2.811403741744307 -1.3448778534647214 -1.6163742644509735 0.6359203131632962 0.831957029003501 -0.2261080859639929 0.0610221013959662 -0.2907546721118831 0.21325547364054243 0.23576997412941356 0.4545914918960098 -2.090111598022976 -1.032563845100739 -0.6046209102901815 -1.0092878800921568 0.16280749911366543 -0.5380606428038561 -0.3745611126091803 0.40196372481750736 -0.4320742739057603 -0.332126246525044 0.06232404000817358 -0.03210020989307518 
-1.141155541003708 1.0753354174158911 1.4689593874507092 2.2194379390627583 -0.7433046586124354 -0.3219284610239952 1.8628092327663464 -0.20619233084719935 0.07692463095297652 0.33390838016921554 -0.36219102785527335 -0.2269491208795271 -2.321087871767458 -1.3816865225390653 -0.6189534957663283 -0.4207428077913889 0.5135951372903732 -0.0960026811448621 -0.07947211904103073 0.3180408632521667 -0.23250805775169567 0.2590903612546775 -0.0753114561095667 0.06341024441715148 
4.820611132339934 1.4252773705269401 -0.010844550285880494 0.7404455377291015 -0.7820851043647474 -0.057535558978842216 -0.0842697770269849 -0.548588105540893 0.22345952893577403 0.3126329265310366 0.14219831826133794 -0.03816084979065887 -2.501900136296663 -1.0651118899302954 -0.5245679973407322 -0.15456105862177175 0.4357996705480867 0.24925291954362935 0.3165668264109153 0.014689413876185053 -0.0051039028108971944 0.19561900611538632 0.07632290624726004 0.1708638314343868 
3.5210037654588255 1.177048847550358 0.7433617318508654 0.29754999113900915 -1.1588843785475715 -0.09813939330379684 -0.28982662154061267 -0.4301436984027942 0.015885846105750945 -0.6145796571778916 0.2143095494780662 -0.2697653594777869 -0.07190406571723547 0.39234190970395694 0.35331829954624777 0.822572051802123 -0.2979768417199374 -0.0033348808531715735 0.5807597816699439 -0.10826980281788134 0.17404159348140347 0.09580448324988494 -0.004269620423619669 0.00481908898008974 
1.7432894617331431 0.3330752129793453 0.5916249663573971 -0.1917471146237837 -0.46368883851339593 -0.027696263487486217 -0.09949063804325947 0.12892954354520847 -0.24492357125557873 0.10064247396793702 -0.28144903327903636 -0.03659188310802075 2.217044495633574 0.39769004384180445 -0.055312573563242484 0.299746717229707 -0.3454932478211372 -0.1276431023497733 0.05178484792290692 -0.21514836818113992 0.10829414813131277 -0.07652912858959467 0.18468042982918778 0.0108038407182983 
0.6132174914513939 0.4444107670778177 0.10776973049032712 0.217818109832832 -0.008572266378298998 -0.3268434662101585 0.12814031826465186 -0.22014174693660604 -0.2110085993955575 0.1524901567011105 -0.13755849081422722 -0.24219087116111537 1.6128198950201877 0.37562035593119614 0.13515398043622837 0.11367156133957275 -0.3613776591026758 -0.08897253624870893 0.03484749545117053 -0.19197256850311642 0.032247465073451755 -0.2826073519658883 0.04497424702985373 -0.008416717457090753 
-0.37662921755707224 0.598526279237797 0.4728891710841161 -0.11892867330693102 -0.32076141698597205 0.43974578452365853 -0.44860779069833795 -0.008143976730567326 0.012024307292489933 0.1586854053603195 -0.2359089510800787 -0.08435961610388953 0.45002136484795763 0.4575037322237134 0.2020140952496773 -0.07220290180275213 -0.16751072864392524 0.0857354229493243 -0.07026987902061393 -0.02983198236756357 -0.12385114094899367 -0.010454852990709787 -0.11551954789784553 0.011657474920861702 
-0.25749657995663 -0.08253775337245628 0.39726768817882085 -0.07987391353813544 -0.1462151120032562 -0.06494280856324242 -0.21981053156658506 0.21431076724444298 -0.20933048838863866 0.20422093302358213 0.056616767289026176 -0.22063134060858025 -0.1101661762742016 0.22142421566840031 0.3641362138189912 0.2706742087670808 -0.006320206763695602 -0.12241979673259977 0.027061076387272048 -0.15956034148293263 -0.11921278957677063 0.12621813277947042 -0.20214516272929006 -0.1263641830031783 
0.8285824028932822 -0.7759617234666578 -0.1591662982358817 0.17370760246995642 0.10766477023085841 -0.4158528611589172 0.2852944239342008 0.0011992335573746682 0.12579079608794286 0.10614164477883056 -0.03197801863712646 -0.08234407314687342 -0.40024650420998853 -0.1408756988962742 0.6128183829995938 0.3292424245807075 -0.28426969414120284 0.21711053612684172 -0.14880020793479623 -0.2325950893116171 -0.03358336467474291 0.29111314561336843 -0.22706269805066995 -0.18188832554281956 
0.34111021004882147 0.46738212142484414 -0.6686111763066476 -0.7405226543568542 -0.20382473969562742 0.4682152468289287 -0.31999401821343365 0.2538676723682209 0.08974652493702795 -0.1998923613465563 0.3669115311521669 0.13589390636991147 -0.39938022586635213 -0.2730705062837518 0.44484039180608387 -0.06567843778586197 -0.005841185509602849 0.06384690709082341 -0.1304338010182209 0.02034961278639283 -0.13117192378662648 0.13835409631117568 -0.0880379494733559 -0.19882320968117914 
0.5248069000701676 0.7461934385279694 -0.8326265456719312 -0.7763315766396942 0.5608524792838221 -0.4781648515529522 0.04788457642947502 0.669862838642395 -0.03676410534611463 -0.5125973842947165 0.29013176114036077 0.28304273703532334 -0.23071011314231585 -0.002921370506578332 -0.050503769678199396 0.1583793207902394 -0.03829744037235742 -0.05597001350422729 0.05400558559306099 -0.023043291170528103 -0.021389937006474364 0.01389018976962996 0.00858911127022118 -0.1874949837670213 
1.0925318490539837 -0.02440381551851445 -0.600523363521406 0.5921809893742758 -0.3552854100009295 -0.22532753463869515 0.29019579524044065 -0.1810698736572457 0.26546273368826956 0.09852815862682862 0.15967572582035028 0.19314488334385882 0.14535623094188446 0.05984269008893298 -0.11071802441075006 -0.060407779096895244 -0.031263878522769684 0.0492988418383179 -0.1372508233224132 0.07300139494416956 0.10566214779073757 -0.13485208904731447 0.20703137692696383 0.040963708975200984 
1.1450019228176487 -0.5213046434752435 -0.04169889559390427 -0.9677821817663267 0.2982874265005817 0.09882857008757662 -0.18181723957191934 0.28779788008169227 0.10210250273174513 -0.08473918451675178 0.04587255021811831 0.45151538966721677 0.36123945210671476 -0.11443116403515526 0.05618148459979407 0.1401180468640386 -0.08708105519255997 -0.10436866946180627 -0.0036298034880196117 0.1150396952649743 -0.02140692622393925 -0.12253515485823639 0.21601813924878624 0.1381595127831892 
-0.4050559941505725 0.9216030921596516 -0.7319209281134109 -0.46357401450285224 0.02124942226430182 0.031822010493710584 0.20660935975450317 0.2258959668160636 -0.29667322247411465 -0.009265194093595275 -0.13205299416760335 -0.07123354687163819 0.21237293632527296 -0.22481959278539687 0.009452727927892127 0.006741544110409059 -0.015927801678509896 -0.1203953924739221 0.12456478086366655 -0.03916014191442693 0.018380371154561665 0.135921431916873 0.10125665788313581 0.1427077906331589 
0.18988246535230147 0.6164834767943521 -0.9354722171753107 -0.668808215293246 0.6338282287288863 -0.29363361573373625 0.1005672046365026 0.12126083261081749 0.3085246514068952 -0.09109524335979535 -0.21205829661202122 7.534137935042984E-4 -0.6937907489420869 -0.2570684604813387 0.15369038862040885 -0.3148056862100363 0.03821381127585188 -0.06673831759734794 0.1363850859648391 0.2539910786693446 -0.17533061997800037 9.255240169370182E-5 -0.21253884542922064 0.07583090109690223 
0.9329727688108385 0.08116090270287835 -0.18199488651437923 0.4224693738065082 -0.4752724060795521 0.3320897356937276 -0.22469076945476996 0.01967907582147249 0.10711054588700952 -0.3060581077022686 -0.015128824413987385 -0.009597500618761634 0.10560161828384788 0.018753390078448895 -0.5784715089277007 -0.33796683612953093 -0.3459365694660958 -0.5813633096684439 0.05298081524216644 0.3716849632923516 -0.3587389738660109 0.05837486681772706 0.19183386003041103 0.15546493874319192 
2.557359788163204 0.6701218326971592 -0.7777330822546467 -0.46638681729089804 0.43190690684495303 0.14890966027961194 -0.37532243286179995 -0.371066910429046 0.4262024784851842 0.06337961508250378 0.6250270016289722 0.19320466325007182 1.8010004285589536 0.515408331798028 -0.6938281973338999 -0.1522566351889572 0.2097406434746091 -0.06034694596775814 0.09862610693051431 0.04782692557989266 0.13036237033033604 -0.11788483201779637 -0.1294332402890447 0.05226564747824606 
-1.9055995104075674 0.8385237439729014 0.9246240312093593 0.44911579488456665 1.1600197916045558 1.554640301492368 0.2856117327771551 -0.6429950515410594 0.7207047855847736 -0.261627223767926 -1.1260972233793332 -0.6338539878294978 2.1213166614392995 0.9793916018134162 -0.5874306596907907 0.14407713306810566 -0.037847141896381976 0.4394225759860137 -0.047839548149682325 -0.038917587534589605 0.4337131738622599 -0.15645853501454188 0.04318552325812122 -0.10882425869703137 
-3.793832680715356 -1.3084229392347435 0.5927029159645198 -0.22536152026540357 -0.813039800536995 -0.723868060729782 -0.45046236727100286 0.30911711955240545 -0.38935957943299493 0.24034381072642247 0.7317256237377858 0.15608471496413417 1.7652115034008657 0.9850933337144502 -0.16022789839337237 -0.14543428056424032 0.1419667182066308 0.3486607680495846 -0.1657021291858328 -0.3620299906618493 0.31089954063803354 -0.05476071679268287 0.06452604392773154 -0.09152259741839767 
-2.2553809810677805 -1.867741516771419 0.8950790934484095 -0.13027467391055603 0.2607423733005678 -0.5497891317596164 -0.04360215780112153 -0.2036601765654844 -0.7862479467406807 0.07483539951939772 -0.19803470524275787 0.3354352496153013 -0.7925795920397186 0.6010904946137003 0.6601684760105293 0.03041211553266489 0.09100900937668983 0.435166569396332 -0.10895106004962818 -0.16898142756457712 0.0885980998982309 -0.37923200969404264 -0.3455810114013714 -0.10076078016987888 
-2.5633839867092867 -0.932025538074031 -0.28227691819405465 0.2596112587993843 0.45564546137705464 0.1551420727568502 0.2863908999848368 0.4953556240687143 0.24698022273381065 0.05943045381689052 -0.032582389222510055 -0.01687216321713471 -1.0782972015580388 -0.4913131247491706 0.10944034429670778 0.12053948402946413 0.02204738631186502 0.018161560709274254 0.1132319773147703 0.1790178905027353 -0.30836553778658227 -0.037114279980497746 0.19378327887997956 0.23243839129617738 
-0.14308508129144615 -1.1529464404485559 -0.6183914797429415 0.11539305875417805 0.2526501325174615 -0.19036447343994434 0.24403827929811983 -0.22917002110548246 0.13674058480667806 0.9665254837689676 0.2927998173049291 -0.24509320822922664 -0.8978571295796375 -0.6743208680237996 0.2900402885525499 0.04754770404669486 0.19740691738646501 -0.26191117465488417 -0.09591806956229705 0.11323836369251176 -0.07609315893635309 0.3134557637892384 0.13251152998941815 0.05952642199159813 
-1.6150890259294073 -0.19188110314866336 1.021117169670072 -0.709813838686163 -0.8751358390810369 -0.9580650720174408 -0.9339785177649345 -0.21518162968580146 0.07424276815307249 -0.09415839145686922 -0.09504147417599634 -0.250966230002134 -0.7293215975779144 -0.5279309439596024 -0.35343764076987866 0.029081160003658752 0.30104782301537786 0.1517373210410616 0.26323643089657195 0.08167714104947849 0.11245981503885849 0.1637770713381488 -0.06732454146855955 -0.08950259037769913 
-0.03595707271880788 -0.21485113016270407 -0.6267388161413034 0.21179476269213304 0.3339122713702185 0.7925479645921816 0.8543367597606553 -0.18810664076576178 -0.4715997426412523 -0.7887374692114375 -0.5643397527342692 0.27390301703300657 -0.031323323201787434 -0.1964210153772782 -0.04180167688575879 -0.2222133122961322 -0.20812616933040617 -0.45565909561678275 -0.12802975352137982 -0.07472812811621769 0.05892053978782188 0.3393546668966298 0.037722248808871206 -0.1933942403327761 
-0.42898319826186276 0.18271963866185015 0.7822096723147622 0.12416692681943053 -0.4881290770954574 -0.7915261093823975 -0.8084676329361467 0.2297925107504185 0.21377094134120034 0.4457307162926466 0.5979610202027678 -0.007862504715153928 -0.2305478528573205 0.23010665896935936 0.11407815003171946 -0.34327667667846945 -0.2680307862353278 -0.442492745957038 -0.40467323363421426 -0.038724413057166396 0.05768748895343114 0.008882992720730861 -0.03226896026309236 0.08125263883579843 
-0.6421680255198561 -0.750983765221978 -0.37353270040801023 0.36504261288977785 0.6835252595158903 1.0933433320928823 0.5653720974478654 -0.22747270697493938 -0.10978512115085148 -0.3214830707956795 -0.16686817631106657 0.21353765012561168 0.44934966557550454 0.4321115431691592 0.021962925807794614 0.11250899226009226 -0.17604683709205252 0.216246480406424 0.25603988627571267 -0.02109204952770181 0.05729147478887999 -0.18905417325605187 0.0538418369098164 0.12077236329816528 
-0.6203399909569217 -0.6141347625271045 0.552279661708267 0.24339226625042315 -0.24584997444788947 0.21901548210332278 0.4245235142941033 -0.07932535740971347 -0.27972700945242135 -0.3544345688269408 -0.1969703815983206 -0.4645414630558319 -0.6233426575560023 -0.27250161662500244 0.21709584628325765 -0.07596357998742924 0.03754884054569737 0.0707299687903656 0.13640092502432707 0.07301892802244353 -0.10235631903221602 -0.04505237251436941 -0.09725114584746701 -0.16594604743266875 
-1.288327673097792 -1.1127585590757043 -0.5776625882614397 -0.18534488380364 0.7409132313225921 -0.36146227236995054 -0.5302784726816077 0.02972844189740964 -0.39672519161108144 0.17850769311651182 -0.32839956256317426 0.13992540630884973 -0.7435251123869867 -0.5687999528587278 -0.06443887450624179 -0.1426732995256215 -0.03468501863695957 0.3813142227598026 0.3491553309797419 -0.10774246797102072 -0.0340377425081827 0.031206392546630674 0.03530176918568418 0.14319826321748605 
1.764124598195112 1.1811118854637206 0.232987077391704 0.6272514151284272 -0.6294695846359004 -0.27631321352207805 -0.6698451229443912 -0.11786484775308659 0.6643099336679634 0.3308924518796592 0.9704801508712225 0.5267817594912333 -0.45342693535814593 -0.7630738049523526 -0.014847436604791634 0.227785595231257 0.12335928320645839 0.05454032717610047 0.08717872872424925 0.008793242546968763 -0.15657575872764803 -0.1093884882701343 -0.06570540433038884 -0.050241659364191525 
0.396175017065087 0.05779276935879274 -0.02056978473100335 0.6011329370276403 0.9793901205207745 0.19706501162617496 0.06509042312788704 0.11502444210980933 -0.47969036518649577 -0.7577657587888715 -0.8564987501028907 -0.711718750800379 -0.10965067963610901 -0.3372963561559013 0.007514168509331102 0.4648491436521669 0.4888233639768469 -0.3660408738034289 -0.5883400467360425 0.024117019009835167 -0.04063112698631712 0.06650785518949708 -0.062410896837584495 -0.0497803502957151 
-0.10231052996392331 1.0898109881127045 0.31827556975742377 -0.8332034298589879 -0.7351662686663558 -0.22386914142304137 -0.13469711978339183 -0.1483530851568196 0.2314828535182299 0.44186762193615375 0.2641954251627041 0.11200559359135706 1.1659503072775264 0.7561889225980214 0.11528508060226018 0.21522518783150998 0.049300821047255305 0.009513684103284755 -0.350836877928512 -0.08108899782280506 0.015496152824464446 -0.20910519933666796 0.1336689690311268 0.017093464179586165 
-0.026158070109947307 -0.055219041932492274 -0.6428493399722929 -0.8496648922664333 -0.6727085185927208 0.7104383129908178 0.96716766594602 -0.027378496430229354 -0.058418270577263315 -0.07650345748022669 0.21197549080383843 0.49665454014593313 0.5233041646494327 0.4760969842294449 0.27168241241350355 0.2423542008246475 0.14966785396851165 -0.09098147184674221 -0.28259315787201733 -0.24460928947755456 -0.1329595648759644 -0.08112528254506142 -0.03220783467250454 -0.10276601071640874 
-1.5225597800499502 -1.030948976684701 0.1982716132055682 0.706974766280934 0.04867727177908132 -0.5615409165142538 -0.06837311056792184 0.19660361498534795 0.4071854278899539 0.6175768992353406 0.035236123324477564 -0.1286852785206813 0.26417114166742933 0.4898000075992237 0.09529048468357909 -0.22816451056259965 -0.39246902774795905 -0.0426184504562529 0.01094925212854921 -0.21750957046784145 0.010481928620410271 0.19056097349669074 0.2554499958974546 0.22291796678870143 
-0.46361285184019785 -0.3101182009308392 -0.7756150436955862 -0.8960187635162632 0.13846478839252097 0.6388453147120078 0.879707892136204 0.6763739604713892 -0.1686629577444646 -0.6022445498032807 -0.6453955951662638 -0.2830752825951336 0.2078446574835945 0.11173455570467998 -0.21518974886309503 -0.29358119494386936 -0.44604311706267463 0.08554941182857397 0.3706281840745858 -0.031002184100932768 -0.05060310220036607 -0.02477354189850776 0.020195526811665532 0.1767482694081944 
-0.6760965641010861 -0.25213945518579317 0.09878696756833316 -0.1255329625462741 0.036654161084900494 -0.06021729091487768 -0.12381498926413148 0.15229939779589546 0.2551594112405997 0.13305524760760856 -0.07346901954460866 -0.16688339540421376 -0.36752917347502806 -0.3341812990014894 -0.23206609995803207 -0.14067073339202785 -0.2199364906877647 -0.17373171621662675 0.1667887809059145 0.20258804426715857 0.09880593336785666 0.007900414407849795 -0.22732541390457006 -0.17392708459111095 
-1.072923650535163 -0.7798274697959862 0.05246222943560974 0.44733255697877883 0.6714323879423935 0.2031282647054079 -0.11699594692963267 0.0877801644672952 0.16940404434851197 0.2400779940291626 0.20574148180338495 -0.014491209636883884 -0.18261060695770506 -0.12495580605539362 -0.2476167995281858 -0.27153212942666055 0.08325062036918336 0.25240249924008135 0.37350699690976913 0.38252697726775575 0.09620161262498535 -0.16303780072586058 -0.30210525168741764 -0.22146601386514395 
-0.11531686027738353 0.2064495547523406 0.48043127651406636 0.45731130620949645 0.4420029440674391 0.17751275713892636 -0.07038753375274698 -0.11686361981408072 -0.058265873260104434 0.17271438409556955 0.2916438265533634 0.2588039387735267 0.40516743045749576 0.05661175509342309 -0.60259818317075 -0.29918239309869515 0.25026019297992397 0.10598898883576387 -0.06780825889781068 0.21453456237847038 0.22573037494985523 8.588161764899368E-4 -0.02465439389731072 0.009249233489525813 
-0.19617088287893392 -0.16454528773372523 -0.2235867995838955 -0.3728445096141668 -0.31396146420629845 -0.23722720703513822 -0.26752682634879554 -0.33662546252688996 -0.3005551533690686 -0.13296071586967945 0.07836373684700315 0.168479091911428 -1.3570259320188096 -0.479983452503417 0.9196454281697233 0.3828623806889826 -0.2533388790470284 -0.11547181204005057 0.1037550703656937 -0.13346036812861875 -0.09225829909599458 0.2787348009532355 0.2574513755081375 0.07843261928624126 
-2.329975239301688 -0.7296158114971929 2.0446060315903356 1.1821027500462842 -0.2214294917805255 -0.1580065215518962 0.15487522713888202 -0.27910147584242306 -0.18705211475017566 0.3169981540275598 0.06418303462551439 -0.2861162466469471 -0.6545998551470418 -0.19962142004202788 0.6282364390086994 0.5145881945579831 0.13587745844523968 -0.03150408964724202 -0.08471541665788561 -0.1580899231417631 -0.06850711606603226 0.13315542880891065 0.1679035531367036 0.10143494653038439 
4.1054833350334174 1.1281555708390316 -3.4885614326116947 -1.0636503070065628 1.7631652430074607 0.7173033401709709 -0.5408925384725283 0.5692801968673227 0.5105720623815313 -0.6682682937965388 -0.45288224875710315 0.02267102521462925 -0.011686428548051797 0.05386348856101179 0.06658415031840148 -0.013025732820547012 -0.023313245868832322 -0.05013056471428876 -0.1295921350915071 -0.15450650596856982 -0.125917305146775 -0.09083319994964371 -0.055664802906418946 -0.02921250409311883 
-0.3023444037924339 0.1589633855920458 0.22820927600186763 -0.7410503787682547 -1.0041927848751595 -0.2052402475224021 0.3204415722827762 -0.09554668008589773 -0.2583081329373076 0.04090188663226729 0.053556159945305715 0.027403132530772922 0.22065843807586946 0.08322718804112224 -0.12424686490559544 0.07110288881949729 0.27008237038184846 0.11293744912390889 -0.06650285332656658 -0.008830516862510443 0.010762555542173832 -0.04707378696766908 -0.06574352894784012 -0.054262838809120174 
-1.1749270149894055 -0.77042535196138 0.484859127255134 0.6278092532547437 0.14735991994751552 -0.06321864990701898 0.03846640635377868 0.03511665750055687 0.11282477116482238 0.277587017676898 0.2506715829063643 0.09935691460192445 1.281817303888945 0.2252884005606143 -1.4091685828525078 -0.6674319045257677 0.3262724337163925 0.1246142774186495 -0.1630182252963978 0.21945340022585894 0.18574052015975226 -0.2035018215861127 -0.1528050326797086 0.011788786015560694 
-0.3517453785178848 -0.030006914220353842 0.4306363463737075 0.12306430345713903 -0.2237739413960984 -0.10655787388462795 0.06470431470542831 0.014471844428491157 -0.02046613576834269 -0.014708140806151349 -0.09036329436269899 -0.1616706749132342 -0.273087662919773 -0.09095504407492146 0.09794312017013511 -0.17758927587812323 -0.30760517181577857 -0.04904236307642105 0.2041249123482992 0.12315234451954644 0.03212097229390115 0.0560720104224508 0.007351792000427145 -0.03502997432947439 
0.2847319107293078 0.5467755190633885 0.6377307807599084 0.5065880654580432 0.39413852011875267 0.29411932109613526 0.0760307662053391 -0.14408926606744854 -0.16557049668220786 -0.02995781531899143 0.07749257643602497 0.08184157088995073 -0.3180042661876459 -0.09898991186719153 0.3653307643875605 0.3416147124094761 0.0860254422288788 -0.02499155733260695 -0.0023495601932428853 -0.0049283002296851355 0.030624758922770442 0.10867243356931648 0.10395592264839308 0.039348454279982494 
-0.21291087789247154 -0.22677191769557403 -0.14205591126092487 -0.14767195723553478 -0.2047665695134423 -0.23678214379471607 -0.3107153446879015 -0.37540075186053434 -0.21547341589549596 0.026458271862859588 0.11809028717919395 0.14125072737518296 -0.009385321724560006 0.09393767266510593 0.13908650512383453 -0.025371343557147596 -0.11191287155784535 -0.006028349846083192 0.03988439429335449 -0.07535970329137598 -0.14278962827624575 -0.11472660434286985 -0.0939550624383229 -0.09235118718652346 
