0.0 0.0 0.0 0.0 0.0 0.0 0.0 0.0 0.0 0.0 0.0 0.0 0.0 0.0 0.0 0.0 0.0 0.0 0.0 0.0 0.0 0.0 0.0 0.0 
0.0 0.0 0.0 0.0 0.0 0.0 0.0 0.0 0.0 0.0 0.0 0.0 0.08243785407392797 0.10988914217704011 0.08186202110994578 0.02281373087342914 -0.0029474770289808494 0.04060023317661939 0.06995620747714233 0.028116120170931347 -0.057627489824835766 -0.10250833223131219 -0.054682762683068396 1.556784082455224E-4 
0.0 0.0 0.0 0.0 0.0 0.0 0.0 0.0 0.0 0.0 0.0 0.0 -0.22869007872087396 -0.24379241296698137 -0.08761704775821698 0.030522222430780132 0.05448428275917704 -0.027524429329622995 -0.10059800619649678 -0.05210969154592728 0.07227413331099246 0.1315599453463927 0.044238260973646 -0.05943957491145785 
-0.2473135622217839 -0.32966742653112036 -0.24558606332983735 -0.06844119262028742 0.008842431086942548 -0.12180069952985817 -0.209868622431427 -0.08434836051279404 0.1728824694745073 0.30752499669393657 0.16404828804920518 -4.670352247365672E-4 0.07660048892624156 0.04596925498113961 -0.04017254743177512 -0.031231287440645555 -0.0043433120725986 -0.018947037935008442 -0.026654989851850396 -0.030993203387424357 -0.010023104787974635 0.026942737000440958 0.019574397262321547 0.014801292797444715 
0.8097270172735138 0.8962109521665043 0.3856441749395696 -0.057346070982196684 -0.1678740638210024 0.14347363775379807 0.40672832980520385 0.19850325489417886 -0.30326363467023104 -0.5484423343861464 -0.2147389269455406 0.17855224234674183 0.0518285176257313 0.007210881316820276 -0.09981399122324003 -0.13870981507362037 -0.1301852861923769 -0.06211264699981129 0.05691962408917824 0.12549133506664592 0.1175863306260891 0.08434198316566788 0.0957628513484239 0.1194356097769426 
-0.6346649754154816 -0.586013241026671 -0.07230444517445944 0.122366897813035 0.096966968128297 -0.01489570507187371 -0.12339919534705074 -0.006272017284816356 0.18170113169903943 0.19339295619175034 0.04864627168580565 -0.13367999956570506 -0.007138387200805359 -0.019990739476484515 -0.07713943131507188 -0.08764020925915328 -0.020249581030347297 0.012278587922182144 -0.037572033139390955 -0.07080502399904896 -0.07122720968480066 -0.07256857818537067 -0.0444728089103093 -0.012288809605771925 
0.03819015371965495 0.10654026329731447 0.21280116459203113 0.3207254000041999 0.34649359005645347 0.13288544377044165 -0.21399358580972283 -0.41551217681392655 -0.35716832299053336 -0.1959599292459105 -0.22958754586357194 -0.29170034716034354 0.24392473155645952 0.3133783221101707 0.23918306358657535 0.1434767338170481 0.06675772447414886 0.022603801590261378 -0.03607949518565362 -0.10611703235484009 -0.15233638318316786 -0.12179010883395551 -8.372015723784876E-4 0.08153911281090985 
0.1598700311575616 0.1251401363329281 0.07225373578914751 0.005443699663974122 -0.1875926527607435 -0.1533423663047264 0.2132084347942092 0.43507442733840557 0.4135164426890604 0.3489895286799306 0.30489102423914877 0.2715256883461219 -0.045783763090972464 0.04183864635638238 0.23189846345878984 0.24015832121038835 0.09717519543265829 -0.025634752985032438 -0.028392524469707654 0.06495455291239713 0.1078704217318099 0.05945903844776565 -0.03596312207579097 -0.10226099687569083 
-0.31931468068238633 -0.39950070284380734 -0.4041841063019599 -0.4293146733588105 -0.2258674267989288 0.14488556359944027 0.34666300029153474 0.29618112964708815 0.037837859384262096 -0.26087029412837004 -0.3403496985050767 -0.2686679400419012 0.00858982622978092 -0.029297712994100777 -0.06347424447584132 -0.09213881176451977 -0.11512052397761091 -0.08017485328456342 0.007747774681212867 0.07128523139329751 0.09679678706818258 0.0705959999764414 -0.004314168621185295 -0.0396104778828012 
-0.3185612689415436 -0.4585086970252572 -0.4595072001038335 -0.22308802913662484 0.09162189025801326 0.05600849396872429 -0.31854991498855656 -0.5569823292525151 -0.339413224683788 0.04747102328968317 0.21191671423393094 0.16158678750214622 -0.09411985335858164 -0.13129609456417146 -0.10668011652578074 -0.048808332774070366 0.015922675562943706 0.10902309877651357 0.15246745989430216 0.08944295597537277 0.04568455518609297 0.07074978590137283 0.10726365058644721 0.10716018411936391 
0.2516363250798648 0.48625781895870945 0.6691043659660456 0.7114076996980587 0.5522478904799079 0.26873457348740654 0.028642265038021447 -0.1333394926983587 -0.2710938505086569 -0.25698867648011103 -0.17015788499740714 -0.11789946308995211 -0.13860492849504422 -0.1672246755172456 -0.16022361456798528 -0.13878000278931982 -0.030610415600864537 0.096562463878068 0.1037719159347197 0.016540828005193593 -0.06882700353408373 -0.10647052136125512 -0.10270949274835173 -0.08717438697551105 
0.15675408835218096 0.07614915912418407 -0.144350150767513 -0.4184924885422494 -0.6244183380889929 -0.5423361675782502 -0.08518357726194065 0.3815058705850107 0.43092863207724097 0.1347993621516826 -0.10199583427402764 -0.12533910248794441 0.07835854486878342 0.02125469832120371 -0.1407976565032201 -0.11669847030494403 0.047325885601607366 0.0959013514530626 -0.01378741426897088 -0.12133795548584177 -0.09966521936267432 -0.016275783086646557 -0.029218577422750525 -0.10539490833022856 
-0.14115757384411598 -0.16515560436679122 -0.08109178726616428 0.08472756471196125 0.22398393417716791 0.15437050273872355 -0.08133591637593232 -0.22268545428725553 -0.14085205839400117 0.014877100524395614 0.12473505399395782 0.13631816587967727 -0.0950206578869038 -0.059549736671818586 0.10722142082050033 0.1795007402005336 0.07073785562280126 -0.0861230722198535 -0.11751721488239508 -0.06230077965453882 -0.06351834276584852 -0.09371389499380285 -0.08349231815771212 -0.03864816462761455 
-0.3572399540859035 -0.196566080326118 0.33798384602193177 0.440347449271256 0.11377621160456113 -0.174513525016122 -0.22219858147466703 -0.14829548200054138 -0.10553846265309286 -0.039634515952630484 0.15212597700650005 0.3506626980080172 0.05634468359150654 0.03451503020288175 -0.006394770438287141 -0.10584828791216812 -0.2479039418052218 -0.292367232133963 -0.14732195627233427 0.05321125620883094 0.09742218655228985 -0.006063815404979504 -0.04904096295878032 0.012469612480778944 
0.7936953199596184 0.8012646486993162 0.10627310510982224 -0.2565144898102948 -0.029062951235272944 0.3431924688659029 0.44970141179156986 0.3184635225580338 0.18769472515405555 0.11136994755345409 -0.04674183616453465 -0.23995586945508926 -0.1647612382496256 -0.12242001239883031 0.06334560693225581 0.1874977373317018 0.21147849111837855 0.12089485511324975 -0.03510376874239348 -0.13477003014349462 -0.10613690099216334 0.017489872078721182 0.1429022529425846 0.1700729595033399 
-0.47970640932420583 -0.5106060580175149 -0.21884828564064485 0.06967340245538295 0.24581693003289284 0.24035454576004903 0.09126362747131112 -0.04870238646412678 -0.025611319353656903 0.10474438485209187 0.13086549968155953 0.025389077737102 1.3426818545084214 0.6320481661427334 -0.417255212708769 -0.26988711416300615 -0.5390526857434379 -0.3286304804344566 0.13992344363672135 0.1632731330127474 0.16406557848210626 0.030381768584901093 0.06794857738768419 0.11504163740473705 
0.414359368523912 0.35912442167539815 0.007287457768356598 -0.2924286238752076 -0.47647189839213355 -0.41574809798911116 -0.13275571462174096 0.13182808837502105 0.1375950729327709 -0.1097819661141291 -0.2933414661713257 -0.21126390249488475 0.11743447606834441 0.28749941301977106 0.15586329829494894 0.038930835512353434 0.256705712276833 0.245322480252972 0.12162401380854908 0.09567277538917514 -0.005809558754034476 0.003590371897035529 -0.05573745942918695 -0.14807912902625217 
-4.195617541893315 -1.871640465242359 1.6392423078189713 1.267965858792731 1.9546387424133052 1.1908481997147549 -0.35074034917817565 -0.5447971639472772 -0.5726853719887693 -0.02020386487354217 0.071580059846843 -0.00880819768629619 -0.7107690784334046 -0.24106495737443515 0.4172089141801547 0.4850391305692476 0.8088240094752668 0.6170954952698687 0.284434770141943 0.021957320251117005 -0.1999124711507023 0.099215431397858 0.10740275624640148 -0.06301836457990236 
2.2993474580391395 0.6192836132524251 -1.2903620865048326 -0.9724532245160291 -1.6535909942559779 -0.868021798870366 0.305831358690666 0.2794925851320835 0.4786604277337152 0.16307295672516453 0.15011326204038447 0.22138015533536637 -1.1431947453307927 -0.2741327167678493 1.0322753663380226 0.394919886924997 0.15399629390783295 0.06718546581486191 -0.514289654453413 -0.37419926796433295 0.09626787005706545 -0.06777272437771181 -0.27559970143261603 -0.1379897552867639 
0.7101067812183941 0.08250921831727709 -0.8216502560445142 -1.045431688931949 -1.5920955504609853 -1.3847950896089296 -0.9813342196107214 -0.18840659559600903 0.4035934166979777 -0.329329370761129 -0.4130701331635 -0.001877857438316477 -1.8571435371350196 -1.5256368548362476 0.13837914623276068 0.28653356877374125 0.1494435852855467 0.25242179588905134 -0.3423296606363293 -0.4191524213741977 0.01843572684558344 -0.12617316090523656 -0.03589770768677984 0.05880410371106402 
1.3910814429604352 0.20444773019912788 -1.8590923593139683 -0.3204895107878587 0.8349063663215128 0.6705171492281453 1.7254101839547709 1.076230608092386 -0.639347931581799 0.24809895996279974 0.7757827346316939 0.19924019324141715 -1.0297782649945104 -0.644230338219019 -0.5969199437091413 -0.8357582185583364 -0.5363604487470536 -0.40131021302168474 -0.061512312198970485 0.22766858124119524 0.013808874278259905 0.11739494886612746 0.02970951986933516 0.10466928052617319 
1.8299460770510958 2.9126880407930322 1.5084700055252571 0.08238329560742197 0.26205930626791973 -0.33568666200165476 -0.03354077990124016 0.3142910886951648 -0.06898837286776249 0.3158026162233499 -0.1335615533884722 -0.17415052777251366 -2.236561226517846 -0.6102389376774475 0.22353814596943455 -0.7955722540499606 0.05271468726629003 -0.04999171409537828 0.08585634025488105 0.42261396553525826 -0.2309165435985665 0.029079155598889423 0.0025225561042830358 -0.10141879588768604 
4.82876260510632 1.1368852166716046 -0.6646623861622944 0.9709139388892947 -0.9715870763792696 -0.18864537360894928 0.016471575432836838 -0.6548620007370891 0.6735246996818056 -0.5116778833654573 -0.0787695874551349 -0.006491351076054586 0.09811133155712841 0.09595133223532404 -0.22867759817912262 -0.43603630455212344 -0.005395992486482222 0.0976486764768187 0.8399127273333317 0.6790697990898612 -0.18059343811818684 0.08102326789826049 0.1904962585048348 -0.03313292299107241 
5.700949879698989 1.4470072881133813 -2.0894796805286546 0.6955833483793561 -0.8469928909094643 -0.8052386859042475 -0.38443393611439747 -0.5907021877870462 0.439906731861875 -0.03667841589366877 0.006638359567065322 0.40524430238347753 1.7226842204206987 1.322643817952006 0.05682400227373696 -0.17366230873340371 -0.5471266595405342 -0.5799002057815984 0.013798875110042519 0.09224119171182593 0.17670872388158573 0.19300968256018305 0.07725427246443983 -0.045372068532489464 
-0.8387544530348965 0.6494341098329812 0.6259152782503555 0.6810193764825447 1.4056204423696514 0.6123471317489856 -0.6188814199386452 -0.5084821509360922 -0.35201516959205725 0.18126967232652758 0.1341940026394207 0.00894154713663875 2.6787906280383944 1.0242698648562545 -0.8805060332239245 0.0896126589685385 -0.3954482557960392 -0.5239577153545781 -0.25994811427654785 -0.02683471146824216 0.2968120774240948 -0.2663734140190371 0.019428159795888883 0.09823566723209322 
-0.504348055140392 -0.8115178596436738 0.6927091664977213 0.7483175030110081 0.7148355255150617 1.0035177026641728 0.2427390924543733 -0.035622411340811455 -0.08634460987558817 -0.6097002093031918 -0.4718061658290695 -0.04575077128139193 1.8567004385246462 -0.010572080602559097 -0.830352017052116 0.7016752934764249 -0.34305223843663074 -0.4184414692405036 -0.0816834186703151 -0.06576036824934879 0.2547184173641043 -0.14608667498154382 -0.12451796538742381 0.14471376878916223 
-0.10496031158917418 -0.8066618040186313 0.5857612899962914 0.6757088846678532 -0.5661565172034151 0.47884957817057483 0.48272940397809494 -0.85189775455548 0.046214138278252714 0.5739532553964155 0.10216819585526583 -0.07570081593989952 0.7986865823107907 -1.2573794761590606 -0.5109278057127091 1.552893748261652 0.020786540436028123 0.011942853805535503 -0.44831208342624285 -0.37550683001639534 0.24741069770353338 0.2860768793431826 0.03628238678506076 -0.09291160051552831 
-0.23604850659781107 2.206771486846865 0.4216533647547256 -1.4067872861425728 1.168052304186961 0.5168344986064688 -0.6901890920618222 -0.2217132812293059 -0.5233631741655929 0.20523981751601872 0.3962051591214142 0.013424177554259953 1.1626943245271375 1.1275550284384614 -0.4003822617812009 0.10288391451358607 0.7460014129422698 0.0435007111325573 0.04899433609859768 -0.5812683241602066 -0.11493001622059919 -0.14785585814529578 0.019750945156904176 0.22228508089045904 
-3.368963974238559 2.9124278650648936 2.294226596259981 -2.900109473725622 1.1166524317256175 0.8198601723612311 1.1925189225981812 0.7110837740573411 -0.8757379805576552 -1.0844309791126254 -0.4086588201910034 0.2580888742653977 -0.9848686167673527 0.6995145902467717 0.765769427782755 -0.5672435259035956 0.5530726840157122 0.6605547871673597 0.2576096664299952 -0.5096965194378748 -0.37472966588551265 0.21843028761279068 0.0818529596714282 -0.010297866546967127 
-2.360429197397112 -6.053727779500821 1.0396232987094791 2.2275749386669874 -2.364573187776264 0.7025102721711728 -0.2591386751514628 0.9266917968333978 0.7194214982041633 0.663059482387216 -0.27564549327664734 -0.8795008590554176 -1.553539417606567 0.6793821196938788 1.0264976490992286 -1.091127373590356 0.51262960190362 0.8193755562275652 0.20520191998765347 0.24562703575401704 -0.27189515258529384 -0.004957467655838821 -0.13231688476061768 -0.2252214752278631 
3.9118358841125342 1.2250440584148965 -2.0205319603293503 0.5602583499738598 -0.45906182326893896 -1.5956526701138563 -0.5056248037670705 0.10298926472679226 0.5490107997499126 -0.3102474398775552 0.19253464304001203 0.40165530200584065 -0.8176393002320171 -0.05267045790336159 0.6773623699910428 -0.8633200408507041 -0.01155462174674926 0.8068642708635663 0.2581259327499898 0.3925015522103214 -0.03742358452043426 -0.2781752928634475 -0.09320650993435188 -0.03806180072295223 
0.7841698170463438 1.0123170310902267 -0.5004603042482945 0.13641092277875444 0.4180206259733792 -0.7335357488386831 -0.4567229888421568 -0.6545471338260826 -0.42005210656349523 -0.16697954913399993 0.4925590817877595 0.6173053893676278 1.117135971965548 -1.4760231553475958 -0.427396104853288 0.5687112666295717 -1.0746632824968285 0.26817113402731446 -0.06648731391041808 0.3359722806423116 0.46041487869003334 0.01128036854909357 -0.011483413874231907 -0.06161489587845059 
-2.4883455807642356 -0.4625831665205453 1.0321812877657393 0.7354326567706071 -0.2399806099089563 -0.8827096297245398 0.5169332811935589 0.3241985827561171 -0.1937304246125231 0.16511441523832499 -0.5131415779201511 -0.3761288477772683 1.5350845854404198 0.34134063350503513 -0.9685596064141379 0.3564411100651414 -0.07678136718477147 -0.6619277269377614 -0.21727195106715813 0.03140905855515238 0.040767786423552256 -0.0864395850308986 0.21857766246221763 0.1731897183504734 
-2.511746380855371 -0.7818447009903124 0.7954549892217981 0.4338539853798986 0.7498760530342299 -0.45847465010542887 -0.5709557759005233 -0.19182970410819955 -0.2904525256847189 0.3915374491819952 0.11164285882612998 -0.3057640965285114 -0.7751814862703738 0.01910845424487236 0.07410296365855862 0.11516863103960547 0.3635610546586163 -0.5222512029795986 -0.007288438898719052 -0.12178390672400334 -0.2512392420592507 0.11966259545404294 0.004890630467282202 0.10923848991694064 
0.9545402267421323 1.0981030239400607 0.2371892121780168 -0.6577865115221364 -0.3946454352450499 0.2525999613328005 0.20330744296358713 -0.22259662579760642 0.3619076500398677 -0.33018718394285695 -0.27274023286582616 0.34362088990249007 -2.426951764224528 -0.012985923101615171 0.42452498363165053 0.37433805270246046 0.05959393210048088 -0.30869377254379343 -0.0232654419717964 0.22867664131000562 -0.061697687179002404 -0.04127773003872517 -0.14440135661151252 -0.14793549583501397 
1.3882713721042812 0.17464857312530668 -0.3252731574301091 0.4875146138063098 -0.595330125334423 0.26556306457144263 -0.2780447530310138 -0.01579780937721087 0.055846582288061386 -0.27831653590553773 0.3576865178587504 -0.07028494922307332 -1.5179275184656422 -6.240989614812639E-4 0.5521104148336619 -0.3357251781683863 0.5420426191963178 -0.15000628472248026 -0.24102498103664707 -0.0293285152621325 -0.050610365265523975 -0.01434651178483846 -0.04954127679718851 0.1527952333645146 
2.8425008354295223 -0.9018720342735094 0.3189704101967412 -0.41441181554997986 0.2538406829739275 -0.3186471694315953 0.4402740956741933 -0.44984728853939404 -0.18178691706190603 0.6238745978982669 -0.20295933760192378 -0.0500619339249454 0.17530825511161474 0.4388980415398069 -0.015416246918492268 -0.3440010725777709 0.026012985559965413 0.15236579640860778 -0.06130535619207312 -0.06297196960701341 0.23502909947121275 -0.2038680562824128 -0.05413683434781184 0.18125122727953438 
1.0980558701978609 0.22001512500091636 -0.9017668542885495 1.3193421718989793 -1.200494863664212 0.27716776944420984 0.03363584085411486 0.009781173049091763 0.13322585366273987 -0.04245390638405139 0.22537624158574432 -0.5673083847083374 1.0999887210345534 -0.26145168291122517 -0.13901778651433094 0.010756595194293025 -0.12396905972828343 0.07632279159014033 0.06220149937922285 -0.10771749055749069 -2.3353420479461465E-4 0.00569090991924102 0.13855930804953312 -0.020296082776123176 
0.5737232123604983 -0.24127437661716478 0.5716848013627138 -0.041697072835158444 -0.1701020227600516 -0.21029978032940644 0.2313832145972422 -0.04647020818971748 -0.38186928406110987 0.16348567014363835 -0.044174591685887624 0.048378925806518924 1.3757555870556875 -0.5488042705415813 0.0149605340651211 -0.0993622948425615 -0.032754875958504424 -0.046351304926320704 0.14460848043478483 -0.11676520794205573 -0.033061796419022495 0.1289582004159425 -0.037711372633154126 0.059889868716225016 
-0.7773059794648667 0.6287047930308098 -0.03457699347010257 0.26888745686602 -0.011451593282583161 -0.01757900475007279 -0.3602038106302068 0.10566612212042292 0.15658836840204715 -0.0651948017859465 -0.1373837792478671 -0.058617130760435954 0.5507165968888378 0.008195541052396985 -0.5117618666301365 0.45051247233868086 -0.14988447744159186 0.0064619188463750366 -0.03484587229295185 -0.024198010956242078 -0.011639850826535255 0.0033050661401514505 0.040481865868640964 -0.1381655016522326 
-0.34708500090617633 0.540195943336288 -0.15950612240784556 0.4089024264941843 -0.24241632434137372 -0.03221986755549189 0.2033684801119996 -0.14749413924889243 -0.09428278517449218 0.248370444351387 0.0915547907143443 -0.4840771670475712 -0.1364281292445888 0.193293057625857 -0.13064042615222834 0.19971182611410856 0.14370111543158734 0.08302023424333475 0.005649735329256185 -0.11876771668306457 -0.06233629491456755 -0.06252648898435982 -0.08998100640129132 -0.1224997083413404 
-0.09368981383531505 -0.19530665813300097 0.9991142074871395 -0.25749499478173465 -0.7146842805487754 0.16874205651812746 0.1521808249755917 0.13288717144740547 0.024352156699036787 -0.09481149190838006 0.03606595277970548 0.11341616667540544 -1.196078389057405 0.7357819245610653 0.15024257093093943 0.5178387827715926 -0.19219891700020897 0.2074753050085015 -0.10074290481855626 -0.10230687376474516 0.025717795631283513 -0.030531170123564582 -0.057638316391295824 -0.24341879805613684 
0.6411995172794889 -0.40914782391283033 0.4467604793407778 -0.37764132535360684 -0.24958902542171746 -0.5525210136935108 -0.0417583091934256 0.29622241719598497 -0.12874229346590205 0.3658734821579346 0.13904356150420005 0.32986140211261944 -0.49745492400939284 0.014241825682629402 0.7902306357897184 0.301378750692358 -0.30513586039510915 0.033037279061960856 0.1744949613612361 -0.3257424310629089 -0.14816054323346836 0.23727285131594722 -0.09365286792579491 -0.15064665579849337 
2.3167869286145155 -1.1039690970278269 -0.7884380071372326 -0.891357015524862 0.5687315082582156 -0.3798543467065678 0.0645882984781746 0.1907284651922197 0.09666473565390155 -0.03235281031852655 0.011786784531092498 0.26466997882787924 0.22844476130978406 -0.7356206251796195 1.0578209994795538 -0.07205530542021414 -0.3997220812053797 -0.07477929609194452 -0.0743471338684305 -0.07877143983781688 0.012623320978494687 0.1826179388195135 -0.04527362536273486 0.1312031640127367 
-0.059958600102913095 0.9518016857358127 -1.6364219224648147 -0.17830281521132596 0.03128336244045826 0.14296649687097318 -0.27632014072300015 0.8008125070674272 0.31404255504848055 -0.4946774503913814 0.38465297861603553 -0.107764105728328 0.5393892057708142 -0.6996222597047602 0.5748312724669178 -0.11607155683292143 -0.22134137609358348 -0.31182195236853855 -0.10604207413196139 0.15025706028665567 -0.15519182922432612 0.2065133531124407 0.09270579837539838 0.027677039478883097 
-0.4284450390734662 1.3310804625815358 -1.1327575900487257 -0.14099833359223268 0.34404576913627594 0.04533618951171903 0.4925031423456705 0.116906446025135 -0.23491023049363857 -0.21238984209226253 0.04908212031199233 -0.06138057144233103 0.1642089413715914 0.12666298755077499 -0.49679272852419576 0.08730979943417538 -0.13531883764795608 -0.10970146811910579 -0.03429201664345711 0.2528931096100207 -0.06896992623209273 -0.10807988648314866 0.24640178687669692 -0.130403523583709 
0.3956478838110371 0.4721941753967691 -1.1055735466042291 -0.4046059958211572 0.5267779724200028 0.17034957530296135 0.06241049126871062 -0.1176377540804397 0.5026206772808464 -0.16364806129251952 -0.15772150151244502 0.40985555881107527 -0.6234577818952042 0.2753163146398497 -0.23970997568997077 -0.07927909140672851 0.029015169952282555 -0.06978961922629238 0.12201309827683134 0.25580278156178315 -0.00322418254962333 -0.24057316300266918 0.14974146894875695 0.03856878081654279 
1.5963568625427662 -1.24415430451063 0.43651599050506196 -1.0401348235224726 0.7269407162123116 -0.06444148156524454 -0.0019009675873094545 -0.10872573306390898 0.20928545323399683 0.12637215458148854 -0.45623133603475796 0.3970707173093045 -1.7151497627148504 0.4957242335737358 -0.3582566141242696 -0.06509518083181483 0.2841060936818221 -0.24713239970173662 0.5071420219919545 -0.07085720763241503 -0.08343384396223631 -0.017700715176182286 -0.0912783515921669 0.1860588308366012 
0.7980137947745831 1.4134701253623465 -1.7019287856717962 0.5091027039739795 -0.24720962095440724 0.4072241900883321 -0.3951573805870042 0.1462202519265997 0.10161726083353284 0.05766104027975061 0.18808529994313983 -0.4526960925537741 1.2984284643804156 0.16982044082396244 -0.8694357851000528 -0.31836569450692426 -0.04731099791809686 -0.025497189716391366 0.3017715505182979 -0.02088465047575679 0.30096483934620943 -0.10907470214574476 -0.23213837686402997 0.1471961902952534 
4.515821293589312 -0.6267302131224604 0.24018987185786678 -0.40256714099435653 -0.12127871522198541 0.6682960812242436 -0.8001389877023356 0.19754906591886034 0.21589300961672714 -0.26994224734985073 0.15001377436070062 -0.18828123826970994 2.3961240900769787 0.2470178415085765 -0.3399842622591498 -0.4441061586902064 -0.15260562297397326 -0.044237641126151715 -0.06719998739678944 0.05545669363666741 0.32085148542622255 0.17906946193159037 -0.18611681700196672 0.13606024585694057 
-4.959369724853483 -0.3459791927692031 1.600896868019527 0.23170724643555762 1.0928206818914419 -0.1195276369426086 -0.4437851502286701 -0.20812120214455399 -0.4035776189491471 0.3617332461103844 0.23557107388191556 0.26094296571482223 2.737549425018745 0.7713590236800446 -0.8390145591838655 0.18559382330403326 0.10055420633253902 0.46560212789894617 -0.26353891818998476 -0.03189861080362003 0.025636020230407702 -0.06001295640898907 0.23591458748170172 -0.14509751500692766 
-2.7133236478741365 -1.1054831699705847 -0.19494404956315015 0.43088138131735754 0.5147424337113069 0.33164735532868095 0.2240128794238918 -0.09792508693833435 -0.5006715631533308 -0.5628723341285995 0.07837622800175437 -0.36792954939581535 1.4540047637057478 -0.42776449038099046 -0.17329609285366324 0.09729971753466227 0.21502216917675301 0.05606515659674505 -0.7965294458077996 0.04497599590659992 0.05271762989230879 -0.06496020711277105 0.12011821013936168 -0.052760313262373904 
-3.8000620095499276 -0.6612304672537253 1.0326818525903083 -0.4644030270939773 -0.8668828144186704 -0.821257830660725 -0.11661655958016359 0.38965316076605716 0.3829914865273387 0.3841649528960922 -0.4838396893224923 0.07242060803006156 -1.47037357153807 -0.09528628228064721 0.5766897860572562 0.6330219923223148 0.672391131620549 -0.012147002893633721 -0.30635872228633226 -0.3109291122526488 -0.5149738372586127 -0.054576020501499976 0.18015041798329176 0.03276864324605517 
-0.4258468551797092 0.814188895262772 1.0441856581334659 -0.3464111568335758 0.21350652540281168 0.8509657082930666 1.4258650543968099 -0.23626610325624497 -0.33554443279844215 -0.08627747940439148 0.1493645255448195 0.0642608803597921 -0.7869096489344525 -0.04085535170580101 0.09579847829842147 0.12921806272896852 0.13102962423031086 0.17057626609125662 0.047820374292411205 0.14322052008703512 -0.24959036411674826 -0.21661240132306236 0.016665172474444535 -0.10508327727490067 
-1.6919874065864864 -1.0199563785439398 -0.7487373440005496 -1.2787124614559202 -0.7737347588159578 -0.34274580474390026 -0.12563507085613226 0.7938366427723477 1.0587803276492465 0.2871638802527803 -0.34037432883949226 -0.05345817890114701 -1.1717308266092663 -0.06430277712432068 0.6162359027009171 -0.3113377422402148 -0.464640813179358 0.18209825426036338 0.5726625339418648 0.18715405544530728 0.061734886969167846 -0.06119979450164207 -0.1589996485303487 0.10638930324885537 
-1.4066320025524996 -0.8035541592080744 0.4083701138370144 0.45038191031142344 0.07507953321901795 -0.41933745590350124 0.08506101218464251 -0.729678388202585 -0.08979489136403995 0.13546540616224362 -0.04335196966307925 0.01025967589449095 -0.1146110966465752 0.2476568420659723 0.11104938660306345 -0.354704811059187 -0.07158186132382387 0.04504940962706283 0.5110364491141052 0.15481454633488365 0.31193028381248794 0.23221260961134538 0.06237325569680457 -0.04982255394647959 
0.2055230439642668 0.34054939135466 -0.49811808336421703 0.07121366605416746 0.5962531212113005 -0.7324010113435313 -1.1642021402996745 0.07489713690330535 0.07491205490263408 0.4568928936177009 0.08951750387250319 -0.21974669948385397 -0.7360323967634949 -0.21164899433528417 -0.07060415182367419 -0.619424467340405 -0.3777749491270021 -0.2785430590003693 -0.06304709215434905 0.2850722331263668 0.48433127347036936 0.1216671256358816 -0.21351830878992628 -0.06580048445257639 
-1.0307687905153602 -0.6090345158844448 0.5857278680061093 0.04274021258894145 -0.25674183063934586 0.9106450827116936 0.4120392417762653 -0.34123998932637467 -0.7794011478625997 -0.867779814920888 -0.2527011579015919 0.29687280249058434 -0.03425782045257023 0.10340566897347452 0.02924809195600368 0.22349903998216739 0.12118438549025982 -0.2273968092596289 0.1173685524186552 -0.021675284502987762 0.10702886908478505 0.05439430440131902 -0.18484218481692785 -0.07313866969511605 
0.32817817768542845 -0.4822692171999021 -0.6256037656140745 0.7833817894265359 0.5255007704942303 -0.17210789705038976 -0.09998290918889652 -0.255599256044858 -0.04941036451258171 0.42378511388670126 0.4048551916495429 6.367111585354468E-4 -0.07919102761076287 0.11556240218084361 -0.06843107721259838 0.04637722666532664 0.40055595710605213 -0.10902627896108304 -0.4724649270119568 0.036547099286875995 -0.09708497137042028 0.18855587224592632 0.1506554978887687 -0.030643201031269735 
-1.3651861080553698 -0.7023618618512169 0.3843686790939321 -0.5761992713212629 -0.2530974478932264 -0.017293585271185297 -0.7991542606267121 -0.49940433821954 -0.3487202889107872 -0.011163617176213614 0.3535057408991845 0.1194839796586444 -0.16790299342890694 -0.12082905253738652 0.12604089385382108 -0.055032524518417024 -0.008573182396552248 0.42795486450220155 0.15818346474176662 -0.2734939786945153 -0.49785718559437386 -0.3754032711708995 -0.042332990303473254 0.21712484443774235 
0.6103047855665602 0.04052585779551521 -0.19214525727033327 0.24155172801328972 -0.6072369414799157 0.05864715953115729 0.8587893919376848 0.04433801348926003 0.1508265395379887 -0.5370828219924152 -0.6655524391941912 -0.039122684974074784 -0.03642158280638863 -0.16768203052431274 0.02084536429352768 0.1677713043057613 -0.002013813211587926 -0.3631292046251728 -0.31268705556869486 -0.04711543941578541 0.13760497125066914 0.2895371195538992 0.22351578440801534 -0.16833246662370452 
-0.6681231141692052 -0.5079448957699939 -0.009124067727224516 0.4787528168508156 0.33534657253738387 -0.48859703908568464 -0.5418973030123252 0.3292733119901122 0.6140519568952367 0.7388639665313689 0.4095016284306949 -0.3346220327563375 -0.22437238561330283 -0.4768132079874956 -0.09622933810960756 -0.19509894261194183 -0.34198947693444737 -0.08645691494072577 -0.14140893848791605 -0.16011048979501818 -0.046196117805208464 -0.04635651814155356 0.1297471000170446 0.009745947275657202 
0.08891142916151207 -0.07643160866757537 -0.4913934850840792 -0.24740816757678719 0.2373201999136889 1.152931443732378 0.7094497787099946 -0.5285917629023279 -0.9436114011676011 -0.8198400366287876 -0.2936901053402582 0.7326871172371401 0.9503113719138785 0.3019917875329778 0.13084950724025632 0.5104121585080946 -0.17427800196986376 -0.04191790659640368 0.12361088626424717 -0.16157250219440222 0.06131021659108704 -0.14108231028993154 -0.1445287948968557 -0.022270105109798804 
-0.43137227301293724 0.7865564953428152 0.8226808073296278 0.2535775043096011 0.3505924122133133 -0.3050649825496184 -0.3002576385491189 0.2673920193613085 0.3370870348576331 0.26928454456663325 -0.22166672607891572 -0.29565876327393464 0.06423394984379494 0.09301350535694046 -0.18352941302027628 0.1716395121671049 0.16355344642566585 -0.04744883299970232 -0.059019823817124305 -0.04374012941539087 -0.049059131155223236 0.07707348756457733 0.03036694408843556 0.043098666874174574 
-2.3590047507532095 -1.5127002003598227 -1.0005962165195283 -1.177097091240387 -0.09202585540828911 0.09263485105233521 0.3671369009133401 0.5599961663868686 0.10537835078352939 0.12095381985974724 0.08361812275118118 0.008205995614120179 0.06885133916267734 0.19755039466721525 -0.12874695697559912 -0.11943134137934186 0.014506293607982427 0.25133647223589334 0.26963543429757525 0.009254910778274228 -0.13687827588203247 -0.20405616184104713 -0.15241756131229928 0.17734950943953573 
0.36313312625677074 -0.06885111599469163 0.7960655370513289 0.42867874218130086 0.009359260921375345 0.18389775625344376 -0.19368139266262505 -0.08380026440831341 0.23673447438534115 0.037246575593369496 0.1297466821196685 -0.10167747256735127 -0.3600371664101014 0.015683303458458697 0.10285416200343671 -0.0827450175797254 0.05530822714822516 -0.10200893856763776 -0.11278386481468816 0.07426416937022827 0.09493316374557031 0.05179261697142767 -0.07694561211785692 -0.06930641776598728 
-0.514895287961374 -0.24137898700046767 -0.09184497901813238 0.02333523762538854 0.36441789473571057 0.1544406576231671 -0.15274464712597802 -0.3807603533523396 -0.48280029328535773 -0.0916525666190143 -0.01214412550265248 0.10364794356524122 -0.5678538239022028 -0.5093462340403729 -0.23533194906108953 -0.304882912438882 -0.036779543991921446 0.05229283203770265 0.02852914810037943 0.07045045349022543 -0.040300273081092325 -0.05763925738867256 0.003145169024100581 -0.031181071582544153 
-0.27331550517855074 0.10384597828776165 0.05974270256861969 -0.09840360738411053 -0.04355414430336205 -0.02994107013212105 0.29803472991460467 0.5149777711202278 0.3463768656553657 0.22020988689173102 0.057051234401571865 -0.13546048395153332 0.2634901818328677 0.08141591308945144 0.23411466451348084 0.011787576347608408 -0.1386215331776229 -0.03323866321383457 -0.11161243576599954 -0.04296364177426315 0.07725856491433065 0.058970991145461955 0.0916909718354717 0.009945368779184949 
-0.3372189633289402 -0.0710100453799305 0.07356104790509488 0.001092820858964616 0.04476947917984392 0.042675768132009684 0.03569139532358695 0.049255788151921664 0.17145797439179405 0.20238993637658415 0.11053033953792775 0.11864071605384366 -0.19167367599047314 -0.10862423951224236 -0.10111693465754655 -0.07963056197032127 0.016280332071737864 -0.058676112917545355 -0.06331620492015615 -0.03267199111562832 -0.054019587773926105 0.024302022928173083 0.00957613375987744 0.0494997227103264 
-0.5161755815580493 -0.3982833260733145 0.011018530049272779 0.4044372215216876 0.5850480682321775 0.33949619064052616 0.04693789341059107 -0.16991740983765458 -0.3221703541962267 -0.2866876493408156 -0.20666346590703671 -0.13900996514920733 -0.12189668952252886 0.08270213644446638 0.21556485987868088 0.24628334764948642 0.25801570356871006 0.1609239675319279 0.10257097928626513 0.059507188133704425 0.023600576626048253 0.030727132822100073 -0.0032337089106276307 -0.049901257127015174 
0.18155577819979474 0.33555838371679747 0.23586791121418071 0.010806509083453264 0.0012757922527272536 0.1457503659894796 0.1627523858864972 0.059703210473486534 0.013532079962216753 0.08889013271273977 0.09098482337201949 -0.04307648396690096 -0.06198357592537699 0.032985901828031815 0.035357946235538694 -0.009238524349195884 0.024208832320493572 0.030421101747531265 0.023003852057649887 -0.0019858329985849668 -0.01313233669036091 0.01026273860222123 0.023875644653577884 0.05399579325473367 
-0.16701280737533164 -0.34754464559400144 -0.6681053087219659 -0.842110494444814 -0.795854411545934 -0.5642502716566398 -0.07320870322564582 0.33123249555833206 0.35453808299200956 0.184778390257353 0.07652511921640888 0.09510188743988449 -0.2659213636293029 -0.26036997004434165 -0.1305167774679426 -0.022232645711859456 0.04090484258777022 0.03128125927918284 0.02274736989381156 -5.468209217477279E-4 -0.03977195876105699 -0.022377285765076305 -0.03197900033776436 -0.08971552577561097 
