0.0 0.0 0.0 0.0 0.0 0.0 0.0 0.0 0.0 0.0 0.0 0.0 0.0 0.0 0.0 0.0 0.0 0.0 0.0 0.0 0.0 0.0 0.0 0.0 
0.0 0.0 0.0 0.0 0.0 0.0 0.0 0.0 0.0 0.0 0.0 0.0 -0.021859593970082376 -0.02876330645204615 -0.02609284429640829 -0.024697205765877583 -0.021407297824845534 -0.017986699664818067 -0.014855968280823603 -0.012381381452474268 -0.009814616306389726 -0.007094287929455804 -0.005109458917307075 -0.0021759990636243585 
0.0 0.0 0.0 0.0 0.0 0.0 0.0 0.0 0.0 0.0 0.0 0.0 0.01999928389528982 0.025638754252933448 0.02194425398879889 0.018957089589741172 0.015795184546272444 0.014644691151502057 0.013249975174874038 0.012209928816276278 0.01010767086307296 0.007678703157449849 0.006308376776922688 0.003313672052205114 
0.06557878191024713 0.08628991935613844 0.07827853288922487 0.07409161729763275 0.0642218934745366 0.0539600989944542 0.04456790484247081 0.037144144357422804 0.02944384891916918 0.021282863788367412 0.015328376751921224 0.006527997190873075 0.030457261083464065 0.03857864793097964 0.031156545447667976 0.02935380468551114 0.02690980902512156 0.020272810089743225 0.013997293874196423 0.008554094323977033 0.00441864601735915 0.0013171579855307675 -0.002192467662390891 -0.005176482428050276 
-0.09278724264099303 -0.12006122243686956 -0.10497202841100911 -0.0939170774180399 -0.07949650037608563 -0.07091412295173327 -0.06203387794585752 -0.055201858627540235 -0.04504493704880347 -0.033677541366533253 -0.026589318706728676 -0.01320501475205188 0.5631083067334078 0.5689024755527875 0.1868403683985427 -0.08952764293486444 -0.21697457796197928 -0.16059871398863115 -0.024233107035699825 0.036828060912638995 -0.00881602967078061 -0.04514364743912275 -0.009920435535729627 0.016843539674054452 
-0.04497816192989568 -0.055705332574504135 -0.04098362213749937 -0.04110287534751347 -0.04098117688732186 -0.025361368793363037 -0.010974942649660507 0.0019386463418390176 0.009266530472324286 0.012887296726674324 0.01987206234053701 0.02213195466017677 2.2650758474671058 0.4786445785291909 -0.24216243407198768 0.21344607382519643 0.03525486292233087 0.047365843020062526 -0.0043799420357317 0.04833275605451299 -0.012611020455234734 -0.1707872952911129 -0.12222628443896116 -0.004149553121913296 
-1.6340464482801522 -1.635709800693041 -0.5008900276822661 0.32618017512716646 0.7035252690668671 0.521456875859802 0.10047074485316514 -0.09288143373012508 0.03653674823576428 0.13962872584821479 0.02748946381288099 -0.0583325977568152 -2.6746004416457616 -1.4381806966570145 -0.11897767929451318 -0.0065462058616142 0.4320150679766462 0.16882254568681557 -0.11691209596328801 -0.1272921934178182 -0.04417269733191983 0.2729879507347911 0.19798095359974296 0.057518158127601034 
-5.959019157671491 -0.5918195271033486 1.0027248347408164 -0.7762952304505598 -0.43305358001393235 -0.38432292947150104 -0.02354458044984542 -0.08901433625482374 0.02648606764258951 0.44699161605433196 0.3549678388089999 0.04154044805899462 -3.669631405712415 -1.5365262518557028 -0.41877020027491035 -0.28050882865001076 0.45293752226048395 0.25559641156735596 0.13471897918601647 0.12923812118207847 0.1188777785708074 0.14403228350418265 7.06041314455716E-5 -0.07190928637940586 
10.88803458016709 4.462537964798596 -0.2698932189666275 0.2933177177183259 -1.179505502742719 -0.3979009796731111 0.294987228844099 0.3721512129242457 0.07886338636182338 -1.0696935532347354 -0.7880800677401889 -0.1954637358342639 -1.6828163228712774 -0.4393930009731271 0.15406950946057704 0.0375300202258993 -0.3133055803212618 -0.16172233776101266 0.08482520343254234 -0.2762660807283324 -0.21591709650771918 0.07431482801872483 0.2165927212111857 -0.0480032633677393 
4.702875540983727 1.5047495402467854 1.0998285743294125 0.816854839306939 -0.4582783577639807 -0.3324716757289743 -0.5123901222031768 -0.6182920405315818 -0.3685301243031275 0.1854515857556014 0.42744501572273524 0.3064253828371187 1.4216515763834676 1.000655427325387 0.6229147934955606 -0.0657747897707018 -0.5609927299341424 -0.1420380525891179 -0.09582161874682903 -0.035445021951601687 0.07361934836958924 -0.011204250622863102 -0.20235908299264746 -0.08689600065245247 
-1.9165448289939284 -1.3658153314487267 -1.0116504258582952 -0.5829849204292809 1.6560543989056766 0.9806982622715767 0.09041790543220385 1.0005556605932513 0.8817961337317803 0.04745425694140559 -0.6585272882775438 -0.046765275042659316 4.282112582395241 2.03953754180387 0.5845829422932887 0.6404436552765643 -0.03591383208912702 0.5222880721672669 0.5748691721762912 0.1725640297103236 0.5425967321045508 -0.07139885807842054 -0.03482586196536227 -0.02433678540930202 
-3.8216841822413836 -0.6796091609558479 -0.4951409423000315 -0.14081954206465108 -0.1678553410357031 -0.6475083926764913 0.3662049374965892 -0.2968814942345215 -0.5958383511511567 -0.0779695371651492 0.8972686980556197 0.22787921962054974 1.4881075788028288 0.7923855430932044 0.894920502087535 0.11945917280922252 -0.38473281269055065 0.03642193555987291 -0.1690804444034464 0.01895698735264491 0.18349365787845992 -0.12899523962389514 0.07430045859299649 0.28928037290507175 
2.3039766945939224 -0.5638953100116968 -1.2261572875317712 -1.1491760574255723 -1.2169755148394767 -1.807246837701153 -1.8689178175346577 -0.3062461493552553 -1.4352726965278146 -0.7237864175390984 -0.9185143230105444 -0.08318029799807339 -1.8657193952937503 -1.1502919173414206 -0.9251136368803451 -0.650851809123237 0.3408785116753332 0.004075459427658301 0.037839660636460014 0.040434026478910444 -0.04966534073183889 0.0713120130904672 -0.14564832902933703 -0.0030580967134660833 
-1.8717079572186845 -1.2733670997513427 -1.4776795010964547 0.7415728893774172 2.132435037180248 0.9522350675777719 0.9745190724905932 -0.021762097615263265 0.23952331719129027 0.9580576418675388 0.3345371573102461 -0.5432082244003895 -1.9619641191235087 -1.0476877747928495 -1.1873977485567286 -0.4512329303441113 0.2044874438322892 -0.766488201698357 -0.14506829152833625 -0.3804781385598555 -0.3737481579977409 -0.0023986144225833783 -0.021314059631599085 -0.027830373857212338 
2.705625244375973 2.381939389973282 2.254959764180952 0.9283742912193963 -0.5167263252282983 0.16860015386147031 -0.3272581439741782 0.7416938828468909 0.6131113217560735 -0.68449537184634 0.05978346918315405 0.34795273710820857 -0.5963574212311844 -0.6930547315160779 -0.7987490661853446 -0.40586777302653837 0.25028198290097264 -0.622289679605369 -0.25485401836111543 -0.1747489168331436 -0.5186126844555873 -0.0498693401720736 -0.2974265702354107 -0.2518811670461532 
1.8633839002381176 0.9905368134302108 1.326493777513793 0.17410407464519873 -1.13144226733816 0.6640327166372679 0.030579975301358253 0.32058290534397216 -0.4987858862998779 -0.09041921674377829 0.47206198085356776 0.09580382363904583 -0.7934300904538375 -0.5551778090322235 -0.06533021868006861 0.5020168077329148 0.7018287145935003 0.5349261206359183 0.1700016860651038 0.2547223370876409 -0.010066066369654384 0.07837250717073811 0.3098163406547833 -0.23292127739455107 
2.225503029559075 0.38331692794576 -0.23199672828086126 0.35216166902015206 -0.33588281128319086 0.20372337658520578 -0.632386213856694 0.04682809966455781 0.48971995858453143 -0.04993996771721909 -0.09499702407597312 0.3529571791206686 0.6518518460954965 0.5238691293932295 0.9606187346190493 0.5725490272429076 -0.42085803858543963 0.31637459052889 -0.1495989367441848 0.28089248189908667 0.06775748159237001 -0.33553644805960053 0.03288585577289672 0.29532847819526675 
0.7486434215512769 1.3914775583590888 -0.0382105988253425 -0.4763712227217052 -0.06347286357280657 -0.6701049056918509 0.6170780492365397 -0.4384962172870195 0.33141719788602453 0.4056624182907641 -0.5175216180245401 0.15305338677703373 0.6220083119174014 0.21252236981838468 0.2618874239966584 0.48096730599146637 -0.5003928728928794 0.15052114941798636 -0.0014079444031351123 0.010631589777899983 -0.15031440514489813 0.002743033133806231 0.03692425414775221 0.14718114827807152 
1.307439945432904 0.6098616293291546 0.05545574849337176 -0.4640351418258746 0.21186308864534387 -0.11345480656064022 -0.17171037070921447 0.2785559984651267 -0.005262665113987694 0.07407315481519028 0.45591770130351783 -0.5666574790465856 0.4698705533546598 0.43383487269088317 -0.025033277072440702 0.20606458706553643 -0.1381863640889107 -0.01630635527234303 -0.16198375297755144 -0.030100211935905914 0.19944816091728798 -0.036372754006566976 -0.11690905655168228 0.15290136971935767 
0.45639050654899904 0.2396973532833595 0.39710526713670147 -0.8606994379061872 0.09586340137621074 0.3710583599562318 -0.1955341130629762 0.17282418660998777 0.19964864098407603 -0.16065487741140166 0.08583185572056568 0.1140677078884584 0.15145734182650492 0.6304572220877477 -0.01447073793399408 -0.16766517015250737 -0.04198623197814392 -0.2564353116230493 0.19138552915207444 -0.09446369310571519 0.06919040868526498 0.05860422398248396 -0.07739858022606877 0.024598091589690157 
0.9620178269962345 -0.34229758758902484 -0.37455483004456114 -0.07386798458421628 -9.91851490967477E-4 -0.2679391904218065 0.2598711262257183 -0.16853146647622808 -0.04274024571635826 0.34233694215356475 -0.04594659129347914 -0.08625409059311673 0.4688679727405276 0.13596304058340772 0.13378296349246607 -0.2957704777157241 0.12506074500784173 0.03692796448380068 -0.02446705600455464 0.0901422135131809 0.004385294644497879 -0.014139503198724998 0.21192966780609238 -0.11454454208580682 
0.46698245529009696 -0.02381449944506464 0.22020690424560618 -0.16845929088501221 0.16891330242978086 0.17644322110788013 -0.17286928668714996 0.06843859450080347 0.14258476213141488 0.09571785267412497 -0.0343937310478353 -0.16094258221877117 0.39859671538895175 -0.2271998233589588 0.20478771774310192 -0.2603108153608296 0.037668697414207676 0.06771919640988211 -0.1016537056259376 0.11829513912878065 0.05591117379072836 0.023730139955518537 0.03396611485833744 -0.03120290251212846 
-0.1044599471592278 0.33372843394314344 -0.25744396053847884 0.07715621781071036 -0.1998440969049664 -0.12693113058786643 -0.10964161588346366 0.06032215398017615 0.010113390378849244 -0.011694700631398047 -0.11975850873055882 -0.08551870773555034 0.313369724786624 -0.11687416793404874 -0.11367195763991832 0.012642119091992829 0.014243261560466588 -0.17103959195677118 0.042800701180457534 -0.05169685635122726 0.08918019623556138 0.1291761510553378 -0.0485205050512563 -0.09363474234127238 
-0.206160752540125 0.5832838125941517 -0.27581332084564547 -0.1552790930211616 0.08228343184058717 0.09739674080961547 0.2941833748694276 -0.2964880410045563 0.005488301564287201 -0.054829475885475876 0.020839469864093185 0.2073087239960606 -0.042111618639326075 0.17178434800685594 0.03740221246753835 -0.16204449152452036 0.22346145626530647 -0.0794012221488896 -0.07444107704949003 0.019229062208527676 0.01969666257615668 0.0697072578092741 -0.06527719552638502 -0.043781417085799024 
0.35848025655147353 -0.2952242398064868 0.21447115542081963 -0.11838444079212007 -4.06700877770394E-4 0.2847028255976394 -0.10205730809394309 0.1690224203301336 -0.24173260413947853 0.030082153267351752 0.07199832340432555 0.01052448332328454 -0.38076254817174576 0.3630343125782402 0.08400119011094875 -0.2360885884124937 0.10313116241226439 0.10416472771778269 -0.025272143008690257 -0.044243383709211846 0.004740949870857043 -0.05072522808288491 -0.11490357347237767 0.03912442686306717 
0.3618472093527245 -0.22469120659081732 -0.1279572911366581 0.4154445129899641 -0.6011897643797366 0.20882990946179603 0.046661790566559835 -0.04359872529975828 0.20941777166210873 -0.13429234770307225 0.06555943946387754 -0.07761992649079152 -0.170191209044282 0.09003710639719505 0.11247534771801708 -0.1900273757832441 0.039662459710673094 0.3223089959540915 0.057754775214819865 -0.2054177816847644 0.08297585650062266 -0.022619231631015823 -0.1615903679057217 0.08244468374089114 
0.7538237164095847 -0.3513869941990926 -0.5833755457258187 0.5000601800426285 -0.1675009860315977 -0.4951418980673048 0.08993560529404099 0.06660764725541268 -0.10607419428263265 0.18021241952605488 0.202592226886682 -0.0604276630813258 0.13304155023269715 -0.07426820352333774 0.007155196664758075 -0.06851882759048365 -0.1989959479323975 0.37664859205123236 0.039512605095232765 -0.02691163208287854 -0.11657542951326798 -0.0010596979555615449 -0.010260265224926235 0.05425341995805017 
0.10674114466366547 0.34125387059886947 -0.21431601342637752 0.10558072391119633 0.04684319528548153 -0.47960788522018705 0.02492259253097595 0.37097269058709736 -0.3112684728660037 -0.062036914121779974 0.44031362184008005 -0.0045492540243076696 0.6980281889281633 -0.03691042083120314 -0.6241599696733305 0.15678086413061978 -0.119740060159091 0.022371533512543767 -0.10857398319277096 0.03313047069695163 -0.028572924913453885 0.01924682383856423 0.12446603931858759 0.006213348135972167 
0.08690863819791161 -0.355392167831317 0.2361849265714051 0.24210393651871476 0.27256466308681304 -0.5010240532150663 -0.20972552436184944 0.042471608635341385 0.3683368066643816 -0.002866469656609749 -0.084597972108997 -0.1887711127841079 0.6935599017660493 -0.06926941557307605 -0.6867026099304109 0.008931441994661374 0.3110611389166016 -0.42328250312123566 -0.13071868504907755 0.18355151153132906 0.12494187860631288 0.03448882496111311 0.12586509301798599 -0.023876893536369376 
-1.398779818325929 -0.11195735728109568 1.3347423817347215 0.0740800423600616 -0.46200240846166896 0.14465638649804546 0.522214304972818 -0.13092211808057752 0.057931045928963254 -0.10049337462743263 -0.16424357899404574 -0.03208824604731697 0.2670505308985159 0.03120430513114651 -0.16760901248776264 -0.21940076165886566 0.1397819311939259 -0.31580201308416317 -0.11532733950641433 0.2776836290061538 0.2235210018462537 -0.020010760006427108 0.09369260584720497 -0.02548920523507563 
-0.5740955073937659 0.08302686646011814 0.7022030864848645 0.48901619483421177 -0.8462616009078272 0.4625734754372859 0.23344580422035266 -0.23309948300473704 -0.6654995894990547 0.09597417489554189 0.12727554824978693 0.024972513539286978 -0.3506868104653143 0.011952899532129635 0.3569019051598657 -0.017759236388998383 -0.30982593017910426 -0.09874264573202156 0.0629790478584125 0.09569090192048746 0.18711340104968943 0.03371814473104609 0.02866195594195925 -0.10995768284358381 
-0.36390837523604347 0.028431438059712377 0.05550194408018072 0.6403268797300448 0.18691053370102395 -0.014000610293873672 0.1493189467591179 -0.3242926506113248 -0.4649132803230467 -0.05142495637857447 0.05329904411907316 -0.03495345148077822 -0.24756226696475694 0.08449998565616361 0.11206516649269993 0.014778260934976176 -0.20030463198800588 0.12192222688957328 0.14937087789164893 -0.041806727448911694 -0.055725894613588456 -0.06494450854199846 0.07940982610495217 -0.05046562961269165 
0.6215333480489118 -0.46144526409810993 -0.19490057008092165 0.012258227000718325 0.8775859825427794 -0.12546761762304204 -0.21221498883023687 -0.1479158308607474 0.0684187666413183 -0.1285551129741771 -0.2793551514914342 0.14253453846337416 -0.2760800826673708 0.11615260023812901 0.3467589552072498 0.2210377250253277 -0.4425261397811516 0.08593107950326784 0.15509993462233398 0.12711062991102715 -0.514097950295211 -0.0635252789565988 0.14859676342474942 0.0388636511655726 
-1.253907445152997 -0.09322124897047246 1.4470987105395148 0.2681242434718798 -0.7230123042229546 0.07291025235948956 0.29693206782316595 -0.04809376180583727 -0.1418504483004579 0.20660479493342224 -0.1991577074382917 0.06052763032871439 0.26968677175644995 -0.1904692042010089 -0.22777372243584848 0.2916921340960021 0.1908578565091877 -0.021696148361613304 -0.07999819098479616 -0.0799621310810447 -0.13707624076253488 -0.03826198998063903 0.021989050532612502 -0.06583471376034446 
0.6991442755668231 -0.20460459073917647 -1.0338721623665519 0.012004337887311145 0.9362782373976168 0.16132480560080076 -0.3056605601786734 -0.7525308171405622 0.7152628453752838 0.15753513610933995 -0.19228636624577888 -0.13935898086217713 0.3734225394726402 -0.1755949352230406 -0.08808058922879185 0.10424773596956631 0.18986251418428632 -0.12898913571786283 -0.08123615480984668 -0.03645426349730888 -0.08640039256609382 0.004123782055472332 -0.07819447309572788 0.08377123703776312 
-1.211774154264349 0.4714187139832724 1.1583089075305413 -0.23462257800125785 -0.41500916325395787 -0.09230837682095516 0.43603630538772464 0.21790123577171677 -0.3771065974024248 -0.0796841109784159 -0.056202500101592 0.3034974494630308 -0.2381137456109442 0.10323992368582975 0.25710368933943 0.05961507380352408 -0.24333251568007808 0.10867630047791953 0.0028022974636292184 -0.19025714584462927 0.030328586461723428 0.04344918684512405 -0.05697712506302974 0.02253658856974089 
-0.5198009158133328 -0.21698043990586058 0.21373609910994062 -0.04911157017141177 0.15399686950542213 0.3441091041207688 -0.03805864318297619 -0.17155053915759777 0.4452480188905832 0.0022179938153249895 -0.11624933587260039 -0.2302640822170734 0.009202269115557252 0.08473462582986772 -0.2500314774245152 -0.14035674577326263 0.41077529099866733 -0.08911260292532171 -0.124323466567689 -0.216941079141055 0.39755099190509613 0.027136396456229988 -0.07035153043460773 -0.009297215740981088 
0.0699063873699135 -0.3967530954446197 0.05198351178297855 0.11983697609066901 0.398125926763377 -0.344510798334253 0.15472421693442973 0.23218753673656836 -0.09782879444327786 0.15391580554505757 -0.06624484743579173 0.03837041529693985 -0.4528034282526902 -0.16624544502734384 0.3594650089343186 0.09088265570268976 -0.13210413337157845 -0.07142056938559262 0.09500223820736375 0.1293297968810976 0.12960965642131173 0.04015634240661268 0.06109810417684664 -0.0303414240083002 
0.030697197403020127 -0.024722563514833595 0.26938496778077514 0.2558447981611356 -0.7026151806070526 0.5547638251334148 0.20796588375104108 -0.10885073019982303 -0.6170290318195779 -0.04067401152108675 0.023789398725144184 0.021096183443811617 -0.06527351199490046 -0.506855354946499 -0.1883499067700276 0.16541822238069762 0.15463596052628895 -0.04391242871674093 0.04728638220030207 0.10580381404476101 0.03906936098529138 0.16034963006185535 0.018690143969999018 0.020728805061725603 
-0.12861292611445485 0.8740261108697904 0.05208944639216817 -0.6597487292756008 0.40960926191701486 0.01662597082949968 0.028017327298624717 -0.20143805935046347 -0.23479704131127943 -0.17870713553004808 -0.3095161799310042 0.2688415886574889 0.028104633099507836 0.36142606166052155 -0.048383045232215594 -0.09367645396129827 0.04932259778935788 0.02044347428216281 -0.011000962104670739 -0.14463696582065463 -0.36728871887245734 -0.10557274152748806 -0.09358274562158782 0.11199547859721003 
-0.2247207230864472 0.6681960217764313 0.7787328521154286 -0.15557338463036974 -0.31565267965026367 0.2952780056891152 -0.1165643449659799 -0.2721491832483649 0.3965240593687098 -0.3125194258326882 -0.0506841015349912 -0.4076860840825247 -0.07949693448166191 0.9906413142887954 0.4097579664534134 -0.3236704524302134 -0.06727092883788426 0.02846523470854186 -0.1686649062226844 -0.3424648305479056 -0.22784503890880425 -0.37647031676109743 -0.21322645232004753 -0.11208017433290547 
0.11330144831612365 -1.8274905730718167 -0.057541294687701416 0.6065754293703165 0.056676882916908866 -0.27609831145859165 0.3499922176069524 0.7477476607228032 0.49726081657995025 0.6065567372833225 0.2517401395590394 -0.08322488673152206 0.3447557054923534 0.4831357358049225 0.2018054906002734 -0.10333252337038212 0.39521661223389143 0.11357405071413085 0.3950396898112536 -0.20477284567230494 -0.06068524974191206 -0.13984305951819834 -0.1771853505820361 0.05787832583131747 
0.14823081363271662 -1.6458881644104162 -0.9050735610395302 0.5936940761288172 -0.3243362045933469 0.6157302621518349 0.5529731572649306 0.44395090140726046 -0.29952284403877993 0.6961050023555202 0.38284059594026487 0.5333699441370335 0.6534180507492403 -0.32120850148395164 0.30309505271369935 0.1410655981548873 -0.0713089282513808 -0.07084666975156344 0.2358686224674312 0.07086022206405633 0.0845455924325828 0.319831077429847 0.09286659235852045 -0.006167568802749064 
-1.349355810951097 0.5816609965484467 0.28857618116882744 -0.7243848895440479 -0.7716988123131179 -0.4843223095442527 -1.491870493250591 0.05483043533863868 0.29528215961820165 -0.2634901710695573 0.005277523077476087 -0.3753214029462426 0.5509866910043961 -1.2728525898727427 -0.0834022849095913 0.18148386242143913 -0.23543567850539704 0.18935345145575175 0.1462460588560787 0.4630698675058471 0.09891743161234462 0.32439095344562935 0.23316135719307315 0.09283920394168137 
-1.4536462457005581 0.4272457414181545 -0.3036110439539339 0.0867099803621505 0.3124619527188921 0.611930013986636 0.09676114306049832 -0.1382712367484516 0.24387661055183574 -0.8369892039457892 -0.20605257036977087 -0.24313511956691725 0.685646508977292 -0.2952010975143537 0.1203614424258282 0.26083016557158223 -0.46098636827828154 0.3052848039052536 -0.07852913321025885 0.30016309527128976 0.019230241775454144 0.2654590354121206 0.2732776862690371 0.14706651220190162 
-0.7387200950304273 0.9545002436321264 -0.10806569850172565 0.31561588998933243 0.4445848397769805 -0.8422585417432473 0.13936004814093245 -0.35035087271688203 -0.07119120555239145 0.3999309800970892 -0.1532973488651621 0.02651003329540924 0.14489557550998286 0.5616278061476344 0.25203314780178987 -0.1949729382035402 -0.6231543019750372 -0.1406038620148002 -0.4312584159237012 0.13407864844094713 0.2196234129415865 -0.10236462669989606 0.003882420434832908 -0.1860567016375315 
-2.214026571259494 -0.946704495409195 -1.0678369484817383 -0.7087968103526197 0.45048107419644856 -0.12115603346442855 -0.02705471380005464 -0.2539477303788485 -0.1739768867798458 -0.4319826794641649 -0.3577050268955272 -0.10874531058949721 0.1694731925191928 0.841454246264453 0.23765359090156327 0.22047500070281797 -0.0614137826964671 -0.027602246568177335 0.04940157052517813 -0.09180869638127893 0.036794139319412146 -0.22961935855639692 -0.1672306549807193 -0.1337199596976666 
-1.4038523747015779 -0.41624730348078165 -0.08541030997263999 0.25828732042395774 1.0287545328732155 0.3040323002256802 -0.136187317049211 -0.2895672631690042 -0.15466133054071707 -0.15889955321068128 0.06945649003585552 0.11565379747764176 -0.29412856925789277 0.33325279742613995 -0.11991669623387351 0.0031172174610206347 0.08955628536360562 -0.3097788383036968 0.1182231796412691 -0.046221523352813904 0.05383869223915899 0.17165485024789584 -0.043460736331708306 0.050565046395434916 
-1.6294996834225612 -1.4117432238187506 -1.0278995109231666 -0.5460507369636161 0.20461845426017589 0.12159133270670429 0.08633011408003566 0.10676304762144628 0.1752292550877621 0.1312841383772868 0.1842624751218782 0.11345287743496624 -0.7718028540796117 -0.260440183021133 -0.3203636175455832 -0.22507650256679967 0.1702061189727803 -0.1126007683558372 -0.1340586179098235 -0.2242053114138649 -0.1737996736763138 -0.2448073487527048 -0.18092137200745853 -0.0694803302402657 
-0.1485978311752154 0.1872612155584843 0.231715671420609 0.22489120091176873 0.29884729365429996 -0.034295709917723405 -0.27200190472292 -0.3920416916585877 -0.40731035320367237 -0.3966669795673241 -0.2938988908787399 -0.23628419990312724 -0.5522496134441884 -0.20133067960335294 -0.10535484555278478 -0.008971332492950753 0.25251378563362475 -0.04210637834488671 -0.22465268524461282 -0.2868065970934388 -0.22820707726001466 -0.21313716580989742 -0.10322848562103663 -0.061760364563853254 
-0.52624528078384 -0.467138205865429 -0.2653090865416132 -0.016869242896126124 0.3048163368875654 0.3858102766747848 0.44302843376627044 0.46990541810753794 0.4737466455805732 0.4213230799722708 0.36673677958414613 0.2756646788216844 -0.32928713395673226 -0.15209700212388635 -0.07154613435668034 0.015572066923649652 0.18897353761767308 0.05865458194010936 -0.026248921410562214 -0.06778139435669145 -0.06439685596145324 -0.07694604951081241 -0.040523571096682885 -0.043465515187830574 
-0.2987307356883733 -0.28455777364738366 -0.15064098550506233 0.020610570869065037 0.22111423465864644 0.29824196327630004 0.35942157884151 0.38928134286826627 0.3807012059929213 0.335492473421519 0.2879047946678314 0.21982899047584245 0.006390101256286289 0.16845504170677542 0.19855151299324905 0.21006806744782822 0.2530558260221284 0.1307981105024647 0.03402756766880286 -0.030681967586454695 -0.0622972948843197 -0.0849956003106289 -0.06969823033277413 -0.06417669098330016 
