0.0 0.0 0.0 0.0 0.0 0.0 0.0 0.0 0.0 0.0 0.0 0.0 0.0 0.0 0.0 0.0 0.0 0.0 0.0 0.0 0.0 0.0 0.0 0.0 
0.0 0.0 0.0 0.0 0.0 0.0 0.0 0.0 0.0 0.0 0.0 0.0 -0.03669208504570243 -0.051215162920948486 -0.047231433759034956 -0.037610646860552856 -0.029648062612074182 -0.025913226002155693 -0.02059617809726148 -0.01301526784173466 -0.007303923596481632 -0.005626811622607882 -0.0038424721896064182 1.616913500279149E-4 
0.0 0.0 0.0 0.0 0.0 0.0 0.0 0.0 0.0 0.0 0.0 0.0 0.022546843666988597 0.02986157221788151 0.026355160473765616 0.020653272887032892 0.015285115299555127 0.01192682213037736 0.007681129846296449 0.0031124512775553004 6.873742497480924E-5 -9.864295483102044E-4 -8.406781602063087E-4 -3.3536916832956526E-4 
0.11007625513710728 0.15364548876284545 0.14169430127710486 0.11283194058165857 0.08894418783622254 0.07773967800646708 0.061788534291784436 0.03904580352520398 0.021911770789444895 0.016880434867823646 0.011527416568819254 -4.850740500837447E-4 0.048344450127576266 0.06789278910414513 0.06436413925903443 0.0553547179032226 0.046988578656348 0.040200264212507025 0.032835611902395125 0.02511992556047758 0.018152579408955222 0.014198428986588471 0.00943510935108382 0.0031089289132772285 
-0.12267865856951943 -0.16640746103506726 -0.14991263205984928 -0.11837578895192796 -0.09032743981677666 -0.07465030539436562 -0.053937656684781565 -0.028860255595267892 -0.011162097669646875 -0.00548092878898121 -0.003241673803790701 0.0012486445300305682 2.0288044470519453 0.7355050336844536 0.46150737272962844 -0.15284094884664093 -0.5043318464356381 -0.14658272555074517 -0.12317815074120003 -0.1629789001174031 -0.19268995691484447 -0.06586652519337965 -0.04939958004879406 0.057906443309156314 
-0.08369402109796908 -0.12047463679490178 -0.11813610174717867 -0.10687625923370381 -0.09580201606065566 -0.08327563994033826 -0.0715380073647946 -0.06092964888379879 -0.04887668939204223 -0.03985482256527481 -0.026684491151356113 -0.00995110900484697 -1.0242338078098883 -0.18463304591012566 -0.4375771446377821 0.2818212785893019 0.6320311421952797 0.18780922072939601 -0.06033315034230746 0.2400794736400841 0.20116825193102383 0.08541273628468064 -0.033726187840601066 -0.11195849742871494 
-5.989528203038298 -2.069455038274487 -1.2546069166767437 0.568376946447604 1.6053686412553536 0.5202558356256382 0.43619772305188964 0.5389244265567106 0.613464100835277 0.22596720429668818 0.16730469400646988 -0.16898631245008733 -2.666293637112174 -1.281455966480374 -0.7914639568172128 -0.5342284810475092 0.2641435919041564 0.19600102970157965 0.27846390904076074 0.21006798461493062 0.024559506087220132 0.00552346029898039 0.15829270109589616 0.018808022364954085 
6.116202450801161 1.6590684151129325 2.006772877498898 -1.076008262886013 -2.6549972792856815 -0.7831410546917229 -0.0022797045496287804 -0.9650849584710377 -0.8939060842560885 -0.35508184052905295 0.02743279618549216 0.42050789672612005 -1.530834289442274 -0.7810279309244078 -0.079800105374899 0.4650922202952798 0.2700573804945232 -0.16441682446216555 -0.160352607011886 -0.11704647054118955 0.05150119513288171 -0.04773078695219346 0.11845583913677098 0.06744930706699502 
4.776254016817438 2.7881889124521377 1.1620247487687505 1.9688756560167544 0.3968394160832669 -0.3127206871234123 -0.9239585352146467 -0.20698655464644017 0.3376740815007159 0.1355621992959667 -0.5051784207599033 -0.2704049254303152 -0.08666146010176619 1.117172658497662 1.0307671008834034 0.6225388493827723 -0.16285490206044453 0.011064486090578455 0.6784744877914033 -0.0064212045499084285 0.46382043468701656 0.09210827539130877 0.04804429673162349 -0.13425904391836382 
-0.8740822626990149 -0.2062128193849908 -1.0870516183452288 -2.2024022749041183 -0.3017095449581819 0.8264630948206836 1.0895979428041316 0.6631652533413452 -0.0654852651234068 0.14854004079166633 -0.04581045117848248 -0.1615897237157181 3.510842382248851 0.6704928751686795 0.9027681135871285 -0.14579407989413196 -1.0856172394513337 -0.056431219491132945 -0.10924891334210574 -0.44400270322870633 -0.1962457031280319 0.04490675938355112 -0.20837164609461664 0.09510280590199653 
-2.234401465982911 -4.488332396518512 -2.7999959714048903 -0.7360425956916603 0.9172894802729374 -0.31773969740230046 -2.1451645639992005 -0.25593706569975566 -1.1922076127921137 -0.3021685625375977 0.05979342749358674 0.5248396295259232 0.45014095370395174 -0.18081097533604792 -0.6219383250835505 -0.316994892090327 0.49617812173624976 -0.1336780059680626 -0.31023960131068645 -0.028494417613242173 -0.14144937884582956 0.09907396537324892 -0.26471054278252687 -0.04896870348449134 
-0.910996954545217 3.285850444092219 1.2794788968243331 0.7138331026505902 0.341629406973484 -0.61133789107888 0.9360700498689654 0.3913984067417391 0.459771872274422 -0.2709367377629241 0.370061810342597 -0.2624227984579887 -2.204837769487437 -1.836033577227055 -0.9216578501530451 -0.5221103073229948 -0.10429790161422788 0.08608434309413726 0.26023931480357126 0.06567171723691285 -0.3358485843745871 -0.10067071199264567 -0.022172954325770877 0.0928993042224524 
3.4442885016286837 1.5845902067216766 1.8445744664346209 1.4617426435103813 -1.4133644250913153 0.8072138237305573 0.08352421518499575 0.014380121493089426 0.4993936493392902 0.04807869245351515 0.0810170768271376 -0.07308227760570588 -2.3117498256450735 -1.150238350814839 -0.9257359947624653 0.24225230312879953 0.47527210054911745 -0.29165519528221046 -0.39530247298706717 -0.11037307375305 -0.31982448078124043 -0.1744014497730398 0.12844459368515243 -0.015000041064144246 
2.901086061957498 2.26542661067608 -0.6443632868058486 -1.7349639725361548 1.176511112566628 0.00573330497184299 -0.8054643911986803 0.3309915080341841 0.09625985693465255 0.2754285492740469 0.01009658713205471 -0.1413266828172608 -0.5304589368454874 1.2233059615226491 0.6864102347340358 0.5277506869058182 0.17775671632468446 -0.12907852398926642 0.25135796321424525 0.15553794092110496 0.24413522322411998 -0.07488849388189477 0.15959111320544098 -0.16553548731733267 
2.7948065027009523 -0.5274054273659257 0.9391331046975964 -0.2384009674846863 -0.925967674170987 0.2486902904189694 -0.08848992450417614 0.10538560491317184 -0.050978162778507835 -0.05214685673696384 -0.1455577419565994 0.509291694897992 1.1466797015831824 0.6288938437431737 0.727077048633399 -0.021178741680217383 -0.18585377677173964 0.41164593838812874 -0.30651081416730536 0.09301906740433345 0.16440630804739978 0.09463356180036171 0.09524327942785182 -0.021424772809420334 
1.005120855455111 0.6719303765680724 -0.32703112650926247 -0.019347152569330506 -0.4353391174607335 0.05515944754471319 0.2680032300708155 -0.12071815773161698 0.0025521086609609986 0.0038415184779996836 0.004575880118142611 -0.05700332275783959 1.0875320517418479 0.5847949519180355 0.020259682766506176 -0.6277986381983962 0.22967029340686543 0.16132299008242915 -0.41133336290152506 0.11649941996725155 -0.0495019253210496 0.045360589675358 -0.002513391513079923 0.012330720819127653 
0.9522320001303299 0.49465679254615935 -0.49532275961386896 0.6674704585676214 -0.04987797976241559 -0.45243706272026396 0.46632284705216387 -0.03882224783701038 0.05302859933393664 -0.10002847754954636 -0.2019524079494618 -0.05096963920715547 0.7516411345171884 0.06835112268237253 0.23813997209200113 -0.03868008546162468 -0.3418029238870986 0.1795072891206904 -0.015199171312266557 -0.07630756982329572 -0.04029421085549022 0.006434426706552736 -0.15323518272063005 0.2592660891309462 
0.5597771580172655 1.0644965930950434E-5 0.012085597050365493 -0.3045037709671199 0.04945538514174608 -0.12767198870582774 0.15112931172772504 0.05359717450752055 0.1927622518415791 0.16328759065426418 0.04583409466772567 0.10181182177792997 0.27494353253338727 0.359877058510006 -0.32611411994259193 0.33308308827816124 -0.3038949179684818 0.06392045729724564 0.06561681978898619 -0.027518442112738423 -0.019951292844327912 -0.03671314840375833 0.014926676602714212 0.006073872260805181 
0.7625549478683098 -0.39649892961197253 0.05515482664177895 0.020217598099082412 -0.14295615381093096 -0.1984158588178313 0.015544548604168762 0.2471506482634902 -0.025200601802346234 -0.1511731729447543 0.2935186989304992 -0.3479141447627313 0.254575266148328 0.00784145516951599 -0.07647493204540591 0.3545940395209542 -0.15479762578549275 -0.1477694168819612 0.27937950162488584 -0.07068881053995694 0.05991935726763051 0.038136010314913975 -3.832661310265347E-4 0.007873281047675615 
0.2751287839859593 0.037877062117120275 0.3760724401906893 -0.6949699871695447 0.5228847234689695 -0.26361252629824006 0.2965419199278545 -0.181149279443652 0.10152058776208617 0.13955331138687865 -0.2879397031299805 0.07324731323753278 0.14115472773690682 -0.18209193046590086 0.34657424708687246 -0.26870853007602225 -0.028586839987633006 -0.05330735283983697 0.14568380148925938 0.04406432350830743 -0.10341440278620255 0.16665994624682226 0.07843390927887664 -0.0446075753216745 
0.3308303887009991 0.4521992184620167 -0.4478913850478131 -0.2010785518940288 0.17780022843045096 0.058841456721825836 -0.44452196192255844 0.2906174107584467 -0.0811086404292084 -0.2025693688605955 -0.03391571065752906 -0.06030722807998371 0.2106544414827288 -0.28373945400008554 0.4344049320507595 -0.3217841884422375 0.07958931177349797 -0.0812451316812266 0.041558336583607934 0.05377176740367421 -0.046362615379299456 0.07380882175228382 -0.05255841766240086 -0.06459329427104088 
0.35217525439020037 0.12193736232663888 -0.7761140383654559 0.6122698942575024 -0.025162286016045865 -0.0963785879561454 -0.05588883747668949 -0.10032917726488 0.5309594795136179 -0.310994150128282 -0.02575042837489011 0.09183108940157968 -0.07770654347055661 0.13496435774589965 0.18144402813601168 -0.3969915943531313 0.27649919449577204 -6.22954928582109E-4 0.05958375801376984 -0.10440390099179424 0.10788234623853975 -0.0462042095448588 -0.17466388354686405 0.024050899123811153 
0.0920683882180029 0.41268928228352486 -0.6719667302324268 0.33195022271227126 -0.10770058438891716 -0.03829743294519883 0.06708491755561696 0.045425294963081564 -0.10083220154021372 -0.1473259074440254 0.3200993145401566 -0.1634261500316321 -0.004851139771412012 0.4037746440548761 -0.4934606619889787 -0.15311655162355464 0.3163846601866252 0.22882863521006847 -0.18109697743037256 -0.12233747705686719 0.19370047823950912 -0.19361800568662954 -0.10885856454643587 0.032147933532174634 
0.6276294146391272 -0.34726104303133276 -0.05622197162503895 0.22949040858669928 -0.16386245360866258 -0.2131742166789814 -0.13801279385254273 0.2546584814294133 -0.21226467039803038 0.25054420931317 0.059044434911768806 0.052654076841923525 0.5140469895403518 0.15749298489596666 -0.8164356442715075 0.2539609332763156 0.14789876061272578 -0.0533216416929729 -0.13528350665287844 0.06699920840964824 0.16107453420818033 -0.22868120540898604 0.06499231566236696 0.085781773824309 
0.20765672789077172 -0.5245255110236258 0.6725445675489143 0.4496608458120367 -0.7020036683331163 -0.5692466345469616 0.13983094855648592 0.48013601258190164 -0.2905980001919116 0.09751546847856704 0.2502625513384491 -0.13716252239667953 0.5485917783219479 0.21427922243901007 -0.7064042982038301 -0.07794776620624726 0.04935821133243875 -0.14070214138132278 -0.08888235477318883 0.24093074561772512 0.04268379376128964 -0.06264730769684622 0.12002615029057584 -0.002243345515922942 
-1.2477598840672393 0.11806580429231417 1.0009372455583962 -0.20846821712132702 -0.1717070258821236 0.32906093792365465 0.31358866698151133 -0.5186821613032347 0.1426187762149258 0.2526287781373798 -0.18580899376113724 -0.1786460458888236 0.1786468700825304 0.07486296322634312 -0.12393945861706486 -0.18194372724732788 -0.23766214292761356 -0.18359887098991298 0.1360805155762771 0.30155652894976465 -0.003864727952442785 0.00907802122485546 0.07918485274074473 -0.05816565816163555 
-0.6160122973946578 -0.4628118086953288 0.9186665557873459 0.7847728341850262 -0.2518529322495029 0.11269141389745152 0.10793125145815641 -0.2906966205237699 -0.4063253061305607 0.03957373123440838 0.08244757800488212 -0.04104605211848972 0.1419830733569866 0.0798216241734866 -0.09906561726427032 0.05059434131720079 -0.07008161302006972 -0.22181910110201422 0.010280038153953544 0.1354808213396607 0.14406290070344727 -0.0079543925712528 0.062179012148676556 -0.08865017399078483 
0.5035233170342508 -0.6027067838745106 0.19253541010693986 0.6077655961421882 0.3240486071323714 -0.00334662793144902 -0.5303044920322093 -0.264594788867045 -0.14280683357137747 0.25228101426068295 -0.0946026366436819 0.17909281618773526 -0.5490792599560367 0.2154183537836869 0.5903834149902577 -0.1212735212421882 -0.25755095180412396 -0.1096651480002719 0.23217889223181318 -0.15354812752247016 0.14771630615625905 -0.05184302144128988 0.11849743461310269 -0.08562483381133923 
-1.0939340927309331 -0.40360408946067317 1.3739423370674535 -0.11023908477132327 -0.7396366457801546 0.2624144516866329 0.5309374136014856 -0.05335013765517527 -0.5800738974091018 0.12155252813067385 0.018122336333691758 -0.050081431462604464 0.12574959733812494 -0.21008613494217934 0.15596115716208514 0.18407764172682448 -0.0634184749233837 -0.01740206036954428 -0.0723667435414775 -0.029166626316107485 -0.18864441188297976 0.10667554306032702 0.054478028231434 0.03544647515714469 
0.6384387934690086 -0.5577931166760743 -0.9978508900524306 0.6028583060834123 0.8448376862955742 0.5831948630298797 -0.5944510907855928 -0.17671102017012158 -0.2136558466145808 0.3671684440131167 -0.5091386767648501 0.08274614521725143 0.4380126198189596 -0.26638972056393956 -0.01726267517983719 -0.12385257958148932 0.23515675767663705 0.16413093245152688 -0.47679185278879666 -0.11199992902449633 -0.06921624462711196 0.17608130875763994 -0.04664992111345956 0.0044469098944032075 
-1.0607188276264115 0.14498976253199114 1.0459762343807757 0.23499355403394073 -0.3219920470609532 -0.12837315047457998 0.35710478145928065 -0.24713862592390917 0.19503243603998022 -0.3378966128227896 0.12628151337116422 -0.09921214210468188 -0.15724718242112315 -0.1967400989233011 0.3432438513264384 0.04681667207931491 -0.16647504145514547 -0.08000748638737491 0.18558750017903738 -0.01640546189715536 -0.35144062383393254 0.08570147099118537 0.035971049451727334 -0.016506671772556533 
-0.8271221749748889 -0.07783454817902413 0.40830648698979033 0.8067070154840241 -0.5902439652571405 -0.3003456242054232 0.9869873824052833 0.1682992423408109 -0.3227112664145826 -0.04623834153550513 -0.008732461822039461 0.19031744182556434 0.23934423037177263 -0.21522785520863788 -0.23733371512526333 0.22412347919664555 0.10294782999234675 0.20209046369072903 -0.15549283090609287 0.00971546300915374 -0.1740650911282169 0.15636024152891215 -0.18771447260906893 0.07549477010896044 
0.1105879387543851 -0.053363076939294984 -0.3588679054329722 -0.3526134557095739 0.4773293043616391 0.944207154466409 -0.8165443235310647 -0.17663888321917542 0.5287756839926969 0.07115150793142866 -0.3399939194928956 -0.05434706444909132 -0.517090350779252 -0.10851233196803027 0.3121390927779628 0.2682316823881464 -0.2924525515880289 -0.2135192709444589 0.3837817180304188 0.08472125864654599 -0.011029684755099578 -0.06781663852835085 0.03980766837350388 0.035685638819276964 
-0.6652472808367076 0.1870668686854824 0.41657232523023335 0.22429137336523297 0.1363335206072378 -0.5593666805128019 0.4588519544278584 -0.24110728054994968 0.1416678027937115 -0.30643634095072886 0.2871424574943866 -0.16617070393742517 -0.5443901512766155 -0.22541777266331944 0.08238186626715516 0.10627624981841229 -0.018861880276258864 0.3307270628539025 -0.15095137649304627 0.17831627166226882 0.09521418275795328 0.10836384325536375 -0.07712002313112 -0.028050981519124062 
0.40961477764225407 0.3380760500038287 0.10542603692666574 -0.27849367207110287 0.19207686477094432 0.6416951905124861 -0.5301726586432632 -0.2965991404181668 -0.00406804429886809 -0.004347697530125205 -0.14107895140756044 -0.028024985681018022 -0.32390673730531044 -0.11598262900096135 0.025777885270317658 0.11091161357139219 0.11429075257208769 0.5427619404680325 -0.2966159866985925 -0.2740440621567341 0.4367389844498413 -0.0483297754553603 -0.02188890278660625 -0.007434188860363187 
0.656534859411023 0.4026992063393724 -0.07098608299149411 0.45081837420955173 -0.3910321046330165 -1.1412708307901693 1.2966556794405215 -0.30666944404649993 -0.3419319505426599 -0.33358026857081946 0.12317012352865297 0.2613093469988999 -0.13438608131107385 0.2522290634845419 -0.2996979835844895 0.21707496029617976 0.057590627289963336 -0.25500718180059473 0.5020693088247933 -0.09892604070758983 -0.033850330305023935 0.015528313104656633 0.1283800517269352 -0.1309893080503377 
0.4214170805464512 0.18676864123664405 -0.19242235713306144 -0.7986117968459099 0.3981398592655032 -0.3931265917990047 -0.34559822594161865 0.678274384999302 -0.5396413926886414 0.22971279810755488 -0.19234104415021003 -0.2457845233361643 0.8978290576681963 0.669368451827669 -0.005680802492792718 0.1372847618585659 -0.13305324972153273 -0.44087550998411523 -0.06039898244217797 -0.637665048631372 -0.34305636928639666 -0.2521760351633056 -0.09643960174966576 0.015917366182166316 
-0.26799018835558464 -0.49396661738455094 1.4645904730135655 -0.16687444513590277 -0.13946985850993165 0.7230657560447277 -1.1396431883973437 -0.4317659211359146 0.51100546790367 -0.4700515280835388 -0.07236665131509423 0.33567698904116106 1.0002565773932455 0.4614794416826625 0.17768117293992333 -0.16562768864145463 0.07249123094421443 -0.5790508811812001 0.3312315817099229 -0.14227961963811078 -0.36210353350113583 -0.2424408188338555 0.047043221627490396 0.23728016097225313 
-1.8216098714790312 -1.2216963936172167 -0.6453198335974859 -0.3815015479740733 0.46545549087400007 1.0321534270473833 0.8691737226022033 1.6789442440206563 0.598632354337157 0.8204160377161513 0.24600824126331045 -0.11296090524864755 0.8489750776447363 -0.004886084723038013 0.35463139246027026 -0.49326841733848864 0.2106861373633536 0.09475308518433247 0.0933401751182641 0.5529101270069371 -0.033960471246631485 0.12862413531727535 -0.09374951670557574 0.0593770219114065 
-1.2227213967559725 -0.2775066012816847 -0.37758086357905185 0.7391463156979974 -0.6421636132699082 -0.11675819666976317 -0.3044250399611581 -0.38016551464284476 0.17524177644784844 0.09839056812644875 -0.23713418406057846 -0.5169429449616179 0.51486601752788 -0.5544028615899305 0.6983582509847436 -0.01797992176696502 -0.21506880330426917 0.6569323890249472 -0.20251481428947682 0.35273490931162516 0.31690645255043154 0.03671046352995244 -0.016874244820424805 0.0050233240818614204 
-1.648142548187564 0.09319688735432496 -0.3352308662175636 0.2281830747526059 0.017428324555430752 -0.2574738709947567 -1.0432278255145038 -1.006256199268044 -0.2698781332208362 -0.44038065594926495 0.17129127233925934 0.0023943779310056645 0.14987245539350016 -0.37136453878634734 0.08379646225437416 0.17007855526037327 -0.42079187331740214 0.3006686835977821 0.036043090994338924 0.4580907754766688 0.1714834812035806 0.31558303480944133 0.03374271832041056 -0.19988386920597645 
-1.8993219025849584 0.5117953268994695 -0.7855287636306265 -0.4177769911983473 0.7297501345621605 -0.6029177620090439 0.42410202852944034 -0.1473704274264397 -0.005458645968628106 0.050215428159312014 0.015614567608205732 0.2629293752057502 -0.10115055826993853 -0.020875123757835883 -0.04190939540707669 0.36538149658638375 -0.5324190852249445 -0.13682616632205144 -0.3221606267135732 -0.2918990783404137 -0.0011385532465944537 0.004654260237795795 -0.07815213286035942 -0.2293917936258428 
-1.9329269847450385 -0.5022537413487518 -0.6927352703348211 -0.31327556030702075 1.0418742369101721 0.3732271589236774 0.39678091537388727 0.1882743739824474 0.1745321219346535 -0.10224549672860439 0.018405710467686687 0.09675454228559777 -0.7935958498661936 -0.139492417910553 -0.36235738040304605 -0.011493331968626563 0.011533940627698469 -0.11762890328693716 -0.22584500124413476 -0.3599549790977499 -0.16725509974360797 -0.2044716101582087 -0.0072616595512505116 0.03248441090536806 
-0.7768775036674196 0.08284408434336132 -0.07310047529919306 -0.08626885653134053 0.44287068622755454 -0.021630212662825943 -0.05794753026463395 -0.10173356624684948 -0.04354769139011305 -0.08463979219726891 0.07376499545628612 0.12405235373861445 -0.8036378049205775 0.10794496033909769 -0.32717509816676466 -0.14150493202406497 0.39468264902979366 -0.04871169477694889 0.32154840492835224 0.09780267771004124 0.11541977578386188 0.08012283583597053 0.05137572051126094 0.12179677572726433 
0.17142280195224746 0.726149762364038 0.3956271308258579 0.0969090033249822 0.12626622683963834 -0.1952309358070542 -0.12466804238506235 0.050790307435410575 0.25093168872073024 0.24046178470365165 0.16400103706897068 -0.02562034405153063 -0.8533012244601496 -0.3474636974451591 -0.39111014599852073 -0.23339627509596092 0.32186156213685785 0.16007819828960182 0.2590143552420547 0.2314595698851111 0.23634407460698348 0.12628355991261078 0.13776120459297794 0.09935225870063291 
-0.540583381171869 -0.4262413059742185 -0.3481846697106721 -0.1983544769421539 0.003506192508046402 -0.17255363031283144 -0.27981870737614156 -0.372036427283045 -0.38991775671325213 -0.3615067200647276 -0.2113102572262191 -0.04127350880747854 -0.09049279193448001 0.288603541644959 0.1617910248456945 0.06637854206877351 0.18792563807076412 -0.012923882158960601 -0.004205207765997902 0.02571786283694429 0.09154946639745569 0.08892993192036795 0.115785462908423 0.0768669245549591 
0.5088296273876347 0.7946800461455155 0.6181372648664807 0.44295607518626867 0.2959717973593526 -0.031545727120125266 -0.26932656179652303 -0.3709529051547882 -0.36131506922472734 -0.3426627125327073 -0.2523402769699945 -0.11863930254325444 0.4705562901422698 0.8021494513028361 0.5636930962886307 0.303265708628667 0.14722706374643965 -0.13686804942665362 -0.22651834781662897 -0.21191961596192999 -0.13406848097415303 -0.09888788654873304 -0.06360528816388457 -0.06309150114450753 
-0.6741025405816732 -0.8172316824822543 -0.6697286168565879 -0.4584280186683043 -0.2057590132445949 -0.0647011705294086 0.026997352739090097 0.031984451537417025 -0.012072711609751319 -0.05986733934019328 -0.06542073624950029 -0.060038940680400915 0.3114076632200023 0.49832939581075486 0.3664658909005178 0.23232676153151022 0.11462612766843043 -0.12619101138332853 -0.28396070690675346 -0.35194778840391433 -0.33265860520904217 -0.2799071098783997 -0.18183640056372496 -0.07822796957384333 
-1.1734864887696599 -1.4848034032904525 -1.1346801844670762 -0.6828513516979435 -0.21078236152335994 0.16144698258119528 0.40147897100720875 0.48453871591096953 0.46421460909143897 0.38630575398758366 0.281872141072265 0.17303687531845313 0.16612221966363303 0.2740159423642248 0.20706978225655545 0.10046146292579232 0.003598364938696271 -0.1223794381721831 -0.19173770434171433 -0.21892718109640774 -0.21303714083686742 -0.19317372416210285 -0.13244834948909143 -0.061843798454259656 
-0.6336483127532286 -0.781487768688499 -0.5711736177454471 -0.33243104809457846 -0.08699511105588859 0.10952304898649384 0.23666064694225292 0.2560611273958192 0.19529321975579114 0.11373037631032587 0.06709273544382602 0.047572310983197655 -0.32880800079656175 -0.4007900808118805 -0.31890009870809183 -0.21784137090338343 -0.1038700165816236 -0.02774995063351991 0.022568362524948694 0.02530469862023313 0.0014554157942204087 -0.02023901359998249 -0.025030070265573422 -0.028947419287041445 
-0.009764145517486611 -0.045239737844036454 -0.05234958145875607 0.07857320112202881 0.2257947514489106 0.2484804776384728 0.2010549041270386 0.1737903002052339 0.17411338760310363 0.15005960212834166 0.07874803565061665 0.013086466987725219 -0.4186043272917039 -0.5308747549051533 -0.40690074774076423 -0.23423533203185443 -0.05131634878373228 0.07983321343488882 0.15869260379091135 0.18645348560114802 0.1755909688743593 0.13865138456378143 0.09223927740889117 0.054943588406555284 
-0.2695397098180745 -0.33464327276982087 -0.2541936222364725 -0.1856161823681401 -0.11243751998585935 -0.024968066157487645 0.059504298604329084 0.11144456352958546 0.12861165175175512 0.11897277738937517 0.11123152725804414 0.10677852134608737 -0.08208946226948537 -0.09982288392543187 -0.059382783115973815 0.02018286080196045 0.10581712792467589 0.14728817686947518 0.15313583959252894 0.14029244930530485 0.113581152101715 0.07135979781446769 0.034036515499297405 0.014898287577664962 
