0.0 0.0 0.0 0.0 0.0 0.0 0.0 0.0 0.0 0.0 0.0 0.0 0.0 0.0 0.0 0.0 0.0 0.0 0.0 0.0 0.0 0.0 0.0 0.0 
0.0 0.0 0.0 0.0 0.0 0.0 0.0 0.0 0.0 0.0 0.0 0.0 0.0023193810910277315 0.0030386088029808467 0.003440128137265297 0.005010603368134007 0.004564550944322399 0.00291324074616206 0.0027614151599249146 0.0031564521047462066 0.0010836792578844585 -0.003039551244935814 -0.003976696127737832 -0.0012370969006909964 
0.0 0.0 0.0 0.0 0.0 0.0 0.0 0.0 0.0 0.0 0.0 0.0 0.004292045618330261 0.00425353878029978 0.0018026513800687334 0.001346341924339578 0.0019752960855191626 0.0026675178142412013 0.003283311431274888 0.0028670519107460803 0.0039575999838012315 0.007234237408193858 0.006922280232349536 0.0021717037754721003 
-0.006958143273083195 -0.00911582640894254 -0.010320384411795891 -0.015031810104402021 -0.013693652832967196 -0.00873972223848618 -0.008284245479774743 -0.00946935631423862 -0.0032510377736533758 0.009118653734807441 0.011930088383213494 0.003711290702072989 -0.019227912292614075 -0.021230226733095048 -0.013182637816433454 -0.012518920832245614 -0.012219215723460334 -0.010898189984667461 -0.012259244359071877 -0.011693014426542839 -0.0070111319827451295 -0.0021710385667506513 -3.115889912483488E-4 -1.1454608321012638E-4 
-0.009397065218449185 -0.008202703136428069 -2.477619343082549E-4 0.0034768792791822767 9.209381599261102E-4 -0.003632692323480513 -0.005707811553937292 -0.0038664775751189318 -0.010247281064577007 -0.026262039091985295 -0.026731884888655355 -0.008370756677452795 0.012853409024938442 0.014154606253003415 0.00589055578209897 -9.359169789682209E-4 -0.002250698408185046 -0.001281712520192028 -0.003358085605219182 -0.006838410738358179 -0.006710336902714442 -0.0025472535417481457 -4.032377701963287E-4 -0.0017144877899773526 
0.06238226948706682 0.06779203176749918 0.03967179441645449 0.0358183228571457 0.03619717809041795 0.03451091611574264 0.039631638854184276 0.037012282067187985 0.026157036480523893 0.0196441352462446 0.014300709418072724 0.004529016588356777 0.015925823829390378 0.021863343827560583 0.01685634609970816 0.009927321600535582 0.008619994341098511 0.011545866261863788 0.012935071055929588 0.009613642417332488 0.003535937033725007 7.753143470821516E-4 0.002789456702858783 0.004009750915611995 
-0.07323043345489033 -0.0809177478472311 -0.0426677567604221 -0.0226173155438692 -0.018193320237137434 -0.017780181616538326 -0.013883685351321964 -0.0027255869756387663 0.005426973581054692 0.002379019869525857 2.4402793159371272E-5 0.004734600426790164 -0.028253045674879 -0.036440376969906034 -0.02699891342173358 -0.017490166238379828 -0.016719567614803865 -0.01919302814243869 -0.013704342954271073 -0.003523502969198127 -4.886399582848186E-4 -0.00635603666998014 -0.009729844157794761 -0.004778229225915818 
-0.022818930643033752 -0.03834833553622277 -0.039679425297863447 -0.03176667749448303 -0.02999650665773096 -0.036303576377548635 -0.043001521748871174 -0.03888072886597617 -0.021695976197644247 -0.007527818787194589 -0.009816425566270218 -0.014870640596884477 -0.0032347508246471555 -0.0091451591853041 -0.010624857725862755 -0.002139667533698005 0.00432317904264438 0.00672474778150792 0.01011558472231048 0.012070225149103041 0.010282994812037075 0.0064853028857086645 0.0034579560843358732 0.002564443603781242 
0.1179626718712381 0.154188611425151 0.12042458818805146 0.08973987817013612 0.08417648337841216 0.0893536383504812 0.07672179761040365 0.044650536799057526 0.015145145149361518 0.006392047934674719 0.0145162150769004 0.015663759592915286 -0.019971653716237252 -0.02253069861827378 -0.013217149913285806 -0.009069325387420371 -0.009222541066755047 -0.010180861127203894 -0.010285744672072833 -0.006332774457209735 -7.684757093580913E-4 4.693222029111286E-5 -0.0015420988099368437 -9.737095772417737E-4 
-0.02351003070205593 -0.022325670312779572 -0.00999980488019403 -0.013941271398762944 -0.02795726084528999 -0.03923023721229088 -0.03601785679360997 -0.022886455267469286 -0.009551033739740743 -0.001818287443455825 -0.003319064976805411 -0.00862889380604951 1.6822102946878035 1.8383115051567565 0.8657419166045132 0.04550404990217982 -0.21903045155595957 -0.04887033524827764 0.1147252133050898 0.08588377470723385 -0.07996327042673491 -0.16146562114908156 -0.08171562166017222 0.0038101969896292254 
-0.01296992227666749 -0.02133698460413136 -0.017856117229399393 -0.004322042429468126 0.008454680056907221 0.014225732182444481 0.01348171618726593 0.008275599596736995 0.001659929480177214 -6.165424632168636E-4 0.0014020189282374987 0.004534855763098002 -0.018941267300362757 -0.49773655681411566 -0.15303510531260608 -0.06640777233402805 0.07466764050101911 0.21323916890565722 -0.007315530773009542 0.00947485569405839 -0.010991622488781536 -0.07782312708945123 0.05405602973630485 -0.06182472351528453 
-5.003983517632491 -5.465520052991851 -2.567764822402678 -0.12124786690122036 0.6649557496709002 0.14787138245130266 -0.3555571209525717 -0.27834458438651744 0.22493644291715262 0.4803733398589959 0.2418875374885779 -0.020736779650863513 -1.3878537741296295 -1.8822041521394015 -0.7767197534171196 -0.35936405780700714 0.1947198152741525 -0.023682962324780944 -0.11282978982217855 -0.16119629518951428 0.177470931451342 0.3308106452735095 0.19883523235743886 -5.525695274683617E-4 
2.665023217237544 4.3689954732070335 1.8584124128871116 0.342616492923449 -0.48628294338274025 -0.6439146781982873 0.25843802200891314 0.14395503427640644 -0.06912372571274056 -0.0012343844481974564 -0.2702551753647058 0.20719187306117584 -2.3552882651239 -2.087336713282886 -1.2475754392145344 0.1243083084125269 0.360746001575702 -0.01798223102475754 -0.26379406660562343 -0.21226079150856605 0.07903002037556049 0.2819169117952897 -0.058977702349548515 0.05381399290590717 
2.8010547219297273 3.429120557199843 1.382025190312909 0.8906816343457999 -0.3647478949479237 0.36088885495241785 0.17999335976210207 0.3928627129612388 -0.5065720004973079 -0.993941302271494 -0.46399616490265033 -0.10829969387268334 -2.4927800519896426 -1.8225210725449426 -1.2980557601330949 0.6387354019866772 0.22094425564180664 -0.09594054965579007 -0.18929355972533127 0.02036279166576127 0.1193277494457815 0.18741154551126282 0.0014290123945238005 0.13563568975325233 
3.1503757533139236 1.7933528501486808 1.74997519405641 -0.883211718290559 -0.5589315023607868 -0.038336310993840494 0.5370886756467994 0.309454325448557 0.13032409006072598 -0.10920995678384116 0.5312769771724971 -0.11312566584371359 0.15961554047873458 1.360738357953119 0.7581537310212002 0.47446284942975203 -0.16673381747935356 -0.2001333645816882 0.259229470432929 0.14908813597540285 -0.14118087250836273 -0.15350189993613783 -0.17945526885394836 0.0029505383898877544 
2.231680370298246 1.2898644761721538 1.3806210674119574 -1.424539967254248 0.038447262234503565 0.13290384781644948 0.07299823140447903 -0.42218260496987653 -0.23277071330692514 -0.027873510506970733 -0.16316557596359496 -0.26748507945817585 0.6474285726215596 1.2152785062880158 0.5995821959837232 0.18161072844167023 -0.1275727495687238 0.06809282252388477 0.30332570525322305 0.10526455164894133 -0.30545752372846874 -0.39869805080149207 -0.03242879980000727 0.015508490366023206 
2.470863771617081 1.3564084398615215 -0.41534671872601336 0.07683874543421676 -0.1876790695358932 0.07047791911476153 -0.46575282511106236 0.10421328531575558 0.2175182482171562 -0.023762580522045607 0.11769533672761154 0.27793295068425883 1.0127625804592248 0.41448857801658284 0.9805480417506162 -0.4602938243786156 0.047877288807563145 -0.3511813546239468 0.2093666826291101 -0.009366580446768857 0.01968265010179376 0.14078409185520435 0.09336723926712713 0.014962358699799533 
1.1985249949134698 0.0017572434793748926 0.6659395587529513 -0.1341757828415986 -0.16765586265419907 0.10220327232646254 -0.22856300561863618 0.1796895780808155 0.3662034916098832 0.15942916200208423 -0.15991894528018574 -0.35035447323473917 0.6279600598896785 0.3525507098679291 0.8142668292314427 -0.48881633244454464 0.024204156639017576 -0.3187187104018141 -0.06952383579743639 0.11487313740005013 0.05708982341321411 -0.04142005010829116 -0.14645321710011813 -0.07389971034032213 
0.6286656996286375 1.1939407324453217 -0.8343281768659354 -0.14751233736103697 -0.5995118063391249 1.030558040622993 0.0597692462710267 0.03661797526351751 -0.22821096270305946 -0.6252135686039817 0.24955194402941114 -0.11657804505483055 0.26589188669152897 0.6075191493626052 0.268958656046937 -0.06484679002000475 -0.38367005810925336 0.016930475144022534 -0.18996644586363498 0.49281984692855074 -0.010193901780165104 -0.12178834232766371 0.11250875811308786 -0.057172613060088175 
1.2688992266234322 0.3134462002764664 -0.8526886912124096 0.15408457147701266 0.1717511607190667 0.609019918267776 0.018808703105743674 -0.7330043621439079 -0.18117557808645962 0.3971121338588708 0.21026577168585964 0.1514695494323352 -0.4202888403147842 0.6231316840772342 0.4047979299111942 -0.3903265569823729 -0.5454110631759022 0.3875888345005711 -0.007368072266463586 0.3163298161091849 -0.07089648755156264 -0.12546528191546122 0.1079172900306789 -0.14746870917009436 
1.6380009956875128 -0.6219934866248398 -0.46290856188414375 0.12724893833492534 0.7936275931052341 -0.2337218292879628 -0.019539341882347294 -0.9178992853575351 0.521789488405823 0.22276096053255223 -0.40492329609467476 0.19853877853098617 -1.0756904421629503 1.1664179604562686 -0.6108885183754248 -0.640657605597019 -0.04175930497783028 0.7643122752408313 0.4212752575464434 -0.44572014873618454 -0.010540364726646018 -0.01862125845222899 0.21131051637173734 -0.045602498389695136 
1.9547238678283847 -0.9596706992172468 -0.7341640384715271 0.899423250257539 0.7720076271513279 -0.4284232962197727 -0.16680449474255843 -0.29204123993621295 0.20389272871012987 0.1118377431802009 -0.15643319531017952 -0.06550675751736443 1.699565935058607 0.660675658241554 -0.6981063368302566 -0.12299367379875624 0.29445617451389244 0.13927308803528407 0.07529991419457648 -0.8466997000934184 0.29639563188131707 0.17612546483225902 -0.2026667156696996 -0.03602928354204891 
3.512824705515012 -1.6687546991766276 0.9390750518898976 1.401791140039757 -0.7743621246217647 -0.7436571778557264 -1.1112499274441525 1.1532968603682234 -0.38912402192141615 -0.4267125979079598 -0.20103012158778125 0.12871760358910467 2.376997685778567 -0.7790562574639669 -0.0779181419792067 0.3689223812303992 0.26918679938738505 -0.2508752718095865 -0.23991718237000106 -0.4148531003368507 0.09124542980574803 0.04077750401085432 -0.23447720782370962 0.003986030278248139 
-4.767210433466138 -1.1452001681723019 0.5406385123913395 -0.11420550797913442 0.07237749604088872 0.44616832844580556 0.3387642533029169 0.7714966652734679 -0.6149057185667914 0.1934725185823497 0.7163193314415117 0.29446798752942266 1.7945374898281623 -1.1605239671840613 0.023605480007002983 0.70169844731084 0.22815093517207696 -0.2617163899343106 -0.4561696577931045 0.08851752677182555 -0.0457441737404648 -0.0687633758447909 -0.10880477457840347 0.04652080652649392 
-2.1320249110009275 1.8079400202445886 -0.866555411377957 -0.4727038262379357 0.3358822604982986 0.08160817380800767 0.4474278312049183 -0.20510893695182347 0.6574524226270395 0.05961106079891487 -0.13786793599939154 0.006593315172848224 0.5998958155856506 -1.1710971376144468 0.4324619707800265 0.5941376040781424 -0.21269756982558483 -0.04316183453357044 -0.4459955040632179 0.47525581991649074 -0.1826409923559341 -0.11008999889386584 0.11649682230639828 0.032159545031761876 
-0.6064637933981327 0.7835538426243289 0.09783475314139123 -0.2684246085361346 -0.4675673709249346 -0.05590680224870792 0.4223655993122197 0.1216090784083339 -0.18216297234270357 0.07496604136113627 0.13840003563083603 -0.14400703288871797 -1.9324090584666054 -0.389198828348678 0.17918241497590226 -0.015440802070240863 -0.013262044670005727 0.28588681168892766 0.1772624617658022 0.25177962447062746 -0.05087562755450873 0.036971946814475874 0.3537631350593593 0.08310408721981431 
-0.36723606127594266 0.8801597082683976 -0.13690898082520775 -0.30351212191617033 0.13370301833790144 -0.3631341089077583 0.18493591174084986 0.05247319405131812 -0.05757241796565782 -0.03718936261575556 -0.2615609406016382 0.25147647870288936 -0.7752033155374353 0.5510493272877763 -0.28797347457604167 -0.07804508397363145 -0.02967611687920524 -0.05740415623199154 0.294675585970547 0.06253682668037865 0.24808698053860398 -0.03183209656572087 -0.0035775300030189785 0.05151101160611707 
0.14762231707118545 0.4862864728618277 -0.36173194781274187 -0.15247895392929456 0.2132532511311045 -0.1891209652630943 -0.06177717226245556 -0.11263327363998527 -0.10476641560691657 0.1309568898462573 -0.2831235714354428 -0.07728585589504083 -0.261701798748262 0.3694928563162622 -0.21840446222360135 -0.02130233899062899 -0.06539323227867005 -0.33270119694171707 0.35010110636721964 0.09386153681306737 -0.05883604193644404 0.018872885922838905 -0.14513068325630718 0.07390434207456505 
-0.18345801962328068 0.30342572326251016 0.2271483628272346 -0.2965414016204614 0.08450030010789478 0.3204277240111755 -0.19452754091938512 -0.2755982409687998 -0.12550679735666592 0.12711192625351697 0.08362645754280482 -0.18130030814234155 0.13954764446885015 0.2964992173900196 -0.4040230256948825 -0.036396455949474514 0.315910956485607 -0.21468592278917298 -0.06427410468164112 -0.0819939914299389 0.01583155833697662 0.07926175472001586 -0.2956609432406916 -0.0037644119019984066 
0.08675258202032232 -0.03655773382151395 0.5710194679859741 -0.2080029517121021 -0.24678631497392112 0.6004158721169763 -0.43820599345932165 0.004060185479190737 0.028312343162132603 -0.0638032608420167 0.40119838632753607 -0.14933166568979767 0.37603859826309566 0.023720685236080286 -0.35989591554304506 -0.129306239891073 0.2413910162021554 0.23819167326361457 -0.21619930122325082 -0.1820766507494568 -0.13397500501820434 0.02412571261750714 -0.05027229752417498 -0.05872771969132743 
-0.7554441271570616 0.2520841594400096 0.6087843883600819 -0.16656075517634306 -0.5840100680664069 -0.1138447592302747 0.5659726363842063 0.24010843878154686 -0.17160647236111226 -0.17759455143166614 0.2832609102389471 0.298792619306263 1.3360297203925164 -0.40320977668099073 0.210228038367246 -0.6691027718529101 -0.3743522977645199 0.4541281986745606 -0.219803378799035 -0.1808360102785885 -0.12314749362143358 0.14032883358590828 0.3810718426459661 0.11373008199467716 
-0.6945004239512111 0.4407951990648371 0.5271377860499697 0.17044944252186534 -0.17666461338821077 -0.6865597434332129 0.2065706427555012 0.1757433387332118 0.3202084369499196 0.21093299083632744 -0.23212390521098902 -0.1411491605453608 1.6289322619534066 0.9565464027817573 0.08343479229779716 -0.5781193156746544 -0.5730160711673004 0.007406798698244048 -0.11654677848497218 0.053718374289304704 -0.07006089602726172 -0.14349307851522405 0.05552343017595112 -0.24357432739291998 
-3.8009206778150633 1.2743785868623068 -0.38159491130650114 1.521540716821285 1.1724963426085993 -0.3984690642374117 0.1424942773703084 0.18106821323995514 0.09798763661374132 -0.43124270034337997 -0.7429279246258311 -0.5265818066985914 -2.089432885445476 1.5538634807010945 0.2834637748598854 0.13567409801364175 -0.24932549812963653 -0.39773367448614017 0.06636375709618385 0.2917187259450838 0.06490946329171525 -0.24025747264344868 0.0683739622894007 0.06832475586558313 
-3.2773059285108976 -3.4173441558779345 0.8159047409258742 0.6823042593130467 0.5940086931904769 0.7205076285258126 0.12317352150254379 -0.12757482461792752 0.10369797675649095 0.49350004915951234 0.7477225132320718 0.9940785294913896 -2.0957865867690266 0.5438086497299381 0.49214916439053297 1.21909649478515 0.71812013762444 -0.21932639740620352 0.2472740624939722 0.2707802075395496 0.13512389290046978 -0.004491061883410308 -0.07309216592841043 -0.09808171395440153 
6.8042572814592095 -2.480436605191888 -0.3859904136575265 -0.829510457612859 -0.22137022696684117 0.375822578248633 0.4085799257221334 -0.48338865737813486 -0.25807963213954366 0.40189433733708746 -0.4117841858507854 -0.4737954933088616 -1.3495303993532037 0.5957180812597365 -0.00850230016509057 0.5565332362356813 0.33129361335087887 0.17804121627175615 -0.010565720613308738 0.05862700804386329 0.12593825016827484 0.01645656775811033 -0.13439932300906574 0.09639829840260221 
0.29027035671873236 0.68677684590212 -0.9471119559461165 -2.3113144546165127 -1.6340917414738103 -0.4157263724576247 -0.668294368902328 -0.304368848576392 0.09287039262515273 -0.19216234235367535 -0.1784192768132806 0.12670282462297888 0.5029424354743185 -1.4003307563583338 -0.048590341768085 -0.044238479212299585 0.11387712209579981 0.8666572797901336 0.41886771961513664 -0.15712622727899545 -0.00654658737168574 0.3149957552576815 -0.007852592445889428 0.3805491190927987 
-1.5361176223702664 -2.56483615780693 0.5254203376247659 1.3487503650790211 1.2926657198881062 -0.36447571256096134 0.5699253844126705 0.09358420108759752 -0.27441332182541406 -0.13778120786111714 0.12334093942404226 -0.3820888494721927 2.931949652451914 -0.26777746604567193 -0.26276299896149286 -0.7449048916523734 -0.19862936709273282 -0.03452111550689054 0.10256742122488645 -0.1518166487058157 -0.15603094868815778 0.13154727298768412 -0.04928464880952036 -0.10231226556990347 
-0.6159457830191157 0.8258478895045887 0.505970390588983 -0.27411071439599466 -0.5046406465243962 -1.509315065439791 -1.2141023666881348 0.05531742798619266 0.13150458371448337 -0.18164944401442984 0.5037177279323263 -0.19342214970534077 0.08194766120471823 0.47563704042650007 0.0712982381800525 -0.8963204317938641 -0.36801143458557145 -0.3423526419243981 -0.02980733053517211 -0.37256341719016595 0.07180655161592854 -0.031422103918164274 -0.1082216113272247 0.09682748664156471 
-1.5384836060276093 -1.7466397288561064 -0.32424259004059763 0.3866023472340021 -0.19020767316334974 1.0261802712603878 0.37378166094037746 -0.2077818495419801 0.1906961183802644 0.0019960692044123096 -0.6049987417950278 -0.006796209434991374 -0.619390615777346 -0.6283509708001592 0.2737932193663277 0.3292726102404889 0.3493698809485437 -0.6125384564104145 -0.03464639524531691 -0.0716569431242885 -0.17427208461781482 -0.14473598574786767 -0.006583732388808781 -0.27130188308423026 
0.0456103649332491 -1.1492324898527921 -0.7361752066535923 0.8587208496875893 0.21137925880863206 -0.08399643859510489 -0.48080051556066505 0.9640044283088947 -0.35510398232547213 -0.16778466913194726 0.5104153977779285 -0.3514259553203159 -0.7247100416453068 -0.2920000135986198 0.24865713344421123 -0.11493372472648355 -0.19151043783457214 -0.06589996669603315 -0.47790190044157166 -0.3594567125545762 0.05264742799532937 -0.16966610821104852 0.01928084381037946 -0.06947782028508893 
-0.008723849014411034 0.3077569442722381 0.32511347814707037 -0.20548324768423765 -0.11345387562403908 0.760480343247939 0.30721364458488637 -0.145788469700888 0.4917072150480082 0.28949436194124456 0.13974330166766746 0.5108187025879856 -0.4251686819406732 -0.7014495881201085 -0.10694776190099686 0.35562198283438257 0.23421446820948866 0.5023635992417531 0.20634732670298117 0.06770824073836157 -0.027823515754217265 -0.03574735645482972 -0.14792090733785387 -0.05354954458840456 
0.7933044634102058 0.674649593736276 -0.5646790438374847 0.3667332572425759 0.031513768209664894 -1.1787652013454673 0.2528873428143257 1.1026908757293752 -0.17694324860537664 0.18359973425029952 0.07350417476984028 -0.24379614486156242 0.1774614133278569 -0.2801342060227174 -0.3593565857505805 0.20545099864650596 0.12683394322104738 0.06890579928321885 0.26856822567474137 0.41446535192732087 0.035410116857656215 -0.12364476615311197 0.10020776980558115 -0.12105404546592148 
-0.6368246094440682 -0.5542320062903148 -0.08914738574566083 -0.4342698050466389 -0.8029183324923321 0.06647385491030966 -0.6121042483560614 -0.48024979546730506 0.18508629878286845 -0.0664540631222219 0.057219591722577956 0.10003751910084557 0.660987506920164 0.32371294755560703 0.1607030210767765 -0.025068016233734485 -0.2227139586985558 -0.26303621729003623 0.05676068360797835 0.08205846217183226 0.15565146775876407 0.08337352217485756 0.07013237779980719 0.11834600109784317 
-0.17272349483549299 0.12216460349663638 0.5490249825445148 0.3567611324292721 0.17560965757963642 0.05628940772405322 -0.8268462461144153 -0.11216096458985936 -0.3080238747658709 0.38112384185912185 0.2510539433337299 0.21712677282101855 0.9444395012206126 0.17889132610431235 0.1250665056563216 0.12050906929669913 -0.38994865146837543 -0.5630357454300228 -0.23267873499372604 0.44146100840823105 -0.02872775485244899 0.08604014941420439 0.08076725451226774 -0.15463758942529654 
-1.5086723906520536 -0.38713940327476326 -0.7138475982742589 -0.1252931365763823 0.4826400557866425 0.9320616905832875 0.6767983882253218 0.21546206394323253 0.09029312485196306 -0.05938825838773931 -0.1594287160136989 -0.07468075954683442 0.33549219269993996 -0.24743455254499577 0.21517830502126434 -0.11796365850904185 -0.4955056237048126 0.01708190092536192 -0.5043004697833521 -0.03221401415081493 -0.10896518433926176 -0.051382760560817885 0.020224201806788782 -0.07297935748820474 
-1.6040901496476394 0.05442931391556316 -0.6275284545421504 -0.14928228488264983 0.5585805284753038 0.07754811710811205 0.3064722295048121 -0.5695480792005867 -0.04336339708257697 -0.07805361635955493 -0.06047343489882451 0.3074757627381672 -0.2754912900531332 -0.39940423321116447 0.014401249889073764 0.09237821100796018 0.028827893108552622 0.1118968263188343 -0.4601043035851633 -0.1409638702993223 -0.27252551923150264 0.1283717059812877 0.21785976060823187 0.1506549258235134 
-0.9276178601378149 0.22193929613520913 -0.14640558226612121 0.1726428791364476 0.49211310317427187 0.004598797442194491 0.3341379231843814 -0.1549141957094966 0.37965161295900673 0.3172829476695701 0.1523106754184888 0.27380109660688545 -0.6050586599209421 -0.12209162322558649 -0.24561593507867074 -0.02776424305199221 0.2042959452447003 0.3155940605612364 0.17691200887682293 -0.03119249322777377 -0.026198529801266423 -0.022001200320320758 -3.321740874585033E-4 0.06417666533083495 
0.3632231100667873 1.0158379534251436 0.22210022487322467 -0.06934150845102338 0.08438945456016389 0.18433037533809682 0.7247968971615448 0.4959187761344721 0.3648734388751152 -0.19232687911339597 -0.5583950342070596 -0.40907893272638157 -0.4003303878053246 0.29579985082643945 -0.04709907828809793 0.05723116229813996 0.2936422666014041 0.12476141830018063 0.2641842566970522 -0.06089002946630567 0.1250324278428606 0.05623353729747229 0.005216347822581263 0.12220589208303707 
-0.6771530407464406 -0.501568853352794 -0.40181413274593425 -0.0819707956362189 0.10684775701011157 -0.06811162021541406 -0.06309997223351338 -0.22369388404097557 -0.03522970372308376 0.06375197395014348 0.09052860590279416 0.09106659219293514 -0.05172680340067851 0.43107673280655473 0.1399704133183796 0.1404465051955901 0.23988373506099614 0.12061730648246526 0.32136872402711086 0.14329663994840092 0.25519987714712267 0.11502493430687209 -0.018816624916418907 0.026928423649659267 
-0.5283313959273528 -0.4712161638197536 -0.3585269444379502 -0.19366893439073646 -0.12971359824682832 -0.2603809289636256 -0.2874615928773971 -0.3524881466359302 -0.21102002227011352 -0.11998874139225849 -0.04523144360872097 0.03222533869603113 0.11953752361145471 0.3673168383982441 0.10683696536317301 0.04300515698628218 0.11027282618547178 0.11803435872910704 0.2869824864145297 0.18765331006346775 0.149737185888989 -0.03311220922358979 -0.1556015053613196 -0.11296356663335162 
