0.0 0.0 0.0 0.0 0.0 0.0 0.0 0.0 0.0 0.0 0.0 0.0 0.0 0.0 0.0 0.0 0.0 0.0 0.0 0.0 0.0 0.0 0.0 0.0 
0.0 0.0 0.0 0.0 0.0 0.0 0.0 0.0 0.0 0.0 0.0 0.0 0.001982124505090018 5.411818683669356E-4 -0.0025742961412219176 -0.0025898738178426473 -0.0024234082462845827 -0.005034300095731081 -0.007458814098022108 -0.006960643942080402 -0.006033321507348162 -0.006329705895351395 -0.005733965456971431 -0.0029204078321097373 
0.0 0.0 0.0 0.0 0.0 0.0 0.0 0.0 0.0 0.0 0.0 0.0 1.9602500205717632E-4 0.00201947481619813 0.004431372190481712 0.004372184710858161 0.00337290434210639 0.004313770707031493 0.0062942613332805 0.006587465901993254 0.006254034709618263 0.006679570019755818 0.005332248780159597 0.0020215219414915823 
-0.005946373515270054 -0.0016235456051008068 0.0077228884236657525 0.007769621453527942 0.007270224738853748 0.015102900287193244 0.022376442294066323 0.020881931826241207 0.018099964522044487 0.018989117686054185 0.017201896370914294 0.008761223496329212 -0.00544140449050771 -0.004939829744985376 -0.0015107304036671247 -9.046844443461136E-4 0.0012999910108254797 0.005848762711852908 0.00770460913531118 0.0064796507021971745 0.005565764750423048 0.004629182572712794 0.00405405904183392 0.003004882191512954 
0.002385111751463498 -0.005246651646043987 -0.017155560783278012 -0.017001364859338453 -0.013753825395746044 -0.0204927622646911 -0.030071005146874663 -0.030203363619100365 -0.027812086389877033 -0.029533268902294546 -0.024597694525935937 -0.010445177572639353 -0.01712557225059334 -0.021687235927869485 -0.017526235718570083 -0.016141002501457304 -0.014524515937045826 -0.009442417144885612 -0.004633912348468605 -0.003167569047392608 -0.002862575572669751 1.8260982462317554E-4 0.0029023816335689706 0.001852605102132504 
0.015131657595791381 0.017442815057978123 0.01310997160264038 0.011214735762707567 0.002976939665396583 -0.007299907003213174 -0.008078324832496209 -0.00433727029704134 -0.002791251056330629 8.790867330088908E-4 1.3667013746621048E-4 -0.003792057788219186 0.0695644164080571 0.0879412502150154 0.0635531419131254 0.03382568107778025 0.00828039621112737 -0.004039606420758506 -0.004395398339117729 -5.067686056556183E-4 0.0030328738980395925 0.003193544137947301 -2.8049098716879477E-5 -0.005755092296801663 
0.0408377011962493 0.05552852745206899 0.04988516556622294 0.0467004503497821 0.04572019034786606 0.039528655079860045 0.02912912060868708 0.022112308203819098 0.01903333450719681 0.00850718600265312 -1.7453178398287028E-4 7.188253358766869E-4 -0.04674824410228832 -0.05887750225840272 -0.036177289055057495 -0.0025245475464020415 0.02377819986341875 0.030886009686606264 0.02360220488214047 0.011081558046800166 6.902828215771863E-4 -0.0031028510967532966 9.410681149220451E-4 0.010414484131147842 
-0.23386591746183427 -0.2958348857992035 -0.2164569004904609 -0.12555832938437309 -0.04730797176633442 -0.002788989122806812 0.005962574433638637 -0.0037555982682516698 -0.014421367620611213 -0.009611742180261552 0.005074462296088399 0.02044449893247618 -0.051081344455395104 -0.06559504192097773 -0.048425517584082166 -0.027511795208577078 -0.012472040774554632 -0.008664056602754376 -0.008207779190240605 -0.006217186509643036 -0.004356185270045519 -0.0019299290087555754 1.5458668875827837E-4 0.002433083087818305 
0.2671286315871413 0.328024705557755 0.20615974242844512 0.058958810353408 -0.05994596927013679 -0.11540625026471307 -0.10789806942636349 -0.0637388737738957 -0.024067876572468297 -0.014979301155399437 -0.029889794950013166 -0.053806908326430564 0.05368727301357712 0.07481107341195288 0.07053573134102752 0.06545903288544634 0.05918339281120364 0.04778522068744393 0.034042446444030844 0.022709936396270308 0.01290884633080807 0.0016741227466370104 -0.007315361510861557 -0.010725044578547928 
0.055230225766530694 0.07797985176806832 0.08024923592377575 0.08762094138662585 0.0932261417980619 0.09615971547733651 0.08505860775575089 0.057239880220745165 0.03182791029363848 0.018412117338301896 0.014530541654206523 0.016171559779479525 -0.0465007436453296 -0.06664306680371272 -0.0662751346151506 -0.06327342718415103 -0.05839545978945273 -0.04988074250891364 -0.03989303269087694 -0.030714563224542912 -0.021871352281293263 -0.01366228419433401 -0.008279415869069611 -0.0035893768496107654 
-0.26477218945866454 -0.35581206156742556 -0.3100750966639779 -0.2562662836920564 -0.202097044867943 -0.1533013592825434 -0.11254623538446157 -0.07651524022949024 -0.042817843442352246 -0.010527111996539634 0.01704351306954274 0.0350304286480188 0.03333151014762888 0.032868050429420446 -0.0024664185688180094 -0.04123529222590206 -0.06451378145829356 -0.06683452047022032 -0.05338156309105533 -0.029739741158504834 -0.01053941240021499 -0.004333326888006395 -0.004669975059992192 -0.009267867973855006 
0.17158672399705743 0.24601269817452498 0.2404859229012024 0.22187449919081223 0.19895394540092687 0.16580079291284927 0.1279657554853185 0.09477627463317434 0.06056767265821055 0.029149015823310573 0.006446055893519277 -0.013206039005916204 -0.006512492686619946 -0.005470645270707304 0.001828049720850845 0.0103237764716649 0.019719463080787678 0.026110178026851723 0.024812522746418448 0.019015273535021488 0.013957860427427679 0.011760619226314504 0.011365283773815071 0.012216208044095648 
0.10895585202899127 0.14540413106626532 0.1334406546461858 0.11553790812902098 0.0807314733033114 0.05027677242819148 0.030793045982018694 0.006712152495404217 -0.006819520554109365 -0.007347769733884589 -0.011837626889692969 -0.01131450501216768 -0.049358843268912565 -0.062081497090936855 -0.04690676515464692 -0.03417628182292445 -0.026220082961126823 -0.021221797415920507 -0.015697343454635096 -0.009595899422216276 -0.003424626023551055 0.0027060868468896915 0.007330983930977174 0.009196463722034965 
-0.11209631691743738 -0.1562163087366552 -0.14699278889385864 -0.12925248393890754 -0.10734650652992833 -0.0839598844585861 -0.0610486011667446 -0.04141963674676653 -0.028044832432765995 -0.018459411471969136 -0.005124739687620835 0.002695402477285824 0.11316748990691868 0.157355862693879 0.14812154570496297 0.13066224564338258 0.107526768095157 0.08453262253706299 0.06422260482837244 0.04372511564409243 0.02541577303558749 0.012445187659138037 0.002516156188842406 -0.006650190895444556 
0.025145860805320552 0.031546933160975094 0.02438455469749337 0.021826053341576807 0.02971342998086507 0.0352443716509358 0.029052973305475266 0.02037041372712902 0.011762287173789195 0.005158841110431148 8.359590671812734E-4 -5.096832596871077E-4 0.010226077966273431 0.010823229935444212 0.005729774565626557 5.817340747079255E-8 -0.006881477499467631 -0.00830397005387514 -0.007224415550313124 -0.011592777904404612 -0.014960881703333649 -0.011894391900379794 -0.007764612833679241 -0.00403330004043912 
-0.12601075011186325 -0.1691262909544669 -0.14935066423934024 -0.12325631034561346 -0.098117337223321 -0.08028087430971184 -0.06383202266152711 -0.04322820291496536 -0.0249705503125012 -0.01443985257626141 -0.007439205651445062 0.0013421228041771748 -0.02870692636000527 -0.040255468507388294 -0.03886459360344404 -0.03550935910901067 -0.030628262596593857 -0.025122076335279436 -0.019235196683058734 -0.01422821643060506 -0.010700893904601763 -0.007977499423281307 -0.0048339398084352656 -0.003716189713940894 
0.08523483472738391 0.11938943236883853 0.11743026862204692 0.11253964681215153 0.09676132114841063 0.07334917751537977 0.05385800338034932 0.04239476929271747 0.03652598349575918 0.026325626519400926 0.012613444593256865 0.001462034945704004 -0.019024137460226836 -0.02514905642549231 -0.020555871151943645 -0.014411846497523315 -0.0076336119214715226 -0.004482257944396694 -0.006204916639714081 -0.005779967126202841 -0.002217263896002908 4.1191952056650674E-4 0.0017389063651580196 0.004007119874198838 
-0.05602002479845325 -0.07937115281842205 -0.07692186504580328 -0.06808120334716289 -0.04898566432391954 -0.02764605838496978 -0.01574552615500542 -0.009747165237745575 -0.008323998879945706 -0.005110305906610102 0.003488336974647165 0.012858112516412952 0.06284132635822519 0.07355978423859127 0.041223901073642134 0.016860179731020913 0.012177539471325586 0.020593435420548478 0.02957942324509871 0.03160366060403273 0.02275330668948979 0.008353879178775385 -0.00164762808290871 -0.0018557048135138358 
0.04722291052929606 0.0621165333694296 0.049837768556555834 0.037474039334921466 0.02804842929557891 0.022373737521754852 0.02362447497135666 0.020969796267127652 0.010090803145520171 -7.416907860940264E-4 -0.009844531341338898 -0.01828903773840151 1.7428842623815461 1.830718722932386 0.812578307142472 -0.0066418609551460546 -0.2736667279386445 -0.13706460906111512 0.11061732775730797 0.17289685460484247 0.07662707251885702 -0.052656238495343836 -0.0880540853510241 -0.05074550133389069 
-0.29552876708749487 -0.3611691941705363 -0.23922611742752115 -0.13630404580006117 -0.10029350971088191 -0.11657346057454482 -0.13745352819232692 -0.12732669821426865 -0.08001288020585107 -0.025967831459840086 0.00873266656457895 0.01678477358677144 0.10119742439525492 -0.7186314938647004 -0.11063508199178401 -0.2705103910354561 0.14900015427294414 -0.03744636154481885 0.14730276895776417 -0.2919481429895434 0.03433424725365417 -0.020685886844913553 0.07678689252317474 0.0744919806723414 
-5.023663581272734 -5.231867715752263 -2.23915252661451 0.16657665090403884 0.9434154276578253 0.5290067057935126 -0.2171399788729138 -0.41750602803354836 -0.15751079339785917 0.19472310478204743 0.27415353585136326 0.15173520841219684 -2.2472111416892657 -2.253840655888954 -0.9462002782486304 0.18052788911299256 0.17895306361304397 0.23989112511982535 -0.23419828256517097 -0.22480278918440297 -0.15520936281564332 0.03967590538906369 -0.035661044766247756 0.03400243092098764 
2.175830947916797 4.723515453336526 1.3994785285150817 0.6788986639746468 -0.9536696263238751 -0.1686234578863921 -0.3372716061061627 1.0853351758812226 -0.02752594236921857 -0.04078504315594017 -0.3688713741912281 -0.29562995257591046 -2.422870825396889 -2.137770588472329 -1.5109957747399105 0.09002502626502484 0.2971991240256215 0.20931943854537782 -0.3575266806538802 0.03534908383107863 -0.11435428179616021 0.12908687186307707 0.10085531707126884 0.04029852272189848 
5.553176478094947 4.281296177282762 2.0690862803311454 -0.9117109828914102 -0.0821227032370564 -0.6712746391817975 0.8261283616237876 0.08904722677259092 0.4494754226741339 -0.11236080110523505 0.2859406233353079 0.03591103257997652 -2.898366980534766 -1.361961979490885 -0.9939215982501343 0.3346380607972761 0.4429127677505438 0.1874795376130131 -0.37551003393589566 0.3005083222522009 -0.30762535252908735 0.1289585290181058 0.28364778040339517 0.05860767687703664 
1.684663679419332 1.2955606247289388 2.139641803319382 0.1327646923025888 -0.4791218163403055 -0.14439110372302322 0.413492343520963 -0.4866505771105742 -0.04044314285336692 -0.2596864941054301 -0.2997268283911999 -0.04619870666281384 0.9262736871921122 1.999263116811269 0.5121265116094794 0.20382929346950776 -0.29552805940884774 -0.0033204584034184173 -0.08775440969314248 0.18890300531172163 0.10410896329467005 -0.009423951838396524 -0.08038755547172562 -0.01848396483117713 
3.9170209945802963 0.5679956370241861 0.3725306307337428 -0.5642705456517603 -0.622596780585591 -0.04554808412721112 0.5340081481212104 -0.5330381182942526 0.7718238644314771 -0.082701756797525 -0.6113620782588365 -0.1488034451754614 2.2201823901123774 1.2535489710033032 0.9337128717699095 0.010821021504370587 -0.2708214459468951 -0.11184936990504789 0.2522281539280979 -0.007030904184697123 0.1512682995599295 0.01766774472145068 -0.013458291758463378 -0.20448043524769913 
0.2150876280977858 0.5823763730320071 0.7113768184853448 -0.1063094350537015 0.20315159057693544 -0.47152536020343006 0.07205172972455332 0.8296688324794794 -0.5010270531319003 -0.027342709794605624 0.32094264302102093 -0.14782081920466011 0.7561333397418469 0.46129891534625944 1.0534601678762512 -0.12271325695893498 -0.31316353873446306 -0.5573414173476877 0.11022641295848161 0.12887826352762372 0.21395652950794766 0.006386741890619126 -0.033161063095092924 -0.45684768543816784 
-0.3725826665814118 0.8772413901213181 -0.017919842561564536 -0.8246369837263767 0.3892049311450084 -0.17215940122645046 0.24016420673769878 -0.5480197654683445 0.22596247913361214 -0.28153592742499933 0.01598076290458761 0.7001633945939971 0.10673990230253327 0.00457026184466051 0.8217870433553681 -0.4766129443785327 -0.2799170160605099 -0.4018932924555272 0.5106872756787836 0.1407948990616821 0.5618676381812717 -0.2707587591510074 -0.02673412009967861 0.0015980108962758606 
1.561065490774645 -0.24295899785840547 -0.8255134636617183 0.631087682216702 -0.04553205600221599 1.5909388068696597 0.229735075337274 -0.8657945441063994 -0.4093820387282774 -0.1794296344635503 -0.5139150596876332 0.8998609297669605 -0.9253841205996357 0.1799322864660772 0.9068134089857157 -0.7106569700136691 -0.06937405666764908 -0.16299999961874112 0.3480208293105059 0.11095558411793958 0.0633184597894818 -0.13045258972164175 0.06096173479597359 0.6086207608210336 
2.923812356334267 0.9669525369354108 -1.3243853582588296 0.4968697288486361 0.3414960908855144 0.1288997097028255 -1.0768953517215007 -0.10769112718635954 -0.9596015573141498 0.8056179829899695 -0.1137308666054736 -0.6774383523500993 0.11766667988395992 0.5532128301590769 0.04342775498614001 -0.22122451551113623 0.17585118709730577 0.0378896251787596 0.4929803640941954 -0.4007886101988234 -0.19174147558484547 0.042325687287837345 -0.21227943543719527 0.4671178052637033 
1.3430424784388535 -0.0022760597732709442 -1.35583065062317 1.3649081186997996 0.43512818070962966 -0.13305491681184467 -0.3134809789773647 0.2766377609846682 -0.09820041427646478 -0.17956189583716475 0.20291325338813077 -1.2848822281957126 1.0640239563670315 0.655964794899023 -0.6692183114589206 0.4225359998473306 0.2361408371777409 0.27507512545512003 0.053729873536776905 -0.5256321225958931 -0.48987495527356445 0.14085985187559838 -0.35427413386919987 -0.05855905612909847 
-0.6165712000653958 -0.9027385693984797 0.11695548596074135 -0.5278736554345168 -0.3786787485028317 0.5761685850780229 -0.9671688583875679 0.08312991258259178 0.6455960936622422 -0.40844685860170415 0.29440491267829144 0.39118155778422375 1.2581674713163162 0.6762782891911483 -0.839858668861052 0.3990224788989087 0.1587630958974435 -0.06033219257456146 -0.46965274997053225 -0.26857045258481527 -0.44117485877596624 0.1399765376584883 -0.1823795467609759 -0.5986978626615157 
0.13918539987338185 -1.2760078293885293 0.461471048605258 -0.12414862518371339 -0.3938671478412656 0.5420789928167009 0.013682208059976886 0.6156913037968041 0.2576440016042201 0.005023230705491377 0.34483945227808377 0.5412281430870944 -0.005905419890265347 -0.15456812554958788 -0.46740109042050304 0.3306139397702552 0.013695736854199262 -0.2608012718106873 -0.29507160546952216 0.04140839521564154 0.07758709518114285 -0.3840124811367154 -0.08113932886295881 -0.34854491979080765 
-0.24876151833194626 -0.4250164458304049 0.2865397987101126 0.04433066409366648 0.27970446746863153 -0.027670667387762915 0.16848130467142508 0.5284934591620183 0.18600081107340638 0.2933958067431765 0.3624446742324776 0.2056000499930442 1.9294694545202162E-4 -0.7133854130070917 -0.03533065165357111 -0.47031705052507 -0.1876785929090977 0.09512492752996267 -0.11202949977983456 0.27171006734973835 0.3322921352839803 -0.07897739955149453 -0.046630169694176195 0.3835536526593784 
1.1768538972429248 0.22256725509145525 -0.0384195357363466 0.08696413962494232 0.0648493621613003 0.9512685248531101 0.003908755901705252 -0.07026919795196968 -0.10116405852547539 0.621554214900541 0.41231135919991413 -0.14645671492769993 0.5994150362764712 -0.8649925766385204 0.3734290097213669 0.17876797237004952 -0.17498106693812346 0.2910131077694687 -0.07813321816923446 0.3679512510873641 0.41022739094608895 0.32172706316145444 0.2170912999888992 0.15655223065465781 
-1.1359842895865233 0.4881301273828029 0.472892733092257 0.7775211137363653 -0.04500122477682156 0.08619903646993032 -0.6261936329689284 -0.3890200385922363 -0.17187628212485095 -0.47978015204474533 0.40055946829990485 -0.4156369711865143 1.587593264345064 0.21363250694394983 0.18615295540695423 0.2724487140169533 0.10537753916410803 0.33433341077234885 -0.3701635185964678 -0.0799271824562376 -0.02202324687623695 0.2795818586288927 0.40474447108934797 0.04669463514826202 
-1.2154483233287432 0.8623966139204278 -0.7519924477499149 -1.0270477671152114 0.29342889909583136 -0.3878951824205519 0.645419331387857 -0.029405700588160832 -0.7940996246349181 -0.5735699793849109 -0.32549184472232745 0.38218996171290026 1.4922912078266986 0.5686449499944084 -0.011578749787531187 0.15577055843839727 0.022523664074196547 0.5910437017578064 -0.20117648881177286 -0.03733525773480328 -0.11195002520102355 0.08301464560883791 0.3101059379847659 -0.08724073264777887 
-3.8153902010813043 -1.3858286460767406 0.08486738849603404 -0.21600952458711653 -0.15071791849095806 -0.36108904606797854 0.9582165727177526 0.7478432578488268 0.5985383347568386 0.052212327999224484 -0.48288713707444564 -0.19880719377204195 1.3114757231635192 0.4756297251475268 -0.43847957553399003 0.0011003374334287812 -0.6104010620209835 -0.00453963502257911 0.07308719768067269 -0.08450147749681648 -0.29570373683883405 -0.3033901172493478 0.09806721921335852 -0.09381407404046134 
-1.9603167704897797 -0.5463882081619982 0.19032938592435844 0.11641778347149145 0.05013671679577891 -0.5982185391513548 -0.18476688050631673 -0.5266950729680914 -0.15052129136324952 0.10651403805204235 -0.0762831520672082 0.006850594308400515 0.5826687980202147 -0.17148961839319984 -0.09221626202326301 -1.1161976290287863 -0.16212907124121792 -0.13901047457096216 0.1069867804429392 0.17843400609491125 -0.21844025513818943 -0.11757444351664074 -0.0620997699517146 0.2137333518482943 
-4.697977235496563 -0.23436663701856464 1.3171705428570903 0.20248732614272758 1.9078480524361554 0.20497961990306912 -0.43036212006385965 0.11312908008817846 0.393445761755817 0.09034819098482136 -0.018246535667730324 0.05347493463711961 -3.351605896201588 -0.30753640817014555 0.4852074835296653 -0.22758036866424405 0.434292010442827 0.24033691031675497 0.20586233438683052 0.050025169184349925 0.3339915425066499 -0.3566858028336988 -0.17472789178621698 0.056088698358865145 
-2.522161200181758 0.8011344645709393 -1.091495238860654 2.1122966946062256 -0.24946687264407164 -0.2538980916931892 1.0187483364498455 -0.24735062999257046 -0.036232572719839096 -0.23991458032778717 -0.37151283557054127 -0.3851511580365634 -3.2180602866149592 0.9433699406958856 0.4071171532890346 0.7340047515779801 1.128720584539032 -0.09211294929009091 -0.08761445215003259 -0.0845078958056129 -0.11398575243692348 -0.16797530971734967 0.09321642414686414 -0.14178319888751795 
6.520349702369448 -1.1369807579327726 -0.7298427497004556 -0.5312078741617514 -1.3037921550995137 -1.2542600007473264 -0.26112803892082004 0.4580955288080165 -0.46058065208481636 1.2954840456902355 0.18891138003587188 -0.17107241267615542 -2.8489101772126855 0.7655602330485806 -0.19215328583757754 0.6814462980577222 0.8384991223134227 0.14020125628315863 0.3343344703072824 0.2397557888566941 0.3574084420872921 0.27633187978661305 -0.11840831033732056 -0.008141494504300406 
2.084700620422094 -2.925190969792551 -0.007515427663972396 -1.7187488711102095 -1.730204933053483 0.40774011904411567 -0.006540564627738776 -0.44565460991117173 0.6184491728678376 0.00787203985138435 -0.4595113823596017 0.5444738646275918 -0.324532095466719 0.4214674954023983 -0.6281199675022731 0.4726631368345687 -0.39247142281045627 -0.498337680638163 -0.0047847069517906364 -0.14588549707629064 -0.22259512934316072 0.2373945245810797 -0.35703598409044196 -0.4349370362560199 
1.545322385839567 -0.6678846189825611 1.3516404947714822 0.0736712148277785 0.13271971570059282 -0.5464432543150592 -0.9207210804469148 -0.5069862965226032 -1.0061204372998978 -0.8625407584646035 0.3809776687387616 -0.3869130931820568 2.5821975804956714 -0.9449455776392645 -0.43168003692104956 -0.6924444611405512 -0.8202622741117752 -0.13249591204177194 0.08645998547361318 0.01248661550506506 -0.37901871140239 0.2688534594200518 -0.09505398908500563 -0.20396555707228203 
0.9389487444833398 -0.6978160911113616 -0.24787695858980374 0.39186773960775456 0.20969146038724396 0.8872065770051663 1.3628989780682648 0.6728467739016113 0.9043227079171837 0.12691424800639328 0.6035619723493397 1.0275802909844471 1.6406493282664252 -1.77166258287944 0.11754292192902938 -0.6850739705796286 -0.7591495113078359 0.1927883781379617 0.07422159638546551 -0.1764562449469005 0.19483159144255202 0.13754009716217966 0.18679483054246004 0.260974352889112 
-0.6533671011481892 0.5841685356444262 0.6853781265256087 0.49081720390092043 0.18704647051544876 -1.0965054936025358 -1.2052277666896614 -0.1386150096135702 0.5335387145976808 0.42940256335257565 -0.057463330063581966 0.19927104536226303 1.451098128927292 -0.6732203868126039 0.7369801871424592 0.036741701481955547 0.1077775491932781 0.07393711562483984 -0.10689935972093834 -0.13089393963053886 -0.14957055346820192 -0.25913241637061635 0.2038490790718069 0.1795200810138927 
-1.7379026208833035 1.7637702015322745 -0.027013009328123783 0.12790004609210515 0.5200802234625969 0.10440610427396879 -0.08695201066276204 -0.1004715185249867 -0.7358751774086076 -1.0507199125437443 -0.8006753745858102 -0.5315412633119041 1.1952575984812184 0.04566079613366451 0.4957375912597433 0.4789521808391515 0.20491782636493353 0.188086808945199 0.23807825403784108 0.11027036655518756 0.26122793891257307 -0.08976965224300854 0.03524214048089663 0.33369700813603737 
-1.4695463182589865 0.12098339513343248 -0.9697320412867354 0.09542995713973657 -0.34580731341691795 -0.37685436482398 0.12490249308141363 0.2723546685823124 0.2626901657676036 0.5036735709223144 0.47154910499091585 -0.14591255907555922 -0.3083572314903964 -0.15150580252415224 -0.15522643177819204 0.03458983171859301 -0.16075023702368504 -0.5273183528544483 -0.4090967193768078 0.03616238147464701 0.10360385349579215 -0.12051459624604799 -0.25307927649986817 -0.10019313006639312 
-2.238734442404917 -0.6032059092568582 -0.9075346484628617 -0.8472951795291079 -0.13863512674137324 -0.03687941421970864 -0.016400913930795888 0.13655083513810734 0.2560631655945031 0.3590877009505495 0.23332933337940093 0.19908106879524623 -0.6884514038784247 0.21940200683428968 -0.5099891086258923 -0.15934982566101877 -0.18368188790635454 -0.18739993413876777 -0.015528233824058652 0.08963621164886221 -0.14225303330535516 -0.26608749726347414 -0.14620339735124768 -0.13107504189018063 
0.5221205040838068 2.2221739986114493 1.5913182414275537 0.8746453215557479 0.998654856688489 0.5560923242076478 -0.013213156925221015 -0.36561333086905823 -0.2732420173912511 0.08604254534357272 0.18477214545341697 0.1345392695078672 -0.30042736303552475 0.36224306270049694 -0.2217522678282293 -0.018467248936544056 -0.26688278365939794 -0.2936395939178262 -0.08653394154648446 0.04896429380633611 0.11613222457615507 0.25528239376145817 0.283896588986001 0.07081540596987936 
-0.6683818204194258 0.054968879290397066 0.22242917519240857 0.2163418408671558 0.3988948021289569 0.20013256217445818 0.028690515812731243 -0.05039615374588802 -0.041149985913114806 -0.04364190796395109 -0.2186767027633177 -0.2785420519330754 0.010875866608698992 0.8930062651551222 0.5068461497336316 0.21043115035766413 0.2575059869273338 0.13014587840290762 0.011818473170694515 0.005913944905128051 0.06686970522174672 0.1644279549815915 0.1558721105473086 0.12315947700630032 
-1.353440540145158 -1.294833187241686 -0.8694571496296827 -0.38098680624876313 0.18607607312611074 0.3855584287324152 0.3619586028491035 0.21893528160530173 0.06290006779294735 -0.06080880590480986 -0.15413764389572787 -0.11954721662103648 0.4082914684353865 1.117747638189772 0.8304623912019049 0.484834783932744 0.45493368923880234 0.2383022613449541 0.00914690781163216 -0.11896864123245317 -0.0873363452630788 0.02686051459390551 0.039846218380292536 0.014261122107475313 
-1.3335815201165317 -1.5237211117956573 -1.1976854021351384 -0.8507725666998447 -0.5048636957421856 -0.3420501016908152 -0.23944221333004168 -0.1734653058144568 -0.11261699266283626 -0.060770488370033654 -0.06483210358795244 -0.0433541191592029 -0.41504566200431264 -0.20665413497935348 -0.12109959811150461 -0.08199455424733788 0.03735889094362951 0.010885938988931828 -0.02396865193366977 -0.04810421800295648 -0.05291121625915044 -0.057581211120265235 -0.11164025574184866 -0.11653870053636033 
-0.37015405137379975 -0.3417239204148397 -0.19001164351438748 -0.04630182645898384 0.08573303790765319 0.11227687210542214 0.09341248421126896 0.05282716886258565 0.024500521772846062 0.014025291764897474 -0.011688809275143264 -0.025838063201494982 -0.5745087907702532 -0.5756271565437149 -0.4062660972789978 -0.216160454550507 -5.163809107876505E-4 0.08221533031895123 0.08921200989183324 0.05122954022927117 0.0063890330607941455 -0.027407081780066806 -0.05705438988509089 -0.043858325872555386 
0.08511192120783306 0.1983766508150343 0.24600521646927487 0.2949830137142798 0.33698964690729716 0.3041155235211592 0.23486953093265783 0.17697055663433947 0.13678343587438718 0.09168467656199095 0.045019647151935974 0.02421947296623482 -0.44337742407155273 -0.4918875265034975 -0.3743350037561946 -0.25466554925014384 -0.13543328245345065 -0.07907791165507475 -0.047819215149269505 -0.037804065330103914 -0.02781394255100027 -0.01408042447698595 -0.01969747431340952 -0.018774217104599377 
-0.33926088849658065 -0.4290005989158874 -0.37250416709489576 -0.30538323280430446 -0.23330145546626768 -0.1841703748304257 -0.142833298957746 -0.1099712703069099 -0.0809672456580468 -0.05481514303062174 -0.037900349610399404 -0.021759035066089193 -0.08637293514347899 -0.05397524859704524 0.0012888273180229337 0.05135462965292659 0.09899652257661656 0.10990816471865979 0.10014521471245219 0.0761244388022041 0.05529102021087288 0.04443936717599667 0.030698044267971274 0.01920179283573345 
-0.01889582934048306 -0.004420193034640918 0.016565870923699544 0.04276478422324714 0.060953398305126805 0.04340725674233298 0.02213832370227431 0.02134610976060272 0.023558718705610993 0.0158910024586838 0.007366089519904192 0.010929018086892343 0.006781321824595565 0.039865670309461455 0.05867860204581529 0.07586765822754032 0.09862204587131695 0.10001421257254095 0.08400042748823612 0.06727555299685394 0.05392040687452829 0.0376993245644937 0.02063484540392954 0.013439453596249323 
-0.05903137066920472 -0.07839975269886634 -0.07915845269566862 -0.07425660067224726 -0.07323840552111133 -0.08709348866114408 -0.10065755631089587 -0.09773392410715825 -0.08476018027538448 -0.08139597271143895 -0.0849561632630412 -0.0767982142690241 -0.053127450582562595 -0.05785345291474925 -0.04187556484020833 -0.022331021967799663 -0.0045516056020859785 -0.003059332213795868 -0.0057005213556231655 -0.006445132364404439 -0.004593495351638888 -0.0020904503368465305 -9.894338588977356E-4 0.0022752446703275344 
-0.0753468031796416 -0.09652078322186058 -0.07670344686778457 -0.048183277034369754 -0.03890801567923191 -0.044465557281104434 -0.03821962285547559 -0.03097477545609817 -0.02308131744052884 -0.008122882291081546 0.006643017766468251 0.011420701778954302 -0.003305272817809346 -6.968088539342313E-4 0.0028228726788741276 0.015096744249337712 0.01861069842817197 -0.00173930592348893 -0.02028659405899635 -0.019425098901147478 -0.014162358385241014 -0.019045395162198595 -0.024691205955914255 -0.01931885472103097 
