0.0 0.0 0.0 0.0 0.0 0.0 0.0 0.0 0.0 0.0 0.0 0.0 0.0 0.0 0.0 0.0 0.0 0.0 0.0 0.0 0.0 0.0 0.0 0.0 
0.0 0.0 0.0 0.0 0.0 0.0 0.0 0.0 0.0 0.0 0.0 0.0 -0.011564517348809625 -0.015075519142273138 -0.013297648475752932 -0.012227037044679237 -0.010296826898042491 -0.007261865502348956 -0.005627900008873273 -0.005338113370835266 -0.003546740335847176 -0.0016541508976251618 -6.835022093055199E-4 -2.8009484286194614E-4 
0.0 0.0 0.0 0.0 0.0 0.0 0.0 0.0 0.0 0.0 0.0 0.0 0.021934756439180525 0.029489712569952448 0.026190273776356143 0.02334741548186971 0.02061815870046328 0.017387432815672316 0.01474002548979648 0.011806182525528564 0.0069278680153014955 0.002859757724308918 6.925508575350477E-4 -5.477607422458702E-4 
0.03469355204642888 0.045226557426819414 0.0398929454272588 0.036681111134037714 0.030890480694127476 0.021785596507046867 0.01688370002661982 0.016014340112505798 0.010640221007541528 0.004962452692875485 0.0020505066279165596 8.402845285858385E-4 0.023185657760485867 0.03206010570282561 0.030874467850886562 0.028139887442998657 0.02353174346694442 0.01740200967552589 0.01236731900257602 0.010410269358203272 0.008452122874948231 0.005805109675237295 0.00385437315898568 0.002633265532901515 
-0.08315104534075601 -0.11108241642326705 -0.09851729404269782 -0.08838280201262799 -0.07729971644845357 -0.06305509670054038 -0.05266192648269935 -0.04342571763283859 -0.02610371454967525 -0.011060499519364497 -0.003102905886563423 0.0012231399624446915 -0.026679054333819785 -0.03960147882572523 -0.039572868794223566 -0.034262153352848546 -0.02833328436213009 -0.024557343722612198 -0.02005579200175436 -0.013053812203709375 -0.006992750923031384 -0.0037482347272686143 -0.001124645356852268 0.0027399248738933326 
-0.027981450611079595 -0.0406391088968433 -0.04336475653131078 -0.04022826132268198 -0.03194537217660648 -0.02067848067630748 -0.010770993766378384 -0.009517949258190522 -0.012304511350007069 -0.011885079266029636 -0.010011666533675329 -0.00851136657992689 -0.01586303484949229 -0.020924856336280783 -0.01824484434418423 -0.01711798803468963 -0.018448105264894377 -0.01851088010339823 -0.015280087752212235 -0.011991764409306377 -0.009245350633851302 -0.0054325359537410285 -0.003302020077314491 -0.003689337692250718 
0.11137466433021359 0.16173726963900703 0.1603474573619555 0.14124114628690548 0.11641777952175725 0.09490406975951377 0.07399472290176218 0.05192758129647629 0.03245061894786845 0.019668470161258403 0.009405022651352749 -0.0035439490674236337 -0.023870024043471716 -0.03378736163780229 -0.031865622130976 -0.026795681203407067 -0.02159697232562908 -0.018601134795128454 -0.018077405931645987 -0.017149059278576 -0.014166944368658743 -0.012331868731189579 -0.011673403068805523 -0.010046509258358578 
-0.014980198240579057 -0.02840871659547528 -0.034804897242515176 -0.02677689891166013 -0.010623951496294803 -0.0016613464127855082 -6.043614089742411E-4 0.004312983875767493 0.009099106160323583 0.00589557571378712 0.0057026025909019465 0.014291842120272156 -0.005857870234962685 -0.006536718705457634 -0.005203949904097264 -0.005478863531621479 -0.004513951322023146 -2.341817838609761E-4 0.004193147304530247 0.0036794789427528805 9.670066700990984E-4 0.0010410087025337893 0.0012088610263496842 -1.6980458040531549E-4 
-0.018041599395591135 -0.01583552766054419 -0.007200357294167625 -0.014721439607917719 -0.023169509811722167 -0.016760259446916004 -0.00351302486646346 0.0011059936359104072 0.0056953098011356534 0.017044779184295863 0.024060168757564507 0.019961063387420902 0.015593538518777686 0.025164619387188485 0.02755238908326717 0.024354525694822226 0.019839589931029484 0.017952019193923207 0.016672901389481937 0.01297583409987295 0.011331170755761566 0.012324202110377597 0.01192350240146034 0.007767882404339947 
0.05430029195671082 0.06775744586930521 0.05602100050904257 0.05418962221959406 0.05139012645620267 0.03585622927849033 0.015403438204143693 0.004854407743833777 -0.0018278767869379653 -0.013696259885149734 -0.02096582266583026 -0.019754459066133212 -0.039872011924546 -0.0559558133223153 -0.05568908382824594 -0.05432509983829282 -0.04571723134066443 -0.03162121350670393 -0.018758567682914437 -0.009517492335462688 -0.002032825455671551 0.005088848332489214 0.011911388466887713 0.01647834782089283 
0.02995380367523559 0.03816033024505133 0.0322773412363751 0.027694308636811715 0.025891970752420057 0.022289224332106228 0.0159721189267574 0.012729367062824293 0.003920598154214527 -0.00750821837040596 -0.01303127192466217 -0.009824445687240793 0.047268220661615366 0.06800594083426742 0.06525513961414199 0.054640044419977024 0.04226350997850853 0.03201095801639109 0.023640552341433373 0.015575215751698393 0.008979237987424574 0.006080909456878711 0.0042559149650875415 5.489661443041268E-7 
0.08063813599764558 0.11246079441867285 0.11252350497695127 0.11499052648085362 0.10199700224362737 0.07367755221781516 0.04592876974315864 0.027053774168698613 0.0160849383507988 0.0029055294936703897 -0.011485842468647856 -0.02025044680507549 0.05879282534680522 0.0806054626586272 0.07727420666697217 0.07272765749516179 0.062371698505063765 0.045980217353650016 0.02720699164588936 0.012982782797024929 0.0019647830026272503 -0.009989584874645746 -0.018629086690634008 -0.021383810522940933 
-0.1730151834009046 -0.24220502443803027 -0.23121702837054797 -0.20904202499847857 -0.17526347764096012 -0.13170379496575169 -0.08969734766027104 -0.05671933683161719 -0.03019881173000645 -0.009498843875750333 0.00655243376371068 0.02020741035845913 -0.01205118634605403 -0.017100335860908016 -0.01363107165218883 -0.008315323249345752 -0.0037124371858098665 9.897480317230488E-4 0.005008588102662112 0.006834406625514253 0.0030935030312519846 -0.001313390633474613 -0.0032133148221749077 -0.0042267003613925 
-0.020593690545634757 -0.03387626476503558 -0.044054434688412414 -0.045625183448246176 -0.03514724486229853 -0.02508791313353076 -0.013382803440010166 6.304112999797329E-4 0.009337479147290773 0.017267807491459692 0.02512958456188533 0.029381044479839635 0.41319738502818293 0.49188865191036313 0.323064885891241 0.14454381445476372 -0.003835533719404293 -0.09356818413657542 -0.11894241676226262 -0.09456099712125199 -0.044477729166182055 7.890130899181428E-4 0.024919891321672886 0.027367894414431316 
0.11672327598503784 0.1626298674196296 0.15145952602562343 0.13294813334939887 0.10560140586281261 0.06870271291261004 0.03060214121035547 0.005437828620640975 -0.0019861813377874127 -0.010749185468876772 -0.02169904097340404 -0.021960090245520855 1.061340606603845 0.933716873021425 0.24573010047101773 -0.21473239304817815 -0.2355877758562354 -0.029442318986378207 0.19867138135784543 0.15807495125341725 4.2834663555154734E-4 -0.15076980592726297 -0.15889243490395405 -0.08544878687125007 
-1.3038232487798744 -1.5656226072412465 -1.0480094298948575 -0.4896359960573763 -0.026928838350046114 0.25417885068836055 0.34260627559463325 0.2796581828063255 0.13541181065323543 0.0011636610204791807 -0.07211977906510916 -0.08127037974637945 0.5425121631559643 -0.4912127934039268 -0.2577747870138794 -0.44172469075633014 0.0292888412799989 0.24003858628622965 0.35910916407839716 -0.2094058347380244 0.289876790027293 6.561741052275999E-4 -0.05600920954411023 0.025295205836926783 
-2.71542222409532 -2.2774824722642 -0.4664298321803786 0.657160560450621 0.5273906466716198 -0.18301021991756272 -0.863706031251129 -0.6704580763450418 -0.09452101738963342 0.45086264714152885 0.53185442028907 0.3318794830853189 -1.8060189568873408 -2.2049515761847744 -0.9513667443802443 0.22205414054409559 0.23694731984421102 0.10097313058752093 -0.19147893121250217 -0.029454491009987663 0.10074507375571766 0.1386635173842761 0.05025663948299913 0.07005197702001892 
-0.23205742997334866 2.65981828528866 1.038214605456227 1.017442675270133 -0.33390838910669884 -0.6193472055771333 -0.6435562094444592 0.9667958679968943 -0.8140254729086653 -0.21550663112942592 -0.08361951743702101 -0.2234243596963606 -3.5878800749568227 -2.172127471512718 -0.9631107398089708 0.48570447561572 0.2194912853831353 0.031379658477989715 -0.4479530748987158 0.31973487568391723 -0.3169783083452346 0.21913448954542616 0.331278155859618 0.052797237049069135 
4.998897237243797 4.664764149708999 1.9624477414908137 -1.2867536239466426 -0.451750778291494 0.20254634928279416 1.0981201773674083 -0.24976754094468046 0.17049723917601 -0.3184045915467525 -0.1667190902364455 -0.161039031330587 -2.7633997229792144 -0.8357598257477422 -0.3288885683447957 0.46451214017896847 0.25938110374916107 -0.09440187482506746 -0.5900224815884413 0.1673064284784942 -0.5458194091927931 0.18131291628593685 0.43996678503844716 0.1199960031514949 
5.6026572454210335 1.4796364963103077 0.6268840026964586 -0.9747923307059047 -0.1958319820178951 -0.03273840934578706 0.705552395981512 -0.8898917119456069 0.9538376074061174 -0.2716061882716587 -0.7166674913812052 0.006797166314366082 0.03231984639935911 1.3746315499354322 0.3450277241122938 -0.12079022309171188 0.039706919719145715 -0.12853439875086106 -0.1428565412950846 0.29648354377901914 -0.44268042866302365 0.027947848691020055 0.06342204322351037 -0.08793162858500769 
2.6574196071451333 0.8198878994682026 0.7259011742338926 0.25974164290173446 -0.31979086812026525 -0.19310899355803346 0.2318071108012092 -0.24403357180927387 0.6590056700313547 -0.06502632314516532 -0.4715219478541792 -0.1432192893745292 2.1756915680581144 1.8087206573248693 0.7436822807786214 -0.6622702456743493 -0.10869516238943733 -0.08972794247484124 0.4946270229280702 -0.33907853771670693 0.2959384915827384 0.054233639525384146 -0.2602148346497076 -0.15793576164102965 
0.8417218458779061 0.45836176060276124 0.6214047167478061 0.6065657111210802 -0.5190091033497504 -0.035916337904136286 0.2181699477238941 0.07447825209213366 0.26976159765273333 -0.42603931140327966 -0.12148421829868528 0.03146065508063356 1.925975854021224 0.9812118960774695 0.43545370714201653 -0.05834375797326404 -0.10237527359323399 -0.3325872575679046 0.22539405222624032 -0.3722527640188343 0.559911769439814 -0.046623147995964676 -0.4773678194039439 -0.1898944627267667 
0.8522902328410176 -0.2507604544118358 -0.2658594578707243 -0.09062190783708711 0.035923269542745606 0.4733191409864925 -0.1420696672879933 0.28528309018656994 -0.37528023069551303 -0.40388894855709445 0.3163337771714174 0.30043650920936826 0.31779356746356885 0.41739906894740325 0.6742971937406957 0.060099873948665304 -0.2382410293430227 -0.3817936898847864 -0.024923209499568794 0.14193505478017468 0.5509940831347906 -0.2142350685374659 -0.10550761225541246 -0.239427284902323 
0.7272943705094193 -0.9286750149820815 -0.1835968026772825 -0.6245792814167017 -0.06656323006969855 0.6318092960856636 0.21630862834739228 -0.03779175088702602 -0.20875475054989057 0.03769456842219987 0.3215081043178283 0.3546526552027175 -0.46203530644417806 -0.31785057422973867 0.7122400215795294 -0.17465671920198675 -0.354371722281771 0.2701162571479698 0.40077999133617626 0.2804161305758192 0.4936531330065696 -0.4547644100896269 0.1768372199592124 0.28765998074341453 
1.76125264243867 0.2612090804184142 -0.8944896472756505 0.6950145173246295 0.16870928326877688 0.6184092591014259 0.3075073989881665 -0.6137037346602181 -0.7547184052717051 0.34581194255449266 -0.3764952723961986 0.41346656527139786 0.481002943177612 -0.05662676667110785 0.028113828788674116 -0.1640820768167688 0.07292473030753828 0.21870336429967305 0.33347402420355876 -0.09418811358068091 -0.13059046208147512 -0.2424814915296245 -0.021591928219068152 0.3269996536858822 
1.773346560411614 1.1559287158768523 -1.2010002532883188 0.7377176561461821 0.47771305663254693 -0.9188101684055123 -1.2089585594227144 -0.3172767272119299 -1.0214787140788792 0.5634034733098077 -0.3055813533925144 -0.8880343151806248 1.0133633269284366 -0.10380995225083407 -0.3008512301208404 0.036085634771028184 0.06387598992846266 -0.01005890943879817 0.35900200794186804 -0.4063116594394464 -0.4715228505405919 0.16428437614521982 -0.20140166151989472 0.1304654811771918 
-1.113744691642916 -1.1231820198279792 0.15850078106877152 -0.27952414616822263 -0.454989064730992 0.5925187803330614 -0.4298581460136164 0.7075899190910646 0.4228531373134067 0.06070107358797516 0.6946542906837933 -0.05921896665660699 0.9393877875012265 0.2779190726755563 -0.5475431375239156 0.2931843086458607 0.08329947257309163 -0.04303212413355836 0.14134399931584693 -0.43991577697483075 -0.5768987389874142 0.2765915592004365 -0.36534600446026877 -0.06985481996468744 
-0.8752969432350977 0.07495039189361741 0.1924616735130278 -0.2455668539833602 0.05365797414479789 0.6749312637862404 -0.49201462297732035 0.5204964005556718 0.6170280297793292 -0.31260312553020086 0.3901383073375164 0.1995989776351445 0.8276673172108607 0.1832882549217875 -0.6583125810732781 -0.1709168897467632 -0.24540771881643816 -0.5242977436635833 -0.34655405733439987 0.03972125514074465 -0.3045434368405608 0.10204949459899083 -0.13938704827638473 -0.16065778943695 
0.26741103175834624 -0.0320589756166374 0.05140880189542285 0.30710384645181854 0.1308384067933765 -0.04936508459377542 -0.4749965671820713 0.2871570323804732 0.15672443976143335 -0.045959435626812595 0.37168291061959235 0.07921437875757553 0.16267877233102826 -0.5497526620930092 0.2043087537239799 0.14887682958829107 -0.30201638076556964 0.12220549012809483 -0.6693110477778962 0.22323555781458052 0.34339215605194556 -0.03724272020195252 0.2673203848188097 -0.11887725918240229 
-1.4002332529215993 0.060502429005818925 0.8274834795181896 0.957154329076451 0.921022477319677 0.9750249950486558 -0.14672717683528724 -0.22622404927886813 0.025215945218789726 0.31058524412022903 0.27406548146874027 -0.47527761957686604 0.8530534272934847 0.17615127852056153 0.2169665007156676 0.25437228992476985 0.12914367051685208 0.40026063433142944 -0.5479105404285468 0.1983009218024432 0.28508302503718835 -0.09604212244258063 0.1829235298422908 -0.04715650828143595 
-1.33931285379275 0.5332999478949478 -0.7719363831057491 -1.3275152264630015 0.017377825978277486 0.07585544431756919 1.4054312742490558 0.411243470564593 -0.31141728856216017 -0.13916495063138223 -0.04927045083824777 0.6348511094966052 0.7586913702056596 0.23695400005346734 0.055665095189097645 0.32992720929504143 0.3476486053489816 0.43787646740983904 -0.30529931144426325 -0.06586631115449253 -0.020832644804127793 0.03755927863243145 0.3346211766589214 0.10838320930859151 
-2.6310952823400036 -0.7361829054238598 -0.04676523613338901 -0.1913741873002598 -0.2770427469982089 -0.5884609036637203 0.21150307759275644 -0.13644958394371764 -0.004150181170439027 0.022125999299825838 0.05184439853956402 0.06325013710993752 -0.03923132130875088 0.279282001386069 0.05665170759353296 0.05912973902176318 0.3415814069997134 0.6042043713556062 0.17290084393682134 0.013309051966553909 0.03613431508737106 0.17064489371540778 0.2604361615569967 0.018179382096970027 
-1.3932320641494302 -0.34457830856220006 0.3215378741539192 -0.10841352324495035 -0.3130747970946254 -0.5812515374671046 0.2617862399366967 0.43986873317637554 0.2339054373684311 -0.014407649113905352 -0.5210700778925837 -0.5151991275116008 -0.061734259512625046 0.17633763275028938 -0.5215433967826022 -0.653650345075408 -0.4435058715876245 -0.024880542103879206 0.6616209486688954 0.14853444136457253 -0.04889761440669926 0.03136855539742941 0.03440845612161464 0.25244497930888665 
-1.2555796838170066 -0.3384044469238141 0.11079122810775655 0.17021426040213594 0.06150456785698821 -0.509034628125826 -0.09360719148957175 -0.28046383648442114 -0.3558483630086191 -0.2637280877847328 -0.27134318967508175 0.04520935263632686 0.9325868160992262 -0.7408157843638468 -0.3724191472358747 -0.6833462186623022 -0.8106433175972069 -0.22438146146536317 0.32091072910739166 0.23385911965966708 -0.16835135347411515 -0.255101495435529 -0.018094152116197915 -0.07997227911999157 
-1.8418678745163735 -0.19460217960594317 0.7139155751214847 0.45264158491202444 1.1786217833135524 0.11078393286025967 -0.4268764372164665 0.03764727274122717 0.011124645577027636 -0.09034357328139114 0.009097974904231199 -0.1134634361932495 -1.5721335141462287 -0.21976109645290798 0.6415021852943458 -0.22360478092457883 0.32011669705380913 0.01938149071893876 -0.2323484916453236 0.15403019645634825 0.20012709913315532 -0.15766652794660116 -0.3636815709706884 -0.16728011218967984 
-5.204537825454211 1.411276383189552 0.8743033550904524 1.5781369146081592 1.4090389155893228 -0.2613342544313129 -0.4068977711528371 -0.6369162127051446 0.612294275147608 0.8253984476901557 -0.1589571715102497 0.10229912881073655 -2.8442856289596588 1.1052229401390743 0.5705492819680281 0.49028257540308734 0.9395953168878274 -0.12987286363590758 -0.26835340998354235 -0.19742291737888276 0.1678165279742431 -0.04920011232778448 -0.10199781147007074 0.031538215471604146 
5.297647549107858 -0.5601354342601592 -1.9847247452204662 -0.14156050757422545 -1.94719206212222 -0.7632461964711774 1.1154770047043001 0.15600433191769256 -0.8505471791091486 -0.08597133301154614 0.5137816259370653 -0.04190367902976615 -2.569237270628009 1.239950235863737 0.03038459438747143 0.5317584688535455 1.0527128415818698 0.1277263251836855 -0.004289246806925866 -0.036605405709166504 -0.04073283846817888 0.16927950598668925 0.21736649354776758 0.039221669184085116 
3.7075194912498546 -3.471306640013929 -0.2515364576253525 -1.0035324195640012 -1.194374460088608 0.31759902744761526 -0.05972368249932791 0.2526263860639944 -0.42846203458826027 -0.11831387093630186 -0.2176915807812866 -0.08518517236022724 -0.8342865685121046 0.7876430264542152 -0.3071283129070483 0.35411001288393434 -0.10207837805278845 -0.041845782972204225 0.06617881846457274 -0.2923177009330055 -0.28711248928915156 0.19418097086029648 0.026796929268419062 -0.18182214422381712 
1.4098152790156213 -1.473161375595414 1.185681698316973 0.14820084543746814 -0.6778100535930915 -0.5618616836302609 -0.5875957411224435 -0.29730780951584285 0.6537013158494984 -0.12632593192823005 -0.6136343011035532 -0.13738629316002293 2.4043042064751554 -0.9644232507538489 -0.9496108840944174 -0.452735576211738 -1.0215426923260722 -0.30550923861293694 0.34939279783843363 0.15064724970972945 -0.4148009264201522 0.16853347911278868 0.09681804685784899 -0.07447533022155188 
-0.7577619848717787 -0.49513972550546637 0.2104850720428777 0.3709261994505093 1.0805830454831238 -0.23648916193515856 0.24610214636681646 0.46669296081063955 0.7215074955357392 0.2630328345676082 0.3243600042048024 0.6955068685473162 1.7000660608515628 -1.6344250630907233 0.07185609762634988 -0.3750900889449611 -0.7025315889649674 -0.2780367899912672 -0.12241583624630377 -0.09919616114582507 0.14598795661192907 -0.08972860489568601 -0.33233737091556287 -0.05212304575774276 
0.31737566774320936 0.8450508607471563 0.6330971422286709 0.5294169115537333 -0.020042737929869547 0.4303256140590203 -0.08561430324407282 -0.40297070458481843 -0.1811291649106917 -0.7822451231018672 -0.04769830712952611 -0.2088237088188823 0.6631845884848321 -0.7241988736766197 0.9162708629569902 0.1973227572098523 0.4354603386734182 0.10140194197550656 0.012634144799326083 0.1243701642835709 0.2995194149476849 -0.055220091849663304 -0.30813925791144375 -0.0373617367124933 
-0.8464588856686275 0.27286243108695585 -0.19081247246025113 -0.06887018578725046 0.5843366489746833 0.6556157485767762 0.05653310730039807 0.6030463170359573 -0.4490106640439524 0.4788315393375748 0.49635253497838844 0.1069026727424307 0.6330416612044804 -0.07733900203429862 0.5170800157799486 0.3458930581707107 0.5316989099038706 0.4233779609412023 0.5914484415058846 0.638557526681211 0.5500211154117441 0.19889876029530149 0.24623958131965018 0.3122164087291252 
-0.5353900360404507 0.31543416713823413 -1.3624821183024336 -0.22386923357320887 -1.736067871359126 -1.312119964812748 -0.5307136559872125 -0.7385949804792145 0.34040215079628944 -0.06856500876422345 0.22478720724398515 0.26900101487989975 0.4750496005933092 -0.1657606007062916 0.011257868856523986 0.25832012365443363 -0.12758414906398144 0.21450340123001901 3.806818891777623E-4 -0.12021986034751092 -0.24816058769141783 -0.3898586386538218 -0.04582472501449714 -0.13200359271318812 
-2.2305041165933894 0.0016856274018905992 -0.34296534503141585 -0.2901099024981517 0.34349888248614036 -0.6354002553228812 -1.3056935017792675 -1.2811674812857956 -1.1893215085529838 -0.6905035034871181 -0.5506014969409038 -0.48005471948945044 0.07981612794322628 -0.022604567196763032 -0.3099147559692778 0.0657662053266087 -0.3072543676671386 -0.1760561205058632 -0.2792334339646885 -0.18369508412125046 -0.29841444443634574 -0.06051234384286425 0.152127591346512 0.08813552416854305 
-0.4157505185743373 1.4779210647085637 0.6753999719446813 -0.13492360105411705 0.4831285925063462 0.432323412318792 0.5943569556282267 0.8997957756185908 0.9335080204180775 0.9719983142719446 0.6132528838736114 0.48066576543662265 -0.02162364864981403 0.3533656082103505 -0.33901041549691585 -0.02799435546563367 -0.6976582739259453 -0.6690976940999823 -0.47750909085249355 -0.5006148203417072 -0.0546700301027111 -0.12854124899929062 0.054866213492867764 0.09118914025269591 
-1.145727028231363 -0.24056731610791982 -0.2800092496759752 -0.3106416180266225 0.396501520043363 0.3115624215285957 0.33169810338674405 0.3349361913508062 0.14967973445419086 0.14008690934808354 -0.15426307737596065 -0.2633362750415599 -0.2870726314037218 0.7025384381397313 0.3254674759150149 0.061192383770028114 0.15933482775926774 -0.18214715899628517 -0.3590124891420392 -0.27302847757013077 -0.19678177298073204 -0.03430221652381319 -0.022289813247670542 -0.025326412586583302 
-1.0129076342720218 -0.6235361857379123 -0.3769289194894063 -0.12962030941207248 0.3304056316400986 0.22169177906146037 0.08311781398726237 -0.04480235577239347 -0.16508838039916457 -0.09823646818395239 -0.13798064301708968 -0.11292562810213326 0.02456057473879684 0.8046637174937857 0.438834197125455 0.03513061446846821 0.19537381510161378 0.13314462988698197 0.19178581812178772 0.30082623292882094 0.3049426700810352 0.32883799798017294 0.1875856189409769 0.12313727540940937 
-1.0707076645333817 -1.0552010617940653 -0.7932033270594168 -0.47633869962925834 -0.05814412035853905 0.016357038294639997 0.026963536467332377 0.010217017120088906 -0.0496779892021667 -0.05247946268772998 -0.10811529375254161 -0.10727978496032262 -0.4655594675085369 -0.13532424826300476 -0.15082812464558334 -0.1900852797726228 0.03812790278101691 -0.009791924844757069 -0.0037339449495294072 -0.0030566119141787196 -0.056207279033700396 -0.017578494958854524 -0.08681403430107702 -0.11188466005726845 
-0.5269419246397185 -0.5287532149297208 -0.3845055807399629 -0.15746690365820376 0.12432996740245594 0.18049221427482393 0.17136678472256933 0.15967666394748659 0.11835887200315057 0.08176750634933248 0.027422135238971333 0.033225694167775946 -0.43922361645762226 -0.3151226041774287 -0.21495278331242237 -0.1081465013432527 0.08129596722979551 0.05394768838489056 0.014021887753752455 -0.022534326485251163 -0.06240197215853177 -0.03918093075551169 -0.05831371285644762 -0.04903809361421713 
0.00796851947809607 0.11801394327699877 0.17626345488605316 0.2735375184143115 0.3851556438191336 0.36153797845618507 0.29877545286767876 0.24186651723340236 0.1765779453541345 0.10282040695800469 0.023477636399239887 -7.579560047091469E-4 -0.39425505163934577 -0.39792466903660934 -0.3089212225989437 -0.17208957693725202 0.005676352652444779 0.031841009674229585 0.029233448452551315 0.03214985972941194 0.01614122048617881 0.004026545680025091 -0.02695394277373248 -0.020869220842533814 
-0.23457487690489387 -0.26477587574115813 -0.21680396052487422 -0.18011891440409933 -0.13513215213812424 -0.11274175617398385 -0.09485380747416819 -0.09302412637329671 -0.09101043120171987 -0.058343610740284664 -0.028835969523637595 -0.019072261737288595 -0.12058944648016882 -0.09519935269413887 -0.049463606713701175 0.03239070842664906 0.12604279833054924 0.12391515030165201 0.09965500587013369 0.08756848117981737 0.06790313768066454 0.03797104842207188 0.0026951726069846444 0.0040123409391074625 
