0.0 0.0 0.0 0.0 0.0 0.0 0.0 0.0 0.0 0.0 0.0 0.0 0.0 0.0 0.0 0.0 0.0 0.0 0.0 0.0 0.0 0.0 0.0 0.0 
0.0 0.0 0.0 0.0 0.0 0.0 0.0 0.0 0.0 0.0 0.0 0.0 0.01653076559156356 0.024159075002291936 0.02579926497137382 0.025715138979855594 0.023419947683935516 0.02023228772277848 0.0179186415977395 0.01585876789630536 0.013625746191422927 0.010850384579217673 0.00748782430312242 0.005505982182483327 
0.0 0.0 0.0 0.0 0.0 0.0 0.0 0.0 0.0 0.0 0.0 0.0 -0.030755897016557416 -0.042986355816810005 -0.04303037990235947 -0.042357994432825265 -0.038210048293439214 -0.031582228700616555 -0.026335695570742824 -0.02184389307294367 -0.018243231657931524 -0.015556692899477498 -0.011769977757275013 -0.009428424657069473 
-0.04959229677469068 -0.07247722500687581 -0.07739779491412146 -0.07714541693956678 -0.07025984305180655 -0.060696863168335446 -0.0537559247932185 -0.04757630368891608 -0.04087723857426878 -0.03255115373765302 -0.02246347290936726 -0.01651794654744998 -8.258456560493362E-4 -0.004041104136160045 -0.008638399055740606 -0.011430947283118442 -0.011210624526732521 -0.00905862972111727 -0.007485224399326955 -0.006527587586005144 -0.006784201601774851 -0.0076459493760029406 -0.007572389581380651 -0.006162857771665943 
0.11706383943701759 0.16519767995386792 0.16779003716413915 0.1656466917682592 0.14976006640622092 0.1250951176860174 0.10588504910883773 0.08931983106328906 0.07516831426092896 0.062945655567259 0.046541669726508667 0.03654424724493341 0.03282756410428256 0.04674104343902393 0.04856656975388635 0.052460162416541556 0.051324634426324685 0.043170549849040674 0.033727445848734376 0.026379385896769025 0.02381186019003186 0.025449768041024237 0.0254592585085982 0.02277424552932315 
-0.05605438275036079 -0.07047552756845382 -0.057979821414847754 -0.04853050403477427 -0.041248159622912894 -0.03537166967965688 -0.030486851356438 -0.025077152773629097 -0.017231552325139926 -0.00853497965562068 -5.53666119112381E-4 2.1644969253112323E-4 -0.030283732066057095 -0.04545349984514432 -0.04934189175029546 -0.04647917244121421 -0.04227906176720131 -0.04303372129063145 -0.04175521425646183 -0.03535001173576142 -0.02803377414918749 -0.02297396755947757 -0.01871593920885571 -0.012560718932566432 
-0.09525164932501262 -0.14122397903628278 -0.15540869601129592 -0.17168794370202092 -0.1684797449934209 -0.1421742462914613 -0.11281687426459336 -0.09038773314795057 -0.08325842369466001 -0.08835739116408889 -0.08733267892092203 -0.07668993470796 0.008822044492200773 0.010065323879018012 0.005864266106605971 0.002560809349542975 -9.499352492703672E-4 -0.0029218091433161064 -0.0024632781256369446 -0.005160492851477655 -0.007986208831062125 -0.007727746033183676 -0.006999483831343162 -0.005995615419065394 
0.1474166438044957 0.2170941040236325 0.23222724692448243 0.2309594181192159 0.21569724794961828 0.20203898269229825 0.18086067966288252 0.148327513623988 0.12243745285108817 0.11202227230645363 0.10062151904091522 0.07778130122669602 -0.028731661172034666 -0.03077338947178068 -0.017434948015771917 -0.019150829597988143 -0.02472373223992137 -0.019406431852999728 -0.01306573396505018 -0.013284201692839883 -0.013511067237368142 -0.00823175417740655 -0.003280056910601764 -0.008168003938521183 
-0.011137807317012971 -0.00878310747922928 0.005093704674656141 0.018219302642635188 0.02413716836776643 0.01515521892998814 0.007601117976088298 0.018098976418913476 0.029292438166001286 0.025850267685772886 0.016952528640524357 0.01574866773504714 0.3655332102391071 0.2955931411525947 0.022081368122078216 -0.1044123535156442 -0.0947231801181783 -0.03291665605313821 -0.006406145052433985 -0.017156309866639127 -0.02735097890983751 -0.01608647328093862 0.0022555338524330635 0.006434574625028638 
-0.011916320238256617 -0.04437579493163854 -0.08592617771050803 -0.08603163841313789 -0.06338541958374244 -0.05581710673138242 -0.05149864558162829 -0.03946790247854147 -0.032973781543366144 -0.04094354654833192 -0.04285609916803028 -0.0214988397134089 1.7077685324917222 1.9284610773244604 0.6847437183981607 -0.2720864745108201 -0.32859353637679906 0.0798719243400605 0.2602974639328633 0.08786453794130795 -0.1356711786905677 -0.12022225831002702 0.05785341056506118 0.1790485603662796 
-1.1121847980209578 -0.8972684530164315 -0.06257608806003534 0.3000446451110885 0.2552311291277944 0.08550376657979367 0.02258122351496401 0.05497890450323154 0.07650013023207967 0.03638493810611975 -0.022360471373748463 -0.04635358811299345 -0.846359131525623 -1.2216408667082936 -0.323123179127991 0.38365498452130686 0.35639711260161083 -0.0017632703874509343 -0.11141378216430926 0.11932659520459972 0.2642336496642511 0.18224015297268428 -0.04339819677207893 -0.1384304471900669 
-4.425365458318699 -5.124046455181147 -1.7881690119026543 0.9063061704174493 1.0859308767000015 -0.072751064152786 -0.6075217649051453 -0.1337060642420949 0.5058471428897522 0.46742171202636124 -0.0532822126471319 -0.4283132519481226 -2.2791430457243114 -2.0757448861917727 -0.6054852205757931 0.25322998618757087 0.5277969284903697 0.2160833490846935 -0.31326250368746994 -0.1811116687427348 0.07172426950076789 0.24740310215072536 0.0010893838527108318 -0.27252360931155406 
4.734664156300077 6.195974822770406 1.8255846591547022 -1.6289145553365791 -1.6197123175789379 0.028912008803042732 0.6198540241307746 -0.292761728313109 -1.0328189730433113 -0.7750528205196265 0.15236017569631194 0.6344472154226046 -2.5090628341621053 -2.4683680356865714 -0.8322122644548656 0.5190151224151004 0.5326342808428111 3.5239907118508884E-4 0.04930649155134775 -0.04082194667321965 0.09332613076829765 -0.11938394493344291 -0.05754913262237529 0.06362601749644793 
3.902088339774161 2.6362372257502606 0.7864491104095026 0.11875800324798336 -0.7093044817014853 -0.6757712750970875 0.5896524651728762 0.6777374201578332 0.3065129615920257 -0.3774339736876349 -0.13348457426119298 0.4556715864534542 -1.5258873519678298 -1.5004213554307289 -0.43133902485956604 0.21930805567892306 0.2758115206637303 -0.022054027750021906 -0.16242207838977082 -0.04871926238616481 0.11881984796006673 0.11724923738555955 -0.028614322076310806 -0.015472485738899922 
2.2512768054189287 2.6276938135775776 1.146751644148483 -0.8632266385494796 -0.4450540341998952 0.38595667483838914 -0.72392536617809 -0.22827699767707357 -0.10381117142395002 0.8169646157634466 0.19038810730040795 -0.6792240598031256 2.089493352364291 1.8361231907409727 0.7272190224613645 -0.28472245587311323 -0.5205316341002234 -0.2005463164191604 -0.026506402841530274 0.10686779983442696 0.02687234468434463 -0.08641123017836456 0.017995271217245104 0.10612978304003569 
1.3939902730253646 1.1613581157074542 -0.15473542982084654 -0.13446195501286962 -0.3288328269807108 -0.18511131392039348 0.5516341654185994 -0.019790642401618208 -0.3151163018001286 -0.680334718271854 0.013546787779752517 0.2749398428814423 0.9875632156455586 1.2451454708384089 0.6733889421041224 0.15202986479058578 -0.5486015837608241 -0.6197069592411294 0.47665320207841955 0.3837381150072956 0.09487502299395112 -0.2729215137023695 0.1577388226983544 0.21231573219289132 
-0.27976686741839707 1.4250448055688913 0.11451986188578367 -0.6481372085868129 -0.248353242638655 0.3852209774721769 0.7183823825325039 -0.2646010965366641 -0.802621375400268 -0.3643687576924233 0.02485868102410388 0.4064237380885035 0.07024511888583736 1.1862228529898013 0.6260743361677531 -0.1728391636747101 -0.4723800731752977 0.08871480103543439 0.17583751927325006 -0.07729461061753991 -0.4798353463765106 0.06231334812179912 0.11069917221722779 0.07865218064134323 
2.204920529256148 -0.49787468276062263 -0.7176018247715148 -0.4448763061051073 0.8381498738003668 1.1837174513094066 -1.5614610154176796 -0.45531487543425825 0.3712929945983313 1.0319972541474085 -0.5239363292181042 -0.7240995090710344 -0.11990959439812077 0.7889306924597493 0.21702044236323706 -0.31097000781120515 -0.2639512659876085 0.45051012568917354 0.3453907407412407 -0.3995866864438365 -0.5744023773139127 -0.17226039139210192 0.10282493900524263 0.043305361447954716 
1.635076320646025 -0.10135834615778805 -0.450038166879442 -0.18950197197923035 0.38859483493545904 -0.5646021108828141 -0.19489033357970076 0.22136895069186618 0.9924902195063517 -0.22614141481158206 0.12703214914765293 -0.415660925750917 0.8482744108497959 0.5161693794260499 -0.5451807166936377 -0.7271734157358885 -0.18604654143139374 0.2751747930437512 0.1430818921587181 -0.09992953078578208 -0.03937375241675115 0.08516290083751521 -0.08863476188067931 -0.21470658988600977 
0.7962974621875158 -0.44223238580845425 -0.5235177425279449 0.5691304501169546 0.14454693219505768 -1.0617301468104188 -0.027901698749020376 0.9359843933156261 0.5105350326882998 -0.2326672155359688 -0.34601476329774994 0.5560660904572884 1.1985745689156455 0.11385621989494688 -0.7116199781852356 -0.4204712435620684 0.2278246604965961 0.22296538929188744 -0.7753682984178468 -0.02772622629133627 0.5839462375057166 0.24330843263933424 -0.31446365169356433 -0.36236660122432784 
-2.120278566433469 -0.15128448118534266 1.6530199708449116 1.0263796605098214 0.6565878524581807 0.682420397400836 -0.4776429522779801 -0.6604621385542601 -0.7541211371949987 0.012474774636719754 0.2018021837059647 0.41046070798237144 0.8705463423993346 0.06462247153785732 -0.494537664842219 -0.08532696310240347 0.2899707079711183 -0.3982773025433645 -0.31288460394373646 0.1548741309662768 0.6243659797566257 -0.05170931717324797 -0.10559447939546392 -0.09102559805223538 
0.4868742660489582 -0.814480274931686 0.3657290409220151 0.20859660833657206 0.02067938354921761 -0.10868997070808073 0.9060201891850009 0.06877934806281363 -0.5072400395681433 0.1827638615052548 0.38206960858343286 -0.05006052226469504 0.3609417802760008 -0.16912840910713692 -0.14822007802526693 0.1933029974350828 0.21824385528491405 -0.3518380362719286 -0.06825994288251115 0.2655016103162442 0.18993511981550848 0.062062991082761254 -0.12793502440939983 0.2244709395773671 
-0.8218511084826998 -0.10910181620974413 0.588951435922235 0.24674583821817134 -0.41938351465497586 0.15370970869611034 0.27680253428449786 0.190349080419442 -0.3717201836353037 -0.27872900181245 0.07977340139345329 0.16047917476678086 -0.17974711915548913 -0.25203732620820524 0.4845694731934329 0.2648924337229111 0.2344724082495584 0.11960987124119898 -0.013819370098120787 -0.1466998211392599 -0.2664196133484196 0.10485579770872845 0.09715714459905388 0.09089098967250468 
-0.9357416076158711 0.044061509025157264 0.4531767590091942 0.3790383689575313 0.02780104989689383 0.25813930635772997 -0.2003446133827259 -0.2859260471199575 -0.25047080353807316 -0.2732543005596677 0.09880470108670525 0.007644038332982328 -0.11390587044312513 -0.4936359316912983 0.2849862933008113 0.1588556879154271 -0.004452504334525681 0.007268550558347742 0.3438707017895019 0.058054878552727694 -0.2473103774971451 0.001593202781474401 0.17182774774914933 0.04505184968872811 
-0.8697292721345868 0.1755566054608515 0.1555876922210233 0.1464814790306086 -0.050390205464332594 0.14017614514433374 0.11699755930024569 -0.043009977545094835 -0.083246915164775 -0.07408353745700436 0.05196320365716689 0.10893545866601873 -0.28295829263360445 -0.18588645168052617 0.1786860259540203 -0.07101737299776453 -0.30100939649508834 0.044480981849694325 -0.04799489664008544 0.03320890970561866 -0.22727526341556067 -0.17313393384557837 -0.05287283720721192 -0.11940053559602774 
0.8525309592042771 0.5240983093069111 -0.272547967129813 -0.21783827581592785 -0.15045975804252698 -0.12372884060723566 -0.0456894286913786 0.011294241386898995 0.0904544586880276 0.0756615209831088 -0.11950853579587195 -0.1594442132804983 0.26156999219272303 0.5094986570235326 0.24795619335157518 -0.19092054338579223 -0.29312191388973385 0.054825164058359875 -0.15886640871619126 -0.22818012329506177 -0.4097031266975073 -0.3079510974222694 -0.04062533706891538 0.009213879766791147 
-0.8671125139919607 0.20853913869095742 0.4157557211296776 0.7582362795981945 0.5727750787999996 0.21120083662951017 0.3434596318590805 -0.05788779295084223 0.13964297549832794 0.06621488895289684 0.34754853145637765 0.6022249073616044 2.166278403297771 0.8595119607253626 0.24633851674922402 -0.7712293705157011 -0.6214618569064109 0.18722462441326093 0.1665505363336035 -0.1354286898457275 -0.3336061819935415 -0.16113359575928535 -0.044728463359741934 0.08438742386066445 
-1.7217599632653533 -1.5009257286604933 -0.42077583549985853 0.645922598831115 0.5955841494339292 0.05815146844006214 0.1630235764864304 0.40605323046810154 0.8671936312228973 0.5804497785021898 0.072888048393846 -0.26664232531518395 -0.07895307018495397 1.0992647926095123 0.2439161293964324 0.37244326000499894 0.4110689133807874 -0.14193419608622854 -0.02572139252361652 0.06587046882494053 0.06054350209229279 -0.03099825330435101 0.052732268536865044 0.17208918008041327 
-6.081419020793084 -1.390467257731534 -0.509313923841626 2.0282891532541902 1.440973411516672 -0.512437882619098 -0.4870105522894693 0.16589659745148638 0.5292020445484147 0.15692312106131126 0.08995030164153373 -0.09062775689863178 -2.927559460957752 -0.44296791794543466 0.06385908719454465 1.3903742112605446 1.008910269809057 0.3927708561804744 0.4449982440824156 0.4131275044270337 0.4359045079010742 0.23112007231392606 0.3210745036711998 0.34478788113402964 
3.6965434231597007 -1.9741928703103797 -0.5417615328334584 -1.9701944926589225 -1.8177656645432254 0.663893107275754 0.4467098409537459 -0.2982093602890869 -0.28595558211389416 0.12330216484195462 -0.14890622649904509 -0.32928542139162 -1.6439490934616707 -0.6321064172495889 0.02409408392464833 0.9136254806547836 0.4263285264807175 -0.06337084109301926 -0.199423774216957 0.05455630217711994 0.37293163587861916 0.354580190441782 0.25103450817382283 -0.05193180054417582 
5.206414175668767 1.7740764633522046 0.2846713082128436 -2.104827808438421 -1.2472808236385948 -1.269982551329759 -1.133378232621824 -0.9451390108533494 -0.591495941536499 -0.39857152115876376 -0.5047778421107761 -0.4008171880022666 -0.5448869581344141 -0.5609411680016421 -0.03223539490375297 0.3242129837467318 0.12615376980149126 -0.04878544255552127 -0.22691111350511428 -0.18742879899504264 -0.038084982835601876 -0.01688786182759881 -0.08270715753174114 -0.16255840435781502 
-2.433829281111266 -1.1868783374535958 -0.8900507033010383 -0.02839536228693018 0.6607256875694102 0.6270363260744504 1.0844787393034787 0.7979021280891596 0.3087477166294966 -0.2055434717131187 -0.3828514042514676 0.044247791869160946 2.5521120771053445 -0.4701212002743504 -0.31341771103215676 -1.3459780963509458 -0.9279697383573543 0.10291289004731712 0.06370746387437783 -0.2855934049115662 -0.3148892765595645 -0.20691148695960393 -0.34039168782866575 -0.34005899199211315 
-1.3815717942543584 -0.10130102015499975 -0.23846315389657713 0.0847506368279986 -0.17673357394411957 -0.3476531643518823 -0.1251616609489929 0.18012725024749113 0.3461053436835249 0.37200952482164434 0.4550443631129684 0.21028084954442283 1.8702165554145445 0.6223217903633024 -0.03331639788223628 -0.986096204786115 -0.5116945880370544 -0.40969659101919903 -0.22627878732433718 -0.24356664570674713 -0.22679661477811272 -0.23608774472481384 -0.2839983687892212 -0.11564027371008045 
-0.6657998231947699 0.3738594722662736 0.6600588313177222 0.9729505737607056 0.4308699256815996 -0.10601025635513561 -0.2485208365058032 -0.0040622761048085265 0.18991160495478737 0.35874610273056246 0.39235773437508 0.3853425358113748 -0.5033699899430953 0.0355563970779853 -0.020112559194263507 0.06243194142151114 0.1966260244071297 0.11936404304133501 0.31089496964737084 0.26991453826725503 0.17329656558146608 0.07065918527684466 0.04552256867171367 0.18481864405121454 
-1.288250219533114 -0.8732578125976371 -0.39043426544982784 0.35278783789610635 0.40273082141647365 0.32563051294263134 0.21195791725582847 0.18654312836387604 0.14831195863519378 0.02754692579383705 -0.04038730505638638 -0.22444373884313218 -0.2618360018356924 0.2939041554056483 0.2303100113389496 0.2654405828843586 0.09649073678612348 -0.042403959116989486 0.02325500054273234 0.14956190609585163 0.22067256582814765 0.25233006890339094 0.26795380127295226 0.1920654705940612 
-0.9703800986426021 -0.907569132466233 -0.7537274699416224 -0.3497097870855175 -0.2188845833322755 -0.06769764169681144 -0.01676595874104453 -0.015049425770798014 -0.11224528759073596 -0.24528972802974902 -0.27170327618193124 -0.2928458460907052 -0.2641870554653563 0.14080254849843774 0.3027529603142846 0.48040482072224755 0.31712186849893337 0.1209722304768311 0.05607112068639136 0.12260145217159234 0.1771307296949102 0.2110962205289081 0.1902820886663795 0.13908834973401416 
-0.4437736510233652 -0.34229918400569137 -0.22250003728375367 -0.050240931401965644 -0.14132852979555252 -0.23959759433007594 -0.31080410145956927 -0.263064893207069 -0.16483390752815644 -0.08296276650837266 -0.01678653542738276 -0.026821371286720852 -0.5700731442860594 -0.4572563029475345 -0.29135382720859254 -0.03194321189641073 -0.01668166027651648 -0.026583318085365498 -0.03233548546183599 -0.009559494254479236 -0.0028644218495436726 -0.03864304855532328 -0.06054860431613491 -0.11950532015639341 
-0.29547694105357536 -0.3140274875250125 -0.33216716370816857 -0.2667495037570012 -0.24846600420918746 -0.18631289414927532 -0.15535318920727842 -0.14706262183411303 -0.18490765104826817 -0.2192877127050571 -0.1902889164385603 -0.13073369716887334 -0.3774764943344658 -0.35577157961717937 -0.30112744531417834 -0.17191261070846198 -0.16035169359725573 -0.14270634679227626 -0.14404851403845648 -0.13414091655673444 -0.13664146695170576 -0.14245284020215532 -0.11636694432728495 -0.10757048600044827 
0.08451763453055072 0.2017402737743561 0.27284706305922285 0.40713733192108037 0.4675665126844791 0.46468809342495976 0.3782579888744534 0.28122820915897123 0.19323640591259092 0.13047506379746093 0.10055132802033288 0.05301614716513212 -0.10384908489982703 -0.06113812802967381 -0.05957557411515002 -0.02331918004162555 -0.05812396578131814 -0.08147588797842559 -0.10297056709221064 -0.0966611841657321 -0.08051258668851176 -0.05930758679775835 -0.02503403425096276 -0.012034635506855426 
