0.0 0.0 0.0 0.0 0.0 0.0 0.0 0.0 0.0 0.0 0.0 0.0 0.0 0.0 0.0 0.0 0.0 0.0 0.0 0.0 0.0 0.0 0.0 0.0 
0.0 0.0 0.0 0.0 0.0 0.0 0.0 0.0 0.0 0.0 0.0 0.0 0.15160494926183107 0.1520016498036779 0.14977747736677968 0.19831483644740866 0.20544368523053036 0.13117142223605507 0.020360153395219443 0.044270510106251916 0.04836531397734439 -0.028824418443008166 -0.096013835115264 -0.09810631858248514 
0.0 0.0 0.0 0.0 0.0 0.0 0.0 0.0 0.0 0.0 0.0 0.0 -0.25902957632162044 -0.25788141326952563 -0.20559097054637054 -0.22197149401872904 -0.24875791299389705 -0.17023473016567922 0.005999730287174164 -0.03226688829853517 -0.05140960585480225 0.05575907983298268 0.12139322746406946 0.08738107899360277 
-0.4548148477854932 -0.45600494941103364 -0.449332432100339 -0.594944509342226 -0.6163310556915911 -0.39351426670816525 -0.061080460185658325 -0.13281153031875575 -0.14509594193203318 0.0864732553290245 0.288041505345792 0.2943189557474554 -0.09567455537264562 -0.05132040231074719 -0.03273048389002622 -0.1471876907528543 -0.1712670075813303 -0.08061807960489126 -0.025092122799310085 -0.06657926129878959 -0.07760205659655244 -0.011143880810523019 0.07231012023412897 0.08453130856814482 
1.004496152857608 1.0016467145140937 0.8414391276892811 0.9633867367273001 1.0544392668274867 0.7074613238511203 0.012541039231306672 0.1632064300549834 0.22677678853042332 -0.2105138671634603 -0.5082004350651044 -0.40930271485453606 0.09254564427875438 0.04627291365493672 -0.09063502749905254 -0.10286512452615852 -0.030710289494355725 -0.06972989047881796 -0.15483655006023075 -0.09116359882250842 0.013867178678723826 -0.029664124975212775 -0.04536272680135898 0.07886573787686137 
-0.21522441031086714 -0.3468621503248053 -0.3225281121745619 -0.040130296105087226 -0.013418610669752473 -0.11187642311088636 0.06900584878227692 0.11813456886887708 0.11941777552444566 0.1386885760132992 0.03716985683016527 -0.04894256827716642 0.21740804091594543 0.1600614048998057 0.046664837079357945 0.13472981147644122 0.21568905870205848 0.18137861031958524 0.14858478899979183 0.18794995745614415 0.16397177889058392 0.11198672548695769 0.07060830908529536 0.04295947488156734 
-0.39743215157357614 -0.19339014050792436 0.20850292253426905 0.031188266959906175 -0.20932535402785213 0.06837074963781442 0.3994664956967246 0.14801774687370886 -0.1738583947644109 0.06288471458350099 0.2615240046618903 -0.06496645161827319 0.19634688574115758 0.2010520095382378 0.20889079088406773 0.18837054387143604 0.15394975912919442 0.1548170439125857 0.06593724114836814 0.05201204923013048 -0.024759983055085383 -0.1262284796986424 -0.17627528503199633 -0.20221504684740463 
-0.4060748183177374 -0.3386707365994417 -0.27285884076090683 -0.5330347088878526 -0.6315159213700972 -0.618104810560268 -0.7002975554177429 -0.689067061096551 -0.4366936869563679 -0.3861862120053292 -0.30864564177359144 -0.006727600515378004 -0.19473401195178633 -0.22010245545948517 -0.13492239505843936 -0.07922158268917567 -0.1465996955181493 -0.1531174647898361 -0.0037410195422574364 -0.002959537877394595 -0.04643569240921994 0.0033957963579017516 -0.013104712512404573 -0.11506745822234088 
0.5108806996375703 0.3943949790366985 0.18993211933025028 0.6447273115043748 0.9016386447900757 0.49612438583805396 0.1993810178862121 0.410771097347306 0.5791124689360863 0.4306089659417811 0.19353316933276293 0.17623494180678356 0.9808573986901399 1.0031628323486281 0.15684545112660078 -0.47017135164546087 -0.363661857711004 0.06736972042491485 0.0915914450359923 -0.28200517839957456 -0.37351909835058894 -0.033560372957760355 0.19259083115276976 0.053694238932137484 
-0.08517880006108136 0.019552656281338843 0.09152447460276558 -0.10923507030979451 -0.1291015235242685 0.13359915315850213 0.18027164631430545 -0.004363492735737717 -0.11776057909814308 -0.05536093873954613 0.11047941203194267 0.17565910967732787 -0.08179850686928791 -0.2154239753376057 0.3784085256187999 0.5826278459535309 0.22504587641969467 -0.210171152482159 -0.2186387475597331 -0.1088496561191631 -0.00499667493375805 -0.05156607297452206 -0.027268906164633743 0.07289964228511207 
-3.500452356772324 -3.3819903339941986 -0.4442250885273695 1.2298025026072597 0.6304530201822457 -0.5095903934963152 -0.31559244027727645 0.6516814978920259 0.7872323463582435 -0.0018468031761094753 -0.5258110156991861 -0.3172425235110386 -0.3448374898471241 -1.266004916394991 -0.06115353986215022 0.4220918365621246 0.5046051670214784 -0.17160848647587632 0.06254294420053674 -0.007209390144112186 0.44590749386252665 0.17483891319846823 -0.11025786307312574 0.0308015878634432 
1.8449872304950734 2.195793845928824 -1.0910058136884966 -2.573455842299888 -1.1710607383252662 0.5152660365533936 0.21310541634320063 -0.48297329301142167 -0.5257636008661724 -0.015260108522817756 0.1328331692362843 0.021312205288196842 -2.6624914294321917 -1.2681245615868855 -0.686117053749196 0.10402101229283528 0.024724893085749194 0.06418926964316303 -0.22106572258773224 0.4241310087821611 0.1276772508326219 -0.035249431389539856 -0.12989624204177933 -0.015384819201752359 
0.5803101539008653 3.104289133397929 0.964657883062332 0.6105621878130477 -0.0911972488738606 0.820116403568237 -0.004664699729845734 0.6717041679174846 -0.5546085017674789 -0.11395818876198781 0.5131298799499694 0.16100363041101948 -2.227863085466556 -1.819962591212839 -0.8886799529565629 -0.1269802297832765 0.017802640955180138 -0.018205039488562186 -0.36010272557173617 0.4635837543299017 0.2652910946594247 0.006365100571179509 -0.05708701390131613 0.027321235653464282 
5.861914232898899 0.5807866073459316 1.4454341500555028 -0.11167794979119439 0.15754893174653706 -0.7238220543032631 0.6880049438037867 -1.2867678540949503 0.17012809246685234 0.1064430482220126 -0.019302309667297124 -0.01730950967844408 0.19244240800971335 0.4040392981410985 -0.32734030118135765 -0.6819992199679618 -0.724869734158817 0.4022307346576777 0.21231486292081178 0.2087319157362164 -0.3531150334176098 -0.06904837692408669 0.13360645698800339 0.18434006850648557 
1.1746733984254316 2.8854010589357646 0.9535947884703191 0.3798542457027424 -0.08725973771919637 0.16456877039769974 0.527265972707639 -0.33717248455591475 -0.3565867842865429 -0.08179368326206318 -0.278482234543447 -0.37989537298811094 0.2955749018314912 -0.005315460552582548 0.9550820484596846 0.21236574237148798 -0.3610921295889526 0.36058891613054816 0.2212480854938592 0.1232029805542007 -0.43254235291134274 -0.10103905319980673 0.43118375363996836 -0.07588716146560034 
0.9704783842036502 1.0931199887366105 -0.10345336284841711 -0.4121042113408505 1.0015797085738525 -0.363652350834371 -0.689804508637977 -0.6047307139833712 0.434570640646189 0.17580276949948 0.12781985551898234 -0.26125849853169464 1.509546740178753 0.7399730327315398 0.8669276555346791 -0.44581943978022304 0.050145535602155476 -0.2290139762378444 0.45225962763001365 -0.7286913900161455 0.25460187497270376 0.20849856870984276 0.048234373066284385 -0.3044859531450313 
2.139303372754016 2.864068824360337 -1.1261445058647617 0.12367809147341191 0.5700637514793394 -0.44173519655785354 0.02049577000945868 -0.03892334380090712 0.6107972828768811 0.1544791101986987 -0.8539824635630754 0.5106396092344457 0.32798635398620607 3.025258747940596 -0.04384445518653468 -0.2565553430945254 0.3655481190364447 0.04005721945040976 0.35344562985117484 -0.3514989602719752 0.1568487075127171 -0.14958184025838347 -0.2876437551427642 -0.013873781427041987 
0.8509590251983479 -1.6284663735609741 -0.11547916938099423 1.35386844666414 -0.32154941965919726 0.26637185788804674 -0.41538883773716406 0.750181745575982 -1.077369566032971 -0.6371890546378967 0.12374468564366392 0.4508808586453716 0.8143613640304211 2.61372995101628 -1.0339381251115565 -0.2332061510613771 0.40930164337323044 -0.02097465105113801 0.021201857337405577 -0.6816003902571723 0.33053788749428925 0.050981843253270064 -0.3191181582918064 0.2442757431240322 
0.2504740159694645 -4.829582003737231 1.0911410572962117 0.2665339459838232 -0.5223395307120056 -0.2706149923147384 -0.6702787522962921 0.0398681664803342 -0.07116280348511417 0.7734477495817755 0.5864866158225048 -0.6943437072955181 0.2572119243255055 1.8161198598886135 -0.9750401415380359 0.5484588198206559 0.3230125122028034 -0.4433863827458804 -0.5085210243649678 -0.19507106501369675 0.038537033465317484 0.2391045898164829 0.08413423373647289 0.06579796498401709 
-0.5281910294953374 -2.9012444502634454 1.8897182309057659 0.21608631458807515 0.3198764195498336 -0.38628849980251445 -0.40802281949731833 1.4006747016475254 -0.21606297865568114 -0.2866270799518686 0.3649397907016113 -0.3915940696388093 0.08078181154139379 -0.9404379855233582 0.17906881722054221 0.9551635805240445 -0.4441679442593003 0.10546439962685955 -0.31049856728533703 0.6198776991216169 -0.3912119944812524 -0.05953974302808396 0.09991844348620238 -0.0250345804704058 
2.0572426271243422 -1.947901716954268 0.7963772186059659 -0.9528073019505235 -0.7196867047335862 1.2147541305250682 1.5423758339844393 0.22104337320441148 0.0645328887922837 -0.738115646593764 -1.2269827173014678 0.734483178424485 0.3312592398114583 -2.0580625033239213 1.1911610919876734 0.40483839923673 0.1133845061149094 -0.07076104084979984 0.17905725155228294 0.37878766418291093 -0.41975473338748426 0.04601737209482881 -0.09554997084777916 -0.14798553270247314 
-0.29477071500327234 -0.24799256038238093 -0.5053037016974979 -0.90195167094082 1.1096280001294938 -0.7927059024124352 -0.5902204290215187 -1.2000389551509076 0.0284185712720873 0.297211872534125 0.7307240217470431 -0.18842884280341254 1.4785913384076306 -2.1070859205536334 1.058200108737799 0.09754075332574731 0.10577263067805413 0.11307440111937772 0.005280368581269197 0.5468723265519834 -0.1974128958929701 -0.1763801321870476 0.0262648538710555 -0.08392614070891131 
-0.8600138607109429 0.017979561294000135 -1.2848312523651764 -0.38896225896191927 -1.2573688393465638 0.14487683153962153 -1.1163517021910407 0.20386200233081786 1.0658606217134543 0.34347615705429224 0.6902444128431265 -0.35196972260579706 2.154895752054211 -0.9133882597570381 -0.08827007238275231 -0.4835279274092965 0.2978053291414471 0.1037812358041601 -0.01966850007367264 -0.4354235660161183 0.30555608876023743 -0.1803590170794662 -0.20070517163503468 0.39350466915951565 
-3.505336800800586 2.4370726722733203 -0.24427785982206007 -0.358458466883469 0.27139959482216003 -0.19057305366792432 0.9054998428466141 -0.23135159257162796 -0.12448815743735608 -0.29828258521475404 -0.6724683359838524 0.4034108030030657 0.7753492885818108 -0.2311153835145574 -0.4355652826651271 -0.5753109669869291 0.27101310203817214 -0.41893275879597874 -0.515442126207695 -0.42495627845271877 0.18161166748237134 0.13191609234455476 0.3866113388036432 -0.170548250305021 
-2.8021615861396345 -0.5502695540110043 0.9306745148165039 0.22602987824869036 -1.1939884895042607 0.6023439987403324 0.8535211982713908 1.0429703899631266 -0.775682013133707 0.100708633519074 0.07672897646908391 -0.741950651957301 -2.4974836735064736 -0.46952987570542365 0.19785822039733322 -0.6535902561038893 -0.34303707894637103 0.16286165335168787 -0.08091223722284413 0.19736714951558235 0.3291129687182376 0.22203678524215453 -0.0274998077773498 -0.16886481691597266 
-1.6497447180343592 0.7294781478137935 -0.30636073729295665 0.5164851614146625 0.2648985190938258 0.2353587903751455 -0.028830500629649425 -0.34472431360890576 0.404354886248554 0.022847357268069857 -0.12235227647686503 0.5182063727874024 -3.2986104622522636 -0.23582282625458925 0.322718206448983 -0.335655291914078 0.021070758428445673 0.3110667269637533 1.0029306595696366 0.1497543120684454 -0.15569834332449953 0.04869333347361632 -0.32542397807070994 0.009711170263087912 
5.704641118425364 2.2803664506400345 -1.8473644748217277 1.134336695200683 -0.22500706464328357 -0.5566740505369769 -0.4064498187843766 -0.33155308569729036 -0.18589980628421351 -0.48319916991358336 0.49768580642168225 0.09722694324995253 -2.134368219093879 -0.28803561846839304 0.07682282820209774 0.28093359098168796 -0.24645806538682447 0.1793844680019464 0.6975284097164226 0.32530817442188115 -0.29860837499434606 0.13188237436875763 -0.1438802796966435 -0.23595191471956276 
2.1370932336737063 1.7292231487115686 0.1765870156501066 0.19435400038276873 -0.27630339289366557 -0.5442642099205295 -1.473306627334412 0.006647209053244375 0.0477157691113958 -0.1524086839192743 0.09332518325197836 -0.045311505389824834 0.08276924627992284 0.3446887044278766 -0.24786898991166073 0.5794866428293551 -0.09930432945585643 0.10777117534931058 -0.07461659944131853 -0.17830853795448373 0.17478491664507026 -0.26721417078513393 0.039846578111333165 0.18664296299191016 
1.707524095287969 -0.18603519905471266 0.45873215373867904 -0.4557053141804266 -0.18401333735004166 0.4540020948823307 -0.5168259675254956 -0.10863989463359186 0.2984626704179103 -0.20731046899352684 0.4005310856945927 0.24766403129000084 2.223988253560051 0.8729060874257879 -0.44325312812878 0.6562498192164696 -0.28017370257158997 -0.03711062745065156 -0.4791019976788908 -0.061646189959648094 0.007228842229563455 -0.4306603276219627 0.29096366051433586 -0.02364912714979449 
0.10050605469456997 0.9286128593775373 -0.7158020818381778 -0.4269537623828481 0.5423146438147741 -0.59329280838244 0.25020737206486565 0.07874470472269612 -0.3621811020377187 0.6865455191634433 -0.19331465044731977 -0.11694106020835218 1.0203205304971295 0.1061665375051734 0.3295928795888486 0.33084109539389867 -0.3152361952310499 0.09213790100401116 -0.6786281731934066 0.10591757810012505 0.10949327219361223 -0.26500865325155337 0.08062624628782043 0.03833147642624706 
0.05096994723477977 0.06195333302968642 -0.07141054169124555 -0.5237588810659175 0.20620502471726643 -0.420827868954067 0.16909917455265688 -0.18266326365307195 -0.0026378973983466336 0.389304711410946 -0.23188525827167628 0.2039891021085997 -0.47175356931431506 -0.005447748268769814 0.43856855340153195 -0.2302210405603211 0.253983207183399 -0.0879087883367764 -0.204855950055703 0.04593391352806488 -0.0668301956620188 7.626975115457383E-4 0.03958353518644031 0.020166982754191532 
-0.09559128379108728 1.2867292701538489 -0.5471202754014769 -0.7641425023561818 0.47429601176583003 -0.38326293101436415 0.21961532120673155 -0.27409384073739074 -0.13021376356131242 0.3443096856331494 0.16765461637165158 -0.13846847007786545 -0.6891478680262088 0.2598164171329828 0.482024820217289 -0.12527744368812296 0.5313686729495137 -0.5913241312630836 0.0637086047200161 -0.07143897502988443 -0.6608017605284343 0.09402552419347814 -0.0716318086947225 -0.04084364856087088 
3.2208334724737426 -0.348750159636559 -0.9413144096842674 0.4035521774872035 -0.9119536428757666 0.612713521208622 0.11303790807068048 -0.07002236248774307 0.38296958816576354 -0.0384806447630171 0.10129584672578612 0.19792678796218288 0.9264434995272243 0.49557970854944716 -0.005665993388760948 -0.5378560776800743 0.13994303154945037 -0.4033504572316397 -0.3772752168994024 -0.06535301870294308 -0.17948567692198358 0.7190215857648666 0.030345329043014384 -0.04223500641659771 
0.5830178961537147 0.35451535431171166 -1.7269246084935341 -0.5147769605950397 -0.49271204123725054 0.6639088903254664 0.08711219114580554 0.23674117922968496 1.427420436765529 0.6183616246699905 -0.14500977686188343 0.008621042547468871 1.8678620722476322 0.9026044848529698 -0.8359715407215434 -0.2731911731890513 -0.18693621487775977 0.04583106914051301 -0.08773317020762994 0.145826907640213 0.4600392736596013 0.27238890812540456 0.2828411234059652 -0.03100826878991476 
-3.067665141319294 -0.9586788346975865 0.5354896050210659 0.9651265810937344 0.2698799565704556 0.2656375920709369 1.367176390281327 -0.24202171752778057 -0.24299796679581653 -1.9047860154020746 -0.16658904878395195 0.25714936504572566 2.058743438611796 0.24635191356935268 -1.1770323673623457 -0.04679728935220203 -0.33650907792323714 0.25606829576936496 0.2844410434461354 -0.058936274872696225 0.5821416289666187 -0.024710713624315317 0.019100904180402167 0.04220938322174842 
-2.5549281936374655 -1.1161198468745468 1.222392339410487 -0.2253561845922934 0.44418785667599814 -0.34721817386706066 -0.14425440927570188 -0.625574886138011 -1.1973478070593262 0.4602956465764643 -0.546926306091375 -0.07505495224989256 0.21629743954279856 0.3799722556656821 -0.9785949787395077 -0.1330628918882234 -0.35506973542541126 0.300665444229319 0.24404994509505418 0.09428720451515156 0.5559259962207264 -0.30344039554116936 -0.1695589690570721 0.09112015703944731 
-1.3864237984660548 -0.35248829975148777 1.1151242184507595 0.3992336575424365 -0.37087635806267955 0.3500721659967907 -0.6246019220569721 0.5379444948141936 -0.05107117682166522 0.11468448515669194 0.24495139879932543 0.11313663569561833 -1.318412278549366 -0.28171812734134577 0.3083594332841126 0.2947564324542145 0.13862258889754775 0.03717119811510906 0.6557011905576143 -0.042609203708039556 -0.3210048855347711 -0.6560975936576438 0.02351645170612803 0.10333431750467292 
-0.9064950939013006 -1.088496680158384 0.9190430210101419 0.16735817684527943 0.8928753223555507 -0.28030472932541756 0.3508515120297926 -0.4361035404867568 -0.3363209468837258 0.5189475610141152 0.15789690651769417 -0.1927330638958194 -0.8698077364732533 -0.4985247706012568 0.4665538965366594 -0.1897030278699936 0.08195765429232972 0.15669104667908182 0.1327980377154334 -0.0451959120555222 -0.4129850260331218 0.1323294676693853 -0.3089142825836876 0.18306419539284344 
0.06335514446072121 -0.12733603603163068 -0.23791403563109936 -0.11549989698769558 -0.3703315429619639 0.12066727545478817 -0.8474801420442635 -0.20892977922928901 0.28950325972069657 0.03418080835203141 -0.5895500102068707 0.005985468354670301 -0.28526563720353587 -0.08140593055461338 0.6306155256754579 0.14907099176584018 -0.023913161393625315 0.04485242782096805 -0.21870695380576544 0.0022040195259195685 -0.13845080547667846 0.22525619882008338 0.07283571047317418 0.04096110932652448 
-0.6703944556810937 0.266878333069295 0.4992497768414381 0.6011196762827533 0.19804248624865117 -0.7025888686333048 -0.4312094124283563 -0.11655001294970313 -0.12867994723114173 0.10355908197063868 0.7970672461627858 -0.5706719547579489 -0.007925814004953255 -0.003935979201582285 0.4579549655952231 0.2880125728530662 0.4921995177526095 -0.08391970848734208 -0.08277837506772896 -0.2683101838539962 -0.1687205190577662 0.027097854206243537 0.06951950126998184 -0.33217154893513806 
-0.6486772059655506 -0.7859580147014871 -0.5668257364912623 -0.26486006747382096 0.04827954417164615 0.4266569521878302 0.4225494015893987 0.3715556724679081 0.2604607397820781 -0.3533898717818199 -0.29314090244274293 0.17922275314710961 0.03662376857666313 -0.026148150697569744 -0.12690256132744518 -0.18358642974005912 -0.2727787037038198 -0.18236217689880405 -0.5196788759626121 -0.3941147528851861 -0.013182032896072338 -0.13716745835621513 -0.18441527054229478 -0.02817356140057523 
-0.5267014766733049 -0.7473777532187089 -0.29036602534544587 -0.6219994564708564 -0.7930287744690827 -0.18154044222991234 -0.03582813458385159 0.07858428522663319 0.18436187025888195 0.6314393384623103 -0.19886615117431522 0.7171629405133751 0.0012299161585906566 0.029204533476831607 -0.0013370207652465549 0.22479501645121372 0.30918618381549795 -0.1491554883464079 -0.16829500052582755 -0.05845987481095908 0.07418392479110847 0.2728690396098175 0.25482672674348844 -0.050517254474062856 
-0.11836265077316255 0.4582364592050805 0.5376015494446782 1.0468189586092866 0.9435401985083625 0.407229592949504 0.5138658469213205 0.8758473303381012 0.17252844966390174 0.18174305517484102 0.46166250008856424 -0.553411295079266 0.11143505570058714 -0.28467083796582654 -0.27456932069708423 -0.041806512190099475 0.1819596136548042 0.09419119371544277 0.09932950986234527 0.10400491274698026 0.1431595553520094 -0.016378626630554966 -0.1656165855235686 0.03680750433208507 
-0.9392414817530597 -0.4428325043144836 -0.04895280383079248 -0.7291048861124416 -1.1771463923662009 -0.24540872397491803 0.02801736648316533 -0.19331621745192246 -0.30726557654537895 -0.9826145003371445 -0.3448146353333331 -0.0528031672225725 0.6220079839569307 -0.25547666909994443 0.061744822470428895 0.048790713815037225 -0.2515207541761802 0.184574620267182 0.16746918520244272 0.1613303021400607 0.14736786861574486 0.12501010602619825 -0.12447277047633654 0.13097095473806467 
-0.7767123705274346 -0.08421812525612005 0.1361756148426636 -0.08588781608272994 -0.3055404878442074 0.17601751191400472 0.09263812146885442 0.19549118556624515 0.07679579712818047 0.5027729275095724 0.2766830962074718 0.4537832940188282 -0.2552077466643488 -0.14236054878372503 0.24425870688051754 0.23500374519982192 0.13780813850631538 -0.1350981140260877 -0.0836424582403964 0.33006899314111465 0.0641829646604398 0.04494529906997861 0.12405789966798726 -0.25148533602685713 
-2.0635505686669613 0.2902795463117247 -0.27488752545572526 -0.20201821056995983 0.5860738312357427 -0.6196582625137087 -0.32762182746494667 -0.06522854880762087 -0.20987540932049198 0.0958940842163499 0.2670418621952406 -0.179347218249866 -0.370311282633045 -0.041578298100169185 0.17123021348949954 -0.2593148543558926 -0.48306451145804674 -0.30425675913738237 -0.17982058687654856 0.010888047235192136 -0.04462441528154721 -0.14153902664587972 -0.04388128695202876 0.049251737705622745 
1.2094151326768348 0.5187620802431514 -0.08220721038440804 0.07826438523857993 -0.3514943288115555 0.9996487042971623 0.9426128186165658 -0.17840348340739354 -0.06871552792986113 -0.492347134311842 -0.21643944767968443 0.2643167385149522 -0.3535329659004134 -0.04144616558810865 -0.09111045459296789 -0.17601533851206785 -0.1176403471021837 0.12869577498064774 0.1293936105804213 0.09047576216114055 -0.05135651956664728 0.053360390167628356 0.026772723410901794 0.10614915286826514 
-0.8213713854560591 -0.6195877127636118 -0.4534520316857553 -0.033236423705418794 0.2950240624916135 0.2555459572456502 0.14249177853895528 -0.03903302467067951 -0.10063666817171651 -0.060437389488798066 0.03339049746633127 -0.10582510258750272 -0.2572322744060284 0.077020695520346 -0.3975132881928897 -0.39968992645838747 -0.11501227854436098 0.12827678866775358 0.27863327689802525 0.041767380807800125 -0.10415735061308894 -0.17122903056634586 -0.030792768585766923 -0.03906916497801812 
-0.3372030644316455 0.49505400104587416 0.4987892317365823 0.3577673060212031 0.19290543783440833 -0.647671922907618 -0.5305995132743604 -0.0890338629856472 0.17624598525373458 0.4208574938592613 0.3131906083392211 0.09857477758285116 0.348110723167383 0.09662414200632341 0.10824579963266105 0.3543336678686176 0.14794105444796438 0.4358300998602422 0.12119392471263997 -0.39039189249234507 -0.19412258415938158 -0.09528648304479591 0.16204928496975174 0.2605998902506101 
-0.518544646894636 0.07107149934932533 0.6271541180624487 0.8573001084138911 0.6589107835458438 -0.18082831491457918 -0.4269154922135594 -0.2352155014418944 -0.01988411407302304 0.15297886182983586 0.09460513994308867 0.02073125715023888 -0.0977204326916475 0.09131248487233812 0.07469311022106433 0.08628487956551362 0.03502870236173375 -0.14804911389694878 -0.19361561907510313 -0.14800619902629275 -0.012716153316820309 0.1435215369391185 0.2144354666089845 0.117592872381883 
0.013669593893974152 -0.11643995183228739 -0.9472476841564932 -1.430004884426928 -0.9772608526825639 -0.08965445920344939 0.8637346798549032 1.090863432455249 0.4732759474989369 -0.3131958108367713 -0.7331946238273184 -0.580761112105749 0.08502251689778317 0.4172515682247069 0.25293260342720797 0.030389547300444113 -0.11460067101593731 -0.4018738485275688 -0.2618472152596786 -0.015472462869432333 0.09838743029691022 0.16064985333933574 0.09603647331075693 0.024716426191075752 
-0.7036464165439265 -0.5877781909415454 0.045487095597589455 0.6017950328221059 0.7750211006648984 0.42068456708441226 0.02617153919963283 -0.18496307531224937 -0.21100318934385676 -0.12397534795813728 -0.08672328627735243 -0.11893577488885165 0.18098206987306886 0.40540118785927026 0.27256263046839957 0.0946571064577811 0.02617662964795135 -0.06703363002954228 0.054209739750344786 0.16395639520718228 0.11222063004887434 -0.0013550751858799708 -0.11870899452424176 -0.12022449295626153 
-0.4997197303003498 -0.42727585848281113 0.03082493268738795 0.39435120191576334 0.4786522923226929 0.2571931816755926 0.0283986167980792 -0.06774268744217271 -0.02335676800157918 0.07738503873524065 0.11574540151717083 0.09425901502916917 -0.012712165700161945 -0.03385527912928321 -0.2775053492557944 -0.4170907984832004 -0.2530791616243913 0.036248768463273094 0.3378698310346571 0.39216400821409564 0.17176343683412987 -0.09615674000026735 -0.24805677529538164 -0.216907443744518 
