0.0 0.0 0.0 0.0 0.0 0.0 0.0 0.0 0.0 0.0 0.0 0.0 0.0 0.0 0.0 0.0 0.0 0.0 0.0 0.0 0.0 0.0 0.0 0.0 
0.0 0.0 0.0 0.0 0.0 0.0 0.0 0.0 0.0 0.0 0.0 0.0 -0.05583506349425349 -0.07189333236233209 -0.054290296671158624 -0.030061676646801132 -0.005966025679695119 0.009203239808869093 0.011203217715248922 0.005111861237192465 -0.0011147916699115006 -0.003317405263761397 -0.0036702267940662467 -0.002218500648386079 
0.0 0.0 0.0 0.0 0.0 0.0 0.0 0.0 0.0 0.0 0.0 0.0 0.03849578664356675 0.04944749094984863 0.03668718710492316 0.021542557047493426 0.007354424226543671 -0.0015439260246954967 -0.003457171030166434 5.671973137378142E-4 0.004197628672009475 0.003949296511145765 0.0019264945955840783 6.770404059881866E-4 
0.16750519048276047 0.21567999708699626 0.16287089001347588 0.0901850299404034 0.01789807703908536 -0.027609719426607282 -0.033609653145746765 -0.015335583711577394 0.0033443750097345015 0.009952215791284191 0.01101068038219874 0.0066555019451582376 0.07501438668367388 0.09562370583942977 0.07503749604308893 0.04403107873868953 0.009751018609489246 -0.015098295086567607 -0.02660318500588177 -0.02986444120655407 -0.02703183440891475 -0.02061449869725881 -0.010889971469125284 -0.005288051460361501 
-0.19923995517208049 -0.256182471393044 -0.1914970063215074 -0.10972018611268197 -0.031012311199173692 0.01843663778739013 0.027176339663372684 0.005966199914575254 -0.014265073520895677 -0.01682399742907939 -0.011284823977851605 -0.005358872190543679 0.10084400579394703 -0.025868894755040228 0.07019826358993235 -0.004111954577621729 -0.033750819606343664 0.023064823463848156 -0.032392674049166625 0.04546936229229354 0.022886655141384216 0.02677075649321385 0.03034475993510635 0.015423994126475715 
-0.1254231824649814 -0.15877988182176728 -0.1293639849685131 -0.0772331431597276 -0.013746900228880893 0.036076566366007756 0.06622138518595896 0.08661022366237459 0.08822803998719209 0.07025549480631613 0.03831232639630165 0.018543590476356342 0.1341059749087942 -0.08680770464105843 0.11267481935279255 -0.030946551758085982 0.027230177590066924 -0.0504802490913952 0.024896586887919857 -0.03713223903774803 0.013849545626764007 0.035590723968357364 -0.0026908353719320155 0.03659374278839549 
-0.15606783090797016 0.26483662371950245 -0.06447735327880255 0.09604495028293068 0.11707494745301412 -0.10103761328785199 0.04726250298164701 -0.18738099056385663 -0.11110179791288144 -0.11046390898715752 -0.1046851028123705 -0.0522160266450262 -0.021457139395195373 -0.22447837992329892 -0.13008834129819888 0.0076958739596620545 -0.08396476081063504 0.025396641785114287 0.07378504537179477 -0.04409969812990185 0.04290240294454629 -0.01002527667607421 -0.03696769481661611 0.0064233733363579975 
-0.2563987963756773 0.2155935634538983 -0.23866339456625418 0.080142117016855 -0.13783608505720932 0.18356815338519938 -0.1183424954686435 0.19273472864088265 0.010214100325435363 -0.05000000033474883 0.06578332591525424 -0.07969714919278698 -0.2246665366979097 0.2495097186355342 -0.41030825928408143 0.10573565783343768 0.044532315513152725 -0.0600582288810828 0.054416981672776844 0.11869745666702967 -0.06432914095199271 -0.05871249944445126 0.009181892427273464 -0.04665670159093179 
-0.06938073003114642 0.23006594573901995 0.2534177223719598 -0.21149543807995946 0.28292656364689567 -0.13149908107754854 -0.10189685612471042 0.08520304181502678 -0.10396531252365619 0.07337958016967572 0.08588276071252043 0.024491377634953987 -0.355113048017716 0.36601937063206974 -0.11204359485770332 0.14136760887977148 -1.1804371903468651E-4 -0.09870839431406347 -0.026101200946854794 -0.09317398655653225 0.02297602561204612 0.002954387436366871 0.11052473737756274 -0.10850589913556981 
0.5052328771903358 -0.8899236987381287 0.9426132550583501 -0.24066992247859548 -0.23026965486527984 0.23148198690410443 -0.022449880279192855 -0.4057741625281561 0.27764722014855764 0.1544712485612533 -0.08451728264796421 0.12015999310916159 -0.38507254267079816 0.2315969032507564 0.07802611747580929 -0.14757888819574697 0.17073196942032962 0.1286973831889683 -0.1509437960701105 0.19949753673972995 -0.08359787506979437 -0.02210595778882835 0.06535409318031285 -0.08500619642509243 
0.5284554763621712 -0.2804628570806931 -0.31898489351799475 -0.16765185660865844 0.16364586351415344 0.1711306528948859 0.07761979822748608 0.3913954146902595 -0.31374643466058094 -0.2215626957442592 -0.36110901066344947 0.17337309961070896 -0.18018993990254772 0.08307751613378185 0.24143243767126363 -0.22795164925583525 0.16951966833127038 0.15222379068128825 -0.04327781136686145 -0.014802770582070551 0.02733035168214557 0.06043186250701751 -0.12446612169879834 0.003953113608605725 
0.5999007284400584 -0.22393274488851445 -0.18654043904870476 0.5009569908684455 -0.590391643251827 -0.35383886316792285 0.2447305655655897 -0.5588540680159235 0.36589828660328083 0.1637890109887037 0.09321693206230064 0.10088057909461282 0.6035888432875942 0.5248330556197014 0.6602297995072763 0.08799985007084682 0.08402955506595261 0.03854059092382372 0.07985606404372116 -0.16051999452142265 -0.020967854233532108 0.04192068897114515 -0.1674928703604809 0.1733822639116892 
0.4238551640516355 -0.35216207958713275 0.09369725641169646 0.10154605301402575 -0.04557144715364192 -0.2955100280853996 -0.10565364494651734 0.20615130630512213 -0.2300819007974545 -0.112574888565102 0.370414018453783 0.0222717438164112 0.9489693577297363 0.9288013743846686 0.4955832124815743 0.07192483392168347 -0.4325788069335215 -0.005479510381534038 -0.09688525094755174 -0.24789155459421083 0.19686554489820582 -0.15796928366004406 -0.060134266741233976 0.1327248965784424 
-1.253233496517179 -2.4285732543440126 -1.2444172184283244 -0.639268427502478 -0.37774966472924 0.34918055462277603 -0.17038135082335465 0.1684078752286805 0.29871851591759074 -0.025784721941760763 0.05219981387486228 -0.3244361207287571 -0.8101587353980024 -1.2999968221826772 -0.6701463718079235 -0.11879914029104914 -0.21164592318476752 -0.20781282911232846 0.2984364371310472 -0.3031532965781719 0.2010742482515997 0.19584486302522716 -0.15274351996506322 0.05608298191265539 
-1.391885484348419 -1.9645467255069498 -1.2767961412729076 0.1866863508117529 1.3550612950534244 -0.1639405248558614 0.5758315092646135 0.7714391068505901 -0.8707531840123534 0.34713202170110524 -0.16019765134602837 -0.012143240212933226 -2.4164232414239497 -2.084128067955273 -1.2680520194842961 -0.518098119882053 0.3825873992343693 0.4181929291212363 -0.009716854269072045 0.014691171512124826 -0.027652818085247277 0.009160892495401918 0.16943429718573655 0.14420110595105792 
3.9382472588340933 4.482250044619426 2.5091453752173676 0.8147842628427293 -0.6557702448010576 0.20381487255429342 -0.9913213229331174 0.06796192144585819 0.08301118345593111 -0.6535990332200814 0.816753326857396 -0.05016087462868113 -2.317021036412924 -2.07584700320122 -1.5789993658577446 -1.2484091662579575 0.5679334089071678 0.18159539732513405 -0.22675731244459518 0.5989430070373327 -0.29798100106937686 0.04949234097140331 0.10436437212451284 0.04650591529076764 
5.077384510647849 2.4448104747969666 2.021072018041739 0.9288140674875809 -1.054323354820841 -1.477405974414867 0.33396690391558015 0.2123007686601588 -0.03926978031088285 0.17384958958785257 -0.5201656295946935 -0.5474691970868006 0.22603874689595393 -0.1432745704969094 0.06362375129466165 -0.3073487643222494 0.23064250439198256 -0.20332845789067736 -0.08539352618723735 0.5453566707960295 -0.32114960225122086 0.043717860490102324 0.15729393317993856 -0.11109334923116145 
2.4631946152234576 1.5942891551076892 1.843646799487586 2.7348952129334805 -0.8768575665136107 0.46112708742687675 0.6308228891849476 -1.348851976788102 0.7769198172749859 -0.08762052879934434 -0.08090931337434373 -0.19629088816412632 4.619147454297223 1.9143254143658917 1.4500433563899042 0.5258870002696038 -1.587465177874779 -0.5430814613872234 -0.258131011966817 0.22811644314627985 0.15405529350196276 -0.27575702419562154 0.40932871045347174 -0.2753281342885994 
-1.332475403230963 -0.09074256926035318 -1.1349181072920018 0.14867716873312542 0.7736774427337533 0.317388741379879 0.020939981767293003 -0.15622395642051812 -0.2542586941682181 -0.06701081197957026 -0.18324813076997415 0.3942018142482737 1.8362399578880642 0.8550144878582597 1.0307895990992682 1.2811860395026902 0.4225731263512858 -0.6704471469786125 0.44245627946496335 -0.0336646112820311 0.010794981932035283 0.05970076435908428 -0.13471339029080173 -0.22765506939217037 
-6.7142651471181685 0.0070503235504109085 -0.2629896312854747 -0.3728082885888542 3.1926248900459826 0.9356618988185904 -0.060414825958522794 -0.43212504545264285 -0.27166024012128953 0.2941022401504946 -0.5796915539153789 0.30498802256957985 -0.7491303004633671 1.4955374872671119 0.8911837443380071 1.1424348009476113 0.47632657720944516 0.7964212819463016 0.21653976314640924 -0.8004204107722037 0.3869769481805741 0.21833964301026232 -0.2907222454794162 0.20302503045462825 
4.157394518154469 0.6733864270008265 -0.01797856386953489 -1.360892300259322 -4.356783962154495 0.29666806082511354 -0.6477830769075748 -0.1450688631614775 0.45263530259114904 -0.19611408796431973 0.13336566154822932 -0.11514344427714263 -0.44416614033357255 0.6675771932696044 -0.014333511352295769 0.13231114542844166 0.11770905105346423 0.28364001636771813 -0.1460391860429443 -0.06364422760185011 0.05756013983730487 0.08039196129364841 -0.07011118354164625 0.16123261026553773 
1.9656505559208435 -3.274387804824237 -1.3883742052376684 0.06237554458687011 0.2593934043021776 -1.9177764181346453 0.31556512908315365 1.0468317088989887 -0.7374580256464199 -0.6780878198377566 0.6329505269048032 -0.5506933502653029 -0.14150798858981428 -0.22116785838597494 -0.34572975705685915 -0.37959505214555406 -0.20887620417304342 0.09526078990975029 -0.19918852756273797 -0.2884777380572831 -0.1330300855116011 0.006996386573987083 -0.10827484816229127 -0.04482244114647318 
-4.339934833749751 -0.4527550848818427 -0.5292252862590177 -0.4658481841400617 1.8871660324452633 0.8931878507533426 0.27106756237528773 -0.7047696507907836 -0.19404022091756756 0.17790833413361007 -0.5792356205551265 0.33834466986910183 2.2651863261696543 -0.9726060725653541 -0.6679454931616012 -0.3799466059037533 -1.7592543387220312 -0.5651927976014625 -0.15883899502161056 0.25380540060502027 -0.11354563609539388 -0.335251434973686 0.14772510172052516 -0.06966810726036891 
-2.0410765053966156 1.2336246546496703 1.0298230010798441 0.31845480978817786 0.6972785052652337 0.351619634125225 0.07772543708825991 0.7131585625338595 0.450767778167872 0.08610186937956843 0.10143363162317287 0.21271128893587715 -0.1927098966279436 -2.132561809613358 -0.9898517425117604 0.07477236642291325 0.8704693845442258 -0.6936022498251417 0.20010966411523867 0.4539502885257772 -0.2882058019132085 -0.12895818942488488 -0.038608952700035504 -0.17976129290296608 
-0.6348009296957646 1.3371984149599356 0.7767593124565124 -0.3490921151487161 0.7020365035300705 0.8575484274995657 -0.052346245845296235 -0.7396484917939736 0.19915930897018463 0.4275453723480757 -0.04405119597253096 -0.2878414420966259 -3.172538653283319 -0.34743150164707287 0.15399257546635856 0.10132656850127109 0.9020847961916553 0.7146956045972953 0.3888420363947162 -0.5006042886245846 0.061023949626573204 0.149074874296755 -0.3654363587805709 0.07070424709523691 
0.6912132937776807 2.2283208740949476 0.928188722939848 -0.22031958917754246 -1.7594499848729035 0.18085004296766827 -0.12305695915227033 -0.2975797361767478 -0.06944038485067061 -0.4160317706703348 0.48118517271361205 0.3016835844264592 -2.1989348160735527 0.5539991411364618 0.8571657330805591 0.297310864730429 0.2774374825309228 0.6530902349740444 0.23195788136706005 -0.38146008545297255 0.30710431870435245 -0.06720939738917797 0.09387216555846774 -0.02007084206385316 
3.8115362265130575 0.09219131033673733 -0.9403858735880952 -0.5004406901610148 0.40927588893936584 -1.165514167459765 -0.7950673486885957 1.3024123644382737 -0.11700798828801584 -0.0182494687317033 0.3271976852413665 0.08174578083810007 -1.4524816653633241 0.819187494243644 0.9758818378478614 0.010985366796140705 -0.11041154499283397 0.48362928160817464 0.02062670094226789 -0.42301584292363775 0.10780841023687222 -0.06012914485435585 0.20430756428562843 -0.08287375404198781 
2.332559364719632 0.19413078355188418 -0.6831016051395296 -0.49780349689695985 0.011346364967817602 -0.5961197733172428 -0.24678765559127047 0.8365083907766535 -0.3124615293160852 0.5106274820869918 -0.36580730565917907 0.08813020366007365 0.029741501941518145 0.8851047292935478 0.2246046732745055 0.09933647446889256 -0.5282945067792943 -0.033172783790547666 -0.20312059515651415 0.13565111649683223 -0.15927314503251405 -0.15804309129194147 0.28405868470471773 0.08589939470859946 
2.9019710309232316 -0.10326902249946457 -1.345241037047383 -0.24330626167742947 0.1478729635882119 -0.2048545091825027 -0.05236100045259984 -0.03764502649976098 -0.002755349507724769 0.14460318053247995 -0.23347764964302065 0.06755651041253033 1.3463227990171098 -0.08391828077288821 -0.33278221951007897 -0.10462740729813995 0.1972624591825111 -0.5456376529682084 -0.25821481528202467 0.5484748636576143 -0.16091368880222692 0.03533011976413671 0.1455985860805331 -0.026716785456285867 
1.0567713857480392 -0.32926314736759466 0.4568022848459754 -0.6468962268260128 -0.04386500185944342 -0.19996143479931994 0.11495165219927417 -0.03450439019822715 0.351252730856726 -0.023328821426602087 -0.09065321395834763 0.051080035513445726 0.9517851707030894 -0.06225106703973449 -0.276151670919708 -0.06876743671912354 -0.005985116787801503 -0.33938698256532795 0.08774687233992917 0.15832740321735814 -0.10904558512627009 0.25008750591377055 -0.2078890484275661 0.042379200519167846 
0.41046181894752465 0.6056431181151414 -0.5119911600506108 -0.11201210330206846 -0.154905805194537 0.2733196221858988 -0.20129255673779411 0.09249416395287113 0.03387594803225933 0.14273832373268353 -0.24717511885064858 0.1804212212802716 0.8362084291409767 -0.0045960584628378 -0.35597533751926197 -0.008393587805123096 0.051911477415041006 -0.25317052816457636 0.015181185496162394 0.028652731318386377 -0.05850268613242218 0.1809171112510768 -0.12677687145065628 0.07554516686062854 
0.7229584585982174 0.026427914363784666 -0.27127153087879163 -0.3571482659272698 0.18069109972259656 0.18295410869454032 -0.43556249446846085 0.29645658589826307 -0.0036404227072669715 -0.2387026072544216 0.2647085742273332 -0.09543975333130053 0.13977644799536706 0.04124156709763316 0.008441793009148824 -0.14965724384664267 0.056784977683039715 -0.05171964246383907 -0.14418997698464722 0.047873951200806696 0.13094405821415275 0.02511833763716854 -0.06181836200039811 0.14577185206059418 
0.5602522070752123 -0.2673263779766408 0.0867218833727863 -0.3629994787114317 -0.12013951944793111 0.3631993035642962 0.1773525163927805 -0.2890837085031652 0.35019928567153824 -0.2904612603068407 -0.0308279293838922 -0.08581909574698214 -0.402859769813172 0.216137805124507 -0.06719530673757101 -0.041055875042776024 0.11709547983210433 0.11951725791367818 -0.0539419499102772 0.05655447173407557 -0.027432429140713577 0.010916058425179046 -0.22509788258072708 0.11809545620589501 
0.5625468476980942 -0.016503100614603028 0.13212038410683036 -0.07243080758140319 -0.2316030777818655 -0.08974234809700143 0.35819904658792856 0.012662692427370947 -0.19974111260537175 0.11791595768165442 -0.013371722690531496 -0.25311536215471 -0.11841466251117083 -0.7044530319770281 0.2131098481563802 -0.011188783471857514 0.02581466470727317 0.28012477310378986 0.007871832077259796 0.21569692998294995 -0.1460556890965884 -0.22672855422105473 0.01670317122173152 -0.12493227881277776 
1.6992469338371023 -0.021304789769185817 -0.5121011973307088 -0.13120320734667368 -0.3000451559386189 0.05111607684063513 -0.43634747753515724 0.06472769548609048 0.21422358040345246 -0.06831913401089162 0.567158677350465 -0.09502734292570872 1.0499336975286104 -0.9847372814243037 -0.4342139535110047 -0.6130062341928418 -0.17353552415553586 0.11962773765271267 0.1279077063154637 0.1479641647409006 0.15416599936308847 0.11989145558053826 0.11903307581042526 -0.18934859643779733 
0.5087050827507849 2.0167762161911416 -0.6111895349961847 -0.4394800511940763 0.19319992384612095 -0.5013785972549988 -0.15232799373627137 -0.5275399060452146 0.5025144972165411 0.330411992260768 -0.08439424280503999 0.283961206696396 2.3831961646108923 0.4324000834870576 -0.6382495607819068 -0.6249066349324733 -0.22618001340378893 -0.3000475843895078 -0.09027562243815261 0.18396771860988245 0.03039576474776166 0.13406317892567585 0.24853973066224336 0.008656635176378527 
-2.5626280030369646 1.670245807893398 1.761018703457308 1.6595438456734302 0.18806555220468324 0.21013421518515685 0.04889291760848935 -0.4628749034895743 -0.4634265173286836 -0.7563836443380123 -0.35241589675791374 0.2136884091408569 2.6530602194336628 1.5748341353835666 -0.08674278466389536 -0.20305305833127996 -0.417794350845383 -0.1493116607868619 -0.4399084381588268 -0.38959306561646545 -0.1708674567511471 -0.0535140806501642 0.15659841726212395 0.03833042437884979 
-4.45610417769755 -2.1594786499070677 0.9103091160585421 0.9069155707059646 0.2028816083578503 0.7308913358992611 0.38640571633056303 -0.275439163914444 0.047896642017411284 0.05975867606818719 -0.29920362762307223 -0.43344314371712833 -0.03750370632412281 1.1640581091098459 0.3027445826131738 0.3214775361721248 0.5698719688500073 0.06992220234931242 -0.3520078289238566 -0.20413164142004012 -0.0025937781221513356 -0.1455441988280918 -0.16416022340405795 -0.04748131914456174 
-3.7775290942397177 -2.6576797628707816 -1.0126221688663861 -0.1952418433028542 0.9484970543416653 -0.11708390737590912 0.614010981907906 1.1074565212701015 0.9541348782564586 0.2275497660358914 0.2047681179731093 0.1486835591445041 -1.5836544531866192 0.6971682449308214 0.37187995895744863 0.795351646420717 0.30992956545329226 -0.06764477833667117 0.06633833879749067 -0.05939855614055334 0.38623152894491164 -0.24234333665438615 -0.24427509132892825 0.043524285054995664 
1.2286667473245299 0.6885646742436937 -0.1326028466738589 -0.47651981522230846 -1.896631733772392 -0.547536143022403 0.6211364608855903 -0.7003106941649322 -0.19848486620957606 0.2750778835580916 0.12949442004162232 0.45890758912825763 -1.0453123567658056 0.5494323026551863 1.0103667545269803 0.38437348446168046 0.27717224458602696 0.7113357198310896 0.31490851579487616 -0.14004805239116944 0.306341023203543 -0.0800350645732024 0.0140694624244004 -0.05139149089667213 
-0.6540501059881467 -1.845280588974447 1.1668348079511626 -0.03479340062458425 0.3080335269099277 1.0522822896560025 -0.2674874710614963 -0.07224346994267017 -1.4989303500499247 -0.137013238119806 0.16606035339652375 -0.36305981244682306 -0.2691461772691858 -0.5203134930636165 -0.36737302920753473 -0.37491481809284294 -0.07175839334361929 0.03184823722357536 0.35936149861675615 0.14796706150884073 0.2904259588465599 0.022144822900935057 -0.08348281845713158 0.13573152135397454 
-2.8819066015259183 -4.213975144820794 -3.210519635931173 -0.3264291040182117 -0.3084033616843618 -1.9877989221099632 -0.1175706045693643 0.7345549888654501 0.3554061865599739 0.4821453718656431 -0.32205813260798066 -0.023396985231448328 0.2594391173894842 -1.313624633908702 -0.43834344517191415 -0.5320697628340436 -0.6175213883387506 0.004080882454375175 0.14859503488033585 -0.25697701688175706 -0.39329348262978 0.25278307629791325 -0.008338732065365248 0.09702515210075856 
-0.9148038880069365 1.3545306258523118 1.6284553133848751 0.8544572553736263 0.3696580483285081 0.5075027704971449 -0.09471998121488512 -0.053877504771611795 -0.19408852466799625 0.05758155317931046 0.6809928496693056 -0.01735871773756656 -2.058957376272677 -2.035798961648022 -0.3340508329607876 -0.39261456405265854 0.3337357814985565 -0.054788284647727524 -0.042408706797985106 0.138329871219654 -0.5324401626457965 0.15286381577165317 0.1374101711189782 -0.19377810637234527 
0.5807262861654721 3.0295329685564205 0.9516172361250272 0.6750641452807171 -0.07487982946543026 -0.2873890308060998 0.08896761132127717 0.061437373894809744 0.3289746689887996 -0.5805687409852064 -0.10295563189867288 -0.005018414528646278 -2.4835454365256484 -1.5866164273209893 -1.0925660835340418 0.4460940272168635 -0.02110904911678994 -0.8177837563999245 0.23047544525738298 0.3280216441073674 0.005832268721523611 0.18939704309539326 0.026774501267732193 -0.007439500640870372 
3.7915055789841894 0.6403622392810124 0.08791887080542526 0.642303666883927 -0.8099355836952076 0.3664421979472533 -0.2435304586128617 -0.150674276116312 0.11160589667305221 -0.06424762900934078 -0.35572141031506477 0.20908522131881174 -1.3308649273819713 0.582674376690879 0.7567804862993025 0.9879487411232158 -0.17884226190576272 0.17609325008786605 0.018082891320015244 0.1850458782987261 -0.059890605075569585 -0.10439079076751535 0.20798328177015732 0.08933311630328063 
2.215574974555464 0.9029583304278237 0.837446835960677 -1.5586343914239524 0.3447206016778659 0.5360826333647561 -0.734591701642525 -0.2011115577843019 0.18506216972487888 -0.02513116632621104 0.11597549358100794 -0.11430045283702636 -0.2847135322320451 1.1405484511641888 0.70002815042077 0.495587364172261 -0.3043435470598303 0.05338280734333387 -0.03644734667320382 0.06384109821452523 0.04714755921999771 -0.290251142127572 -0.03642409036480717 -0.00855702117859452 
2.2603665499439813 0.6697948148439732 -0.5848009454308569 -0.9925396996436862 0.6963846184741482 -0.4325128118518813 0.2628110013069702 -0.47774067382823426 0.057539540190672867 0.09303513815235886 -0.05242255838100677 -0.23071704749321836 1.5085093963413543 0.2661187791531405 0.5509121592178555 -0.06521609970495816 -0.11315744265451921 0.11244856413604247 -0.1673656185051452 -0.03238860440605038 -0.05808136902906613 -0.11365234563371755 -0.06146413606034962 0.11826288248316731 
2.2004363973817114 -0.40682867271762646 -0.8121073070191418 0.005723736027740678 0.08499071062938279 -0.04805994793653412 -0.05486107861902734 0.033447278107195166 0.21456516956999616 0.21154330181665987 -0.14533278677128036 0.24055378341315234 1.2110124828805493 0.35444809875070177 0.4017228873709853 -0.6675103791143723 0.2853271588640787 -0.06669648460425581 -0.16578620141118092 -0.13239488473434313 0.045193118427571365 -0.09275927435681552 0.09901334308223532 0.024026196668931372 
-0.7264533214529969 0.49689940339431615 -0.7400405353582318 0.05577290227295495 -0.3405983102074084 0.32116779618977104 -0.08129891460917493 -0.1707878808439094 0.27109850383769196 0.1583721738203764 -0.040674861957871754 -0.3231305442557796 1.1475078917555404 -0.15781339632579913 0.14579163855721933 -0.15418840277886228 -0.010601583622323144 -0.03750003802807733 -2.7850790998421954E-4 -0.18712592422001664 0.13968863805305634 0.09208910301363582 -0.15440480803610204 -0.062010231017135896 
0.07594746161230503 -0.07393826009945315 -0.2901020311885917 -0.08025955503915605 0.007230589426407974 0.35933178315669745 -0.06517813945090967 0.04259669992656506 -0.05729666738134476 0.22047813891022677 -0.18693838387726558 -0.14017229446253987 0.5523919527880334 -0.04959822236476826 -0.7121054051777179 0.49935003409186257 -0.029069879163665657 -0.16134767173657627 -0.05463756184508384 0.10399684943993004 0.15019108788197505 0.09249491993138359 -0.11887264411345964 0.012682611453277861 
-0.11991265743793633 0.9767897975122839 -1.28317849901779 -0.4869828457736509 0.7670694299426051 -0.5237085633142651 0.26880505545286404 0.07906238792213069 -0.22559545549282567 -0.18769958943533205 0.4315946642802919 0.14567668449603544 -0.5083513281007542 0.4515482428897564 -0.7402134657376918 -0.011697616917498488 0.36343857414116765 -0.15084117378392983 -0.022669691996207386 -0.19487717090422596 0.2523080415538359 0.07413378175775497 0.016303805453647006 -0.20180777484566148 
0.23999020701008078 -0.49797920268230556 1.5957778903437911 -1.220948492224544 -0.38163352195462696 0.8584212470252127 -0.06600037811479531 -0.403468404595615 0.012338885589329829 0.10709442365036331 -0.02484961754998327 -0.03189766532258875 -0.2685265108354322 0.3310452433286537 -0.36306424009267185 -0.5274765301972518 0.4606942915224444 0.06653766061620636 -0.06408477570502331 -0.08083861388547424 -0.14109815539675577 0.24750493438251198 -0.017088296098671785 0.021013080263206363 
0.7165792901503778 -0.645724853983527 0.5376599010886518 0.6612102216181444 -1.2364819769403939 0.5241465856073029 -0.012878719288609952 0.6368761841298585 -0.5206433973091531 -0.00733731382295677 -0.17063066148245393 0.22815546571122935 -0.7746274570553145 -0.026731324149391018 0.23241919263576852 -0.336976985214635 0.014107310519084018 0.23218436104439802 0.019989714149128163 -0.19600365990224825 -0.13428702973950363 -0.0710202231045836 0.17205629564275807 0.11697578750397013 
0.4632810203244446 -0.2558166643375088 -0.11132851096379692 0.9280735018567016 -0.3730765816994257 -0.3642087731527056 0.2679180750348973 0.00620564347912389 0.5135217697170863 -0.6122178020434967 0.1654391673001227 -0.24445092585975592 -0.20899377997139842 -0.7944922674203007 0.7374946441244115 0.021037138862005127 -0.5350052143446428 0.6185601318982784 0.1437782438040068 0.16356483185928467 0.0696961960851389 -0.10536395349921353 -0.15765129238272435 0.043868322498266867 
2.0923243070708253 0.9359025007880586 -1.1268828762713015 -0.5505628871703687 0.7204690282577524 -0.6089466363585001 0.04187668643063325 0.462236343591506 -0.07332580833819302 0.3850171927253488 -0.17971861507303533 -0.09897404774729135 1.8237765211151789 -0.44782718012865175 -0.10816018111226004 0.17498611747559142 -1.044301272040443 -0.1760643621414104 0.05645294301609002 0.5264582443908172 -0.08357110058180504 -0.20914785194216448 0.01937018886644946 0.11594416788747862 
0.17909903846405228 1.0946839221928037 0.2155653466505334 -0.6781733544163028 0.24490661848022838 -0.43071253768672085 -0.5247128123864373 -0.8068429799042928 -0.4204084971515669 0.22700903087385116 0.45264823639348045 6.212391187099264E-5 2.808774692136764 0.4822174975557327 -0.6658031687455767 -0.14549023284306137 -0.032821556696588004 -0.13328530728370805 0.04857182878656217 0.07880076127283248 0.05343908384430964 -0.22300091640388522 0.024996069383699304 -0.22158288378784888 
-4.612659282264962 0.022506393137271985 0.6986935156182668 0.9393752973278722 1.5874302390911081 1.0855915542985417 0.2140778953737873 -0.535974237350885 0.19703503787058863 0.20049282554486275 -0.3723457626284812 -0.24193356283701994 3.258056202462081 0.925417245829648 -0.5898160497050356 -0.46643277978275854 0.2512227897428628 0.024596913380743546 -0.31676125162619456 -0.20307892087100612 0.016360320932766754 0.06050979919057594 0.16712782362501702 -0.16249167092083147 
-4.610551261417955 -1.2457711031793135 0.9732927993281488 0.6195751081367654 -0.7080925170263396 -0.8116219466301023 0.03610198420363375 0.26890865013182197 0.21802409507976658 0.14904713075840198 0.18676453292674772 0.49177748304865504 -0.16146811701829064 0.18300474359596178 -0.3577840124304659 0.01717731067279556 0.560143304291979 -0.24624770362458714 -0.3408670823608855 -0.19185436402221567 0.13147202176210562 0.21150877436905094 0.03937089032115223 -0.011350006850104085 
-5.287019150374414 -0.6701217240148267 0.2637015465049979 0.1998612209013728 0.44330022678244796 -0.49228267202904 0.7117530430141813 0.533597291186467 -0.44162306725216005 0.24246874521134554 -0.54816023421472 0.14264328544681104 -3.737948312622206 -0.4322014561832977 0.36370201338117303 0.34347681241267275 0.7373074842754855 -0.01881929833227791 0.23949741449547723 0.02187524017650222 0.07430261483639056 0.33867664690732185 -0.27600765280885836 0.12328158296697223 
1.00068332357365 0.8919837499809677 1.5064133684985657 -0.3599482482214398 -0.8634582882413784 1.0969676863508315 0.24905086087602202 -0.7660656521063218 -0.4954955098765096 -0.42850525206654305 0.4224428012231432 -0.15817627967973225 -4.0071668803948315 -0.6372882056452106 0.8498362326285855 0.22556923798026143 -0.1967542879699948 -0.3802136286452618 0.3123613531335186 0.2979778159616113 -0.26374707102887623 0.1756783586246946 -0.12078774336814325 0.3445916617448144 
3.795568363105854 0.2502333351070245 -0.6589728091104607 0.39870653826895663 -0.5468093281278292 0.18775463280490845 -0.6108887864488386 -0.08411280676131971 0.33088699583955505 -0.5267609237646301 0.3378380616498962 -0.28680143037374295 -2.5405617825582976 -0.015414849752734069 0.5003994905271791 0.15319507313538439 -0.06041151174992021 0.08491822900431457 0.3602358970337895 0.018727643742116735 -0.4072331524027262 0.024024252504197957 -0.013853799887987517 0.024073541823677075 
2.869655623026407 0.2059159841953928 -1.1148787207498787 -0.15655526448781087 0.3772251243387834 -0.01099971311129111 -0.23966116046541197 -0.31616974877911863 0.6230102766205379 0.006626889372305933 0.1061286150988694 -0.3272751442755114 0.4138687646936366 0.3887930020491825 0.6327693070574948 0.008302045230273633 -0.5913461236495143 0.7310635980011311 -0.026075998454790323 -0.43597007449941266 -0.26362281858744024 -0.17499292361571417 0.3788711376805192 -0.2983445858561982 
1.4001800475741 -0.28084329186383705 0.07314911954768277 -0.36142049037159485 0.004193055742127694 -0.19305365931092244 -0.12459863741647004 0.25246640829651523 0.2208234967074949 -0.047170083020672826 -0.34844174148862056 0.1549720922736694 1.1491252644618093 0.21115633857211039 -0.05229427694733931 -0.12735309807869635 0.019550423536478474 0.1258503683001343 -0.0875066245488441 -0.32350039107792955 0.15541743182818593 -0.1513471385137825 0.10070454378754161 -0.19447356791856174 
0.9567711872586173 -0.008856942681148894 -0.7579555170029904 -0.0047908695919849364 0.635078890772186 -0.9058189615946466 0.08413378172420871 0.3735549638629988 0.35040469545184116 -0.14332190159137914 -0.37103071024915624 0.5159707165651561 0.9259614739350676 0.07029430180638574 -0.21823154500013112 -0.16033934495514895 0.06988747938162036 0.23691264806380666 -0.0677412552136526 -0.2485966658997664 0.2563651859397353 -0.14297973539698555 0.08546044567810691 -0.1354029512482426 
1.3046347876043214 -0.27584921717103583 -0.6805515801418871 0.7048836350571328 -0.734387481953966 0.2576131521461833 -0.5102663838971166 0.5415260101514102 9.374909393455866E-4 0.0022548872585599344 0.2743040929612842 -0.1250036570383915 0.2525546521865583 -0.22251252003960284 0.015194390398020322 -0.5161177849917555 0.23988517666263467 0.20037150544127158 -0.39998837457724773 0.23420683174115187 0.2564473083332069 0.14158334425607333 -0.1787701715096708 0.06436535449557505 
0.13954383120609393 -0.007463958570165019 -0.08333373590470039 -0.20868929233672784 0.5368529550419692 -0.947071063031264 0.15639647841586912 0.2850904479927332 -0.036142278314593324 0.4108536104236462 -0.4616256391604037 0.21892158412524682 -0.571026852133809 0.4426306074613568 -0.8420874996515778 -0.4949205362867611 0.17500436449826295 -0.6156344030677425 -0.22243456435652234 -0.032266455652577485 0.6671311705869755 0.3989151335484622 -0.33630415521115253 0.24399243748701252 
1.0511297690406867 0.3859977761994795 -0.3097449421955232 1.2888820759760433 -0.6663495063806679 -0.7735421249164285 1.0392351379694431 -0.4059218289918076 -0.3552449414089085 -0.7490078717964055 0.23316623749601562 0.11040059500689892 1.8296713045059152 -0.06917590705787961 -0.8061002711286518 0.18752582193668102 -0.31843646790868946 -0.21364937455464292 -0.08858288069229035 0.217210514893707 0.118935488595537 0.006359488963978606 -0.031692497589275094 0.04654232670776265 
2.7966042529418615 -1.667672261750477 1.5829036629785609 1.187971518808843 0.07604680949074816 1.4566618861398868 -0.02331328613950412 0.9440782503923402 -1.4728976001349583 -0.9644359227092829 0.6584506831169358 -0.33370872191852663 4.304795288540455 -1.322861341884811 -0.31140157377824446 0.1373266014348785 -0.39596214404948743 -0.37960879686667587 0.6731471606302005 0.45326331928049907 -0.5316223956845108 -0.31343716081290746 -0.09992671066004559 0.16196977340545485 
-5.512909336781308 0.7617826555927589 0.9046305338024379 -0.5560242363256958 0.4513249945477129 -0.30330519877546336 -0.15466285954255898 -0.43959943572951415 0.3625086860629171 0.6708211869330887 -0.19065657540956027 0.011684515860207245 1.5294183530527565 0.9553576946935722 -0.0015962919664119408 1.0174362494936184 -0.15055424597272485 -0.3823499895856742 0.02477744786532236 0.19640956018172526 -0.17369972415939605 -0.8921567289812474 0.37184658272066873 -0.1373542374533455 
-9.492822481504273 3.7732276273876284 0.2436832474310524 0.30178405950950626 1.165902136726241 -0.043363135501719 -1.2660960047187317 -1.0578607064799108 1.1998480950030261 0.6412505634976216 0.050065899272521 -0.21762969651777184 -2.1576081392986435 1.0158863549865131 0.3672547842303264 0.4822564364102777 0.6468334526491674 0.5531740657639104 -0.20352376793381577 0.17306669385797077 0.10293011772544329 -0.29472762043604833 0.22454383224616492 -0.17096242071574777 
2.6075880771054845 -5.20052525245029 0.3646541414774669 -1.3203329428551431 -0.7596144320802398 1.123520354661397 1.58629415366309 0.005818968899142157 -1.1705186164997126 1.1246190720438847 -0.5781811187437833 0.4644237946665579 -3.2447070061165433 2.1301664822705715 0.5503454811126945 -0.157184348552977 0.19413991357990543 0.07521633564862647 -0.2827161034995471 -0.5311745010158202 0.4104847344629749 0.9276497538915756 -0.28274179621444856 0.10685018469631309 
5.209179963894396 -1.734177372688492 0.7511275064500671 0.12335656284273355 -1.2589838351427773 -0.9162730878702745 -0.28322048894088125 0.20216896650409977 -1.0151743020299733 -0.30715200395653586 0.17858145804555256 -0.04719109917445863 -1.9677849592642938 0.2971053229164428 -0.05364309176210721 -0.526441984949317 0.3654878615627446 0.21481659736972947 -0.07149714097775672 -0.6652394374789915 -0.20038408870963376 0.7298033432756221 0.12605773559756317 -0.031346946195007996 
-3.1297895411310126 -2.8750142911808956 -1.000128039045153 0.004742557666621572 1.0813482397425058 -0.09249922953706502 0.20204769306715709 0.5239092308259412 0.2385656811904921 -1.6379267910145594 0.5933110338472696 -0.39408533690038866 1.7367329089408916 -3.066737737685456 0.24813614923891456 -0.46822472358109724 -0.5835758183154671 0.19321045706764053 0.6606252538514248 0.16200816866115852 -0.9192024057253874 0.19292680747504873 -0.07244206113595843 0.0875795564938361 
-0.7207787945931434 1.7191561780036029 1.087003612978684 1.2185722640965753 -0.8510427838733656 -0.07980313551167639 -0.35948135148749516 0.6788124749936641 1.0964582122868252 -0.1668865348000228 -0.9138533838156949 0.30566570785072544 0.7532010773520872 -1.9159932483699766 0.5030680362318358 0.47219754970103284 -0.5943246645084285 -0.34739348540030734 0.12474559108481398 0.35622770410853316 -0.4542034743594419 -0.5819331953984596 0.10735668463247745 -0.040964530454099014 
0.3623687295265796 2.2730211852600313 -0.5476923595035852 -0.4632666227387723 0.7871424972314556 0.1256540072791763 -0.3574511766178774 -0.7185272913291156 0.5312723435180504 0.475705915040482 0.18536248559471577 0.02525672167245757 -1.7190541874042051 -1.361533453698029 0.20756860399974544 0.6264922950618936 0.05502390281021637 -0.14174889103457067 -0.07582172551594597 0.6165917014151242 0.4152538517893611 -0.8750474850356316 -0.04803366884071081 0.029182720731135408 
1.2034975965093384 1.439784634200974 -0.9842944420162243 -1.0592314960576679 0.6710930296380331 0.016830749922526866 -0.37770782735280595 -0.24529588474397146 0.20108278988457334 0.38183122921132195 0.06048567827439705 -0.1339685370985847 -0.5349327398780707 0.4205492337456616 0.5810851760033214 0.6516831999924297 -0.2952272996127115 -0.10412656573357804 -0.3510178249140101 0.31748319770965727 0.5073103295357311 -0.1689314632856259 -0.3590914232712054 0.14961269105637084 
1.0652348255303625 1.349271841814506 -0.5871848235469352 -0.7358324474419378 0.15520862455615736 0.28443050084954535 0.4386261075476504 -0.8638116935506137 -0.5595081629764651 0.7128567820866628 0.25024250932435604 -0.2618163766191398 -0.03838749762389811 0.8431642195512769 -0.05819567555038333 -0.32417230269193964 0.4464311375571623 0.0295592072799231 -0.3780634820406941 -0.3304331713996334 0.262532525140809 0.23970590112638956 0.08652307433962979 -0.05189602695745262 
0.532586377039177 0.9193831484893806 -0.6365056830096054 -0.6001944235291312 0.35060605130241806 0.1531883149038732 0.2955334811717714 -0.20099491702455863 0.11991747692688964 0.22133242153376448 0.13098087413310108 3.641838274116571E-4 0.8485820320415746 0.7253566428572252 -0.6041281094008503 -0.7882170005336859 0.5070874376556525 0.025198160475868425 -0.26554465135915223 -0.36230526749340686 0.08468995603125302 0.3621590747891111 0.15818148590529993 -0.12940385458056622 
0.8129868321333547 0.0037292694619974753 -0.5469997123557446 0.2797317490727783 -0.3919074262722238 -0.03120239705126615 0.4401186152419164 0.2506217390100782 -0.21574257542553477 -0.16316238449990794 -0.10945433535352561 0.11377844208181725 0.9481245923744379 0.6213164390531535 -0.5041556103698178 -0.40945675884880695 0.26417348729704043 -0.021936197626218512 0.06725875439810278 -0.35213800389250277 -0.04206879940554564 0.30846677588931537 0.1475768679639731 -0.14194907544704902 
-1.2161245029168812 -0.06351400819444741 0.8079973305907311 0.7976374072860319 -0.5766112579147338 0.09905271744532734 0.4181798728775177 0.28440320145590314 -0.22486987198465092 -0.266636411862726 -0.23421035710256183 0.06644561729263543 0.7879775191964403 0.3326304003809068 -0.50414690177728 -0.18381311921219523 0.11906345660897284 -0.12015396168463528 0.03446237369810586 0.03008793646186499 0.12611341886875826 0.01776962262179908 0.02235695805073985 -0.040020731221034146 
-0.9047835116149221 -0.023228897003040316 0.20303050076234985 -0.20637808630309862 -0.17370318272638796 0.37730689245747384 0.17552664850046895 -0.050096741113336396 -0.2609080903040579 0.03144087111696188 -0.00989247894973179 0.1309901329893953 0.3522580148497811 0.12285434910584551 -0.19631093792710366 0.1507178629415913 -0.29317360212579247 -0.032875899101507844 0.33075086168071094 0.1558871893261455 -0.13749495058368844 -0.13368801696279428 -0.1005391686410212 0.03982815836478026 
-0.9724610086760057 -0.06502896942082081 0.5009199157631876 0.19429985179539289 -0.11568644029741842 0.30939555520340906 0.3244423434481776 -0.1408994863484463 -0.23584002224012357 0.07072192585993234 0.01412907177898462 0.11182053203672508 -0.47807233983844477 -0.11299429764202766 0.20607373317851177 0.32851670153292895 -0.18954712838256457 0.12872959095203057 0.2833774240582285 0.051073046828746305 -0.14364526416847814 -0.06759828956019302 -0.10685456576671952 0.05585580762484114 
-0.3656189595364263 -0.36407629724235235 0.19547180883933812 0.12924693799332387 0.257150971296496 -0.037746118625783476 -0.5052652050855463 -0.004388485066183612 0.20222735145326687 0.0692224975271457 0.06799345612876478 -0.028393490384568343 -0.5247847875135819 -0.2207107443221954 0.147244941676691 0.16759853842937777 -0.08915719352782536 0.04685427854502356 0.1190183926694006 0.006214609004641047 -0.042189631103969484 0.0626290896748703 -0.03841509598260948 0.09346581508781875 
-0.05148975944079481 0.4458925848512916 0.19355547701670162 -0.3557252094609662 -0.22339694977848212 -0.07960954986913571 -0.09155647250416032 0.10832993294608784 -0.025501800357878857 -0.08273235638723886 0.04741037265834841 -0.021429993894906157 -0.15247486999409587 0.022331669065032738 0.16647393643068886 0.09636000764056692 -0.06902658134078113 0.038405070498425474 0.03983145330397656 -0.10465550747987258 -0.09370529414002371 0.030792471716450193 -0.02028206564602417 0.0019759421038644024 
0.20908522630821813 0.3834425588274897 -0.08502210489448014 -0.4341611709630524 0.14762365259761995 0.43124660935867554 0.0264708784684361 -0.1933552777745266 -0.23950830793327182 -0.07971925678406344 0.08871215855841477 -0.08278204930824529 0.2457492869833955 0.13394745288108142 -0.15104218171887882 -0.3048250440725202 -0.05367558232842166 0.058088291150296435 -0.1284683367546614 -0.10410739544502845 -0.054899516584029605 0.031818654537048935 0.07909062143138354 -0.03248073372330689 
-0.8023884916160403 -0.50578340465084 0.14174506333803016 0.18692388335188026 0.146156963074363 -0.040316020284096865 -0.06092005824074331 0.26755043244534293 0.2661436898732169 0.052815387866186336 0.06461591750223214 0.13308698518697035 0.3874591046444615 0.4294822432119528 -0.17808641203358708 -0.5406182691415344 -0.2239920915223604 0.11266400230977791 0.1029679964609409 0.035350314645238 -0.04340542116670898 0.03212257073270521 0.09641603971379901 -0.04470324999361508 
-0.72741745439899 -0.2900806611345308 0.6745035608353103 0.7723975238044614 0.23340076185533842 -0.2316577568691922 -0.13517840195327058 0.22832345151927422 0.2211031560898078 -0.0940073382107137 -0.1778811805873277 -0.008209778755585914 0.42685183374248264 0.49314884978289797 0.015840979095175012 -0.3461015598567028 -0.1768296759040091 -0.020012251784013297 -0.1158844686953881 -0.16498499429103927 -0.157411657347401 -0.06447711899007945 0.0406113011196372 0.004556498729216475 
-0.7456157330205753 -0.5057925348035566 0.3480518802525676 0.6628502505798801 0.40569077015973987 -0.08614937368453557 -0.3196358216761297 -0.20856037563652657 -0.12559126886929173 -0.17195602787202935 -0.10854107691017739 0.0753936208096094 0.17580146622449944 0.4396392131532095 0.520643869176986 0.2870947288683091 0.03301982150678776 -0.16632288110288856 -0.19220026793749348 -0.04908231823834841 -0.0307685706868772 -0.10515760871862569 -0.07977967551190022 -0.006163852003990639 
-1.0998566542169623 -1.095999425444846 -0.2356984506372739 0.3661803249930562 0.5483457767669588 0.5142000414109348 0.5034821662722936 0.539655109139526 0.42859414348018554 0.22609780805528273 0.053456752405707936 -0.06760486330721424 0.16780487434561508 0.47900107134490666 0.7558575845756746 0.6756511480257684 0.34889409628196977 0.05664795070247525 -0.0034221894439879774 0.07378042845910282 0.039410633588035926 -0.08870508058455569 -0.10760477915383336 -0.012543934833638257 
-1.1435732903805524 -1.421741661955311 -0.9650855384566357 -0.4712517038473445 -0.11037500890181051 0.08572372388450533 0.19635046145895507 0.25913155835026225 0.2547039082386596 0.20823564088906515 0.18828597754141502 0.18127608347475643 -0.15940142105737834 -0.04045396123239035 0.2458322561667364 0.3366720130989806 0.22986025955044362 0.05996495785724015 -0.013483283332477761 0.02234045830168091 0.02362914277186598 -0.021815892663019084 -0.02023369038680653 0.028833501419948632 
-1.0318532987558466 -1.2691093115933736 -0.9365004835371119 -0.6875049430592316 -0.5552486374597957 -0.4875381577611384 -0.38290497518884903 -0.22686380085142865 -0.08727633322827566 -0.017987930837593896 -0.003480370351623824 -0.023519205587244657 -0.2579812495495483 -0.23442590351046455 0.02019081778523657 0.20891564641136398 0.2690549449134286 0.2549545222875092 0.2439953375956789 0.24357926566318847 0.1965347802373855 0.12624170136204382 0.06684051655011361 0.02203749678677903 
-0.30141314757899806 -0.2978757080321217 -0.03904387179772262 0.17967684530908223 0.26790719862178625 0.23482485232978056 0.1640075990518749 0.10767770445390798 0.061456541169340934 0.015534519563466215 -0.019371444371091923 -0.03314971231022129 -0.3974627960195513 -0.48646579873947154 -0.32655223331571787 -0.16990637682631013 -0.05862481927355112 0.001755207593027978 0.048102029816837484 0.09107425022066233 0.10997211647195937 0.10708834321881171 0.10220133885564613 0.08908125728516292 
-0.7469929769690946 -0.954654691875047 -0.7592917373224402 -0.5860308888192491 -0.4479601617351253 -0.3252140896742304 -0.212332415311203 -0.11535576090186228 -0.06438651369731169 -0.05627673536804928 -0.04323608628837944 -0.026504455775062483 -0.38936150326253305 -0.47781733544208027 -0.34426294462020895 -0.23912395695646516 -0.18316775155772724 -0.16258049511236386 -0.13031129305908834 -0.0732990793059977 -0.022087522961681427 0.0015657140405373425 0.005677409688442538 -0.0013650360971883175 
