0.0 0.0 0.0 0.0 0.0 0.0 0.0 0.0 0.0 0.0 0.0 0.0 0.0 0.0 0.0 0.0 0.0 0.0 0.0 0.0 0.0 0.0 0.0 0.0 
0.0 0.0 0.0 0.0 0.0 0.0 0.0 0.0 0.0 0.0 0.0 0.0 0.00958061569404182 0.012255165253029277 0.0100498641113137 0.009444704065235269 0.008903792475286757 0.006562317882224056 0.004292775752317031 0.0047357647128407065 0.005144115796746969 0.003011237764906314 9.321301592229344E-4 -3.1329722189236503E-4 
0.0 0.0 0.0 0.0 0.0 0.0 0.0 0.0 0.0 0.0 0.0 0.0 -0.011097041901593663 -0.0129719809632499 -0.009867683466145008 -0.01233587901753693 -0.013789417415640751 -0.009278660871810137 -0.003811081183918865 -0.004027611105342767 -0.005501737506076558 -9.18481157790349E-4 0.003773908525038075 0.0034100441072606367 
-0.02874184708212546 -0.03676549575908783 -0.0301495923339411 -0.028334112195705807 -0.026711377425860272 -0.019686953646672167 -0.012878327256951094 -0.01420729413852212 -0.015432347390240908 -0.009033713294718942 -0.002796390477668803 9.39891665677095E-4 0.16945899171983334 0.19902559544234055 0.1362818019909816 0.09204176045256192 0.08137900540436614 0.0907381359825838 0.09992208453228195 0.09224130285803661 0.07208631358195518 0.04682883204656998 0.022124194157653987 0.011887334639867431 
0.04766204924584372 0.057298690769293614 0.04467784656540558 0.05117469315046369 0.05472394095985239 0.037679459438766494 0.01787240718023214 0.01918648038528936 0.024221386213350127 0.007272300120730518 -0.009923530336279823 -0.010700078154620457 2.9245886164259445 1.248227533388332 -0.2935970116567635 -0.4214238688495222 -0.184461952613723 -0.19450542723616807 -0.0501737411187937 -0.06308746666332564 -0.10353663199604096 -0.06475310524910938 -0.12902473326671562 -0.09042328673833704 
-0.5322079997824218 -0.6257261317116685 -0.43118432925564765 -0.30171262793291764 -0.27149898669302464 -0.29105413766713467 -0.3087024571869619 -0.2863171487667545 -0.2283696338525406 -0.1441226462000752 -0.06141081730482205 -0.030311964842292066 -1.3157647629468638 -0.8641327486983883 -0.026593250986581118 0.06089382668772106 -0.08301096895940256 0.06903300189486895 -0.12804818526526668 -0.1910367783881283 -0.04042121595706636 -0.0698094171423136 0.02019199554180984 0.05024695288849074 
-8.522032772927684 -3.4502022821887053 1.0813084034311438 1.4009608644171725 0.6757796624747512 0.7191998737187355 0.2984332883213865 0.32531732730409313 0.41707853921927274 0.2618037822000063 0.41638141321372346 0.28689578846899566 -3.383762714675676 -1.5264096053589522 0.10176359476350899 0.3638254319466146 0.05503384684901414 0.047287774087382446 0.043312328244306586 0.07680135768715403 -0.11413743238946226 -0.1593064287674089 0.0813824038793837 0.02908711439407534 
8.20339985284523 4.309383236815076 -0.46868511780706684 -0.8859086778922234 -0.08820633130510197 -0.5675461664712635 0.23098578796827174 0.40583761756646103 -0.09059727602200313 0.07312879709258399 -0.27652484887809997 -0.2985989003116032 -3.589515958881613 -1.491760706003113 0.05208538813212963 0.5426131570965086 0.026114330766028777 0.0016196214691399091 -0.18574636238484973 -0.04075565976494655 0.06290058945878996 0.1323159521801687 0.16776591872317703 0.02855421052641552 
5.831146266959045 2.168972822582778 -0.2418625434494118 -0.7482035777097273 -0.20202392728115137 0.034062151578683586 -0.3819087001303044 -0.5572949758427805 0.29774750446646814 0.37656586477662757 -0.14651372618779196 0.03618204639780909 -3.0263487026920046 -0.777336610981488 1.0837727392982803 0.1553254471397021 0.45168045855015687 -0.01792611096983665 -0.05040946326617372 0.256843992584797 0.1087450585867444 0.2864815938215339 0.006516394313703433 0.17741060853477938 
3.059750356919052 1.0399684339119286 0.07414497978824126 -0.8549698781589937 0.08905981588684031 0.04665585899547159 0.5887076241934328 0.27725598210152197 -0.3574058848525082 -0.598451544028892 -0.2832610037735955 0.009382274614054664 3.3946926105122146 1.4690943297943353 -0.30750804506199364 -0.5552814087239311 0.10444862267263426 -0.19916412056790425 -0.023776510586625072 -0.0681494261003775 0.11454680702834068 0.15775453127495445 -0.047954579998823736 -0.10409468834288382 
3.128838083111418 0.5165149522073325 -2.4414248632613518 0.9195151231314513 -0.7678947867716905 0.4658771938948779 0.2708007600073271 -0.3809238327178283 0.22424766787429207 -0.26185082870385734 0.40020030772036086 -0.39932662459817136 2.9631626546390826 0.6100601880362785 -0.8977106811835424 -0.4827406117591478 0.040725008572358355 0.12158070738343757 0.08501902748466306 -0.24331492106766836 0.159347774212553 0.054120038694215424 -0.11459668100440046 -0.049410813684372806 
-0.6295238867676005 0.7283291826197935 1.553620177284884 -0.05392380214101947 -0.11861676957773515 -0.1859613259256479 -0.02403941034066881 0.5221003243051174 -0.3974877788109371 -0.08092644999203691 -0.4060181258357052 0.23143950021503848 1.5847952144314406 0.47101749970608847 -1.0065088453705788 -0.08597392319912085 -0.06130125355240431 0.05710230198908292 0.3753356113080666 -0.029843168953733974 0.06321753690965139 -0.2523246098544936 -0.08879838709075376 -0.09266483971934351 
-1.2137045751148756 0.49461188412001 1.7115319013528936 0.29949521955872904 -0.2203606602659387 -0.21437137811106938 -0.3305922653172428 0.050227616258426755 -0.16025487119197646 -0.044556798324446256 0.2586548778564643 0.07338587465043561 0.8871487490599875 -0.03922422201121053 -1.0241772388972754 0.3675688922992209 -0.08972515859564818 0.26665459754148463 0.13094533333315853 -0.14702103064777236 0.2015838378226107 0.030488020798807358 0.19764598494895 -0.07214247902370315 
0.4766360427378764 -0.3621325311626755 1.0171931335928548 -0.28703815677527 -8.034867088226871E-4 0.21547323903119647 -0.23660269706848192 0.15120976447459633 -0.35480722604832815 0.04987527034488326 0.053906872430614095 0.051020544147781705 1.4859628044097193 -0.4014242052610652 0.6485997782762518 -0.7542368093405353 -0.7223980241265977 -0.020832213172816444 -0.030396898104419118 0.2972408950840611 -0.2100025021467357 0.09868060500609134 0.07073733366599029 0.2713339946673664 
-0.08568812882128274 1.1794184751321986 0.8993203752764893 -0.06663437644908621 -0.5576259524192022 -0.534803881207998 -0.01575359662824194 0.2455845391407493 -0.40184412197484454 -0.4187157512687395 -0.42270014625964875 -0.09268970949343355 0.2358047335971336 1.0396100550754293 0.7084496111649675 0.15427750123678288 -0.08650061499830353 -0.34070408395453794 -0.27604705876043295 0.10076732230924751 -0.21256078399790931 -0.09088335239678676 0.01743824474183601 -0.06755976729538589 
-5.651420523143555 1.5901985028968948 0.01392660549433078 2.391851423884494 2.21720994887869 0.03675156514126576 -0.09026805037191188 -0.4673008223882271 0.353314353020704 -0.18988878853816432 -0.27755261477561954 -0.4995246917151262 -0.7607326366634818 1.6507598692426348 0.40357205653166134 0.3213641510156682 0.6750335528833095 0.13141002988797618 -0.1203140233478176 -0.09699492856736042 -0.30740294965999504 -0.39877043203888246 -0.353793019854709 -0.39639469115529025 
1.1429095070344393 -3.600383798136063 0.08781633190725291 -1.5027820744815017 -1.0698655330647844 0.8971017106975099 0.424381587615771 0.057180942762095954 0.12336669126723537 0.34797528830743785 0.3720698872340731 0.5513377944680472 -1.92917259255692 -0.3095359131488225 0.4710456078624361 0.8242707193731508 0.145894088431328 -0.229267116884284 -0.052691550907578606 0.18238257448899484 -0.15029523980503667 -0.2805343866273804 -0.24606317496730187 -0.058604302469323875 
2.144535134800461 -2.924511002256449 0.21222898568248905 -0.5330567608060669 -1.7697843550359598 -0.894709646585486 -0.09572821914703555 0.5363963483660042 0.30479621631061704 0.862841046673442 0.7179009152478801 0.9181908656329123 -1.5267960711587136 -1.1307478086185625 -0.017883319745698678 0.6722120783255731 0.5176646031552208 0.39978121741932565 0.2732546231450274 0.19846457849888965 0.24484958880354227 0.14401152969465877 0.02001952369428957 7.1401310325279E-4 
1.803851819877469 4.365380967155338 -0.6129676384048981 -1.076992442223258 0.9981889342441386 0.6187280753082298 0.14505114048205572 -0.8034117697033509 0.07330066579530897 -0.10347750899240149 -0.182237386369493 -0.6257345807594812 3.9479703999846265 0.06943729164287094 0.8928411921489251 -1.536748327232085 -1.1490332149995581 -0.1811835575486501 0.3409557541582646 -0.10261620821946321 -0.2939383733676156 0.16512921732430716 0.23232354033220495 0.397387073023558 
-1.4015034660889285 0.999559546106882 0.4179685498875023 0.16232037277865335 -0.369811094241434 -1.0234052694220712 -0.7703666962401365 -0.6323982016521725 -0.3562014006539596 -0.39619697897222106 -0.060457549056705195 0.08686945658887968 2.0582098615175966 -0.5179456133834796 -0.15955433194431867 -0.23701558440356285 -0.7937310736243037 -0.16587454130692558 -0.10221671576382113 -0.03651059674700404 0.11550468673641194 0.2779271200025268 0.05525058531989021 0.21553959263744407 
-8.927982392474746 -5.770730947246341 -2.6935770266420294 2.759774340422393 1.6772474815366272 1.5050001947617528 -0.2611664363124724 0.949426842429574 1.3356806198523705 0.48210664915734786 0.06427849838975086 -0.2251627200806104 -1.6187810949638735 0.8076237477273258 -0.3945213464169743 0.0876674591276363 0.3353525693505599 0.43459609342866656 -0.4176932661894788 -0.22604327067640992 0.30394691880753316 -0.1213855751015039 -0.010625385999845574 -0.17722207097287931 
1.3358226564237787 3.697381795094829 1.7311966756340107 -1.7403933989182039 0.27187959219070734 -0.8402220823914708 0.4140307165416919 -0.23049116745944614 -0.6729078209271495 -0.26373239240901303 0.4288912169085876 0.07128615738114463 -4.006925987151611 -0.5580578503788677 -0.38273086660379185 0.6818885243020412 0.35856130591324487 0.1329707311734578 -0.5040432886192171 0.04776979188296426 0.23773413075357608 -0.05349293641634959 0.14205615081478376 0.007168498549301054 
5.291532043512735 0.5935985994793871 -0.08601766202722949 -0.38863793375773814 -0.32871411702361186 -0.7766517984930701 0.8059322326595779 -0.3262354747704844 -0.6801868804906956 0.1944469230305062 -0.3950356113526027 -0.08627671823697575 -3.789759232771654 -1.1975443798590124 -0.7640233836653194 0.5438447742127018 0.9743985181585438 0.2991893752587942 -0.020576984761694894 0.37690646689524687 0.2768573989784546 0.14801360147826434 0.28844130015214214 -0.1322485931716226 
3.5095172773721632 -0.508431676119379 0.26238146739147794 -0.30913906303740446 -0.4425142127010493 -0.2814914663150332 0.20821383513148972 -0.13787641870103606 -0.06147004274315471 -0.09188830665975145 -0.2569689466298797 -0.004079039980840804 0.7968950468894057 1.4590741998007888 0.22243515757706453 -0.665691674255161 0.22880134405941802 -0.5863382973219605 0.325256168037036 -0.09603116644582838 -0.29667499966982724 -0.026986232694030415 0.12241724601931235 -0.0839933017641662 
1.354447995366023 -0.07519107206219999 0.33290072847519525 0.41261284984388813 -0.8887511704931259 0.32806676094715154 -0.09652704132228662 -0.2275999326353716 0.19938953382500924 -0.04785619815207595 -0.45811532029744184 0.2092656581152501 2.1715641610230123 0.23350443208181706 -0.3895755823835619 0.017461398448274323 -0.21904556616103865 -0.4212184310591947 0.46423178587370645 -0.17177544955676974 -0.2026226857702534 0.06601145225753759 -0.207579780763961 -0.042674869768406544 
0.9136795398289177 -0.3454459685367439 0.8544320076516048 -0.14394376795353403 -0.1345059132527897 0.3664335298543002 -0.11050815057848384 0.008284560810482566 -0.22267102907552028 -0.061622133735630705 0.09317933332307016 0.17549487449753032 1.533038395260624 -0.27017283375580553 -0.13315631065327027 0.003307696465109348 -0.23134005533768423 -0.15581670784665214 0.12476427685954207 -0.08498771373524794 0.07850903971555706 0.005328835166598993 -0.3063288463945371 0.09101543500993182 
0.07475842921532028 -0.18840755055738168 0.7866838149933928 -0.5236197766444963 0.1744184317353743 0.1630409965998474 -0.42740213210655464 0.1160103841440655 0.008281669986247353 -0.01872052020416695 0.05262959096280545 -0.04803906617094167 0.7564622425073884 -0.05100657911994988 -0.05826306668598032 0.2736578129248176 -0.23554434275912609 0.028668900575768597 -0.10593559869467638 0.01826503153415987 0.020369793114177748 0.020316276968166652 -0.15753648154657127 0.03679251545546556 
-0.4497531253343574 0.35869506439562837 0.43495885609219 0.14905416081145972 -0.2800788478022467 0.26847153939857527 -6.414500550024904E-4 -0.0547184358850108 -0.20144322997044495 -0.12244265113350293 0.40664513692360815 -0.1484729828675404 -0.039894213346886254 0.0463575826876356 0.520801992700953 -0.19841231842626228 0.19078073453207164 0.07579571150893598 -0.21571781294409256 0.08328533280423789 -0.22061109323878014 -0.06372621281140517 0.11804482223113373 -0.024499235460565132 
-0.23322239957450464 -0.2742418511685365 0.7174265043128436 -0.5548595533130616 -0.10933167494101914 0.2910410544477082 0.16634640450000182 -0.2508935288901045 0.12766625492993833 -0.07839477035763978 -0.14223877745799707 0.2608720404313888 -0.5335128714062911 0.11635370474970393 0.6783272292829675 -0.058544056453325645 0.07145316634094138 -0.04664651954221385 -0.06130260517289191 -0.07978240468923731 -0.31126930231247246 -0.05247440984716916 0.18747974430705475 -0.12502256026827435 
1.187352594264489 -0.4416015662940733 -0.6733453151109794 0.46691307565953544 -0.5649730635108079 0.07504636640356188 0.23977101995051564 -0.058119481085146085 0.37946995816897466 0.15939362977532123 -0.16352094915992976 0.09453702757806048 -0.6217371804748856 0.010705956912722137 0.8512306977274987 -0.008495985098120626 -0.1637696036725619 0.22871347932481445 -0.031132654520642695 -0.30380477485639323 -0.07907254576961943 -0.21541753482466297 0.17532478550704492 0.10412301612378665 
0.8567441836347705 -0.13732034946164262 -0.694145787253925 -0.5069170647085572 0.10250604056683077 0.3996931417239956 -0.36370055159063797 0.35705812081184507 0.651632982853955 -0.0022154311170715646 -0.22472659891658986 0.20552360941108094 -0.1739828095334269 -0.3813478267549956 0.5990804258216059 -0.18143669922675998 -0.04489353084375569 0.21242407001225241 -0.030582651998339427 -0.13304065827021935 0.22748813181962835 -0.13300593676273564 -0.08529773402569918 0.27486363163378785 
0.8704751244856617 0.258116442804015 -1.4129470913069218 0.15057087180356943 0.10531110546151412 -0.4719949422140118 0.3577799915522455 0.5527200638331942 -0.22620895662359497 0.4857202837202018 -0.07808530886823017 -0.4331678157287464 0.2700929083065204 -0.2647496183005176 -0.04265176431482176 0.12202664300464831 -0.2230094749856487 0.06362621164821275 0.10785708791067228 0.022114420042406064 0.4731587225358788 0.020297415033834403 -0.20866606837579793 0.1555537570902164 
0.44716476391518967 0.5199426245474061 -0.7100138850540032 0.14762164629520136 -0.3097931668959131 -0.07271050128026224 0.19908987469415518 -0.15719132653861656 -0.2519586831326619 0.15745971295812689 0.07093660447325068 -0.2998664328165713 0.44167031517721494 -0.009022594027265166 -0.2515152200069896 -0.07607854995032055 0.01367242401815664 0.05742178016231448 -0.02192661751961089 0.10869654518351168 0.31333534447828715 0.2282131122226031 -0.17611463270953429 -0.04380654743683423 
0.5818635792047182 0.024015801602955023 -0.537455973266475 -0.2264362088562888 0.31020496517751006 0.12036955296105256 -0.36519545692389777 0.13266198246286653 -0.5882103764453532 0.0186638126362188 0.31464565427254376 -0.11942922257876262 0.48467562213356946 0.06517482370114298 -0.34770435361319313 0.05658031128632509 -0.07136368093835903 -0.09017225245579606 -0.003815889832036031 0.16727803843105504 0.008881195335357214 0.3129571295817352 -0.09165226233717498 -0.2816010820389599 
-0.3239609892564026 0.006797753220682878 -0.37734568625317944 -0.09017787452766646 -0.04095816134563712 -0.06875444635048 0.06356702520626634 0.24099752594647383 -0.10737234067002732 -0.4533265322428893 0.10725181764162597 0.18007395514659175 0.06340982907057165 -0.008674464368954915 -0.2785822791653509 0.10552349781412795 0.03129953634133006 -0.0019269555878438465 0.2046455467076799 -0.1682760637297398 -0.2989565767343116 0.1330843214547696 0.09038963533602322 -0.09520833715615795 
-0.19798886532925053 0.3191644073639477 -0.5361681298677543 0.09972969835602807 0.18498464550145322 -0.20345621231151473 0.436989085792298 -0.1482084777025161 -0.3251457138609839 -0.14775798242449573 0.17871387155910712 0.17166523640655185 -0.2818423626044802 -0.45697459511640065 -0.26211154782939716 -0.3126785627710881 0.3372375983499212 0.2426495285852165 -0.0321232156127797 0.02663665642462106 -0.2518200727683497 -0.24216844342253344 0.3814680084719925 0.19433319634298832 
0.6468614989704591 0.39839171477377455 0.12508903074268907 -0.33203180075334093 -0.3410816160818748 0.09498324811955294 -0.8159390367869824 0.48807209473329416 0.5133787157780882 -0.15858235387582464 -0.13226641017810067 -0.15978865084075472 1.053463167880438 -0.08923197285887834 -0.6026045513384767 -0.44026285168785595 -0.4896851526684702 -0.3922921490154847 -0.049146446496348584 0.026077226601864067 0.021697439351225995 -0.3360272838499447 -0.0838742744733657 -0.16069640518633532 
0.941979422904728 1.1991426061756112 -0.0023386882762177486 0.8325264425698127 -0.5514461025041346 -0.6894478800296133 0.1709272209110657 -0.07078527120440681 -0.14312568636436185 0.5977970537202869 -0.7099992572335705 -0.5324975086140544 1.6220971264460935 0.29263955242924045 -0.41290355636999143 0.008763668676749214 -0.3602803656049038 -0.35645569309244823 -0.27498538654117405 -0.11724764155595009 -0.43784117887543833 -0.3055736921580489 -0.2568808836842714 -0.1479542594209984 
-4.054334637014706 -0.16549542760851388 1.1635532469664822 0.8642123084290091 1.7963126706625672 1.3511178345550232 0.34403729713592823 0.12405424289182698 -0.26347467247201634 0.1819778012345532 0.8032312054580619 1.0142445432159009 1.4972458970809879 0.7370092407534199 0.3576515346402951 0.40881334739071806 -0.014446237654128372 0.1356338835370461 -0.4683501860408226 0.2538244793402679 0.09609844044232224 0.26064630338741707 -0.1154380288143267 -0.07712579879570619 
-2.7136821766749484 -0.27681067873262943 0.18331043113032353 -0.5246833622653946 0.19712859894394352 0.23784357374809473 0.6819570784543649 0.38554337288606777 1.3768045168903833 0.598683016494462 0.4816077147938401 0.02851141764121934 0.5971816508267724 0.8507477549934456 0.19139074185037352 0.4825911343776615 0.1293866020919403 0.22119130055426303 0.48011792680698484 0.2203913210318328 0.17487134580934613 0.5407538171014549 0.11306589038465709 0.047092408771370775 
-2.017045392482667 -1.0746593650323648 -1.0406901328814668 -0.8798669405078914 -0.6720302538435288 -0.7755641293804394 0.3335965925638358 -0.5015656653327469 -0.534881707176251 -0.9409642454251634 -0.3817558097488259 -0.20891571758127303 -1.0888707641984323 0.45672020277101727 0.3708590536630271 -0.09904420815118757 0.5555088672876818 0.73354159904616 0.5137656224683177 0.3295446685558297 0.025053938265142 0.08282609212038848 0.34064977073591046 0.4487128197605362 
-1.868210151841609 -0.8985186900927999 0.5256107760966362 0.25679266390527844 0.29456555347309243 -0.2896807997246712 -1.2642062072238425 -0.41914928018761827 -0.5320362064402828 -0.4629933742542192 -0.456703420784098 -0.06219460452957981 -0.8350689484401207 0.026667122471143 0.22449145336482515 -0.26128063450735634 0.04517795612787423 0.006653627127907125 0.29778522892343373 0.16769097720147041 0.3887923592274543 0.01712778631064597 -0.049567235678312414 -0.08347278220706926 
-1.2104583568360785 -1.2248020302414804 -0.12017408650575545 0.7706069197972352 0.08106759153494725 -0.585744775847074 -0.22417792742992093 -0.462233436238819 0.6157838743978907 0.46433772024772835 0.2504374610392994 -0.28654090498030804 -1.1221476139378608 -0.5900442638015017 -0.2605325785577934 -0.20178599516005835 -0.2795739836704512 -0.5563214578435984 -0.40811099158713765 -0.4142835484776201 -0.4148932302690717 -0.47503071606967184 -0.214676232563607 -0.16703037156122336 
-0.6117688491778805 -0.28174071354150065 -0.9504219521520076 -0.5660783888958889 -0.3149541921289172 0.12297301559769064 0.06748865168094209 -0.1371956732653074 -0.3649053515790505 -0.15535132527392181 0.31421278643471473 0.3177423579619446 -0.7352142824143407 -0.5329290490777033 0.04430946515121973 0.016825007610658305 -0.16962940884376157 -0.4491531233718941 -0.6300053208186998 -0.3958239711978464 -0.23479093521480265 -0.24046478408300054 -0.2549771870564193 -0.1594458388739932 
0.7211767979990511 0.3870844380964904 0.4789239669162353 0.13692657137286735 0.47145156996882975 0.687073336489175 0.8920821378728565 0.600308176638958 0.6262325562003479 0.3303068782937033 -0.12318521566741131 0.10220691585663477 -0.2560434162883223 -0.3916540145470621 -0.3016544396527097 0.20845444441638797 0.08222278619865064 0.13724091700388028 0.13854109946963167 -0.2627138650327103 0.024886220599499187 0.17327200750115643 0.21851052701335258 0.1156129774132797 
-0.6283848820161517 -0.10567477702867523 0.09313335393198163 0.5231578152854874 0.6082617907874359 0.4213695142228868 0.06767972258086818 0.23705182696703242 0.16711225830289655 0.325416398971795 0.4950394787385154 0.2217690016739283 0.6008433729248498 0.39607736401057037 -0.25588791316381315 -0.37245849170959683 0.037181998656049875 0.5737532461588932 0.5573646511244481 0.09931332286323413 -0.1622667047122913 0.018420455889236492 0.23246087225285014 0.27865111057950165 
-0.4340200915519761 -0.1378729548567068 0.2630115794103791 -0.39937451554261694 -0.6272087585191812 -1.1466657761713128 -0.639896761288779 0.13878440874314202 0.2751164076584196 -0.2958621643785993 -0.4955074661526586 -0.585393159076139 -0.5020083889264124 -0.3144599581117769 0.4015925888172263 0.7731167116519586 0.7861949450086682 0.4447313701508309 0.46416767959473343 0.4429379686335287 0.5137605382259122 0.25110174385581135 0.023111666885087673 0.03646918432825302 
-1.8367005231769165 -1.2074941090966131 -0.07480201890764021 0.8194476296906439 0.12282997614693869 -0.681417166548745 -0.8386158521115845 -0.20437375790710183 0.29745283682878754 0.10247182839452001 -0.197008705081212 -0.17441093631017346 -0.5271107903878894 -0.1870988823655718 0.367069700969269 0.5560191967074615 0.3585564384280693 -0.1509928046445319 -0.2142382786989749 0.06757574102845786 0.2092017087392762 0.15615160720949592 0.09143655819415508 0.015590242591881279 
2.831359785358671 1.8813739784657901 -0.6418861131156328 -2.330568470785587 -1.6444173577369257 -0.09572743357750191 -0.0472731135651176 -0.507792936824561 -0.980219347740334 -0.31152606798509314 0.15350387558718936 0.1908893318639266 0.08092542501868956 0.116751274990754 0.02719493617388157 -0.4554258331176923 -0.6894017450117013 -0.8561168768266393 -0.5557011283024395 -0.11500432109899301 0.05272687375701481 -0.1056262310246631 -0.25565379082133205 -0.2705675573150205 
-0.679742449307807 -0.5540015965932084 -0.5556269027128194 -0.17930279721541198 0.04119677511210029 0.34887875685957714 0.41408273481596225 0.35761327666551035 0.16717500978444483 -0.13520647085344584 -0.10377586671387384 -0.21314297157174833 0.3048329542362224 0.22469225673532275 -0.22592240489701618 -0.537525833016245 -0.6143085091166142 -0.4048655278782572 -0.29894133427269376 -0.14377003361621565 -0.08146804032467081 -0.026231781196343628 -0.07143136906982804 -0.06463179547987569 
