0.0 0.0 0.0 0.0 0.0 0.0 0.0 0.0 0.0 0.0 0.0 0.0 0.0 0.0 0.0 0.0 0.0 0.0 0.0 0.0 0.0 0.0 0.0 0.0 
0.0 0.0 0.0 0.0 0.0 0.0 0.0 0.0 0.0 0.0 0.0 0.0 -0.06248825686045597 -0.08619128898312094 -0.07755316286510087 -0.061769610059418 -0.04568215495241257 -0.032160141667300766 -0.01748820187336625 -0.004168288906485333 0.004317905494797232 0.00856795160838735 0.009731728834019274 0.009417442756889735 
0.0 0.0 0.0 0.0 0.0 0.0 0.0 0.0 0.0 0.0 0.0 0.0 0.02723642611358912 0.03547478879439923 0.029842183197881806 0.023433001675610642 0.016242114475197245 0.009550353756769242 0.002488435981263535 -0.0024240342886007646 -0.0038159362317633505 -0.0033777398637843633 -0.0019442796209650688 7.403360253724345E-4 
0.1874647705813679 0.2585738669493628 0.2326594885953026 0.185308830178254 0.1370464648572377 0.09648042500190229 0.05246460562009875 0.012504866719455998 -0.012953716484391697 -0.025703854825162048 -0.029195186502057824 -0.028252328270669202 0.07529638643196741 0.10456761554383388 0.09428798077430867 0.0764297961342925 0.060369920940819055 0.04777631004489441 0.0337272113856941 0.01839132147078998 0.0051619091497442275 -0.005498743604391986 -0.012262059026277245 -0.015840288709750946 
-0.1754416636314513 -0.2357112998578791 -0.20585629389129673 -0.16295342011595892 -0.11724957585421059 -0.07689127377125887 -0.03369761075383998 0.0010196695060742944 0.0179246669374859 0.022985147003934114 0.02043043211392412 0.011905156059217298 0.04980016365478335 0.0720627039395025 0.06927699736435096 0.05519561361468722 0.04036143174773412 0.027255715548535824 0.010504090895431972 -0.004491126084060233 -0.013073961407441817 -0.015567029800384108 -0.014143519617741018 -0.013794977932069463 
-0.1381683274801766 -0.19584719670256212 -0.1799357953772776 -0.14781267834489806 -0.12248497489535187 -0.1048832932490538 -0.08433282878016232 -0.05568379916540708 -0.024448060917975634 0.0050036573112089006 0.026570961021869677 0.04156828809964419 0.03854384017762088 0.058024281358754724 0.05674996511082133 0.04208791240241085 0.02707089461095122 0.018352591813948108 0.009658390507510323 -6.615541511824224E-4 -0.006817235555585434 -0.00619122707495057 -0.004647220594977315 -0.005309222206160526 
0.01341605806642221 0.011022420007454986 -0.001533350106762782 9.739134175143493E-4 0.008681424633092433 0.018914712479870574 0.03688644451383462 0.04756771119461224 0.044969056439117416 0.03134733333296685 0.014547485091259305 0.006474625611051693 -0.06914223145989802 -0.09493669087113969 -0.08516236457927669 -0.06851909369895719 -0.053622020660249146 -0.04090404605707364 -0.024870561506869362 -0.00993940791234838 -4.8558957825967086E-4 0.006218245496106439 0.009701732348499012 0.008168785493996855 
-0.022595610800431487 -0.03886583705956842 -0.03975187862942836 -0.022918573795715186 -0.00713171921926746 -0.006480343565506752 -0.011802593536269522 -0.008784491671265708 -0.0060242045684511525 -0.011311266764826706 -0.01231205120579347 -0.009609396428104822 -0.018795494896714022 -0.033737203476934034 -0.03799547026562909 -0.029334905159245823 -0.02352785599501919 -0.023577323116343946 -0.018848800712115896 -0.007350064010960886 0.00223758963837171 0.005830988030632402 0.00642230766547523 0.009963781687225915 
-0.025801327591629786 -0.0293919070659569 -0.020461158527391277 -0.019843191293678827 -0.014060141711505353 -0.0033806104418114824 0.004648956144821706 0.0073882394960487485 0.010169507497502672 0.0124878725536326 0.010766741182258656 0.012987641841101238 0.008983349727794318 0.006492274089579475 -9.7636297799647E-4 0.004160727351800161 0.010964033967333362 0.01282935592783146 0.017594405100126293 0.02216181554562165 0.021830471962575215 0.01408139314546647 0.0067998585782046775 0.006767697222533568 
-0.062173149961008534 -0.07442842273505407 -0.056485480370076085 -0.04939941051156399 -0.040530623737995417 -0.023003662439180922 -0.01166768245930818 -0.013543871283242678 -0.013761055362283392 -0.0030595763910211795 0.00919440997994431 0.008420434922941672 -0.011310730131456559 -0.01901112824047203 -0.02060061382823822 -0.015882683353545198 -0.010542036283845915 -0.009371717168814736 -0.010175517261474263 -0.010426032979051226 -0.01011005726810287 -0.011448150864786613 -0.010905903698632905 -0.006011889483955392 
0.006254778463327781 0.009326890576459385 0.00976253969755049 0.0017321497200382674 -0.007511225009543675 -0.011311695866786722 -0.015964226325024936 -0.01653804563626423 -0.016653934051692104 -0.015022691290335323 -0.016605321236223616 -0.02284338173207226 0.017759801192214947 0.028410384222945655 0.03221480463127944 0.028167703010223557 0.024098334601425853 0.024782497992419248 0.022623499285615984 0.014978797986782076 0.007838495460019601 0.0043268774857644675 5.909560815883329E-4 -0.003446781225874232 
-0.004691473433540594 -0.001191851159360477 0.006938113742815416 0.013941805758061865 0.021219931281289447 0.02560035065342508 0.02903054948307659 0.034456749832044456 0.037717688010454845 0.03678846775151709 0.03409169109934638 0.0263417838103481 0.03529599492423655 0.037984457861801955 0.024005283719838205 0.007757669427123748 -0.004412056333945969 1.883781520120355E-5 0.006219895896329301 0.0068365416649316295 0.009728733932968983 0.016689276763647325 0.02131982289688304 0.015579901620282726 
-0.1078215694320086 -0.15124134552264065 -0.14881736947767532 -0.13601690845916242 -0.11723042302542536 -0.10203011096537223 -0.08357065768321864 -0.06154846502194105 -0.03908535056892525 -0.020416781974929937 -0.003454767622207377 0.01436731107502072 3.5443178369443356 1.1583497406040162 -0.43577575454335843 -0.27248384547047877 -0.09288766212788328 -0.14490350891806833 0.10649307952132002 -0.03038946165071259 -0.0019463808629362755 -0.009811437668432456 -0.1381183667628944 -0.14500584614102652 
-0.11102296078605 -0.10809767827090988 -0.0492113769419778 -0.003797889703334889 0.02756514427178333 0.022299031664508223 0.0034758455308007696 -0.011548286585199158 -0.031731548902573764 -0.050430361339665844 -0.06134033551771292 -0.056924616341452995 -1.4927531032659598 -0.7197935790628112 0.0632376922876969 -0.057743119239643675 -0.11809450826573033 0.0347639637556097 5.961564625016139E-4 -0.02411092522951508 -0.0659749978959191 -0.2617877875231426 0.06746117806423907 0.11377010261541447 
-10.573532988693422 -3.4122694176798145 1.3451645486700223 0.828053533862173 0.2679791548788592 0.42504949038187667 -0.3226661129128471 0.09763285752449535 0.023909826993631027 0.058021036260553514 0.44546579236098927 0.4538073567669078 -4.065472008569291 -1.184876199694264 0.3021128502094978 0.25078333538588016 0.02375181575872748 0.13451470928185214 -0.19612861655174516 0.0740375500280555 -0.06449899232654337 0.14762172548059516 0.26801203160660897 0.14596071786505013 
9.706423545995046 3.7887029221076602 -0.9297659221941241 -0.2948640576836748 0.1828986671263382 -0.3422313412870285 0.14678980771038597 0.027198864247371488 0.204145092916934 0.7829329212032031 -0.39275212308496915 -0.5346885468818389 -4.332807360000218 -1.1815035650180234 0.5726587532065308 0.31008414863091266 0.06755247456065204 0.21368245320267235 -0.3282973458751379 -0.013350839194497218 0.05287985753051035 0.2860039875150363 0.10551965318800845 0.11016857960286565 
7.179871202885314 1.4549869533708666 -0.6148786474800956 -0.742833830626633 -0.2661526317288852 -0.3233090523351603 0.4331582108822243 -0.30303469052239285 0.03647330550095096 -0.8799635996881499 -0.6417849686584063 -0.1846328772499367 -3.142180283786132 -1.3926561968213402 1.1203831012391259 0.31018254505145354 0.3459008991728874 -0.21731493603679666 -0.3133270540425127 0.0017986470902313367 0.03662321815214184 0.1950922578299824 -0.017753418554181295 0.14385748085256989 
4.010697023425234 1.00278483125782 -0.7871660384865112 -0.1486066533516699 0.0919736138936994 -0.2445690565849904 0.610455721258679 0.2288380050217366 -0.19665286074776478 -0.43945000591042305 0.16572608542795952 -0.06821023814162774 4.275114240998308 1.0871597041214993 -0.7990159261472899 -0.10242402272105265 0.06931665144541284 -0.31671006820816744 0.22833118602940594 -0.057545336043596775 0.17144400848494876 0.1549094272221626 -0.36539810336940887 -0.25394966888869835 
1.700871123949879 2.1586582182091263 -2.087284696901162 -0.17562280345819004 -0.7242610160234837 1.0281631561412476 0.38548209244054454 -0.008582654133381218 0.1144391493695549 0.08393572632741941 0.21948694376706887 -0.2110042401609074 3.362766004376981 0.779410608003403 -1.485327976529392 -0.5230914324670112 -0.11825922647951724 0.022520532502706414 0.46325869397473834 -0.08355579279841287 0.03872006521959109 -0.345363417985985 -0.2448025241417833 -0.20367564275285063 
-0.3794191375321603 0.17538817732403267 2.203484880958279 -0.27119750310473834 0.20400290493739892 -0.06783724090073015 -0.5143656911569919 0.05260885418365602 -0.34916985447221416 -0.16374502347106934 0.27280623081051975 0.24034614123974152 1.8387885768707495 0.6953506573356281 -1.2120996131762285 -0.3454590808981424 -0.012877919042588485 0.1248254863973856 0.44220181175424217 0.01851091977372431 0.08416885267083034 -0.15112656854151155 0.02159177992871404 -0.17609816210678672 
-0.7133687297669322 -0.46954654367244864 2.345779822385685 0.8877358916509349 0.032610402187816745 -0.4792365576854097 -0.3942071648341554 0.035747263291886044 -0.0034283932955976315 0.01827416305012841 0.03908253107566351 0.27211586131793053 0.49939848574663753 0.6253964229776884 -0.8068388397488876 0.03159315998883958 -0.07622629405696608 0.4584353940897619 0.0501937378234563 -0.1751661037819938 0.1702534768222045 0.1578779417967691 0.014368755308057738 -0.14566367711337483 
-0.2985487803286091 0.2308352401917233 0.6326005413987508 0.356091241788195 -0.24782833808418536 0.13465434113618147 -0.32630508536669767 0.15114028698793003 -0.3902256474276795 0.04676048135275712 0.19115295198752008 0.21852419743931345 -0.5403081960638758 -0.4401037375062602 0.8877874988614286 0.2870234236778732 0.1853012624762315 0.06354522353623883 -0.144419012189593 0.053469900726165365 0.16950484581184241 0.03683121003167189 0.16124367090532757 0.1201463012116319 
0.16224048810819092 0.2547454178422157 1.1186739921252649 -0.5840466558711754 -0.2696665123417933 -0.448388817146494 0.1408705760750285 0.4676499408104632 -0.375793384619326 -0.4949508514748011 0.21720731725439552 0.2368977630794311 0.8149589462121353 -0.5800552748697007 0.6750335382679097 -0.09551081856888173 -0.394037277826153 -0.17098016358482523 -0.17923426629861047 0.11329009648070028 -0.14434982678399558 -0.12241190269070786 0.16891265267930267 0.19132109786633142 
0.8037008417219056 1.133553409085481 0.15367529950420344 -0.39637650037730277 -0.20076242522649057 -0.2738967817789044 -0.34864752504280494 -0.32375218675412865 -0.6715018962458772 -0.01762614630362025 -0.29998717499482896 -0.1024837132759045 2.9874125446552533 0.5025797903475561 0.4931971971492228 -0.558839491159767 -0.6456634129721975 -0.2700265849955223 -0.06074760986315072 0.1574812917040436 -0.5454083445522094 -0.1505565198057913 0.2785931658085863 0.18247410105095999 
-3.7093703794285955 0.8192601964897746 0.5601418285292299 1.550502218440329 1.1911892792374286 0.23797949452660894 0.15466685389972956 -0.06667678927918547 0.570259211465488 0.4177031849504407 -0.22208536347106997 -0.14134347692345467 -0.3546089920650017 2.496099621442682 0.7649387678535736 0.0724389735144555 0.7470637778142244 -0.49356863231692866 -0.4116344357872652 0.08270793147219596 -0.18772902465094585 -0.305055180609511 -0.31080430718945723 0.02297243424690219 
-7.324980980525974 -1.5591615201747242 -0.5677249682509 0.965335278111744 0.9587340050427963 0.6015499402861969 -0.15096039468959604 -0.05414022307937644 0.7729730881865419 0.04210302255751014 -0.42498020507550605 -0.1397774857121236 -1.8634424045971907 0.23955308250149754 0.49999541340285586 0.43078678591964586 0.3885247880400942 0.045000578043737215 -0.012893491093966166 -0.20476847319226343 -0.2979687330704217 -0.15779614229664604 -0.25862520605795625 -0.14410619362625926 
5.290408375427136 -5.887195981855728 -0.8154421775579044 -1.4822194656590653 -3.09060606091911 0.5945937187717414 1.2769303182602196 0.08472016455649921 -0.534843802882698 0.39035010592316666 1.2121167538631057 0.18662734655683408 -3.806080883903393 -1.4883599817315931 0.3026233798354398 1.2711141211396917 0.0811858478075372 0.5449565787633162 0.39375218218770053 0.1718114228052603 0.23211872315503004 0.24795318767993665 0.09991538081071316 -0.10713468264316772 
1.8941386780856124 3.7681222507537395 -0.6585189376607969 -0.1723760160865433 0.774560880731496 -0.5872056280326823 -0.8710987839411515 0.2148547559048193 0.7749558101394809 0.46943882009995486 -0.2412126154880481 0.16584945586272892 -1.2302699920900715 -1.6196883238737902 -0.05082749812869447 0.11185219717581085 -0.6383281171680197 0.2818309260172055 0.25223499491184337 0.02983770677421573 -0.0922202760729411 0.1623457610929471 0.18294373578595913 0.15324980372713182 
3.0993124429757906 2.6206982562203223 -0.302331326272141 -1.6939844978796021 1.039718297970467 -0.8025124576039 -0.6665204980375944 -0.7166085471870642 -0.12708831897607178 -0.5398242768605916 -0.6137153006969385 0.027247100218622256 4.08406719405582 -1.4879984571773965 -0.49055998268679896 -0.6678805504694058 -1.0564528135516127 -0.16008484910179596 0.3013108989195169 0.11586207114321073 -0.11245263190422883 0.30638980433496993 0.14065179284459364 0.17880592507941553 
-2.5386230380300874 -0.9540436675913782 -0.6717978995076983 0.7356612026945799 0.8085561771020668 0.4546102504224011 0.06406002872378086 0.2570110124697581 0.8457561744520521 0.02015293067054802 -0.06089538515336139 -0.5198367737244132 0.9796072109795649 1.4432948597799913 -0.2690423500291288 -0.313200893402918 0.33614005190920376 -0.11241102489370021 -0.5988892516057067 0.10921307305565353 0.40527075393902007 -0.02418502187793692 -0.21882828612512498 0.1074808752062885 
-4.745412348682476 0.9378823488490209 0.6628772514259431 0.06740357635859007 0.06175473155044303 0.5539403268495875 -0.09458178483079727 -0.2839441771556024 -0.23288608932629706 -0.3041763623670396 0.7000027601619814 -0.006947313887841533 -0.8130864814401182 0.9775735770728436 -0.28915374672482647 -0.38914555664747574 0.6872388635200104 0.2114845487201015 -0.5661965023949661 -0.17357059250647425 0.43708678543715745 -0.44756608372750084 -0.07885423336102715 0.0297959137763185 
2.877679440976051 0.27964562509941615 -0.3339961764224526 -0.11346737299688536 0.2551225082138968 -0.9281989455783254 0.6395996142725702 -0.32911664827787224 -0.3879575665024667 0.42416992848698964 -0.24158678754213309 -0.1394959627029047 -2.7115389731218826 0.25403318332159824 -0.26807661998416643 0.21894198272486343 0.6045877707115687 0.33343966859945473 -0.21004146097268506 0.24162681627503177 0.32536129602780184 -0.24049726362769805 0.36251014170337026 -0.24013568468432714 
2.8304206477930762 -0.9288671213436057 0.3962290523597156 -0.10198354009144239 -0.745281458145479 -0.7455615057638413 0.744299216372909 0.09716706070617365 -0.8214918048102848 0.6008654754136902 -0.28680689941947113 -0.25231104662108744 -1.4728906297431201 0.5490353477605492 -0.29984601870279465 0.12269154212867954 0.2917177840099199 -0.16515316434917313 0.25148168035107993 -0.11301260781326916 -0.24757398354854535 0.08850899381302135 0.2954947440739807 -0.14361984062065145 
1.8080773830977854 -0.7827684824598595 0.26575605997791474 0.16352881274500586 -0.6016890401846782 0.10404216093075114 0.27474391103998286 -0.6584250552862252 0.1639751441106405 0.2891238026632772 -0.6550209804727459 0.3232521466951912 1.45129613645182 -0.013738012652684114 -0.6287493840515004 0.034549694579179814 0.24094636737772948 -0.723909930575931 0.5132839744431167 -0.13111080719896806 -0.3021381806763343 0.41320390661890966 -0.2109828432381192 -0.16262698784882287 
0.20806056948601714 -0.17801664065298883 1.2625391893341433 -0.43916914289839415 -0.38499284628002917 0.5332792666425686 -0.6665989742677434 0.21974784978838158 0.23386950601278544 -0.5021802808942474 0.020235624405345765 0.19253815327506485 1.2010113528963153 -0.2421521791089023 -0.1947510344517034 -0.20590904438934418 -0.20767796282427256 -0.4183228955358778 0.4263285853050813 -0.14395135348348598 -0.21713019995620622 0.5198368883797851 -0.3400735703526963 -0.1985440132160612 
-0.16502892922587975 -0.05456557728783995 1.1190969072448347 -0.048523655330948934 -0.6478608998520166 0.6041104599462626 -0.19480321373645343 0.0029253787779279783 -0.009223679884998837 -0.26391891321577055 0.23784048025981608 0.12596040089548777 0.8547571869307907 -0.25786043184766116 -0.08984900228306714 0.031073885323727495 -0.13619834631193503 -0.0725500017223638 0.003388955884645236 -0.14143772359386644 0.08039423824698111 0.14192511557953547 -0.28479271970322667 0.0968483153811741 
0.2139397452659626 -0.5665120366029086 0.5538117320813658 0.6217698271145675 -0.09916163983899207 0.2593730313360365 -0.2999129771541167 0.198345904124555 -0.08350179294384641 -0.6821238317861416 0.28698308127233685 0.4419668659269478 0.0185009584507491 -0.13455938455350314 0.5340967129540496 0.04929527532696746 -0.07922808583441683 0.15190510984111047 -0.20617838723515414 0.06682398692028378 -0.1244869436894291 -0.2352184702114454 0.16575895747646982 0.03745630414354173 
-0.7591337655845596 0.18506051105808385 0.8896667954535049 -0.46016232823265746 -0.33600960446939165 0.4586452837511086 0.0812340448292338 -0.22341091167271254 0.08147807884801311 -0.04667976862938211 0.06598345020343843 -0.09200715577427254 -0.6600139752552817 -0.048813003984367796 0.9567119137296931 0.1926289966512186 -0.17467681152860992 0.31910602252477854 -0.1774556213738455 -0.08550018099557766 -0.12137318642316952 -0.3991381939629683 0.34025954414395226 0.08094776725218966 
0.44961011231310977 0.10584846883455867 -0.22503589363234067 -0.3812356324284423 -0.3032342364680911 0.15029652521681425 -0.18608244184512457 0.1324440342528505 0.5619794577145667 0.09485555744689467 -0.3911127329958749 0.18915301917931981 -0.48508451692057175 -0.20789312300984011 0.8853993226919007 0.15052920683378926 -0.07563573897068387 0.2487299883440215 -0.2724547924318271 -0.1788255271065726 0.07748801836831638 -0.42226562665903544 0.10027370462764824 0.21225715999059622 
1.697177813016392 -0.2443068180534702 -1.3616150210873914 -0.12490791551309988 -0.021794166951637273 -0.298669354568462 0.280648382730587 0.29237685670051317 0.03215525405530317 0.5450059740566162 -0.44389024503793484 0.009524022512732766 -0.44111435498823326 0.008926335245541614 0.8702087953170947 -0.34765801502982874 -0.13306566111672913 0.17606245181411095 -0.1853618492830629 -0.0922821568867066 0.22335465771008356 -0.12705219789897257 -0.20237645717689837 0.19510104458903846 
0.4410375067272021 0.2718509969823888 -0.976745327723888 0.002555000253420925 -0.029362141685817633 -0.10815961453624268 0.41774423119068804 0.4769286012576599 -0.2913044356524406 0.28883017684796564 0.2410988150100787 -0.24557020318834347 0.33698291208309844 -0.1530821793065472 0.22236271361235174 -0.15347906273911982 -0.20322327024022546 -0.034782743061856025 -0.10690007454680495 0.057166797689139064 0.2845815317454276 0.08125672820466133 -0.33656981004771697 0.15063963158634677 
0.568495602173094 0.07528024124754396 -1.3451048734520057 0.39091640051589716 -0.07374866851034101 0.05968599818530418 0.3354062561605162 -0.11880672451499746 -0.16194394759873387 0.23748951536700014 0.3570070477311568 -0.4599486783575563 0.3646780082689496 -0.01890932448385089 -0.3344840942707657 -0.09279376641748645 -0.11080663233303123 -0.06233197229711579 0.16029943321639673 0.13643199983039397 0.11191847518298863 0.22428018706173294 -0.20452566216079168 -0.05121214875078839 
0.0030024814854634485 0.40530147710369313 -0.9003791082870889 -0.17871060222558133 0.33241282503193714 0.07546707802549923 0.10723884508032566 0.16653543179318864 -0.19471553669469754 0.004843602177718731 0.21814805076273014 -0.028029525144575906 0.001460831291358507 -0.06006856011769942 -0.6238901635046946 0.14636769102736888 0.12811931893267334 -5.012871792313504E-4 0.36600072583120147 0.010494901034283818 -0.07754019441861582 0.24102655563313058 0.20148712645897668 -0.1553462517621547 
0.8221613008304125 -0.2543040846625697 -0.3963458479934938 0.2441061849788606 0.12973824668857903 -0.20348678395798558 -0.044997223863421976 0.0382774419415669 -0.3518946209725342 0.014158700206540864 0.18116212356811445 0.054390129743214166 0.02050629884414275 -0.21753440745612482 -0.6433519946280758 -0.14479200246749582 0.015379480174384508 0.12133537325967737 0.10185804776024732 -0.01421972382999596 0.08587341880365618 -0.013200651383913112 0.2870267733282211 -0.18232258024663603 
0.30982216352446734 0.6168488402905439 0.42054565006094013 -0.3631429650601674 -0.5154635560832976 0.024930638073096256 -0.49005620629094726 0.3669018149265263 0.03629148429030704 -0.3225840824711964 -0.2754401022853301 -0.036700851952264635 1.2398638221181804 -0.21585681613634713 -0.5536886817825648 -0.32512247692683655 -0.319778479493023 -0.2564882908861122 -0.24696927292710777 -0.0687327841099943 -0.21761045194004858 -0.13753433547528052 -0.056633757511301175 -0.17722318023695074 
0.3535668646211638 0.622109782022493 -0.07551126874179293 0.9175085893356777 0.30405108152412286 -0.27905190161752647 0.32847963856541074 -0.1763307445916784 -0.5350677145022047 0.44080531184319705 -0.2572791957294762 0.09135472578619608 2.204805234843451 0.10402477139645623 -0.4432870610154838 -0.13548003754503388 -0.333363369448253 0.007927700117870695 -0.20919169272729918 -0.3203464310364187 -0.7203030309558068 -0.11094341913336163 -0.08630059600950339 -0.041481073076533086 
-3.4822917667644533 0.6146649921702032 0.6002696474347551 0.45995562637651977 1.2045918460932343 0.8827145095136062 0.6614082326472326 0.4800378773897942 0.5497023658902834 0.20412330278523216 0.607269982945429 0.4851577175447854 1.2297354146013026 0.7057455802861784 0.25528877103760816 0.24659423879544992 -0.10396581947268013 0.10236751627404746 0.22177913095787397 0.5078791358582952 -0.022016965582678922 -0.04445225812638164 -0.27485383758593934 -0.010497173101603216 
-3.8961974385554794 -0.5652864747917681 0.8436533363660501 0.23899700189561868 0.26980065394507213 -0.6561618200318526 0.006845634849385607 0.9427487038191888 1.5523090310948984 0.08363526497841145 -0.001291131018754943 -0.08209593577571161 0.2504731164479033 0.7585460680150174 0.34212214309056216 0.6860356755698542 0.44672451726002044 0.18743662533143587 0.46365340219656265 0.36014769855336976 0.2624097136156697 0.5231263054133559 0.19266324558677983 0.16805768421071035 
-1.254501928691119 -0.9066897721608607 -0.8049029656058059 -0.7636698877264876 -0.18644088387573188 -0.09361695154188304 -0.9945765973065567 -1.716275316853793 -0.9413459917602077 -0.01064228465965869 0.42112737811712725 0.08151599813349886 -1.0060307410769356 0.7074325139556229 0.5381671096049406 0.2604739487204281 0.4425319285809355 0.25451802999357703 0.2644671004042327 0.3093638921338877 0.4629371847100637 0.20882606468545437 0.27269658136173497 0.14854022333769706 
-1.5117474037592133 -0.8928510398570273 -0.3992913914931989 -0.5287856803223814 -0.3406061052714553 -0.35319604708408947 -0.23448815304738269 -0.15861724312999403 -0.5767726765239684 -1.0211908106744254 -0.7421976300756647 -0.21099746714029177 -0.9487857791401185 0.12793582135402568 0.3191784819370988 -0.03734756235276552 0.11030786152014933 -0.12529402504579815 -0.1373759731192045 -0.042549805551091856 0.17339945442676327 -0.050870323459970966 0.040623905615756385 0.05004480554419319 
-1.6564245609317796 -1.343850267164036 -0.3927593174504421 0.0624251213242355 0.1821994399586917 -0.0323224669410066 -0.011326174617081408 0.10262917446272246 0.22543166556952582 0.13005814655528747 0.159633488388679 0.10398781321398431 -0.33595054558549053 -0.24455206223250725 -0.21587201670759315 -0.32774684744250543 -0.08747637590539052 -0.043887634990528966 -0.4194646531504598 -0.7456110639780921 -0.6052566243687584 -0.22592430059858126 0.05817435616048164 0.11708373163595458 
-0.8488787850147936 -0.7305136913522574 -0.319953933522928 -0.0620078155714463 -0.24544309253258767 -0.3109269871948964 -0.07265165713773852 0.16094587481420664 0.44872183914974173 0.16589601975085128 0.007584096998200021 -0.2434662599485339 -0.4328791027647851 -0.3584342341694904 -0.1539056404553846 -0.37788220883382245 -0.2663778458065474 -0.18126613236032854 -0.06746005994287003 0.04951985167027153 -0.16205483433836948 -0.28939865314902635 -0.2566998594683781 -0.05390139910578423 
-0.5780846013068572 -0.25420225971572386 -0.19695564446816194 -0.013818277774438892 0.02840673747100586 0.016911423485107324 0.1828991141900006 0.3607763161083831 0.3616766235092125 0.07358720192344678 -0.12828655390125004 -0.2535008003702438 0.20568030453974936 -0.14633106760108872 -0.1685165809431488 -0.4432345463031795 -0.4087371619138355 0.15744671786266473 0.19556620607973488 0.34483625283157027 0.19547111527383199 0.09194612853433247 0.1651874865013514 0.0326074291709861 
-0.7522800752773193 -0.3623723410727122 -0.03547630661818518 0.6429826457284231 0.5354237833920298 0.16598540478383925 -0.12922061762231357 -0.43625036896363895 -0.15873065247870324 -0.12475937891142602 0.17186196947443405 0.12945103696917498 -1.424120983396693 -0.28306641663831694 -0.37754274660906173 0.45492309719141105 0.26125565202915974 -0.4998335561711764 -0.11525397360641237 -0.30023707083857565 0.249413656118592 -0.010877643393747083 -0.1195995640326935 -0.2114897540176196 
-2.321764829419765 -1.0889277395005426 -0.029448388073367138 1.0396335295838393 1.0179774877378895 -0.7431188165183686 -0.5697403126139985 -0.6332814621430657 -0.05725543443774761 -4.5253971657127634E-4 -0.41806790735349214 -0.18029312275782844 -0.8967788062103752 -0.4396171841160125 -0.057764684837662 0.41504976767567164 0.31075021713586765 -0.25549954938293845 -0.24014749030138774 -0.24522015047484824 0.04944492563195374 0.01601021976110033 -0.0869655678919981 -0.11508495920434712 
4.295324279231739 0.5360482984551027 0.7289206781068598 -1.9535030108248186 -1.5239954237535085 1.5685888013203706 0.6494299770834981 1.558685976455658 -0.0900531002325542 0.23554882075210154 0.5112734658224015 0.35439916329811716 -0.11355557374437941 -0.2209465486348543 0.07812740884949942 0.09812643053761194 0.12565706715194835 0.012918297878704438 -0.045865028208544247 -0.01813929347262566 0.0032584452288985377 0.03871417285049592 0.009726071060084912 0.02638452400893371 
