0.0 0.0 0.0 0.0 0.0 0.0 0.0 0.0 0.0 0.0 0.0 0.0 0.0 0.0 0.0 0.0 0.0 0.0 0.0 0.0 0.0 0.0 0.0 0.0 
0.0 0.0 0.0 0.0 0.0 0.0 0.0 0.0 0.0 0.0 0.0 0.0 -0.020300455632081455 -0.02841665404186659 -0.027213192620002158 -0.02567680283305766 -0.02444618489340239 -0.023783492430246207 -0.022505719915032196 -0.01936237788376367 -0.016820794404666457 -0.015688607586790127 -0.014018439289767287 -0.01041088887477252 
0.0 0.0 0.0 0.0 0.0 0.0 0.0 0.0 0.0 0.0 0.0 0.0 0.026238893227746196 0.038090998726657666 0.038034330561084566 0.03365632355695088 0.026970822473476163 0.022572057010242935 0.02084544303730369 0.019344227010530027 0.018962885695926256 0.018831482312718015 0.016542228092715897 0.011097837659707852 
0.06090136689624437 0.08524996212559977 0.08163957786000647 0.07703040849917298 0.07333855468020717 0.07135047729073862 0.06751715974509659 0.058087133651291006 0.05046238321399937 0.047065822760370385 0.04205531786930186 0.031232666624317562 0.01593340114072846 0.019872331359492974 0.016025079148782807 0.015228010546132922 0.014981035887963465 0.0151400031411874 0.013593665302226193 0.007257186456231486 0.0023314984039174056 0.001803627397636708 0.002009742953405979 0.0020883458301616856 
-0.10916736313136077 -0.15689797724277288 -0.15492278061325693 -0.13948417492043913 -0.11758174476053207 -0.10339140967609811 -0.09629490898445936 -0.08707624785723558 -0.08211984869477845 -0.08002735831833924 -0.07065434321279862 -0.04890984629128234 0.03119650411776635 0.03273575695334543 0.013625732303474233 -0.008863764989611805 -0.015876145141682108 -0.009375606387993682 -0.009272946502945559 -0.00795405317382955 -0.008576929574487005 -0.004000264952656707 0.0038654671387104342 0.008954707756149136 
0.006783478143495003 0.018831994542907515 0.02938615286028004 0.0240580558218208 0.013847764716375638 0.006275695414486859 0.0073664585855511 0.021766564559923332 0.03406542913563701 0.034602796966259494 0.029297942746181374 0.018189885655156113 -0.009506103706586444 -0.002468239091597509 0.016904867005008373 0.04152640912595216 0.05871939649800171 0.06176441179345673 0.054254676782798404 0.041162060014966965 0.032669079894676 0.02584463265976109 0.024863414801215875 0.01795902867303088 
-0.06653056797692436 -0.06499828706869015 -0.014750484410559483 0.0530774713075115 0.0773738304069621 0.06066421010210693 0.057894190088609424 0.04202244406717249 0.0339292657626422 0.018232307755025566 -0.005217713854571059 -0.020342732783866682 -0.12823085294020853 -0.16226696957214837 -0.13149630079115177 -0.08996775764130722 -0.05738987155439849 -0.04627735784398627 -0.026195595152408987 -0.009578972063019968 -0.0019118928545093876 -0.010227655931938277 -0.028164707817149425 -0.03224723988229153 
0.0681012804387855 0.04670483431335093 -0.039161171256367366 -0.14382964199265882 -0.20029742239754506 -0.19597056797873408 -0.172341420139833 -0.12994839235581393 -0.10556941369873896 -0.07959790825559529 -0.06525324121345955 -0.0369279761484829 0.30622665875069927 0.2690342858817073 0.06853999971990152 -0.09784117662603255 -0.15821188827055777 -0.13723019716544022 -0.1082095229018765 -0.040304146971768554 0.028218127335602704 0.03977394778901433 0.026730011360043732 -0.007407363752209455 
0.24486629454161957 0.3159665115884505 0.27383978381852203 0.21436294691072239 0.16166046345962373 0.13656379555247117 0.07214581583545965 0.017518146789692948 -0.006566748714062303 0.007755962088402983 0.061115372218470104 0.07539080425741175 1.609878994695424 0.37189727243981663 0.08495941815665493 -0.4209409033081308 -0.2983959346645518 0.0872188739462163 -0.02610263274409241 -0.22584688280145573 -0.2407545919021706 -0.02858201429323151 0.09779384016815673 -0.13190308644684715 
-1.0675949293678748 -0.9787532624307848 -0.32052898041396527 0.23693884789831302 0.4463401130017181 0.3800164941856254 0.3248692144177555 0.15493115411396877 -0.030340945632818854 -0.0794808735674722 -0.08405863437047041 -0.00745479160885474 -2.2396929223114017 -0.8006216267538678 -0.4043896304864436 0.6872980350494856 0.9915779211464839 0.125894581163722 0.1777461009939155 0.36788320232423405 0.26070454007572547 -0.11183857550827614 -0.24571358995708317 0.2798059903707116 
-4.328319447159866 -0.6679610560160723 -0.12894483430172532 1.1255159362864178 0.6492428667009857 -0.48898594281872176 -0.11240322895790761 0.5771233192366483 0.718578807436194 0.10391983329065856 -0.2891965377805358 0.3606299342868607 -1.6622362018972119 -0.5389859279205124 -0.033977112448035106 0.4018403586378852 0.2470673408448033 0.34678982281061804 0.34452720558005917 0.2552520828218811 0.1557732555257218 0.034617095687429635 -0.02747812732289645 0.022522657759366654 
9.073772918223733 2.9405334983772153 1.3754000292630872 -2.661300241828963 -3.4188223874576775 -0.2608794422843036 -0.6133052007248959 -1.513400585551994 -1.2502558120010434 0.2078358826681054 0.8470434836572929 -1.018965512275342 -0.9203176623382555 -0.2882893648590353 0.32718263200492265 0.17212670250705156 -0.49087873622299855 -0.22796506917851653 0.023141900194158998 0.06235062924555071 -0.01475523170103382 0.03356720110702237 -0.018056429639935076 -0.07561852335362457 
0.16089097643745065 -0.02671908505401266 -0.4721933836758989 0.4579614158607046 1.3530396911549116 -0.5833577046444185 -0.49234859333339204 0.08592776815703118 0.13607091789288456 -0.2397537030916747 -0.3220013048267222 0.5135781913125554 0.5456136002194203 0.17224600222000674 0.5058033108087875 0.1936544292048096 -0.12529007022546645 -0.4104228729299361 -0.30828530252269354 -0.2582185295087395 -0.1051458221980917 0.0460053215054722 0.10618303391883555 -0.0803101709654796 
-0.551247154151767 -0.43450615333470877 -1.1304526017416463 0.054336000590014866 1.567077909443751 1.1110975826340235 0.44541619602302074 0.2134770419171252 0.30517869424193733 -0.008345708697372667 -0.01348696192757197 0.1429266499391716 5.760143637984291 2.714248609353158 0.85307159057382 -0.9861386135930635 -0.8563256934059051 -0.23124578318081143 -0.5622805824316025 -0.5881545316250364 -0.4396736781623885 0.117015156968561 0.3471649456865968 -0.26570441464537503 
-1.1526502116303767 0.5028207631798696 -0.3934284512257209 -0.8132654725374999 -1.467837071073329 0.05629416351192304 0.28309198023621474 0.48834009402830714 0.2562990209089787 0.073994664456981 -0.17748041674461001 0.020614366076042653 0.27203883774937837 -0.5765634741637877 -1.0515414932007268 0.13429730206848944 0.4001498594373598 0.22367229740731495 -0.26678025794035104 0.06514687921044575 0.0866879127995398 -0.033855628648771396 -0.23325579075382877 0.1354976369115654 
-7.549887401695226 -5.4669822537992 -1.2231972086834615 0.93272904314933 0.5605930738741584 0.11303197317995989 0.6858162597851083 0.04985684638747723 0.008651170978075051 -0.30008377201190545 -0.26671179744355344 0.024629644279039437 -3.031396288668821 -1.5068697655260823 -1.0239325189622124 0.05461981956599774 0.2547680715723094 0.489601434978123 0.26372025127207693 0.06479049397020582 0.15442780552714425 -0.007556757748428659 -0.10898113969599706 0.024088545286378337 
2.8440945869610452 4.219209387669596 2.728803399397189 -0.3841270116244213 0.6558325306276285 -0.7553417921393315 0.1877921486066173 -0.0277027717094821 0.02427094112619632 0.007682214511905872 0.504378485192755 0.16623378340792527 -4.074515069197168 -1.7007991761181926 -0.2655109207085249 0.044980374264813903 -0.10596807052357889 -0.05676064880329159 0.23384248516515274 0.22275031292524358 0.16417960959027536 -0.1642719608798295 -0.08533722734594101 0.14905023467415743 
6.544569312558984 2.2279088309986737 0.3802290298335358 -0.3240926885645177 -0.25906110612365596 0.04811125552528184 -0.2980946419784114 0.2771269928754023 -0.04209068244810421 0.04748078952045087 -0.02747299380826329 -0.00214869458590472 -3.679536828058909 -1.520488098784502 0.45291148608099324 0.2980894061390294 0.40405455552557096 -0.2177142104239503 0.44961243871375095 -0.10486400887070307 0.2185392787913829 -0.12252089565441027 0.029536995820221585 0.13214535079543244 
4.0236666388340225 1.7577727491355102 -0.3986088083586449 -0.3197957294750178 -0.7401057695036852 0.25903646874913683 0.07351997562251637 -0.2935459179913862 -0.2108688811487578 0.3930282663302913 -0.04108813652443205 -0.4131471685139575 0.843286730356569 1.7739519172811218 1.3267838409547665 -0.18384017940091835 0.08033234580635772 -0.37962049319308044 0.27200541800615513 -0.13670739532845946 0.14146181100434538 0.08800440607588282 0.10555261127012772 0.07424275131766817 
2.8989370565450123 0.3252003618213486 -1.018225563048524 0.006295183657540004 0.04639855736310228 0.25898547400757654 -0.6058849698640941 0.4973704461405385 -0.5293967542585967 -0.12519411095786737 -0.08258947404562467 -0.08211593214631652 2.5255932874329687 0.7228039386911558 0.318404629474286 -0.10704306513563895 -0.3480239172343295 0.11668370052534875 -0.18759010550390523 0.05538436237124522 0.01936260067742357 0.18996922112352832 -0.10665745660398307 -0.030342935158644963 
2.137050523898324 -0.15129212958510685 -0.5523208270260807 0.0021995904673048905 0.2621056614651762 0.2780825781987625 -0.47432894146900667 0.2722976876433283 -0.15646145598159356 -0.16999355347658346 0.21527889150105248 -0.016510851764873324 1.9803125649171018 0.3274746001949647 -0.35012851499496717 -0.14365164143458534 -0.02295933821925722 0.10864438473987643 -0.3398977686788763 0.14851561575865246 -0.002764838477868903 0.01604366058500169 0.054834294038679045 -0.07226014390400563 
-0.08890249227207292 1.0140294542855148 -0.4981288492556044 -0.16396115312876214 0.2839049300949017 -0.3114629007755772 0.5386001330790658 -0.17194789705569058 -0.12738219706395704 -0.24091596394669673 0.1643158619909437 -0.10943804748451191 1.0542323649584073 0.16386951743642086 -0.5974783637751223 -0.05253140592335459 0.2712569615304182 0.17251594507127185 -0.4775681097615667 0.2153460702216811 -0.14879772451946707 -0.20878900286043953 0.17696720527299292 -0.14914197648895397 
-0.42335128150874013 0.43093440231853286 0.39172837972979674 0.19628736322188933 -0.7899809412118133 0.21832750192108438 0.5209707301875655 -0.40443359366922904 -0.4035816443124709 0.40275821106970094 -0.3290436866587534 -0.1827056791328429 0.581248775119399 0.2620551952804669 -0.42380491487714805 -0.08901673055060437 0.29676386864144894 0.1699374800846484 -0.09834264638555094 -0.0028308413928209895 -0.07927327558166475 -0.08535075675040753 0.026111013385919007 -0.09840625832304996 
1.0164408643733225 -0.45752145643973385 0.30218492489890425 0.06684551505031155 -0.24132902588965743 -0.22868482306739996 0.32916952359232 0.1896978761317739 0.04055651346524325 0.21479701535030893 -0.34132980078470054 0.4484074110045302 -0.19019324922845846 0.6439284525240311 -0.3094498678494581 -0.12545047468974135 0.20163552269303966 -0.07321488145631244 0.3919373151407455 -0.09717483351763019 -0.2200005319925081 -0.07300311697857693 -0.031241915462433795 -0.021715876465406653 
-0.1593674797825706 -0.20168226006388323 0.3189370305281092 0.15384644802958114 -0.3655689664668911 -0.2731189009092714 -0.07458569756898092 0.09996732522805901 -0.0026109845011994537 -0.14179777287386375 0.3897686827311176 -2.1480604024448624E-4 0.010695126500110064 0.2882781678196187 -0.12562229610336376 0.019730904089473606 -0.16261654544937998 -0.04348877531506006 0.44473928375101196 -0.08290417719254045 -0.25727956549156905 0.01787118395251443 0.05968150825694537 0.019929854187560787 
0.34968535455021765 -0.6014475720953705 0.46661642889361366 0.23361072853661602 -0.5332076253566784 0.15390494500853802 -0.33943359846489746 -0.13262385595144402 0.3321340690079315 0.2503713789608164 -0.10136457631669038 -0.13553585463459117 0.34846040342416096 0.05187380413455145 -0.3946575470679255 0.17028507261776019 -0.10410574850533665 -0.15091886500019117 0.08791475737596799 0.17974595032125176 0.03103306445585448 0.0424237780341901 -0.07941761017344552 0.22298309724239143 
-0.1220589060975179 -0.36193704331250487 0.6863795160425332 0.05371204421031628 -0.15619200513016285 0.15749894382829555 -0.4789455600368618 0.005439803950001265 0.22246827439089212 0.3313574774069039 -0.6280708236635946 0.0494763911240354 0.12642102935291147 -0.18252186089720843 -0.004103587968999012 0.23374372288168602 -0.18139831795616423 -0.1348701827274727 6.975870082747693E-4 0.14079345689348147 0.05873201806476802 0.04532794890463774 0.005626396897862836 0.04993466788691706 
-0.04759463274168674 -0.5330154772190774 1.3024363233454688 -0.3939425008933366 -0.033700261042011626 0.008762849564390107 0.2676051826983565 -0.30227621419295253 -0.16508230934836599 -0.1490519438926452 0.4058427829329921 -0.2453874793047841 0.2099863305138697 -0.399260410391505 0.23569864686310601 0.15912544122084307 -0.12211521074268727 0.09724996489573177 -0.11343361156178411 0.04377682089109065 0.21039238814312253 0.3730854152252685 -0.014537655414982883 -0.22144835212597916 
-0.33999057419535283 0.31166727518959547 -0.08666215279082135 -0.23360810590050063 -0.07112769475573177 0.20406269499522067 -0.3801978491754322 -0.23758686633163112 0.06980115048264524 -0.07806995816104617 0.11928581241268787 -0.09509299736589923 0.1546907887139121 -0.400611830942944 0.13130013718269185 -0.2263232863600796 0.1729876978300203 0.09355725395263097 0.14049888855947254 0.042741345212475086 -0.014103866334363335 0.1413441374524708 -0.023709150872690026 -0.0016481725716381106 
-0.17130780294247394 0.2595314998280944 0.14604132272097292 -0.10010552007050477 -0.20939414831583214 -0.16112682526211985 -0.048506619210259894 -0.14244098348389977 -0.2227095334673126 -0.664171148931014 -0.43142992810988295 0.6010938959883136 0.9248979374182729 0.036464306408838354 0.2601273071999028 -0.31974260222400475 -0.5313184820623392 -0.07030203440210647 -0.23418559213096635 -0.3208125248621217 -0.03184860329645656 -0.2391353584256196 0.06009965135130041 -0.166549543979734 
-0.5242746871388606 0.4436249609927412 0.8706766048067056 0.5857634128791391 -0.5873081549833135 -0.03822798061634236 -0.7423863247609712 -0.2027018470419504 0.2935934854534554 0.16488466756867592 -0.13830701552408703 -0.36881977880759914 0.8915687939160764 0.27173568948332444 -0.019823145792687846 -0.36353404890712265 -0.49848126945019455 -0.292326593235905 -0.27098962471422966 -0.31351967250258567 -0.23694839856192407 -0.23800012469811826 -0.1808525802730558 -0.04420308952582103 
-2.7301463885247514 -0.7083872393471653 0.043385022946996976 0.15559954638885776 1.818345415258797 0.34081429057649104 1.1512561968840251 0.6427188507485723 -0.1814326669444014 0.4468768185193525 0.3543402428474783 0.3911245433552679 0.2524754217395679 0.13137614083641105 0.27650974338039 -0.16113411421027105 -0.13603558274453262 -0.10198976935250885 -0.47530183738044435 -0.1497478080116407 -0.24139176931614745 -0.23448661570901508 -0.27286756708513377 0.04012837891165947 
-1.7352776631524431 -0.019580423672747926 0.024135434474230166 0.7291415075911862 0.4104463318075373 0.8300719167836302 -0.16711038307988568 0.3103922340598898 0.7600079129069619 0.0804064322081254 0.26895846775317467 0.14250094752808673 -0.1940210379582581 -0.084569306882239 0.3984821794946461 0.15792344789384877 0.098476798344946 0.19278319856231382 -0.1620785277654417 0.12639995645804192 0.1847246059826295 0.30571730624830423 0.047582765220535485 -0.11094304592458105 
-0.3232325801543863 0.09700576965160579 -0.26021732225395944 0.31160777520428484 -0.3001646434776597 -0.2893074659045796 1.0897609220905304 0.0502554000001022 0.2682585607543765 0.08152781587630648 0.18354003150688755 0.22504839608549232 -0.8354848846940705 -0.10757749653088933 0.23106531048740106 0.3461152379514008 0.5911578385313064 0.37487301639233245 0.32980354269076917 0.5663894653687476 0.3184363910293852 0.43091496621068676 0.22413832064446462 0.1454455876347174 
-1.145668477449269 0.2946363771400726 -0.17296876107675452 0.03398895478987929 0.17651647935007686 -0.3015166980627485 -0.22540310406789876 -0.2856699910418411 -0.48542594634382197 -0.5695927498547138 -0.1956552055153981 0.047047432601031836 -0.16572127913467427 0.15561012924240414 0.25608866838091315 0.6064538689921694 0.26011634830553165 0.5170907941307773 0.19850908384099653 0.09857196707592797 0.22992816039657327 0.10084732808360895 0.17511978523149396 0.23952603470729217 
-0.5184963272941274 -0.5427631501609076 -0.5512588107397138 -0.5351698910646912 0.16183682589360804 -0.21801045117731693 0.19099192930572417 -0.7584184328068048 -0.514024910407165 -0.520868489081288 -0.0857678824516292 0.0025145379146431224 0.4231299868520983 0.48236194747600764 0.03448761044899196 0.11679499857984015 -0.15271458667910143 0.036350193639863325 0.453357486322099 -0.1120741526588323 -0.16532024187679686 -0.10344236865378387 0.006818755903740509 0.16425835840932232 
-1.1404819521785496 -0.16652635149370365 -0.5986098264256321 -0.6668312662508338 -0.6009034477946915 -0.7568489729723331 -0.3132531382104721 0.4190132492355594 0.4613651672980129 0.07906260043609581 -0.12174693096204886 -0.46481022750836515 0.05991964927539987 0.26438630576551686 -0.13190133775257906 -0.2845164249258292 -0.036264504227389416 -0.012622440100265439 0.21984660685978982 -0.10492562539238902 -0.2065214286425563 -0.24031492329122717 -0.04564328428031127 0.06791497621226499 
-1.5952158033460409 -1.119498708459529 -0.15085962092649652 0.31163288998512095 0.5466890801320288 -0.17069190936937728 -0.22638651980447977 0.034136237837898875 0.2908237295638496 0.0675272466922533 0.1261296265189914 -0.011797849087776147 0.06919590266403719 0.02598369842327375 -0.23203249975597742 -0.5166379030602216 -0.1877942405027406 -0.21628688172883614 0.17918572753004577 -0.08724118021297651 0.00973954643660276 -0.09594004093847276 0.03087711251417602 -0.017479920929138925 
-0.7870676872495119 -0.21015476100716723 0.02253565727437401 0.4641368390424607 0.09288386491303474 -0.287308648665922 -0.6762537000921662 -0.3671704501870259 -0.2682859804016604 -0.14284584786780286 -0.1646741071597746 -0.1495413025345535 -0.2934816288332492 0.031139154261398867 -0.0898244635562238 -0.2527119853057033 -0.19592602048263494 -0.3339557982633002 -0.09725976087696624 0.14201772207564864 0.1938053894361863 -0.007249130508700232 -0.045122315326883565 -0.17187826647670146 
-0.9027911677507579 -0.598900040673997 -0.1657340533217846 0.44925976546932667 0.3783258910479667 0.19608003185598588 -0.16506497234356604 -0.10360304245658258 -0.17841797586713665 -0.12209414211392039 -0.1569356318952944 -0.10268016178484593 -0.33148146457355915 -0.06566600673682903 0.18951262786440037 0.24715945239763415 0.19017599644420882 -0.15539079807250497 -0.23551681629647214 -0.14938631843498504 -0.04723964557410195 -0.09679222528513148 -0.04262324407822671 -0.06357914558350054 
-0.6062493834764435 -0.5202431481706662 -0.3216992195593167 0.022491251924173422 0.07105620819524427 0.06163245120488586 -0.05213462931003032 0.061829723155854166 0.1145698517049471 0.19562068636528335 0.15515264422574473 0.09626572827027416 -0.2701444540976186 -0.03535421640922459 0.042078009054650124 0.1838103084206177 -0.004173913442635023 -0.18785320046770293 -0.36082729139892306 -0.2552949073770782 -0.21656414316135333 -0.1412462160977133 -0.12083318636629413 -0.08536480008103746 
-0.6911805615118976 -0.7674564946672925 -0.5472800661028523 -0.2090226736486378 -0.012925080841702519 0.12100993491273374 0.1681043936938687 0.2677951064714139 0.24111475023285173 0.18867065543110464 0.09408598306091183 0.05603607226031168 -0.30928931495930634 -0.1980151519537927 -0.07570943604471099 0.1164320499890694 0.07281133236316462 0.0010812298965059697 -0.12630713104711597 -0.08585786283229162 -0.09578766319167475 -0.06072827544795231 -0.06671405658435202 -0.0420184363208764 
-0.08243962807608618 -0.019813884782845737 0.08707463650095748 0.24184713333958985 0.3010310911857744 0.31378600120881295 0.23964349108588548 0.21301519748021042 0.17164008603240546 0.12551040165282454 0.07231464446100469 0.027194980685980086 -0.22700515027411475 -0.20209970625899112 -0.1331627498710776 0.006829055130639495 0.04774090091354738 0.06239295846190105 0.029278860473737955 0.07904960727891278 0.09176701517869827 0.10044163255208412 0.06800554670726466 0.04394362615764111 
-0.2368281005730175 -0.25506921650652914 -0.1429926732177887 -0.009714325205589763 0.04490445246320779 0.06675956716450443 0.0679673605998239 0.0783778088781141 0.08040989654415844 0.09514582658616595 0.08462553774013166 0.05791052096993031 -0.18649427823476886 -0.19009853150901398 -0.10966038768632898 0.020637847602935817 0.09036028615302122 0.12506366336473937 0.1140787200952416 0.12512442145690117 0.09998652954918869 0.0715368833520652 0.034281060939775516 0.017239915351711446 
-0.15241016312353928 -0.17013766847407447 -0.12435466638861564 -0.09765008768926908 -0.10108126119785302 -0.09842124030670263 -0.08990269418422178 -0.08061044988423426 -0.08037876698680105 -0.058941796868499645 -0.04413377323565918 -0.03650237455745848 -0.11425281143238368 -0.11373101070966918 -0.05380913209414483 0.01683723457991197 0.04894440241981122 0.07152395107643908 0.06187566358743521 0.05460315433244287 0.0428022545751672 0.043250390360294065 0.03858196373322886 0.024059081245082697 
