0.0 0.0 0.0 0.0 0.0 0.0 0.0 0.0 0.0 0.0 0.0 0.0 0.0 0.0 0.0 0.0 0.0 0.0 0.0 0.0 0.0 0.0 0.0 0.0 
0.0 0.0 0.0 0.0 0.0 0.0 0.0 0.0 0.0 0.0 0.0 0.0 0.020446562601123947 -0.008941851433107217 -0.03911906720590356 1.6786231540801463E-4 0.033470853477200545 0.033832005754273885 0.04781532411424538 0.059273765629705176 0.030599396720641048 -0.0015627128366250225 -0.0035895506326813487 0.009383031527826121 
0.0 0.0 0.0 0.0 0.0 0.0 0.0 0.0 0.0 0.0 0.0 0.0 -0.31822789249654065 -0.31578178656240113 -0.09171723423993479 0.03871484590526996 0.13858842165225013 0.21206139586519004 0.16622405791906572 0.06005663149771708 0.011317194856783952 0.004838812990652803 -0.006476640700977736 -0.019355731466479665 
-0.061339687803371845 0.026825554299321652 0.11735720161771068 -5.035869462240439E-4 -0.10041256043160163 -0.10149601726282165 -0.14344597234273615 -0.17782129688911552 -0.09179819016192314 0.004688138509875067 0.010768651898044046 -0.028149094583478362 0.0612527913179588 0.07569959952156102 0.021423894229166962 -0.06518220920326596 -0.1258856756839285 -0.14275138386983569 -0.13285569151411866 -0.09928541886075776 -0.04118552259720062 0.006985898478426479 0.02469382920545835 0.023961169837951265 
0.9853535213913078 0.9339325825375426 0.21647310191094904 -0.11589274424269785 -0.36555898474094956 -0.5854361789641593 -0.4269491875858291 -0.09125924604859348 0.011947510510609716 -0.016860508226895943 0.014045596153911183 0.07214174169117818 0.3018556811958953 0.3479727801445754 0.16965157537235162 -0.020557272226487486 -0.17973926845564114 -0.262546442822909 -0.2374893843418677 -0.1445520169503253 -0.053866274799022694 -0.005986865341682431 -0.001995379193995788 -0.01602786401676294 
-0.6764351346495303 -0.6940650898334544 -0.1725082336429754 0.2534929997311468 0.5604365194222602 0.7209722410915868 0.6120416683352705 0.34348587960657 0.11758281253629699 -0.012527441321831465 -0.08110428569333064 -0.10795438035944288 0.382989336961129 0.4426088191143407 0.22595409657691368 0.004338539250571168 -0.17309524012281274 -0.26203594430864 -0.23566938927627326 -0.13890642202841832 -0.05331531778090003 -0.011127268089294408 -0.0021481821871789006 -0.012343997525858899 
-0.5980193201646067 -0.6834730183673381 -0.36402200848671173 -0.06532647665922296 0.2087932654399925 0.3764051992915227 0.33472433268659973 0.17300246260313312 0.05690832304795801 0.02656838594090056 0.05192260637767471 0.08798623493827108 0.3470630625788873 0.3541228539095734 0.14069163525391723 0.037519188649482414 -0.05268060774965375 -0.1397882897474074 -0.1069621241609438 -0.01535820285268294 0.007214197526886161 -0.00965785703710518 -0.009899761861473575 0.0013473869999698445 
-0.41862127790880166 -0.49229810259126017 -0.27025753291419996 -0.03880233848967499 0.13169703484636552 0.20369112653525748 0.18272543534986918 0.10676711487027613 0.0456673569121028 0.01635549569386004 -0.0017253066523010147 9.606513705518807E-4 0.2118620570828318 -0.10483323617247382 -0.017243588220048955 -0.05159256380473507 0.09639972144061082 0.29036969135972385 0.16811122431861567 0.01667862723951578 -0.0622167366592604 -0.03777431585603408 0.004255857200916591 0.0247735677458345 
-0.1847425947157184 -0.2293194728122746 -0.15672715421519037 -0.08230264108073419 0.0068525807959590734 0.09256924755622743 0.10859530138970297 0.07317474487760228 0.026262645742048327 -0.002328405623426155 0.004055392217817096 0.013642064826271273 1.8884450473859076 0.15595522919470972 0.10724146284847536 -0.3303226283812763 -0.37866206196799507 -0.06414869863881963 0.03938486037880742 0.1596558544603126 0.058145152114347586 -0.06450016823986977 0.04976605110343673 0.17923707917926082 
-1.5186596686224698 -0.6066421540935647 -0.22442489611858923 0.4167587733561076 0.3722076974224445 -0.008218857119937077 0.220772511027872 0.34336385675078807 0.31955586116703305 0.11524390202843413 -0.0699382502161516 -0.1451029985409465 -1.8595149076992297 0.6975080482333179 -0.4139488778898423 0.5089481350293922 1.036976271609813 0.13058635897077 0.2008867645903173 0.3136958268215947 0.20120679019356993 0.09801223613260064 -0.1640829786198644 -0.2412244241053074 
-5.713335266965495 -1.094166680200315 -0.7086627154299432 0.6978608525617147 1.224524120055938 0.6748062870355789 0.1975462137111761 -0.42426347171806067 -0.2544713854225499 0.1706246874932228 -0.06326907515071017 -0.37669317764376214 -2.10932268960037 -1.458325786933054 -0.4483513213077037 0.2845894205535844 0.3794994789063398 0.05867060078498106 0.16357272455643043 0.0038452140688088887 0.05454256815803001 0.06725078953900597 -0.09778679623125243 -0.15080520243478499 
7.924219781313775 -2.152398643597194 1.2475568813627034 -1.955728490399076 -3.588067549613063 -0.4791864701167283 -0.46441031458181925 -0.5856012572966764 -0.4175859980863079 -0.3641577592622664 0.5241858628915558 0.9198015449214907 -3.389419147776483 -2.0989725649016218 -0.03278972313838959 0.3859983589072604 -0.04547120729287174 0.30141688648020704 0.2933962581183547 -0.20539246860782248 0.049833185238480175 0.22284937733475305 0.08685393920184625 -0.15105080439380872 
1.4217857491172676 4.918536132738701 0.4523359209672744 0.25017272913610444 0.8484917675946937 0.15204125169967986 -0.03953145947474268 0.5261216596949079 0.2312058708946288 0.035620056404906175 3.537243577206861E-4 -0.06639459960059235 -3.0578577609433175 -1.8509126851521203 0.039759055163802515 0.07870719968812497 -0.4903213168090556 0.4516228059938965 0.02316126131279513 -0.2797751197802388 -0.08426931055775631 -0.06828831986617223 0.22955754559440197 0.03093697487950457 
5.082037266665596 2.683924134141792 -0.7065550449020293 -0.5173922416528685 0.6966374955316819 -0.6510869988926087 -0.5408774267342327 0.4843486968677712 -0.0727823227069968 -0.48580191443166665 -0.36231146757590577 0.15290012561889477 1.7968167017602639 -0.5988676923086335 0.2537838276878363 -0.5615732712937285 -1.261275775726779 0.03167625889061846 -0.2511388733227657 -0.18034209480831373 -0.06261627875690036 0.10697422717392181 0.38364041174016644 0.24060344894329996 
4.8813292731885465 2.0404099863865532 0.14911608221101558 -0.25742887087576394 0.553135547910732 -0.5941118665581704 0.1662959858489974 -0.11991308945956819 -0.1740652914389365 0.4363117246764396 -0.30869304670018516 -0.08605339263097789 2.2653542500856183 1.910543645362834 -0.6304322350364492 -0.4786465898113011 0.3580310329428207 -0.07124993226805709 -0.0838762406743805 0.28667421605931936 -0.06234437007580997 -0.12300775518307074 -0.07482322587012544 0.1523265639511133 
0.8039979139973443 1.0832675065047805 0.6378153176773238 -0.017207876511956433 0.3434378874092543 -0.2011386876596586 0.18609258272460782 0.2784424017055028 -0.027101580648824203 -0.8854262749197985 -0.47221198679999077 0.20782059460678357 5.18616121430028 2.853606260474864 0.08068607525149192 -0.43370397922172166 0.40542240849624367 -0.5147091958278077 -0.22784960531363893 0.17979857376433825 -0.17659905720378868 -0.31735160692408104 -0.37577735661502104 0.08283556283276207 
-3.235257324805462 -0.012766489531294667 1.6714474447869454 1.4360203159995517 -0.049001527172554626 0.1408168928873761 -0.1513877421810214 -0.2309478409019159 0.3953986100929724 0.6044555021981843 0.2797736615801395 -0.5508345259478766 5.675227371307763 2.787647000665173 0.20788176181598908 -0.7140318479814587 0.44581265158046285 -0.4157064068026197 -0.034545509870148094 0.07189627652302259 -0.29344983965718274 -0.24412120891133982 -0.2883525603751693 0.04777486616222284 
-6.418153077238239 -4.850306409323876 -1.70977895194447 -0.0630048974253613 -0.21856119241540586 0.5255762088680412 0.30151325322169353 4.703512959303713E-4 0.1722828981384148 0.3821810175797041 0.470787248128995 0.13678400377905792 -0.6529729347298442 -0.4045529481220507 0.30980440399824394 0.564993790961815 -0.16832043989502124 -0.005644037438163496 0.03249537939234575 0.15408079536086214 0.033833491159394484 -0.1930089023301039 -0.17073587218175498 0.04871029733692475 
-8.53327734511695 -3.355744057694637 0.6992679315739452 1.9075651835253145 -0.5033028669183265 0.2896499055858388 0.21222218021089884 -0.19661589382384975 0.6065919881389922 0.5348717051607078 0.08486501696082997 -0.19385969570378356 -5.0050417693944675 -2.07823455873698 0.5106400723547856 1.0083765900492392 -0.11107360762919273 0.18668750860999594 0.0590162432606362 -0.2608055425839172 0.36229686288688806 0.4518175562809929 0.17897654312668432 -0.22323766192355635 
5.411926728342621 3.968415134952604 0.1944918622890921 -1.9479616831602828 1.075549876967204 -0.25862308169439946 -0.09319851664838955 -0.2009659579161167 -0.23419874315001754 -0.27160766941074854 0.1374499520549289 -0.11679771252603721 -5.8924147144571934 -2.550541204733106 -0.1816144625889755 0.575366672900327 -0.03148196849466706 0.21384527268289147 0.11244903030223606 -0.19067193557771622 0.33229387216758083 0.3422621036793417 0.27318310097672227 -0.15434666351587392 
5.864828080587511 1.8125764145414056 -0.8126081793941922 -0.6466310612807056 -0.36283623897628137 -0.027145987661391396 -0.13108058702788847 0.6521869414558592 -0.4882511579234754 -0.4241028231495681 -0.09048731976288044 0.24566931797534003 -3.2551852421427347 -0.6159981723627878 0.46784760598326924 0.6071758013465232 0.016756892639527805 -0.05715720638117953 0.016000433105825957 -0.07360555760007609 0.24085733245980875 0.2234614991080732 0.05144382882806823 -0.05121628365096013 
4.060038353281113 0.2171569687574202 -0.40899750869347473 -0.5120067937233324 -0.19434860090242723 0.042438337442981866 0.135817545934379 0.14808474038922448 -0.277177145333094 -0.1651180293031832 -0.26108588643931663 0.3800594874871179 2.2322614477020917 1.4015901118918126 0.28825480654934493 -0.7213742021604258 0.35928501770277216 -0.27043764825323285 -0.1340991798717931 0.06403419527912345 -0.09303089526470713 -0.11016787281760165 -0.06951839398461503 0.17799821040799016 
1.9082225688420067 0.36787954249131793 -0.40253020088457925 -0.6319396652327303 0.08137569409790579 0.3105908151606867 0.0497128496020367 -0.15032457017629208 -0.09449080814889577 -0.18875761221729442 0.12980144972374805 -0.2886394447574807 2.3807179337190587 0.61843589980109 -0.26838244010587936 -0.3781002011674084 0.05468699478504783 -0.11680311979874484 -0.13913488083475323 0.19096818603597476 -0.12322819182225175 -0.2514552917852686 0.02646133993169956 0.0714569110102714 
0.6934451411090983 0.4859932353022103 -0.8753115466137491 0.2088152252970068 -0.22441114267820605 0.38382146165426 0.2187023046520271 0.0081872120625886 -0.15198623224318597 -0.05877665642408046 0.23586074926545975 -0.38363796238359743 1.4095816548108335 0.3605111976779816 -0.18396107676619 -0.457346730511967 0.18049591107646268 0.10023719249650376 -0.14555978240732562 0.1378157048518173 -0.014704520380198796 -0.18788599407908138 0.003515390326687536 0.06332620090336634 
0.40597088551634286 -0.17714941813425966 0.22569615988358316 0.12725853271135001 -0.5118659524435354 0.15257180962920402 0.2448816761175472 0.14923114751125288 -0.18116203900167416 0.27709236576668633 -0.4183446574103673 0.41314730987988346 0.5551042121057819 0.4873091985413831 -0.4621009676265572 -0.21963149427194453 0.3201173427026342 0.06350216033724086 0.01897727905220477 0.04697924906936968 0.035186433619457426 -0.27350511739906835 0.09601650685720849 -0.1783610742481284 
0.5824192305114444 -0.5918621439637359 -0.17122745877898593 0.4804342988405286 -0.43921551086109467 -0.17926373728078804 0.47491247989860064 -0.4151402330099999 -0.18972796876610842 0.16561496394207054 0.0024409961476784536 -0.16081249254166324 0.25459357382448883 0.12768325781140386 -0.4023221413754647 0.0571938901411182 -0.02255110385453422 0.24932257722989015 0.1708007890316148 0.06306616156864987 -0.1786825462452731 -0.11684190537611998 0.15985673461641284 -0.06166987347719908 
0.298422887823488 -0.5551203634998583 0.6317306580777107 -0.10885471918865752 -0.7715741499185524 0.40162693361648816 -0.13532407517786438 -0.07959859484810683 -0.18117924074580682 0.5195619297968352 -0.04153819428898675 0.13503104306593727 0.20210114027929235 -0.1927347299721968 -0.1679930256811645 0.17851312465917615 -0.2709830984489516 0.08846912970007342 0.2966214807877851 0.07585591835130885 -0.2684981676905239 0.05135915240991834 -0.05571023640827316 0.22737515292362753 
-0.016561581517940738 0.29192893455079805 0.12863762841558124 0.15529018082365598 -0.02690373237709487 -0.48867383202905246 -0.10359718679511154 -0.06659640146368118 0.38407000736469965 0.17051427768920502 -0.43211268614446907 -0.05957020854502709 0.19259566491161628 -0.12249526121030356 -0.3875028574939689 0.24152328138605142 -0.11452756749752198 -0.02877508062274899 0.17677993966345892 -0.11481337178651085 0.0010843962858497942 0.23048701604262467 -0.1655154222458498 0.025038222862194804 
0.0991578706931584 -0.04084076747493626 0.5797426933297931 -0.24570878225774218 0.09492745366131938 0.041869467903115964 -0.3557279328989521 -0.25260852331583306 0.3374334760044936 0.12056525166336407 -0.03393710703947406 -0.3195992908893172 0.2245750053261378 -0.1882320011073467 -0.02807725486089489 0.02917727612529671 -0.06274381425317666 -0.13615597937615934 0.0763329654808476 -0.030042568847344447 7.821006504209657E-4 0.19657334421671355 -0.09410005259173852 -0.02270285427070487 
0.10426474434176036 -0.48151615834528627 1.0172750960768795 -0.1757085137830834 -0.5288836101584646 0.08694023744414503 0.05477458976876781 0.01580484658339576 -0.452287515998808 -0.32634774511906794 0.49518671926047153 -0.008611994150620417 0.1033098304434225 0.16405282851921932 -0.02944264323574597 -0.09579764974691274 0.10373560316296475 -0.4127167027074327 0.10935832449522052 0.16994276835263675 -0.07526582154284722 0.12973190284513644 -0.07480015060642003 -0.18320067094091605 
-0.4357152910847759 0.39629818627022395 0.2716436888297462 -0.03088720026117797 -0.3323527682683376 0.5222878370083675 -0.44350885990234684 -0.03067151232961196 0.2346532189846841 0.1782729085508311 -0.2228877392162415 0.17766049868084854 0.28568149304637674 0.010934626735385292 0.25150303424159137 -0.09293293857886191 -0.2045950812888083 -0.3207703177673494 0.028700190209969223 0.16610110120824226 0.17790679636326723 0.19363472471899498 0.12893594723637455 -0.2225330004391223 
-0.05905449195924106 -0.41879902787944 0.3710150603728426 0.3352723390661121 -0.12447043090116061 0.5092670915406199 -0.3877816967790757 -0.6873932120147019 0.661257600503146 -0.24753525928993778 -0.11323691823682525 0.24140190949263807 0.6859787103470989 -0.3116099439216858 0.004324233117099989 -0.3708394095571947 -0.3228000222030889 0.4095236924026282 0.10736683808191412 -0.037979390039810546 0.018249766081387436 -0.06523736798097847 0.1335039186350935 -0.007666354532087638 
-0.6762269902954712 -0.10500321291401526 0.14836360845703744 -0.2224003929457542 0.5065061078990922 0.7930169941569267 -0.22055036025493802 -0.39931279764151095 -0.753059471336285 -0.499745165408186 -0.11653312999994936 0.22299275860642043 1.2288472391171694 0.2694748282679167 -0.06216963930417544 -0.20061656436769323 -0.4605165596728053 0.4397330236910182 -0.37638512284312053 -0.8072902992025887 -0.29409486388815204 -0.2570824349293887 -0.2658159703416675 0.09288628084821153 
-1.8334155370941887 0.7039643730118907 1.065942436911934 1.0325663112307888 0.02008701836708715 -1.2769954183380192 -0.37880517430067895 0.3140636593587769 -0.013180469082485713 0.208373395803376 0.04149765874704492 -0.008279060517143444 0.6769978343821811 0.20163508500205785 0.22292513445135528 -0.13403094427386106 -0.19741149275240197 0.26642488784460633 -0.7908282407813253 -0.7080487928208042 -0.2862231687581625 -0.33766292207745613 -0.07064620536764162 0.06261951266538279 
-3.2350764858688104 -0.9735079989791915 0.11068891847272688 0.22231550675956335 0.9769181861159544 0.09622002087463244 0.6811582473878164 1.8904709495914147 1.4541568454419562 0.7215658857923404 0.4971928833168258 0.023842141141104722 -0.07351701066343248 0.21006382421956035 0.6418095981037077 -0.1072541608775656 0.10900976005509085 -0.08039083741735142 -0.5048908085099088 0.19775142280004654 -8.18203558822117E-4 0.05800249297980551 -0.00655584012355287 0.004946841863063378 
-0.8106232473191146 -0.5894518898530254 -0.27892299798906794 0.5150072220350366 0.2325580082476142 0.05839091464794799 1.5338487217435226 0.29186129283124773 0.4163189483885129 0.15479798134216766 -0.208161308792288 0.15311868022914754 -0.752096333822727 0.027293167161122806 0.6272898718395713 0.5144927591797084 0.16556372275385225 -0.19000234496998067 0.0692761368325654 0.724658906942108 0.4946167280433089 0.40328734471990507 0.1253533324833601 0.0857812678690612 
-0.9670721031927108 -0.0884865541402382 -1.1046324684035849 0.3581416342848187 0.07324133279355616 0.3664963399159974 0.3377951172526874 -0.9814658827778859 -0.965354569395318 -0.6469649371169983 0.02796387414037571 0.1274533626440848 -0.927878464855409 -0.6217147674055302 0.1676966786941582 0.5196697852732662 0.37682265919503344 0.2657043609956883 0.6615803107496785 0.7953978340533423 0.7246246287726171 0.39579624729750834 0.08515160492766272 0.15988241581279525 
-0.7111287269640574 0.17957414910904568 -0.208266485168624 -0.578825030070964 -0.02476572323327053 -0.8421265429487597 -0.41495201973081064 -0.4239446452828968 -0.2872749457937753 -0.31722322690166993 -0.0999478341148104 -0.3174284748758171 0.0794482744926474 -0.04862958700520307 -0.014087783840573298 0.42197806243076436 0.060766984162990624 0.19217559274173776 0.759763742584866 0.03564053234475404 0.174471736439088 0.11213524855534916 -0.05363579878185417 0.16551808781314403 
-0.5011883514801116 0.5071232837563637 -0.4277293740199697 -0.7897777230072351 -0.024887925728703464 -0.25063433331407864 -0.3291823141240525 -0.1378195835115401 -0.367920093784751 -0.22981225197826582 0.1876313311950989 -0.22053152874479873 0.30173885502061815 0.5028498914003112 -0.22194379532026262 -0.12836747243591332 -0.16138540334190554 -0.0018228500469762803 0.1715047112446276 -0.41366171103790245 -0.3724166673208596 -0.26381627078928477 -0.004727900926904301 0.030436213521875016 
