0.0 0.0 0.0 0.0 0.0 0.0 0.0 0.0 0.0 0.0 0.0 0.0 0.0 0.0 0.0 0.0 0.0 0.0 0.0 0.0 0.0 0.0 0.0 0.0 
0.0 0.0 0.0 0.0 0.0 0.0 0.0 0.0 0.0 0.0 0.0 0.0 -0.038140013613627545 9.86092510815902E-4 0.08617856733614042 0.11629814676734933 0.09950418436421983 0.04848132555779355 -0.01137903066798244 -0.06311371472938147 -0.08325780798316734 -0.05376718499745232 9.249874559199937E-4 0.054071122509145274 
0.0 0.0 0.0 0.0 0.0 0.0 0.0 0.0 0.0 0.0 0.0 0.0 0.13822390388887676 0.14331326473722425 0.048655058765881144 -0.01898448177328745 -0.0552065095918492 -0.05158586450665517 -0.02752571761287102 0.011031631501545791 0.044110729313530335 0.048373718496737494 0.034447208346875695 -0.0032605855010412557 
0.11442004084088264 -0.002958277532447706 -0.25853570200842124 -0.34889444030204797 -0.2985125530926595 -0.14544397667338066 0.03413709200394732 0.1893411441881444 0.24977342394950203 0.16130155499235696 -0.002774962367759981 -0.16221336752743581 -0.15390922875028146 -0.23244235905371124 -0.22889601000303827 -0.1694632590972048 -0.08931263784773814 -0.007883321895519777 0.0662859456041127 0.12971865247581835 0.1567699176028423 0.11804706499032197 0.04671921627513279 -0.0022660020554953475 
-0.4718817320870716 -0.42846065544544887 -0.01669732529343282 0.23140066547088634 0.31487580532187737 0.22747958185665584 0.0655086068366394 -0.12776546659870958 -0.257218899915342 -0.22577193298639098 -0.10195414385674709 0.09088844026684167 -0.014099749872040471 -0.08545353746129636 -0.16769339273651374 -0.1527143775744979 -0.09836915232800054 -0.06879584673394311 -0.04376560120625941 -0.017817268391645196 -0.0165830348961232 -0.060009462956468675 -0.12360965990780003 -0.1545203486023036 
0.6976685522943802 0.9115574048838582 0.6950366926558312 0.3926894445561713 0.11050001088227576 -0.09008982524176859 -0.2316121402306578 -0.3252732241281002 -0.34170030285085595 -0.24125522847777042 -0.08918057689702485 -0.038646213966934795 0.06734638479675355 0.07398519979230785 0.017030297633646534 -0.030403607115693027 -0.0038563448117578023 0.0667463079005905 0.10584969155702934 0.06708892748987257 0.002602640026521339 -0.031842373170464615 -0.076449500801126 -0.14415001358121313 
-0.24932500611062736 -0.20089722882426386 0.02629398087741497 0.0873511902943841 0.09060117499653401 0.1787104644860233 0.26417141973608077 0.3107589893330579 0.3454859680885486 0.38130678060446976 0.4140317869880325 0.40177746902666034 -0.03818464287180164 0.024859826570546677 0.12506493312748665 0.10076402080156659 0.02375170681374587 -0.013797824491623293 -0.038900344044569664 -0.0974118407637226 -0.15117466850556535 -0.1360042141570903 -0.06058246506378782 0.04393838674486753 
-0.19889747653760015 -0.33869559021996376 -0.33112224799478474 -0.18565888136671777 -0.1748062034947144 -0.32129834168983584 -0.3827433891168614 -0.23118786624735704 -0.0593869301320073 -0.0467106822916796 -0.03141942538677178 0.11479215883629429 0.1930356952959754 0.2555324605225901 0.1936534397620507 0.09363219064841272 0.022853997109857766 0.015586608406290864 0.035770104974341854 0.06543673123506033 0.06916031309122324 0.06256932339418274 0.08115672864600605 0.08138253153870735 
0.09095521094432346 0.12208636239482207 0.12118734564941525 0.21828276602763108 0.38627379206913487 0.38447731355555936 0.2577752634134502 0.11742737675208664 0.05514841924192965 0.08496843639183449 0.050912675579489836 -0.11764590636937547 -0.14956780872514872 -0.1706479566334621 -0.0657030638835172 0.017112515203086393 0.008297579008220401 -0.027371371765553893 -0.018520989973034474 0.052137761105646864 0.10745004385764485 0.11824583661689586 0.14245826574535245 0.18077319816108553 
-0.05157864212102137 -0.016531772293455038 0.06662969098367899 0.04632708474430963 -0.10589828898359796 -0.23973307499540922 -0.33572437699236807 -0.42491761154279556 -0.4040124677012163 -0.280794026554001 -0.15109120713077173 -0.02308212088503897 1.6434954551150442 1.435902099317991 0.004192589609686159 -0.7447466598225901 -0.6507094097903051 -0.3157200120465274 -0.12092436464687702 -0.10575078885925863 -0.0995790036817541 -0.10247038797787107 -0.03829061851575843 0.008684533310785636 
0.12571900285652937 0.1499647321128681 0.02452720303873468 -0.07997933837038879 0.03125448071631459 0.22004194643547165 0.2962248835929375 0.25121057866383656 0.19544860530021854 0.1436109428849429 0.04649288062397519 -0.0716049855959297 0.25357147974857713 -0.2858207198741407 -0.2615441187014928 0.5321499547507457 0.5974603375719391 0.31895799267935315 0.06674939618076206 -0.07678446863456524 0.05126009717852643 0.017228609033251702 0.016267938020166777 0.03538293289631769 
-5.146765737838836 -4.66034107303296 -0.29536994551850293 2.1977121503000623 1.9548316815526112 0.7080793780097903 -0.03919510526597403 0.01917289937454387 0.16919998788411056 0.2313792283953794 0.08566232763826083 0.0657180985172145 -1.4581571625320306 -1.5592067783986092 -0.0038272856329592355 0.5262257987770264 0.4540546714790276 0.004349682906655522 -0.06182843888234999 0.050325108922302374 0.08040438215170655 0.047876996847804686 0.002026935485988609 -0.021937845616145285 
1.8778343195574991 3.3014531723869966 1.0868195200049846 -2.4538596310024823 -2.4364722059147867 -1.0463028909850998 -0.090737560992033 0.12573552719711267 -0.38523810008631304 -0.2228040181826108 -0.11626790586552677 -0.2681948147594553 -2.291050227916397 -1.7498583884526795 0.303816205334537 0.7664215285077454 0.2888101533450606 0.06239794708405544 0.06054869388845227 -0.048387703836619646 0.026609468669635733 0.11068500182046341 0.08228442980066004 -0.07076758857348095 
3.446835187124586 3.0853443427653087 -0.45303461060056827 -0.34541016527072266 -0.2341989601051302 0.38039029499490995 0.04324216194716718 -0.5131554125763407 -0.35488226146307017 -0.24121753656363815 -0.07579162034398657 0.14102633054515967 -3.2540285138162077 -1.449596592618213 0.5892122632966482 0.8593985580179732 0.40333525000018144 0.25142084530640235 -0.13185190236612013 -0.009418254188158502 -0.2684065325384552 0.07670020595067431 0.10230892431325084 -0.03674369882199698 
2.70206922412401 1.526697189571772 -0.8080890804238436 -1.1076827661082325 0.2593393415100036 0.1966926466907455 0.07336016832101011 0.6625378461491378 0.3776613239649017 0.04785431990306144 -0.11963343478688127 0.10304366411054056 -0.6272868086873588 1.2353083362049226 0.5369581308853005 -1.0117440519502556 -0.4214361387991816 0.1374506576577846 -0.20373351663131087 -0.16901455656655573 -0.3547761745097578 -0.04649367949852196 -0.08255196749653142 -0.0200010189920469 
4.2032023513265315 0.5758266962292922 -1.1155524351940338 -1.0535719562009818 -0.6030798421603283 -0.6676809267473394 0.27431173717586477 -0.2209734975369932 0.5929698734738688 -0.13405055849947967 -0.21958168084081442 -0.009670044451792481 0.4798070465042077 0.6679688971903518 -0.20744315853047124 -0.08832558480019496 0.1590069528805412 0.5453583978534785 -0.05374321121098489 0.04945608234630583 -0.08629547796053168 -0.008029127504564323 -0.10183857740339836 0.008838463783550668 
3.381511163518603 0.8502869870402368 -0.1927959603541842 0.9354534203134144 -0.9877233484896428 -0.9346192530873287 0.4049282012875508 0.48668823937710615 0.2051643559744909 -0.13690646871912415 0.20328302687248143 -0.1328435702848385 1.7813650674082524 0.5390350005160963 -0.9155058273359495 -0.8724606501824895 -0.1352830898068614 -0.48145353169695343 0.13947745543985174 0.34795188947875305 0.3038017206723456 -0.07642070718750356 -0.2048749848649254 0.05008703886951266 
1.6676930779146666 1.419642752460021 -0.13835169504398426 -1.1020015040809612 -0.08768847374693056 -0.6900289486764886 0.038687779096851505 -0.5735988562292423 -0.009747343586269719 -0.12474975973885238 0.06826588103652714 0.2324545563921972 2.4116856578578654 0.6624531951155141 -0.9575242198422466 -0.9476042307642755 -0.47455288227983594 -0.7384067425666094 0.32989517509113686 -0.08962632922584816 0.12327565154702265 -0.16822394383092074 -0.043760809153588966 0.11227959797478236 
-1.3742713413948149 -0.5123158400918815 1.4498280315089804 1.533913958379226 0.4074929267238889 1.6522272527461803 -0.22726021895903847 -0.2050051429409968 -0.2323852295220658 0.2724660420852585 0.35106773886922416 -0.16827975291999225 1.4999798708354406 0.7062468435141863 -0.2889933665058951 -0.3923135174002701 -0.535389101209117 -0.758230748815147 0.3420723819319957 0.235467493450617 0.22866805576314728 0.04547741762464228 0.05396002668393624 -0.07503208692943726 
-0.6539633697903557 -0.7302314755511912 0.9357082284011238 1.490010467058939 0.12297066707241355 0.2541160480357343 -0.3992795779742511 0.39375218129960277 0.4419177115810792 0.1659350175910912 -0.16219160937841887 -0.32879074705856265 0.8807169601200959 -0.03195127515478783 -0.2410267935693627 -0.465280490312344 -0.15123284450657445 -0.1986130022380467 -0.0648845280292532 0.0993202834862782 0.08332205165700864 0.34549969304622846 0.1368893768284301 0.021880027373842103 
0.042399774864792406 -0.1935164294967162 0.13715417744094704 0.8163879869442745 0.513114384728036 0.8680004950020009 -0.40230526597288485 -0.7033897597391673 -0.7066723388986254 -0.4186811102580228 0.1566316920281457 0.3728753422288532 0.8295485938031346 0.13020491127123654 0.17342089209227898 1.1084403103688982 -0.21912917699423962 0.4202526351173171 -0.07408377844779053 -0.3668551637934738 0.0043827500837229265 -0.059683360028202403 0.1624335765960191 -0.14890651149880602 
-1.6827933605754248 1.356096872626802 1.2410656126981205 0.6526029525735466 0.31319933077071915 0.2979234369097412 0.32086388669153426 -0.6223673982889916 -0.022569943869015868 -0.8156752627058971 -0.24518422602822396 -0.10376307330375184 -0.937371358517351 -0.2248255053057028 0.6565426316424902 0.6946903079344406 0.4623893715898116 0.6109327200165643 -0.22324146900421216 -0.2414534751734725 0.0691954793402207 -0.07148068040409394 -0.07713888070805223 -0.12697926941104687 
-3.3485021274116846 -1.9460947479945876 0.7768866630836451 -1.3727032154847727 0.969766125857455 0.3695656529572256 -0.36508061594855956 1.403620138233722 -0.01328965204818705 0.9423212623183599 -0.09473668259393059 0.1659259446990204 -0.49057121027901235 -0.20614302394736286 0.37278523562184973 0.31057019243204165 0.33203747905560516 0.6761461024374663 0.007983145508781875 -0.10835764126460407 -0.24169142209252656 -0.19101334494187597 0.061920158759476075 0.04712345569230947 
3.8536016568999356 0.820534199614853 -1.3537859093476956 0.5004851444701406 -1.4925233182617308 -1.3294646909915708 0.25183250402622276 0.0646076578335757 -0.11236006986480207 -0.3001241274848183 0.194909220056776 0.15562175993949434 -0.6666975867376456 0.7687605515420177 0.7585200399133324 -0.3873196199085796 0.006287176785356545 0.1858914242832478 -0.14518752049702013 0.049814962960055865 0.21043035671839763 -0.2407110140680322 -0.15172025893980834 0.017512517280521982 
-1.2540841030358507 0.6926939788513469 0.3162242315983059 -0.03926368630014743 0.41986327207744556 -0.3467437483597421 -0.3917390111665747 -0.7218043640066387 0.06329699037684744 -0.10341664304293424 -0.24917550729278254 0.10181255853030172 1.6510295169166789 0.2681672102269707 0.10404837867937149 -0.2073216050918408 -0.43016974293552296 -0.060270365721747356 -0.07279180523693486 0.28128394643841137 0.029801977421262338 0.027461649922468984 -0.08772956020179452 0.17055928043071633 
-0.7299096125504052 -2.2695791454222185 -0.8041632912992069 1.1478420477069728 0.5692892273046543 0.09840386471848162 0.7697556457916022 0.29089996395102113 -0.6921543352367261 0.42932673217884654 0.287195963140627 -0.12424393206095843 1.0561517680236396 0.2983742186859253 -0.3201496294645048 -0.17754992815060197 -0.3029217802270762 -0.3568816372758759 -0.004661282198595851 0.12323633145466358 -0.260378467597523 -0.17404309958137196 0.1082524222804097 0.07829316709020917 
-6.00983504343655 -1.205539706156964 0.1899302180212863 -1.0744168518276664 1.2293690818808316 -0.1635575277325585 -0.4056667711204447 0.446622145859765 0.18720154837398795 0.4952108827191205 0.12230862646952749 -0.20581905059290226 -1.8143144891132217 -0.6274203132787634 -0.21681900253179398 -0.24547160333600768 0.9691403949072868 0.0690873564713751 -0.2944857074914139 0.08530244502076371 -0.05836486036345875 0.13228240209048261 0.0609061264507596 0.015084497841066668 
3.0630218230293664 0.8745283860612325 -0.3301900141656713 1.550711511685706 -0.9885108824821951 -0.3504128894775349 0.2727802305989453 -0.8893145914636169 0.6068230539291966 -0.0773085916217298 -0.3155901136656081 0.07455806323046882 -2.517276924507135 -1.1401960947958532 -0.4001658478320555 0.19836585627380776 0.7125209956046482 0.04925244707162346 0.13737555957842915 0.2508814864250925 -0.19077133308511673 0.2994478217108663 0.12984146263161966 -0.0029939625178209742 
2.292393646513929 1.0029011529459115 0.72969460062692 0.495716391718509 -1.7086578577509899 -0.32959744067585905 0.7402058189039954 -0.3876044213616108 -0.41109712311573765 -0.24694618741409385 -0.1305008482419438 -0.04284193263861191 -2.584354566813609 -0.04383274074017981 -0.2591192418120037 -0.052763747218810796 0.6140297151842804 -0.31585540825004566 -0.04071321364490599 0.012131118624379655 0.2876975394508723 0.13572819364071317 -0.06951177410111482 0.05862677953319881 
2.6708068159957605 0.04678870941390301 0.12645206089414263 -0.23232214288753816 -0.09926028969337963 0.03366647997526151 -0.21530732795590535 -0.04463121171356854 0.1793089997634869 -0.09793819788714525 0.024076312601503676 -0.19675060348464068 0.7203538200485559 0.5288082265795131 -0.13433523746058343 0.6212300124149879 -0.3386882376511033 -0.3242912248873318 0.28706201212230714 -0.2920441485497833 0.3678307569801071 -0.2879434754493911 -0.009845835505109535 0.05960778659771987 
1.93933616052108 -0.6601716456127598 0.7389669059273904 -0.02460878288461199 -1.0573453600664173 0.5919690122911803 -0.03948335090830141 -0.012112899888398143 -0.4621340428957741 0.09834110492968873 0.16101073563931612 -0.24604505583494396 1.102759233191544 0.21773416271280008 0.33652187655000665 -0.006923296049068976 -0.4712141270254316 0.021235793403401277 0.34873001748151483 -0.24721680291335532 -0.04129633883835978 -0.11797761692446651 -0.06025659725585685 0.055555445701058546 
1.0784891058801236 0.11964010560202887 0.06817954556584382 -0.05281593825769715 -0.2981024183711716 0.16167755870094092 -0.19856122086182781 -0.20092790655087334 -0.47115075712110643 0.6138781885545522 -0.43180839909090946 -0.0026637349645247665 0.9976367580119193 0.1380813457282161 0.31156052718075805 -0.10300485533546151 -0.29741437514847924 0.35301385947585856 -0.08067559811076117 -0.14349480818211405 -0.058633222133734175 -0.0012262445420556795 -0.13010786143485784 -0.08778238612542584 
-0.21972519800288381 0.3132729667134484 -0.2507347713589505 0.42673317755079543 -0.1955944123357991 -0.4573103602489026 -0.3143572870875879 0.43219433479710756 0.03802177184163835 -0.2489215298615431 0.2782112993718333 -0.3065517040018455 0.7435741998517305 -0.2593468809513831 0.45942982818242406 0.28575219088620024 -0.48914594933183625 0.23476991831618266 -0.014223887114187603 -0.1515660976025402 -0.27395931022409514 0.12084646077408918 -0.1873004827436527 -0.16023704802641792 
0.7574272212219846 -0.8541776339338494 -0.3133786820049611 -0.14897855709885732 0.36210736188674897 -0.5007354121822727 0.1641564344660214 0.16369959549002078 0.10513075879598321 0.0793718531346377 0.3557996150398186 0.09684987897508762 0.574653140321141 -0.29455913219214125 0.059393426614659184 0.5126136732766283 -0.10121083769158441 -0.23718745285148232 0.033415711398027646 -0.12078131299398324 -0.36386838580046876 0.2525500298030973 -0.1653936455377521 -0.10705503856599796 
-0.13085549670504193 0.6047778670093287 -0.44854346483447927 -0.8337840461226326 0.0799875978001312 0.2188657427842391 -0.1781705172296632 0.2602716418987754 0.07160312981796657 0.003054890317378406 0.3291081768049102 0.18490928127450362 0.048943902585120824 -0.5095979548155934 0.2450646424201075 0.5280184277840719 -0.21657178757058201 -0.2571584404236972 -0.04221369639474765 0.010707184041990392 -0.11622190761116132 0.07395998479729361 0.09552889346439652 -0.09844966460143408 
-0.6899051657322204 0.8575650520305125 -0.011096387540369346 -0.9603983462508681 -0.13226091036438348 0.535151865738817 -0.3669017399848731 0.24737737888024247 0.6036637212921357 -0.26976011094420044 0.03892409880580838 0.07277088809529453 0.22595575015089922 -0.5221442085727658 0.12856850352070803 0.160419754840207 -0.023101880313858292 -0.07058041748089416 -0.02893305067191722 0.017392171382389965 -0.07238019127370372 0.14016828412651017 0.20636117204046114 0.015811822748201615 
0.3571092877188562 0.9861954881780477 -1.137069845851569 -0.7516122112254151 0.7013050865015131 -0.2037786779383559 0.07781288932210229 0.35823389097602554 0.13742101342704605 -0.29623550221400485 0.15006237709564885 8.367852423532829E-4 -0.3150686247342236 0.3974004222123684 0.012509225226567333 -0.17573695712616735 -0.25467473869038876 0.3245831293938523 -0.08615769930305327 0.09202248691990676 0.0791012535855956 -0.10123183130572704 0.1336804200379107 -0.025470475737234172 
-0.16442242144266217 0.5215461812000886 -0.3548210020585404 -0.671323739068087 0.12075425847763288 -0.07767194937829269 0.12296388320589036 0.0625419568042258 0.28936239081255466 -0.1914878029792012 -0.17376100122693416 0.14145065874655796 -0.2943400437802337 0.2701078459043839 0.053174579421407096 -0.527698010102065 -0.11824494184378771 0.1876978633571553 0.1011745196279595 0.11146613956470412 0.08453372149726364 -0.19520632552236314 0.11367496341234791 0.03380140322988722 
0.5516090053528497 -0.4194139642125645 -0.31420883325509574 -0.4511104783355211 0.7175042294502894 -0.44847173783876304 -0.16463023091588513 0.07662189217706344 -0.00854996569902966 0.2676142302520599 0.03440946670754941 0.22698082316057444 -0.49407500491069783 -0.21660130106260755 -0.36177409513059705 -0.49452456580389326 0.19423849365654186 -0.5300573178807629 0.3844545032296221 0.1845345427638447 -0.01291330907700744 0.1323866132566133 0.07051539642120175 0.13165638851241956 
0.09586510679148397 0.7500462405126669 -0.5820506321028271 0.4724448176103797 0.21437434369259156 0.09440480561755471 -0.5492037387497579 0.053784959585611164 0.42304804636338267 0.03393399938985653 -0.24427433623718564 -0.14170534055347772 1.0278137595640378 0.46358682287788405 -0.5622394104092957 0.017190207558814247 0.18768024412075132 -0.1464355468138763 -0.20862223673385258 0.23655431684527697 0.26535740967762855 -0.13419236291644335 -0.04275172810977246 -0.06614455444760489 
1.7091905383338766 1.5217493617095812 0.06186725456236575 0.16007720784703128 0.07177956292440824 1.3003548982060094 -0.7394668093889399 -0.19099123870620122 0.10931811288265436 -0.8061062431683736 -0.02622714466283066 -0.25255438064488756 1.2156409352342583 0.27780443310633424 -0.8082156645235455 -0.2942130916346904 0.2065761752691536 0.17815720200238108 -0.33106241110016177 0.011432243763109423 0.22209322557942388 -0.0381132378854989 0.09638017637271912 -0.009167842054903638 
-3.826654466625289 -1.8397959503946364 1.1438591852606157 -1.028488204835806 -0.1194241406216805 -0.51277862695905 1.0362488826439755 -0.5133144282899729 -0.5656438775111731 0.7479495224803456 -0.015187511212426758 0.5796519239921036 1.1888893548837889 1.1933251331995274 -0.17026771854753586 0.05493060043934809 0.05986252204490461 0.3618355735406242 -0.4405743719282879 -0.16813248444162973 0.0086871346316294 -0.3018313177697621 0.024464197555782923 0.018211892198027952 
-1.1340540136415385 0.04209383192208449 1.2474832516338195 1.181995307791643 0.26467494579996464 -0.6793516275576039 0.03583069168773345 0.3258748548255272 -0.18048368050002334 0.02494618236331203 -0.3692744749229874 -0.10619428294750533 0.8155755133537049 1.0017508286545278 0.2468573461390208 -0.11439060472962281 -0.3780906141910023 0.10064117540659234 -0.07049912368767153 -0.050223337532153835 0.11625131892657364 -0.018111822880831168 -0.007006622817484047 0.04992542485605835 
-2.0491806818721754 -2.0901013941921667 -0.6640554749959464 -0.2033060336799704 -0.06166091387990047 -0.0012486521225112401 0.3848706264967691 0.2997493661446361 0.5418875391598333 0.5239017399332998 -0.14614326377445605 -0.2695210659962527 -0.6667974627220793 0.0028287982690439564 0.5755552662004654 -0.16696229731073112 -0.009488726575171968 -0.23586106052981579 0.5795991639664418 -0.05193726863443682 -0.16539087449788467 0.2986462493588969 -0.07427316846775141 0.2706576416585545 
-1.6262728941037954 -1.3583504023552369 0.22525254627358438 0.09065793645798192 1.1771697921265252 0.742666384567963 -0.20228031025232213 -0.4468531233270442 -0.7932015522325697 -0.6397468832523572 0.06027060007063613 0.02225583978111556 -0.3963008586202957 -0.2047259622008161 0.5275666620912697 0.5729043987264676 0.10930323632836048 -0.2834625896625365 -0.06598399507940626 0.07075390199534136 0.14029195422521887 0.1966294351236846 -0.17783031633174542 -0.09483774037517867 
-1.5801526382279225 -1.1480602280631076 -0.07169126066066278 0.018067372763218015 -0.5472053840594449 -0.5162044514323861 -0.5834931082853223 0.028861366689623247 0.23688768184875414 0.18435730721148946 -0.0071405433059843065 -0.29654606234787023 -0.9271529860694919 -0.7034244380259301 -0.2328375593846267 0.05690622886268406 0.4244157509351554 0.2528186646202087 -0.08230542805790647 0.2441106983405398 0.013895811329895591 0.11933199424722318 -0.026143983014624072 -0.22698761704204382 
-0.17966545960277794 0.18525113546000327 -0.6313988418076313 -0.6474045916093538 0.1795374719046554 0.42851404108494306 0.717964544316998 0.24905714856700956 -0.44885961452014045 -0.3951699066468366 0.09471511383801304 0.19183143635383948 -0.7251110596003599 -0.664717171017661 -0.1342042671266365 -0.08261020301924439 0.30983914215691977 0.11492305903378303 -0.25298933109273175 0.05206366937550074 -0.18821555175567925 -0.24422594232864814 0.02433256951427107 -0.07709659095442441 
0.008974559085791811 -0.7516288490219964 0.4627828971985415 -0.0049934562343547095 -0.8360920065744317 -0.6026284742416275 0.1716644833858285 -0.7805378648240102 0.32802913631393193 0.043617268888869964 -0.08493357161427229 0.3266539868435167 -0.5351821210015782 -0.19747700215143418 0.021212119967775278 -0.45038329282493184 -0.17816599977603453 -0.09250843035512296 0.08922789845659214 -0.001582990603718822 0.08681057527267276 0.08435082135989995 -0.06858226873149219 -0.058732589508362985 
-0.24550331395957237 0.4375854211771908 0.36062826872389175 0.3500189600145015 0.3920956769132593 0.44110921887123455 0.17910888719029772 -0.19834451569672973 -0.2741256241981209 0.16330096289489693 0.026169405681966913 -0.058054411951304674 0.4362782993029848 0.3694028344856343 0.21082742342180638 -0.5070774946627886 -0.4101391190077544 -0.11066329791138559 0.2827335407539349 -0.12383811645775189 -0.09918049760141766 -0.15555179782394055 0.036343453659929394 0.20748317445635134 
0.058312651955209294 -0.6817963644673988 -0.6313411758297501 0.8705054754260857 -0.1189864872356432 -0.244976749260163 -0.5817489750917486 0.25731117063264936 -0.11091103913027389 -0.34793059163907714 0.2328791169665153 0.00459463032979078 0.1454340125035449 -0.30992157691889627 0.5369711789632974 0.5784740777602163 -0.014416645822184234 -0.2821277464198462 -0.1627641762906686 -0.4325356571548067 0.08766620610783145 0.09137723733460872 0.003052255075411056 0.033706830733427874 
-1.5131694039464412 -0.9578736102741985 -0.7168190755589046 0.4360784265487919 1.0514020692585244 0.5816780723283675 0.2464706512939817 0.10164698021193547 0.06815196600621543 0.2672594170889586 -0.17322159143216895 -0.26958840875835155 -0.08932807917191858 -0.46290684660473097 -0.20496723247614357 0.44367649961796757 0.34105563865010247 0.37624563617389545 0.0034822080007826752 -0.1839722927904852 -0.18486549841706168 -0.08643827621665373 0.05369760440817186 0.02506812434951917 
