0.0 0.0 0.0 0.0 0.0 0.0 0.0 0.0 0.0 0.0 0.0 0.0 0.0 0.0 0.0 0.0 0.0 0.0 0.0 0.0 0.0 0.0 0.0 0.0 
0.0 0.0 0.0 0.0 0.0 0.0 0.0 0.0 0.0 0.0 0.0 0.0 -0.052068790689385004 -0.09638575241780112 -0.13244079752843652 -0.12005155566630171 -0.038936775287015925 0.04795334047341693 0.0695194573107321 0.01539659425898445 -0.03408580318731349 -0.02724408259463799 0.00529764770917901 0.01976866276718715 
0.0 0.0 0.0 0.0 0.0 0.0 0.0 0.0 0.0 0.0 0.0 0.0 0.13761920536595085 0.18769244762862983 0.20685764566474688 0.15771528299202708 0.01592902110277289 -0.04808627553583925 -0.039010926731582664 0.02844441729069766 0.07530217118090153 0.0262791947878749 -0.03987002387024529 -0.06100041884897167 
0.15620637206815502 0.28915725725340335 0.39732239258530955 0.36015466699890514 0.11681032586104778 -0.14386002142025078 -0.20855837193219628 -0.04618978277695335 0.10225740956194046 0.08173224778391397 -0.01589294312753703 -0.059305988301561446 -0.1290480202247526 -0.13449083954190208 -0.026866847466593347 0.022619685002203776 0.015492347932209669 -0.12397320206948081 -0.22157187038850132 -0.16643640205032206 -0.10170535677997046 -0.055513681904321634 -0.036292757288727016 -0.024348081143342543 
-0.49096080213193005 -0.7076559715125912 -0.8192341332868954 -0.6532231824755338 -0.10619222623884256 0.21618883731764316 0.22131196616084614 -0.062238360483616306 -0.27703521832367484 -0.11970370825558169 0.12755654317450438 0.21265425069769572 0.12010877859112679 0.20495179226233473 0.13654260509902505 0.12615004024110524 0.16074697080163688 0.13984897854252706 0.13762192032800016 0.09297914199819472 0.07978029737716096 0.11516074762889418 0.12481668889627273 0.09937267178018654 
0.6326244617402228 0.7573005043820018 0.49021760904322775 0.25875253623115557 0.00661906932279227 0.26382518754962087 0.5540596280850808 0.5304283863927743 0.4436336795017488 0.22639289984075575 0.04510000027892885 -0.03328288191882023 -0.15178278732499972 -0.16877793950498268 -0.13263374693504737 -0.08768611771860833 -0.05656773949657482 -0.030186642435005313 -0.0027684343712073103 0.032807271563278874 0.08626367880017455 0.11602849993325659 0.10298754668519665 0.07221995187699103 
-0.5985353806094142 -0.8489270003513034 -0.45607542352603425 -0.327749055339441 -0.4271452841357829 -0.623389540112517 -0.7941747609926391 -0.567246510579448 -0.41002902710138706 -0.41781256891510343 -0.4049465383920511 -0.3111295685319302 -0.0759701380921373 -0.16229087918317223 -0.23186930176492695 -0.18204936578515282 -0.06046811368404029 0.06662476751715293 0.11241861655735737 0.03204932052149817 -0.06568642106778128 -0.10875747309391147 -0.09747798688348848 -0.0640921618333067 
0.6653420232818963 0.8661265901877075 0.6136442785100211 0.4604759565866837 0.44699007329924245 0.36648909459984524 0.30749029475816825 0.10789247758112586 -0.09003672244972705 -0.11729882168609496 -0.058604042399849204 -0.014073934317721554 0.21206702048784956 0.2425118179308786 0.1922144640186764 0.03217377717976258 -0.17378827654317486 -0.12439415861600579 -0.007755517550659359 0.024084995282133388 -0.025441603961128195 -0.10237793969674418 -0.08746379558146894 -0.030053472669083908 
-0.2794091686263549 -0.27519637686592735 -0.18533956272551122 -0.20793679529783943 -0.1449733871749468 -0.03501741875892783 0.007340783152230301 0.052881632357713426 0.18685924585540692 0.37841457178957805 0.4718425251643589 0.3953262623970665 -0.03736366871033588 -0.057022675276652356 0.0369445635974169 0.031634379819122906 0.016082997468444327 -0.00467483303256222 -0.038159207079919856 -0.031082784938864183 -0.06784220022522809 -0.08912551006357661 -0.06491060922234278 -0.03580185949099037 
-0.1631397057148556 -0.25710026115332196 -0.22179371341306298 0.10232507467106705 0.3868979504718989 0.34282160272084367 0.17656840866462425 0.14810932907779348 0.22151435490673638 0.13541314857864756 -0.1309031447548693 -0.29635037937606684 0.2786396746833639 0.36715608709562114 0.2636856018080014 0.18266697442335075 0.17675786365059576 0.1558476367807905 0.12682849517428446 0.07073777608924824 0.060768314792117216 0.1113303517220058 0.11522600549589228 0.06161281225474993 
-0.07220350998003067 -0.1162455488508316 -0.1491901183567429 -0.24357675383900135 -0.4453482151274441 -0.5975312950753296 -0.6142361967061074 -0.49410658151118925 -0.3622779651039345 -0.27679202385674484 -0.17406515954751267 -0.06258576752978645 -0.005851351754152597 -0.036146341831689265 -0.09829199369389041 -0.06464982322965536 0.048444832054791685 0.09396771169237068 0.04625104150596313 0.013427104865066541 0.05641072251913796 0.09757076925160386 0.08727847184245922 0.05696041864916892 
-0.2741798300913576 -0.3148170851067036 -0.19548724909836723 -0.06970498741278752 0.06690389632370386 0.18020312241567463 0.23779329916448372 0.1691732562478325 0.0022269386535920255 -0.12368657902895089 -0.08132821653159023 0.030043643881455126 -0.1828842865920648 -0.2696828573287167 -0.22262992033235052 -0.07999377037007284 -0.004787875544126259 -0.053860141832542376 -0.09540321592606289 -0.018556960712742442 0.0653457535544449 0.027457758470309315 -0.09584025791425554 -0.1633835445956717 
-0.2063350511756461 -0.13789893939416875 0.09638318619881214 0.07202770543305392 -0.13031085626522432 -0.2356113136834554 -0.16202478661558883 0.0020683541774942915 0.1272707864245652 0.2152521278385657 0.18521964552534165 0.06124799482079873 1.5159616518135266 0.972633998677691 -0.4015989521028948 -0.510418207276968 -0.15905957427721742 -0.20959609425346779 -0.3363564175880231 -0.06169816744096577 -0.10306236486189913 -0.23729740493719778 -0.09076151526315045 0.057966750550431316 
0.4525789246591465 0.5627750061044967 0.32330939530621106 0.18450415614525795 0.24374289767316776 0.32344203752253364 0.23667235139755366 -0.04430725662832097 -0.2192972815208482 -0.19298220267993565 -0.02302477354852983 0.1318833732356557 -0.47476962300696696 -0.5545180493768521 -0.03761742735283049 0.17403764681498188 0.05015042415911686 0.03154424349489136 0.06905294827092794 0.09387718969495172 -0.03571153560381398 -0.014410952860626247 0.007168270451703929 -0.005702200729854459 
-4.9834678427958625 -3.4729435904895047 0.7962084157496525 1.1605732962128796 -0.05658899297052375 -0.04036246986835579 0.3953935299414269 -0.2022718227502152 0.05767123956898301 0.469748002780341 0.06906766475040846 -0.28740588385818067 -3.5280053629606893 -1.9862242630563494 0.9371802247403195 0.8107782735835496 -0.03205870250260248 0.1418606286281014 0.416714631785259 -0.39455054414525986 -0.1389333326933281 0.22131260785531146 0.0032370155566675183 -0.1244785012058332 
3.5386954347396515 3.0162593885715205 -0.43254758181529596 -1.136090723247646 -0.12040830780099698 -0.012054029976549252 -0.24807470392680797 -0.010288224373167898 0.14416131889282507 -0.2077016579179598 -0.044757037499235416 0.2214771854105082 -0.22149521096964322 0.2546503569394607 0.7516220505236474 0.6219755920774169 0.21870039215211867 0.017906047415209753 0.043424734692516724 -0.05136482712226997 0.03722046059362838 0.12858416272765458 0.1275365098636379 0.046575805297692174 
8.83462278266617 4.594031658541368 -2.337228999461393 -1.7000096756211425 0.1479408539796655 -0.49344516581821807 -1.1697951543091851 1.1687104704856974 0.3623414842977129 -0.44132596810835656 0.1863747308306919 0.3898865923508721 0.38699092549289854 -0.051591403043211116 -0.4071616058672672 -0.15668769584962994 0.08560260810060523 -0.001818417270216921 -0.05802839720717965 0.01571354909446347 0.06480900183862079 0.07823686016508302 0.016407242650474267 -0.049800038534204116 
-5.79198075516294 -4.234663689229322 -0.36483804865920855 -0.2511311341699818 -0.514623202258283 0.4962652432518355 0.8889924894453095 -0.5757039218794674 -0.4832937856660983 -0.12319770541855068 -0.46428783617958524 -0.3464902807619472 2.4708139579491823 1.1966967031317417 -1.0307861685796091 -0.7151918856768575 0.06420685844455926 -0.09742479284554069 -0.3516730142815821 0.3278963746825831 0.05688941871076803 -0.13285649638913702 -0.06766611503788354 0.02850494777552537 
-1.4791025243232632 0.30729215754054984 1.9838384667734106 1.1881565892229373 -0.11628937004369644 -0.2890668546718974 9.451248769071219E-4 0.03329537871954413 0.17697178633258234 0.1927854460353874 0.22961133613916057 0.1459779648306594 0.6931981859725779 -0.03680603027274761 -0.6247569237589018 -0.47006377649049597 -0.0922742779030516 0.03501305707476058 -0.21938680210933512 0.11093795085893232 0.04666261925979226 -0.11594273453340165 -0.11530123919221684 0.055967400748895946 
1.2831162143868218 1.5695390296767044 0.4992771908061303 -0.4345981986391134 -0.18091377112299378 0.1780311929869125 0.22157419932489228 -0.4262698025378404 0.06617791174308624 -0.12618787582242075 0.13662300496018082 0.25791665584403844 -4.006364996795505 -2.0376770622059 0.5574149404786505 0.5033369097381241 -0.09722622303944296 0.0566511222231745 0.508939968188795 -0.25078326547227275 0.04727612279774657 -0.235612084258957 -0.08588570043564014 -0.03371289635334015 
3.2174797399735553 1.802348389906598 -0.8950158479173569 -0.1980848139150888 0.2579089721211757 -0.4393673119100383 -0.17792560292097115 0.7611795582380869 -0.052382222186256155 -0.09200267930621658 0.23182302783745934 -0.08021907819880858 -1.9143741021928247 -0.43161989053218885 1.1647243765796407 0.3144984438709113 -0.17264681118267744 0.29806645903108475 0.1326841296305451 -0.28837346217671117 0.17602894388010867 0.2785072570903942 0.11750367551819857 -0.0910491146165741 
3.8788231030751685 1.1308393812053534 -0.597655712749776 -1.0680211618153408 -0.4100437042223901 0.4014621052013825 -0.5483920512221363 -0.18729621522192064 -0.5104451497999187 0.7260326100291223 -0.20773658072181417 -0.1322530701871928 1.1243062563998734 0.3579772068031435 -0.47194538734221664 -0.21838139003300183 0.1433692271428216 -0.03785233686704459 -0.1336479252843108 0.09247575250351019 0.12846773050932164 0.04390973765471921 0.06265234417481975 0.09369801499273829 
2.9661663379110372 1.821501653372792 -0.9618682111875583 0.5613727391983171 0.516216030054034 -1.2949816878723865 -0.012124138741213902 0.7789289715917177 -0.06280351453624111 -1.0688465681615666 0.049280102425562355 0.6142101716959972 2.9018855240455808 1.0984877907790327 -1.179888919865549 -0.6729384924647209 -0.07341077165038871 -0.3016449476661798 -0.21189430816641117 0.457644920986165 -0.12264828175295518 -0.01645586678577395 0.0318561945297317 0.05315748416550949 
-1.9641458537815395 0.486030777534177 1.9485395344678809 -0.15918280509681093 -0.7401749815178877 0.7193953915692204 0.539617243087946 -0.7125717667251863 -0.3140146336098862 0.23050485564109663 0.03993743514167003 -0.37039201408157935 2.612338940442521 1.1483465611480559 -0.8415219775261576 -0.9089386724162652 -0.3880828516463409 -0.2539523830816202 -0.2916847733058096 0.03770207266391532 -0.4375179362673203 -0.13606497792053762 -0.04459343424597877 0.15671380426198608 
-2.566692353734834 -1.1707106805949117 1.3715532880704613 1.366311485119809 0.6432069257200906 0.30660088790458206 -0.08624732557677883 -0.34911742896877507 0.21734736497759316 0.2051287982451181 0.012417436316522146 -0.1206220587481438 2.4358065676926035 1.765851970577554 0.0246056517618319 0.020824401585802604 0.2622975176902072 -0.29890222585697346 0.0765921075744028 0.05880440435807114 -0.18610648176995118 -0.42547586436757917 -0.06664190744325714 0.17228866446777194 
-1.1917643724294589 -0.8180941352549622 0.7601994701996873 1.256325482472709 0.6907094028836043 0.3625279665577589 0.36372386211307506 0.2636207670665798 0.6620332192451249 0.49723986058739267 -0.05552494492935775 -0.2349783677510805 -0.013327852390174163 0.7295389785708514 1.0268346953087202 0.13038441066207052 -0.20695092208421126 0.27160234542423795 0.15959620215120937 -0.1090359344048611 0.038811759316465244 0.19453102596574565 0.03443082623370027 -0.09183475304929693 
-4.727444105842814 -2.8239918019653008 -0.44151513433895717 -0.2088546093438507 -0.9861187152173336 -0.21984129779573544 -0.15395377097698681 0.11441949162162127 0.007492004346106945 0.07421352246802285 0.29693701479084766 0.029637355127431944 -1.8834952552249513 -0.13495873280243695 1.4987062570655703 1.4714637116716578 0.42533158717479075 0.22112578238261735 -0.19342666156258312 0.14454838061223962 0.20865232711509293 0.1591903496744865 0.22483407323207286 -0.03567509710795916 
-0.8437864205570269 -0.8759455974931827 -0.22543034025357067 0.2372470101488074 0.6953406052034582 0.16780944814666526 0.09468185933442191 -0.6172324238058011 -0.3255222312435388 -0.2876305843675926 -0.20561483279659354 -0.17001746187147643 -1.8964140531558582 -1.2204319606808232 -0.12848936093433458 0.2464271621495672 -0.18322429003235916 0.0675204560923819 0.4036086201911851 0.2105130349605142 0.05625519803395126 0.1321327844848061 0.1454224705403667 -0.04682135727053235 
2.909804436003804 -0.7369087510684906 -2.631750577899621 -2.5385404137332133 -0.6351034369642087 -0.2594172000377232 0.628553660500297 -0.3423359753693035 0.08516810887664616 0.11999297169915121 -0.5870398394460785 -0.04607722036406836 -2.2690423973748945 -1.7033666907060179 -0.3680682110347884 -0.3204606458458685 -0.6153459605183389 -0.19308259364200797 0.16805606721130686 -0.5059039294694205 -0.18212813958769494 0.1528867270006358 0.14883604943906611 -0.1780968092780303 
0.6788535161148064 1.799660221339102 2.240785274783023 1.6818868982186888 1.0648746338541193 0.17975454940160704 -1.2383557141991224 -0.13954060431950044 0.45442957287800156 0.0779517825174102 -0.04980392943199474 -0.056657008193733316 1.305472684592149 0.6856340583943056 0.430062684811745 -0.11098519837253353 -0.04643501425562058 0.15078844624080626 0.12622879942680237 -0.29439163725021716 -0.008148006037969594 -0.006540938452350098 -0.32215626751804544 -0.25539147303057996 
1.3183631179459532 0.9483053607366108 -0.5704183087528889 0.03020738415881391 0.6751521520123525 0.35343393250281757 0.008396814155864685 1.3932853702867325 0.16390052104842165 -0.5672378419763859 -0.22747658520865013 0.5072475561226513 2.46863558628399 0.7492766214910596 -0.3997579593564024 -0.8224020999067992 -0.21277847665975833 -0.01031279294583252 -0.07639779828073907 0.19054178329220972 0.15762563542531424 -0.11364056148501611 -0.3295219652396773 -0.03839996040431096 
-3.964483815304548 -3.77545482857865 -2.5462845292621714 -0.7141712936796056 0.1795178534820394 -0.5909814568460239 0.02607388422623097 -0.6018681848831675 -0.34044441921551777 0.07560763782722628 0.5810723426388285 0.31949456897690365 -0.15233049532446455 -0.1241033971575048 -0.14793279880580576 0.39275656407496573 0.9033392949073132 0.0777349463469958 -0.44278575243784163 -0.036305440008888246 0.3362302124767959 -0.009302214399860675 0.01879394750491947 0.22640793307980092 
-2.174433657138489 -0.19718109058279332 0.9610582021921834 1.1266949819363319 0.44591038320110615 0.15688918192358986 0.22553225612983763 -0.6827975349640991 0.009728198647463104 0.46208672849929155 0.08608792023754175 -0.11895312773645397 -1.8463333391989682 -0.9204632332134709 -1.2285316816269367 0.12921195913453348 0.6287233487522206 -0.2880188402696821 0.3300447540433853 -0.0025173531443114516 0.04654858546759403 0.04485884102365941 -0.05577608891482946 0.37036095587807244 
2.882243389630421 2.7447136384713184 1.9188454157279038 -0.04462659289496729 -1.5305223664621972 0.04482208565023349 -0.018566177872583856 1.00741716833258 -0.4771749033519068 -0.4088038595208465 -0.2629680246698491 -0.4227804655035835 -2.9786799605809513 -1.4516377287753377 -1.109505486076319 -0.06050129313130833 0.3136822420252098 0.07387061047028039 0.011703255656790609 -0.1341447535773784 -0.027970768580860506 -0.1016984181216052 0.18949005333180924 0.20983770287553102 
3.433999533075374 0.4496108268520391 0.8826117636328839 -0.6922008436371058 -0.3559977842721911 0.8995886820637352 -0.9594174169248838 0.5961947531117929 0.09262000671383408 -0.4596086163733277 0.361871865190177 -0.23269779427132242 -1.4206738053071437 0.30840393523967863 0.614170301503397 0.08917151782203307 -0.04668905336268808 0.49478143641797107 0.023901808462747153 0.16688177933172307 -0.04283267532798185 -0.11469381471226126 0.01694857810773587 -0.12012298087853546 
2.167339471331376 0.2560623990299469 0.821455148246435 0.3767804985010381 -0.3605747888569413 -1.1839430383269378 0.5834389537832199 -0.8389300681889784 -0.29797801750612174 0.8415505646283515 -0.12528978983291691 -0.25314620638225516 0.7033102537932164 0.8362482760041496 0.86041194928446 -0.47826188929396835 -0.25118458038135455 0.3240749417447017 -0.47139801583826896 0.8370544529582612 -0.02610996448059884 -0.25475616972347415 -0.042793532234368915 -0.2044575975770728 
2.445039717932465 0.12193272341885653 -0.33275756857727323 0.64847688277223 0.0010037544865424408 -0.7130725653417378 -0.1471757350863057 -0.26026925469848905 0.048627781708516116 0.18099096056147623 -0.033596931504131955 0.15659868533848822 1.0928300866004443 0.03745715627038434 0.4544537065761773 -0.362432347494867 0.30441135844802486 0.030763304426720373 -0.39723594460297845 0.17992305698624989 0.17455017329273834 -0.12136344534082201 0.20421299779497945 -0.1289004883384146 
1.2667925358222263 0.3998078621754608 -0.05470576602039756 0.7198202117822698 -0.9554693946975004 -0.12107211588113498 0.989507028722934 -1.0755141866370623 -0.3768488974074513 0.03516486118217399 0.06314697038041214 -0.0040559125772704485 1.1735764072969876 0.06721735136366676 -0.046812649210611866 0.45565764163262673 -0.04698287140098937 -0.6680251569050794 0.32865604179176633 -0.4466243913806103 -0.07453886986321719 0.31993938904102537 -0.04378954265326231 -0.06314638147829371 
0.6057827410286158 0.26536662646812914 -0.042668898962231694 0.22357634220687939 -0.9717845566959862 0.2758633075606727 0.0292563794141944 0.17471764137708523 -0.3915950732137161 0.3076745713722271 -0.3449855083014258 0.029458523841429052 0.9437904173827695 -0.043501917019218496 -0.19976140493723094 0.4508599594109393 -0.14900010623233126 -0.3943444103297861 0.20408850847505203 -0.27168125130686255 -0.007143908236291037 0.07448178632300284 -0.01968559015703811 0.041301773488508046 
-0.4337612621076623 -0.01730660658568972 0.8168487610707498 -0.7777421561141666 0.26676798093729115 0.32566449593709523 -0.4907452288423292 0.28344965791506527 0.14575001954464595 -0.18160940790010005 0.16177312652551695 -1.369811988444214E-4 0.3558504867281247 -0.017226082182388563 0.022600752548263287 0.37684466640575615 -0.4591670764780749 0.06581198348988981 0.21583875015836892 -0.28674191268705884 0.0038267778771824044 -0.046497025981686646 -0.09136372145131122 0.10767009649922206 
0.463945364749101 0.4609957088570873 -0.1692506173111541 0.04467818848763039 -0.16311461463385957 0.24659235973850535 -0.01931513172883019 -0.1247074230539651 -0.1912399520586594 0.06593273613360473 -0.023853239105570023 0.03073389918375108 0.014172557684007122 -0.034442850966935744 0.0938216143535245 0.29835360199458133 -0.2979501557931484 0.17867638111976505 -0.01990532287952555 0.12362770282348583 -0.21257067551384498 0.16621444064438043 -0.1035782902250512 0.0032145063820547457 
0.27015976377760964 0.35367156752814743 -0.059217164490726226 -0.3212647105753741 0.017696863705661148 -0.30387259243972076 0.36627653381933944 -0.06557591636036064 -0.4885067916165269 0.2955268567465451 0.17667200013641793 -0.3277038897460976 -0.026785160720724715 -0.1251942812417246 0.324913775835721 0.218391525838028 0.007791956198753762 0.22433878646825686 -0.09875251107930867 0.011846865280978428 -0.11040108888169475 0.08062334809567917 -0.10674413750940971 0.012514498489301404 
0.2113045550339585 0.1832060923120178 0.1138992207579328 -0.8997231865462609 0.046601469299274 0.05460270838978554 -0.33953853327806327 -0.021652679955659282 0.5632453589084052 -0.42953688288423675 -0.041700074431722745 0.1835984589688914 0.13899922308698306 0.017817739733769617 0.35142785899292434 0.325894277502828 -0.24183796909134436 0.10808942767485956 0.08441926246625998 -0.18614068854357543 -0.24737252384744413 0.22305984519911617 -0.1298406927854621 -0.12370958758325122 
-0.22708537508791693 0.49717104541201884 -0.2994674854709567 -0.9607160461113051 0.13853407037446308 -0.2513570377933154 -0.034375994829786594 0.19638169052297708 0.0997106307061979 -0.17574464267821682 0.49092895671682246 -0.1141127565593188 -0.11275266680761575 0.09756681740075172 0.45230428848635845 -0.15233004776182288 0.008911479279209026 -0.10041506494360346 0.012844503981468247 -0.1770584884894211 -0.15177042415988817 0.11258041872037312 0.054781214576770786 -0.30488500829137727 
0.2955702649209151 0.33579275071384274 -1.103409033799812 -0.6132789762528881 0.5019806893057726 -0.10393370060927598 -0.07224665480304715 0.30273583913509233 0.2567689083223106 -0.36761104975136283 0.208540360960614 0.2950670953401153 -0.5346532248044346 0.340280973608117 0.4320644513077343 -0.5226443084433204 0.1826772729933941 -0.056161785804659504 -0.1997349993247665 -0.04204771512835961 0.12254905286684849 -0.15165930543224312 0.1642477164861732 -0.15513138349282085 
0.5662849092569786 -0.015322213875020196 -0.8074759026709292 -0.007496672436591911 -0.2367271841352152 0.07664080689062036 0.19409708263742664 0.3034052895625269 0.12004270615618495 -0.07317731598101124 -0.1127918612900628 0.5312168169424224 -0.5323909111990771 0.14648757835090662 0.21743801811545907 -0.6018686708788046 0.1284029914040413 -0.13447749740450263 0.07464928261879435 0.04251264421027112 0.11526534280611145 -0.19599016569502573 0.1478077127268185 0.09605168055354187 
1.4185790872748143 -0.5813901988688137 -0.9282899245652838 0.19160005194634389 -0.3137997224260691 0.05908914346179617 0.1454299259626296 0.050978665909644616 0.1854321625828662 -0.025842629936110195 -0.23258281488679977 0.3263278226964834 -0.40916264366798494 -0.11794930145373339 -0.36022104529944404 -0.06100546630975182 -0.24383781363668203 0.2062034140380428 0.20840646575508734 0.07960374475298866 0.022638496168739575 3.959497338338706E-5 -0.018544028058844458 0.22592626868523444 
0.8085829473323649 0.5162997851506272 -1.039341094434598 0.44245045242549264 0.16121530202826007 0.07056403238465636 -0.367162133069008 0.19472234450488757 -0.21041702484241426 0.241341644499234 0.2680674064600739 -0.41789816189812845 0.2829365411724461 -0.740124215433409 -0.6078002423257325 0.3752490139207873 -0.6303747877553069 -0.30180173086038403 0.6043563259749115 0.043093487547246345 -0.15777730704744408 0.15146490894636663 0.16136754670933048 0.31436896203615433 
1.4019091768871768 0.4238296555622192 0.09318669798035448 -0.6552361397546749 1.034522887134081 -0.7195055554704224 -0.4168364442150918 0.11826607740494599 0.35408328531539146 -0.5249893149116356 0.07374281126207904 0.09184577870468752 1.977873139859069 -0.3709741100503156 -0.5028224436604707 0.10236984718896507 -0.04078114379050024 -0.27480135358257135 -0.0828449643968255 0.1929584964611197 0.03022632692352468 -0.08133071488541645 0.040979636965644606 0.02218425070892231 
-0.274189759066541 1.7024405052096903 0.5051865130334492 -0.7098256183484444 0.9802358743506303 1.3713433489378817 -1.3378387101984472 0.14048112117313716 0.5090490659322545 -0.2779987003323485 -0.7500573144924937 -0.29464904717014273 1.9683087764355423 0.6492914071041422 -0.7982886686069343 -0.3319948865522501 0.5382942752251879 0.14277546551432563 -0.4792840723136551 0.0890695322465594 0.02175140114318669 -0.20373094488738566 -0.0022950954119460576 0.06197536930727798 
-3.9736539791029397 -0.06153822874739845 -0.19208639731789545 0.4606285457664172 -0.6009665772157535 0.2331035459328975 0.8793031077178257 -0.5007762118078393 -0.2649798635750422 0.4778196871359304 0.1535406346925502 0.1981505132057236 1.1471408521302162 1.061368060125921 -0.25385064706229116 -0.5937599115566072 0.5329365441793987 0.124198859663597 -0.5005074945449742 -0.037572270932109 0.1539959600402734 -0.2818416216138069 -0.17649678562766144 -0.06934863300868917 
-2.408561803979204 -1.1888904940069907 1.4981614590353303 0.8805027693216969 -0.6359227914723862 -0.8340669148599804 0.4226203079054985 0.23703489237160197 0.03386034617324252 0.35112997813760805 0.23505378098067647 -0.6569766370704804 0.06444108272719558 1.4112076718456266 0.1702300305299382 -0.2660818466744254 0.11302048251421153 0.5775361607225756 -0.4031525082462906 -0.040009397501785914 0.12074123868136516 0.09443902155126149 -0.21159560778417896 -0.2713469495725876 
-0.9723273570471402 -1.3146090252072034 0.3582511661662875 0.3308794010800762 0.24379258750739297 0.010602997437717532 0.20445653036785827 0.1827060046020406 0.12968976507407726 0.005971210694806772 0.11067762040847828 0.48105547268092386 -1.3335434676140894 -0.018593258414658642 0.4501299728479236 0.5283544437325398 -0.13900624914348478 0.11461837034045552 0.14055045899212992 0.05387197143768988 0.059600861377560134 0.3200390361870595 0.28984075700841244 0.018988743956665177 
-1.9681763182760275 -1.9046471120972868 -0.2806723602984569 0.15329449401800233 0.2187948444464225 -0.25001485898225506 0.20904210321540828 -0.08123179452644502 -0.0505094644364007 -0.3253915267655712 -0.09383898399792084 0.3779393218100199 -0.9254614046061578 -0.3983900550807589 0.7304911098254928 0.6981570776138786 0.02061569573174397 -0.4885393104673039 0.24913525345248008 0.1881153462963674 0.17505157464441154 0.13397754945513896 0.29266706390806213 0.133844469578028 
-0.19321631911225978 0.35211985554172553 -0.6530594061947729 -0.7608306477793549 -0.6113066477447036 -0.4027775930273318 0.564440833086481 -0.5032587826718854 -0.401597542402901 -0.1440366689736583 -0.5515352538433885 -0.37627369810452205 -0.06957817482146167 -0.16113275727495768 -0.1639400299027827 -0.22124441686986404 -0.07621025095343296 -0.40894854547077303 0.5245950852378681 0.1365638700157116 -0.003768551680084257 -0.32656493024927 -0.16635952537255702 0.14575081506418117 
-0.021733109128170724 -0.8270847691391783 -0.1876565842606181 -0.6681134390902232 -0.2702202610415698 0.838241311774456 -0.504777603811253 0.015671247119462772 -0.22565072402150288 0.024201269606423714 -0.3118409736175765 -0.6298454604118415 -0.5939963214357407 -0.5331042939675238 -0.04037245342530826 -0.11204845547892812 -0.23109874270644462 -0.11109489484988617 -0.10807212809438811 0.2509375194048175 -0.08047048650379547 -0.1194307924413155 -0.07771564394493481 -0.07110475798271206 
-1.7368144371566836 -1.3699919248613845 0.8035633678557162 1.405316618243781 0.716930893111688 0.693320548471681 -1.0124188718324154 -0.27543712626804817 0.22856604990688112 0.8108696032566194 0.7187571913359772 0.547695418599311 0.21354841808312508 -0.5067348284540425 0.02510402557424744 -0.21987762388883766 0.06872527743251851 0.16650256598647745 -0.02862746345286112 -0.45732912213166754 0.07865068513113309 0.011119027173655066 -0.17833984155690952 -0.09463168330116707 
0.5856117050534064 0.5557216600068395 -0.8878663870477767 -0.5936337725567813 0.2479723021375606 -0.46477924518210295 1.3216883399580208 -0.9479551809428162 -0.12417980107990534 -0.4445522855567635 -0.49583827475279924 0.12926903740623955 -0.7092500625162689 0.01028927837621015 -0.13582132420777795 0.4874041258547644 0.02372056443871177 0.2205721739016253 -0.4940930134604227 -0.21937760068736953 -0.2209789636152324 0.16232810121532593 -0.12531684044209387 -0.20383134592587737 
-1.1375339804524236 1.1809211263308441 -0.378266581523936 -0.13843760937956295 -1.0765787616318243 -0.2507750125084846 -0.2629097484395726 1.3505417977542566 -0.688285059267099 0.05698302708697012 0.07548292139495139 -0.47193589711006134 -0.7465585818945817 -0.20518248480482484 0.33967354412225487 0.2913313541044404 0.3450133133521336 0.33025470195563755 0.22609614217883234 -0.13846602259086624 -0.09804484086079228 0.23620146205478576 0.39397616008236086 0.23298511921481727 
1.8063768500685056 -2.133409129863923 0.810722363052542 -1.3584487028428445 0.555372873014051 0.648572570559663 0.6027468748735939 -0.13918541282958108 0.8957117214111844 -0.08583974595472943 0.385746682679218 0.49146423522047683 0.23130927787576092 0.2779480581347884 -0.5491932637611582 -0.6546274175649984 -0.3371226138071049 -0.2770032507329557 0.46386890075710435 0.04775795183131981 -0.0316242110654242 -0.10441665651202668 -0.22306400450412936 -0.10517285258464219 
-0.10752126398048834 0.5901209244884713 -1.0647516395612076 0.9137300210734915 -0.47180933238295797 -0.8541194652661146 -1.331236565826699 -0.264423942552067 0.012754811243713027 -0.07709105270875494 -0.903963767627114 -0.3323575379522595 0.006013906143197041 -0.07218846337146674 -0.11335144263687037 -0.13659139978333457 -0.15188777431366562 0.18895721910286487 -0.07697145805524032 0.5904261506442515 0.2007249885075261 0.03389400133548973 -0.021926110911270696 -0.04135383690613281 
-0.6233224868098439 0.017277586523660737 1.1029559332543337 0.8441646649116867 0.9569554289344422 0.667902733395579 0.464245046380271 -0.28374616628361365 -0.3798271031390388 -0.06426527612282096 0.6630770832706215 0.3749984155812651 0.2475975837701808 -0.3690773799360432 0.11351501089021536 -0.015467280937553488 -0.0306636920919738 -0.07482580968171422 0.019037668322299434 -0.4906224770067548 0.12916454969673521 -0.05506171815817051 0.20145340134859943 0.26178941385532495 
0.05927396955716002 0.32214315825145245 -0.18432903871422074 -0.8299700939068249 -0.821706716651023 -0.8273117512350372 0.03725553997280984 -0.3484562774514815 -0.6526906125145657 -0.055486211835453325 0.0025960538330617178 -0.2896414765720571 -0.14046022885320472 0.19566918063311492 -0.04113442906191467 0.48524052423009456 -0.025625499778267596 -0.4055777441317634 -0.23389818809960697 -0.22172939788010773 -0.05528343888618542 -0.02430057288976936 -0.41283183972954696 -0.061018430459172275 
0.980186481989139 -0.8921881069372839 0.029966029958402474 -0.4401968025400258 0.822312641424005 0.859646142589267 -0.13861218299305877 1.3746981856403906 0.8409407842001181 0.06854298808313128 -0.6718934320966682 -0.31526203703559913 -0.21460508226324673 0.1895455859584283 0.246497209713478 0.1896387859810759 0.02737432915371178 -0.061756261230330546 0.01813071064465821 -0.02011692805494809 -0.321834702518213 -0.14580725570452768 0.31670989379140163 0.050393700623382276 
-0.4878950618203657 0.45784622931959884 -0.4048534007274979 0.10018918210906413 -0.32761143929293657 0.26674206253233157 -0.3281133868412131 -0.4284579248737459 -0.43177881576730914 -0.07059346614242298 1.0020170092451717 0.19582797973368948 0.4194112084584187 -0.12168441592076167 -0.026769430070636525 -0.7704800717129453 -0.19241092330667697 -0.2639144864207948 -0.20782901340770307 0.38831993253203106 -0.41762797935302304 0.027700901840084908 -0.12556162912869445 -0.281107171905695 
0.29407727566865915 -0.6192107068856973 0.47372648512053833 -0.18983133103948546 0.6277848027942636 0.3061446102028863 0.5925373778533078 -0.1833945584076372 0.47522110604197193 0.38071011814424693 -0.7867630758096383 -0.018917414441754987 0.04776083945864973 -0.21165610853409814 -0.14057181629002838 -0.23625567907632097 0.2931814851174049 0.48696418901419697 -0.3445553205350036 0.1063454059345547 0.46052862598491534 -0.013862747606997503 -0.17255001710195914 -0.10763441845691414 
-0.8559050526578562 0.5507077059879442 -0.3259009760833791 1.3562873854817408 -0.14721002741612144 0.24118247422053762 0.29516779977273566 -0.7343697030235607 0.7830531646235764 -0.29467248238626587 0.43671576307563015 0.4055077278481059 -0.13355131317786814 0.020894787185923747 -0.05227922540007496 -0.018397290156379587 0.07364707876880554 0.38115696199524685 0.2166164982514022 -0.09012587177511423 0.043853276642699925 0.23310855155489993 0.498928017442319 0.07222783429691564 
1.0209089590319351 -0.3036505196691621 0.41220526650642825 -0.35947886699740117 -0.14743251986661732 -0.5884666302974271 0.5834131853049777 1.208617856911634 -1.1480610839500707 0.22217073902604523 0.12840724229397993 -0.0971986557220649 0.18807607089724807 -0.267568995581682 0.37372567297779274 0.3306281297602384 0.2759191954910172 0.2973753567011167 0.5228940933539619 0.028988768240598595 -0.07502463453855807 -0.022953671265672142 -0.20870067715734653 -8.898341939640267E-4 
-0.45065696396839927 0.23738177415356 -0.217255115220218 0.24020482055716075 -0.1609440142689127 -0.42942320320325233 -0.9734007853212547 -0.8540865172080387 0.24830244930061243 -0.6906494312480219 -0.9523522021335946 0.01828509748309752 0.24031625491106956 0.6773668188033785 0.24451353621621083 0.23083757163336505 -0.32037464911270347 -0.429468363444596 -0.36736842063699315 -0.06952547091469086 0.09651529834519616 -0.001066122346914759 0.0651785716534145 0.2516573541750829 
-0.4727749813678135 0.3401592457765408 -0.7017734642444204 -0.6236744378579107 -0.19310579025239227 -0.25067862118856876 -0.3418606096615826 -0.21050245603719392 0.967670367319128 0.6475596063721414 0.5338729382670137 0.17736340332264128 -0.0016385330849564284 0.24084606313557058 -0.0336998675724973 0.16945011140632857 0.002818714955479843 -0.48710894585540004 0.16434552584239948 0.05480214310472631 -0.08847829588712648 -0.13172207950660778 0.02268409071327156 0.07571024790803596 
-0.8300118471911906 -1.8032976331450428 -0.5024522193565872 0.7958724560119004 0.8367505551148764 1.3606935599998966 1.8599099591669954 0.18376686619492572 -0.5643584560466114 -0.5041685490185697 0.03844720012886982 -0.48674536419949593 -0.38711990295509535 0.10519602015866532 -0.3271164539152396 0.23802214096990046 0.37828546190225915 -0.151612837193302 -0.17504369721082325 -0.6189913386473761 0.45852850311295157 -0.23545232827883736 -0.1810668805007597 0.012103251652933841 
1.2155019998982 -0.005849005426572518 0.6559034212921048 -1.1456630189437567 -0.6547359494249514 -0.022198174332801468 -1.3262787644663458 0.5252847358959729 -0.4762957436150792 0.5240965364311424 -0.435044730977067 -0.0718141686048761 0.12135417450199477 -0.21510413841012235 -0.05346309487591616 -0.3806649510935414 -0.3331010127593786 -0.05924419184454414 0.3189198215606959 0.1427276063917737 0.12741369009689396 0.09696667915228029 0.17212811224392363 -0.0364366264429545 
-0.13343574573611994 0.09479783927912067 0.08525580375723818 -0.2128673118096176 -1.0649853203894106 -0.08882491505122991 0.043939383713596625 0.634993902767506 -0.4053000045711387 0.07743908855898975 0.07530727399072479 0.10656412848805469 0.6672239562533511 -0.8025346491417288 -0.12955105383532403 -0.26954412878678496 -0.16985223295536378 0.5253796480027382 0.34575623453091264 0.23681027436936644 -0.4039292848747274 0.022050135642446584 -0.07768809527264181 -0.16803788007861042 
-1.1851255556013331 0.036423924794826146 -0.8352381911735847 1.0226902993334726 1.757065185777887 0.6518131918706269 -0.390634786616971 -0.8642987934988052 0.5059000712907098 0.06585575012652084 -9.414353956846977E-4 -0.009981463692270542 1.225076118684208 0.06842039949392653 -0.005014648956238636 -0.6577601748825009 -0.39620878126852926 0.2677945337335644 -0.46544000697155835 0.2548103837465158 -0.3401272987129404 0.18490678011828007 -0.2657252856009782 -0.023428952978660947 
-1.6313699382014777 0.5831698491694439 0.6317717483822296 0.5203281832336406 0.14040668637954867 -0.552451067110032 0.35481926664957014 0.1681278077842155 0.15633149112467648 -0.3411985627935986 0.05445983815610411 -0.013548076419967386 0.20476375939873037 7.823900822283569E-4 -0.4007764450605505 -0.16524514217500733 -0.11532179010580261 0.22446087958816188 -0.05448807629749438 0.09913348846308846 -0.06305119483750683 0.023202372475951843 -0.09383747619238376 -0.004758086635894096 
-1.710759259921745 -0.45529620885351374 0.39768939584832497 0.4610197581821171 -0.06880560900384342 -0.5937686995040936 -0.08539868501965744 -0.005713367851929198 0.2632704046758344 0.17869502175259644 0.372554843743178 0.05852879278511777 -0.2748095431317785 0.34345365401884287 -0.07493158467310268 0.4672429181990933 0.6533118191093014 0.18412343685819085 -0.16282532941934516 -0.3458478225776121 0.12904330361055305 -0.07350195086181062 -0.046768068755959964 0.004011262569100916 
-0.48491017177210516 0.33831073585660554 0.6711213454279349 0.5637033852910821 0.19391544731886237 -0.13941660812835532 0.054785561807423 -0.09169927544519743 -0.09483158675118047 -0.04858766468190358 0.17007156299844478 0.08658326015704282 -0.8623058052229094 -0.05015861818571721 0.12063347716244958 0.12387357725302268 -0.06662470802000216 -0.3511618029301437 0.028681827753439804 0.029477406509112628 0.07809556271305247 -0.07906324358867865 0.09996978249447658 0.048556350781607534 
-0.9339268094206838 -0.8715074806052834 -0.6301182356771293 -0.400726056292528 -0.2296246520196739 -0.10707434819478401 0.24785805406213807 0.3031582158487375 0.24435169939697912 0.1400561536561052 0.08155690845102487 -0.0720809196880784 -0.7212695968806342 -0.23305069071033857 0.17458257899088014 0.2275100012709701 -0.01206884232418542 -0.23295237453966888 -0.025750145029313564 -0.0063569039531482215 0.08433072210970793 0.07824319120105637 0.1650751784675534 0.031179216786301877 
0.5671312522167202 0.9417513396024804 0.783775132657608 0.5795803587118951 0.4206903319474704 0.25768716602574415 0.10214541384835296 -0.07474020359345573 -0.06849584437505328 -0.08468939797931703 -0.09995054168124906 -0.0939122725281919 -0.13354775858815757 0.12890905371782302 0.1860906704306935 0.16599648954606086 0.10382578944377992 0.012581653574418677 0.07539449395406375 0.007201307623367829 -0.004210527966443163 0.0036420449180335165 0.060562714057459 0.01811578506503816 
-0.07297118127425506 -0.05786443859543544 -0.18238523473915202 -0.22944873234119967 -0.14598652434559117 -0.0934634629621367 -0.031828175952181736 0.004877808081644619 -0.002889632841353018 -0.03798368520186595 0.01234036068036469 0.0552389087688295 -0.1315911856089834 -0.04215473521145493 -0.03293027682978374 -0.03051188725421894 0.03249540547865065 0.1021107777566872 0.18758158850218143 0.13940303890348404 0.07668897971400944 0.02657874401631218 0.024034298209986038 -6.683341345186019E-4 
-0.5147447100808469 -0.4552379463017875 -0.1110171663331343 -0.01992474532276467 -0.15938098484951874 -0.183967011467935 -0.03155480504760835 0.03583700556824551 0.04142066326731508 0.029506119992981444 0.022991694711397864 -0.03142400926652561 0.24338937490949952 0.39265111925334234 0.2901312675684933 0.10932182407292183 -0.04716605917600795 -0.09313211879379842 -0.045750467325195825 -0.03615982295896519 -0.034536729654215656 -0.068653682714491 -0.07383260100167167 -0.03957638829435995 
0.0017847285550498526 -0.046548632018784675 -0.083931255692407 -0.009437842512541289 -0.03707521005713127 -0.192579592718006 -0.24803660199642563 -0.17033950544256532 -0.04067349356623337 0.003222162621019403 -0.05201710437525671 -0.10132004891535573 -0.11154398093368172 -0.09463874352921538 -0.02271306379364474 0.08810260960987566 0.14734551053454045 0.08848629029685003 0.011091419290126373 -0.027510084746204585 -0.022333127876866046 -0.00956174401160668 -0.0046691792609441785 -0.025575553780520094 
-0.2004148274264308 -0.24185992144587187 -0.1358456595712444 0.1416094415788004 0.5077328523312643 0.5866415872850741 0.3475010288460624 0.12134792204554481 0.054006274950033864 0.10066872625271327 0.15372599385157665 0.10309637119698056 -0.23771665183325577 -0.2587912191534508 -0.12039539526196269 -0.014318456197886275 -0.011954597884420983 -0.04142656372668313 -0.009784129821931914 0.011073211643931194 0.023738805374448373 -3.8934777838755635E-4 -0.04365480948370334 -0.07112577255855218 
0.10449582019958203 0.1193627795642529 -0.10183179673916276 -0.5745236546216093 -0.921579974539604 -0.7442266332291914 -0.2546303507693962 0.04465260408160872 0.05781694494788573 -0.04487975629691182 -0.03901925110689217 0.0647053798786367 -0.240051875688765 -0.24480511154828863 -0.15873751479432935 -0.12458190454283231 -0.08255200539112917 -0.06353596653633996 -0.057010546932073754 -0.013230571552437545 0.033960337762326216 0.024337535650050517 0.012887627034464522 -0.025179702321331574 
0.14704969959665437 0.2381800053670462 0.25911928997613165 0.30557352932542814 0.3187351910449806 0.21613619996770705 0.0010944588046726822 -0.10487868412563509 -0.07904097211308958 0.054725122787109726 0.14745719652832562 0.09894059401213473 -0.0014873128620121652 0.012554789460390348 -0.024133579656232657 -0.04313977444107612 0.06563202642736704 0.12154837171955797 0.09626008112465527 0.08412399984147177 0.04649164584442536 0.03872242092863586 0.03168005116191168 -0.010432193784528273 
0.5482080921098023 0.44784673921962215 0.19479881391689302 0.28232582724264177 0.3050796367593981 0.18328100054969737 0.09619832382049048 -0.017534487699662746 -0.0760308833216503 -0.04681864259633037 -0.08754558681702476 -0.02370305335893809 0.1614573213091215 0.25407244567939613 0.21635125029302385 0.024149566265078026 -0.2031132100146226 -0.267266446351292 -0.1683409960386452 -0.027523108014983935 0.056085008636594096 0.0611791311580811 0.06687910597054499 0.08041418961422939 
