0.0 0.0 0.0 0.0 0.0 0.0 0.0 0.0 0.0 0.0 0.0 0.0 0.0 0.0 0.0 0.0 0.0 0.0 0.0 0.0 0.0 0.0 0.0 0.0 
0.0 0.0 0.0 0.0 0.0 0.0 0.0 0.0 0.0 0.0 0.0 0.0 0.002522764181855782 0.005362929034927892 0.006012532747865025 0.0025583329817621494 0.0013075146763885475 0.005439251261943519 0.006366255426411967 0.0010515122458104043 -0.0024762878829516035 -5.345452695464011E-4 0.0018832029810863422 0.0012961354282972442 
0.0 0.0 0.0 0.0 0.0 0.0 0.0 0.0 0.0 0.0 0.0 0.0 0.005019209132915019 0.00640886637993715 0.007628977705989803 0.00899766195011729 0.005352446244521701 -1.5364433268511002E-4 -0.0012371673280864859 0.0013272679971899533 0.002194417802424307 -4.6347449971830455E-5 -0.0018494441278847685 -0.0021591299291442065 
-0.0075682925455673455 -0.016088787104783675 -0.018037598243595077 -0.007674998945286449 -0.003922544029165642 -0.016317753785830558 -0.0190987662792359 -0.0031545367374312128 0.007428863648854811 0.0016036358086392033 -0.005649608943259027 -0.0038884062848917322 -0.005899522438208867 -0.0094131441715924 -0.011797968354807722 -0.009818728765592375 -0.005042441169311351 -0.006106010959587137 -0.006707894212709203 -9.526176496408023E-4 0.0036320851818722097 0.0016494037040697084 -0.0019808777851404633 -0.002112708318877545 
-0.011273481125961382 -0.011182205587419614 -0.013868133996171872 -0.023155486377708645 -0.01409606671898228 0.008619809890970609 0.013260885123877408 -0.0024045356228542536 -0.010297685231700326 -6.627755544041103E-4 0.00837313685528382 0.008421592929878485 -0.01844698885887149 -0.02788120525839528 -0.027829488301987587 -0.021463809143265372 -0.014563152604362084 -0.014181271600659304 -0.01319087399538287 -0.006933306557189424 -0.0019649821379370638 -8.030155626283832E-4 -3.0897712545913575E-4 0.002447763630360792 
0.023335307877607292 0.03383053530848701 0.0423279720625091 0.04103392948563145 0.022175356867425194 0.014008127933276104 0.013493240076188906 0.004060120760349534 -0.0057474129297664656 -0.00461682333500707 0.0017560649277794799 0.002127328491693392 1.2418120622914586E-4 -0.004089728337323272 -0.006342355574462888 -0.0010494119179123758 0.0014294540837295779 -0.0014296344165849277 -0.003287627591208745 -0.0012703755638503779 9.731441541998981E-4 0.0011411471565822007 4.4479171109010573E-4 6.968084579280498E-4 
0.03988916636502715 0.058683954568550495 0.05330567975291067 0.04003696321433717 0.030640507364790834 0.027380873942424583 0.023276618808436206 0.0171925909226779 0.01248308470312183 0.005519276259708286 -0.002775905559141846 -0.010351158279374939 0.007332875273682167 0.013062648076248915 0.01115908228960417 0.0033511948974161133 8.858003376092244E-4 0.005515663244514639 0.005059960075250507 -0.0032509257350312715 -0.008519761650532039 -0.007029874682042139 -0.004168688963653616 -0.002568205100030941 
-0.03352215990974905 -0.03875268217079891 -0.032597438394747685 -0.03612298798757223 -0.030579193322240933 -0.02140938256180276 -0.014243750347889064 -0.009141973318646156 -0.0068809537811559615 -0.004910831568163597 -0.0014094628693165114 0.0034075439459508305 0.0096333301087137 0.013059285771798717 0.01400966623741172 0.012631178572573107 0.006538019028846415 0.005692124691179668 0.00922949719458001 0.009704293364436926 0.007719084980481773 0.0077162733957527345 0.009206816663012771 0.007993656810788188 
-0.004843373053329714 -0.014078541076523399 -0.00988267563635599 0.005369387666644854 0.00962380736302311 0.009781575404966124 0.011949500110164872 0.013949288621737405 0.015828370145590537 0.02057385260830057 0.022461967644792663 0.01548610050284259 0.051990515273616054 0.07189533132094317 0.06748193768296708 0.05893883485161904 0.050792142958852086 0.04369019946288973 0.03708673640151725 0.03237479435284261 0.027932712099350377 0.020278094593245696 0.012811535635912481 0.00842998644010144 
0.016801587260644624 0.031033925815627805 0.031893151044907274 0.020474181541758285 0.013069649781769811 0.005731403128466331 -0.008531692158415455 -0.023431108182490994 -0.030577310592446137 -0.03529293169656141 -0.038483321663226086 -0.03477227133177994 1.2834329515175031 1.5042913571652223 0.8880908504255394 0.3110863891712538 -0.02698396695064371 -0.11160457410519874 -0.06525482546929334 -0.008917051406090925 0.011165162527923574 0.015101052051366184 0.015977663456333103 0.00691219303746535 
-0.14124425304101784 -0.19189534338749237 -0.18138542801581803 -0.1650781261051852 -0.1435603430637708 -0.11726011729137914 -0.09083961949085236 -0.07278722470392751 -0.05946687318928422 -0.040123957455829896 -0.0226735830699245 -0.016551209960813874 -0.23932636643337504 -0.44964600586535686 -0.5004384299315275 -0.4886298204480508 -0.23354047321845298 0.09462496299044433 0.024008360692932246 -0.09875860806092017 -0.28800734800735966 -0.2217509960948403 -0.06035808099252133 -0.010180231987315859 
-3.815620574468414 -4.462718352510981 -2.6111186134816347 -0.8841583986154185 0.12696478274308715 0.37692518610196607 0.2329152858604996 0.060977437562459075 -0.0027288196974893097 -0.01986508269019692 -0.026774677880957234 -0.0013103799346169884 -1.0236062533306791 -1.8141660784338243 -0.9428335792370787 -0.18901985324354376 0.08981876206858593 0.08986620080781582 -0.11969954974899939 0.07387420927458517 0.03598705567836851 0.06550633569611815 -0.03649664639282856 -0.03029865258512324 
2.629346807111325 3.5817356156828515 2.8129384964214976 1.9235751390893854 0.6532976605377234 -0.45969020505311675 -0.1807990709780894 0.26802083993202286 0.8659261687201911 0.6781129163896393 0.19768188873122222 0.029295850766208692 -2.046024388976138 -1.8707888602297134 -0.8863520585973674 -0.17468623251662144 0.07172673168261488 0.03148387085709558 0.05681831940705936 0.1473478512391784 0.19039217289396018 0.07890402133544382 0.0776417993465713 0.014834377498066723 
1.7023248171765109 3.586716681581928 1.3632319265374857 -0.45679289132489576 -0.6548156382247351 -0.09265215541411231 0.3955466828322012 -0.4154577683242217 -0.6012349985822893 -0.5909303757076505 -0.03917111838531376 0.033200156060078506 -1.8466436608874426 -1.3484794142562955 -0.7587148732142183 -3.7153388554045375E-4 0.29157650991021805 -0.06591274617821331 0.213920916663798 -0.028706353930823558 0.2999790711997775 0.20008843485640834 0.08905640671255512 0.019352201415887307 
3.2378562180649335 1.3957537202551933 0.4904954777667241 0.14529781779941775 0.03214967237229571 0.02307694089537332 -0.3426102761978812 -0.27661317547812236 -0.33139030242876477 0.008696625046565432 -0.24940076085746016 -0.07830961045236179 0.9955867997267344 1.462562722719279 0.7515228254355878 0.7157501671049181 0.21068633061087153 -0.5475126267788116 0.10509053762963803 -0.1765632671571844 0.1744820560045163 0.05438147338143584 0.016734148019887745 -0.025970022653863948 
1.420055702717109 0.6757108379717351 0.826247515488407 0.0060948636861867245 -0.4371907529048532 0.33327985166236096 -0.3279418615209985 0.41941350706000236 -0.3040077977223439 -0.285422241587885 -0.0704025732242814 -0.0055642535729936715 0.8500330330943203 1.0548385755764642 0.45169766169669856 -0.014444895191608112 -0.16147261869552934 -0.04221450822920089 -0.030133878573442758 -0.4069098880907118 -0.037213180001545866 0.06863536247231128 -0.2699015099686484 -0.10876010128453746 
-0.216279034839177 0.649550369330111 0.8268622256392737 -0.45511923973091006 -0.08757377395483212 0.9698816717450816 -0.1343264116904036 0.38027500371146394 0.19386640027666946 0.362214429185449 0.1630951720910428 0.12658812354433663 0.5772160818373832 0.34220431499159876 0.6740909098859599 -0.007051411720045124 -0.07084105418699595 0.38327177025385417 -0.13888961914479572 -0.016429300565658334 0.0946950797368347 0.19567163819491085 -0.1409624986504213 -0.12092004488358866 
0.879293344345605 0.7953026303150761 -0.16004443248888478 -0.11324967698490751 -0.11053605897458318 -0.43941099615136375 0.38180638629879066 0.4768278063531205 -0.7522238099303689 -0.9735953651940261 0.5642854450463801 0.2570315929153417 -0.31117233309660186 0.2455650519808629 0.7599697188847582 -0.1093743164361091 -0.13383494199966947 0.4926117716387288 -0.09506050116723662 0.3826728306774155 -0.02792087752778416 -0.022399939164172784 0.04233678516013917 0.045571304789892186 
1.776589151738536 0.30934487910872654 -1.0386312779025095 0.22612432329510024 0.08134548796814856 -0.7403929459593269 -0.2808155426733886 -0.25603242342770643 -0.3913675355352564 -0.23423172773509648 -0.14385727404152704 0.1531526009542365 -0.46015314889125875 0.29649492456204446 0.32842895091539814 -0.11762747970343163 0.0011391230424496006 0.21281102726142365 0.06339125674789707 0.3531772438957776 -0.15192517174733924 -0.02662172273128745 0.11747441837983906 0.14405117099887282 
1.3571386087180581 0.10911842713983866 -0.5209148893949758 -0.006403968518491121 -0.12014555786733516 -0.2894181544016211 0.030484207472203817 -0.41045127140265886 0.07237180276697153 0.08000065436490611 -0.04393670563841398 -0.15556040664762016 0.30248193697759646 0.3958714465665422 -0.4224553585887804 0.002422050666875397 0.041704160939505575 -0.32978733776854946 0.08556186853103402 0.23812055606901553 -0.2656434190060458 -0.3849532337987572 0.212134615299531 0.10027073543750996 
0.9252577796483727 0.1031576972315964 0.02201060134612476 -0.15565965485382338 -0.08618639363580494 0.25645216908593926 -0.1488390925208014 -0.23561718909797913 0.23734410917001703 -0.08471841240015476 0.11478299229392266 -0.09926938967080091 0.5490145444523158 0.33489930177424415 -0.6887235134527612 -0.1009688781189666 0.1636062351253689 -0.19768243079120493 -0.15693969128234522 -0.11010127652933939 -0.1701472283157031 -0.2515657754075386 0.07438019427838184 0.14597170453543037 
0.3975132194578972 -0.28921811844598544 0.5770007036531393 0.07037616008892811 -0.15188260099112316 0.051528459631651646 0.05913255562939501 -0.24774147901878973 -0.2696493752648681 0.10650767853477461 -0.20143853401993767 0.08243038191533056 0.45606192102627485 0.16920962854230037 -0.4332899234871868 -0.1241232240457268 0.10862407790738127 -0.04956270195986303 0.039750914044501005 -0.20423257546778747 -0.13503367097031363 -0.21088265690742228 0.14554110474195814 0.14191033084194607 
0.609358213011669 -0.4961847534210939 0.47858146593171647 0.4906408933482904 -0.39360469584606417 -0.3178189606023485 0.17567935709505145 -0.0070834900316227856 0.2900847384277727 0.5072120864025852 -0.2882469426859108 -0.40375790693353 0.09734179211430553 0.1284327182037351 0.14604197810800112 -0.1086794878386385 -0.1368574180891197 0.03860965894029874 -0.09673735906704896 0.005802492527371546 0.09857451295329163 -0.14185158616231047 0.06176496147386379 -0.074814363168062 
0.14690262895758543 -0.0988392331607173 0.5506694487737889 0.0428154295176324 -0.29230864048434935 0.14640551632211185 -0.2510277594692256 0.08797960546752537 0.4511025010490346 0.41668337568580294 -0.2790450523743717 -0.4290471405420939 0.15203019146483973 -0.09937946270057907 0.37076829151222884 -0.0313454434298556 -0.28807714868788803 -0.07154495081932206 0.1172698149891105 0.02635844676402595 -0.052151025339992683 0.18560541095188332 -0.13359122266225423 -0.13173576752930335 
0.758537698555612 -0.377329900022243 -0.4029497055382034 0.18415917394773995 0.39459888037816726 0.09318466391981295 0.2964531422296558 -0.4208852089232513 -0.4187553678468092 0.1857484975112625 -0.031708632950451676 0.38091246106209736 -0.13062994305439712 -0.33864843226401903 0.13240701583206782 0.15267012248056022 0.05753632561267855 -0.13463968082940167 0.12353862358253538 -0.2009235546141687 0.14809347438903187 0.33350004660291527 -0.16661631080783393 -0.14740469676066403 
-0.13316709770859347 -0.0505071570436737 -0.09453858514858737 0.31765335007877016 0.3182470569604252 0.060661499828537135 -0.3530637819052387 -0.11991595986505332 0.24122375389240092 -0.28957675987521403 0.07106597909909551 0.08530250050542695 -0.2721390863408099 -0.7708000337001032 -0.04621459960699914 0.3728963911686601 0.18543987368480794 0.21109340707747393 0.0027508506573025357 -0.44933307763161895 0.032869807120856374 0.10338999625002847 0.03595894708894395 0.03946744899552912 
1.1412829055079499 0.4955945053124413 0.4039644353967011 -0.10478843437395913 -0.8714915214064871 0.12897209013264388 -0.14391850243454818 0.6996349564771726 -0.04925631116100604 -0.14015798562565218 0.03654647400085742 -0.21871863717529832 1.5815438007620468 -0.029476883926335518 -0.12868062206665196 0.03397315822812822 -0.11573063220426989 0.1345315006723601 -0.004014172367454975 -0.15010739507569296 -0.16881834674647533 0.006628886974091632 -0.04345779873276682 0.056574099574309256 
0.7719472845038462 1.7770986652722502 0.285856177127334 -0.9313999398274984 -0.21558306064644595 -0.5047684180167253 -0.03909448910903124 0.8757187556621705 0.1677435513435639 0.26946662850417485 -0.4210494471168581 -0.24763393840998343 2.3511325000758587 0.7537034418020717 0.026117407154480816 -0.4294937734570404 -0.8325795055253913 -0.09314547107056104 0.1502943934902339 0.5634866701849465 0.3377835676823251 0.19838656681470582 -0.04170206345319272 -0.1514402478240556 
-4.438650894836748 -1.2027021594011984 -0.20710522047620827 0.7067663442164895 1.0087058357944125 -0.0276948791746362 0.151511012933917 -0.46838038145978433 0.12443977366703529 -0.11365985760070685 0.3447224763558256 0.3776583817968748 1.8568438002423762 1.256661095129181 0.5843939701542387 -0.1517383975436203 -0.37700977889474574 0.11308085974272308 -0.2881224817566458 0.5770741261578616 -0.0653778267266041 -0.16257078370680098 -0.11074058575668656 -0.2691432890708532 
-4.396597697763821 -1.462469150093069 0.13264402132442488 1.200357281154667 1.8758868949361491 0.4184313976938603 -0.951661720060173 -1.2263683014514144 -0.858974991568595 -0.8979855243318042 0.04208416828118958 0.2414347344915072 0.7777473486151044 0.6578844883291929 0.5366895927188576 0.09841505737050056 -0.30032318420114923 -0.13777224191525103 -0.12082655111184382 -0.031322032041983104 -0.45964142217877857 -0.15936259291133062 -0.29803710093234603 -0.13225194060558887 
-1.8449760040853453 -1.6546048723924418 -1.2726113971645603 -0.7154518522341808 -0.7861971625135474 -0.6718703969508182 1.17673255831096 0.019456106560380437 0.6602364404748857 0.9312804419127403 0.1372014235718933 0.34417689358651615 -2.9701921698098537 -0.8908108198743315 -0.4586934803370954 0.2822505740955328 1.1199182479955692 0.009175770634117564 -0.10971354078838107 -0.39669036821131903 0.04190962692351732 -0.17371523107681983 0.03641381126173421 0.34053071500508536 
-2.858132206717168 0.02939655678029318 -0.791459512685063 -0.5155360137136649 1.5828379911109818 0.23063606661711877 -0.1892256084620213 0.7257666077780375 1.2787694844759745 0.22508425748144317 0.5768223820721462 0.16586262751196248 -3.313936396989824 -1.0832187921414207 -0.5446648342222601 0.08689735884985801 1.0395663133666389 -0.01787090999533153 -0.18047557239468678 -0.30996040428387267 0.12399775868696512 0.010600211002742629 0.12348371027133546 0.1898233946592326 
3.7026928690694865 0.7237974467851149 1.6310269875398218 0.7179612693640571 -2.204524456279711 0.038675474461381865 0.09943357949998433 -0.25437673144055295 -1.0701613451258014 -0.15404905527687116 -0.03188806432485536 -0.6061477097286089 -2.21784523771743 -0.6956131145146474 -0.6144464194633642 -0.08351935047343668 0.49321388526289 -0.384693417880232 0.404630075909065 0.18840848677530855 0.6003107012382775 0.27907132654586764 0.32941655838377404 0.17011101300028728 
2.771377056628234 0.5979860667424148 0.314819331639014 0.22295864380597397 -0.5336483982806852 0.11677119197375485 0.12841448652937515 -0.15957066959932975 -0.36576937482914684 -0.3871214087452264 -0.24382221858444253 0.14712685217137195 -1.2447973602262947 0.21071435146274453 0.24798796389672928 0.3244398898488346 0.5598338897659415 -0.01543697901251804 -0.12926125140534264 0.1295542045862526 0.159140024277287 -0.11557734889571149 0.39016614909400005 0.05850124155532043 
1.993805077394244 0.14793971617043944 0.017588439063493944 -0.8341411295736901 -1.2075956236063838 0.5391422940115598 -0.1959777169119333 -0.10310071507686158 -0.31842623358738587 0.4001692953884722 -0.44072595125113456 -0.15678825774405036 1.1912838292978372 0.39514328356523026 0.8886727773156574 0.622684472557829 -0.7285973907783313 -0.14375977960238298 -0.024582524933664824 -0.22686366411962022 -0.7221456499367194 -0.09822252302602648 0.06008525471497661 -0.35587310087494095 
1.7307037697993373 -0.31481763230060267 -0.7287041301370869 -0.712804483791295 -0.5951280945235062 0.02671359387958394 0.3462637939599654 0.26146598583743397 0.42548185587490583 0.294707128835906 -0.38925712174671445 -0.23432082314627808 0.8449901929937207 0.30703004680060175 0.3366247739639738 0.019432921809227916 -0.4515062330901067 0.036808543297314034 -0.07633616146896481 -0.02077067484314606 -0.3013650603868232 -0.2881157578935377 -0.0770071771559353 0.012224145444566736 
0.6491780245904231 -0.005230554389067166 -0.5132296135190999 -0.6822105845107952 0.012007564176693464 0.5149836123156163 0.06425650058568366 0.2156959331999259 0.7006499893323302 -0.20029575498935792 -0.13942637688864923 0.652195430555039 0.5125273491016017 -0.268428040915774 0.3651890139872263 -0.22018224905528783 -0.6129005230377274 0.431364720013608 -0.32503918430925954 -0.040346137829227226 -0.15685631210359682 0.08175704437487673 -0.36469239555977967 0.16992826365151772 
0.9087200040489822 -0.24651893837963712 -0.42964596396161037 0.08869460584684274 0.2110687070980961 0.018424902929784492 0.22730586218746107 -0.2566569692082853 0.02878769487146471 0.7774583901243017 -0.1634504742978793 -0.29403742831187296 1.082921318436629 -0.2714900349053435 -0.3486951630907114 -0.38488725658179196 -0.26822547034493377 0.31190897748344476 0.03775752665759478 -0.030743951421375575 0.4410402266940905 0.19162588880101486 -0.25523634306817117 0.0070865326337656576 
0.8672149129646165 0.9190744919572786 -1.2275076859859233 -0.5743439272268955 0.22800754469599704 -0.7508075205543645 0.8386188019020975 0.27699917593367973 0.35048978322512514 -0.08647746838035586 0.540447911703787 -0.6367147461158061 1.0295523864518794 -0.1499273241690764 -0.6888445433286648 -0.24466593512843984 -0.04395196421526585 -0.04720900702955211 0.26578529387008204 0.04534824164038084 0.5233889995805171 0.22231013304145453 -0.172712669633038 -0.06980847008968764 
-1.627078629697647 0.03749994924225497 0.6745203953684591 0.38792395731213103 0.10154832625164323 -0.27611777213576005 -0.15418993667102582 0.32304621873468375 -0.7225587211537632 -0.3370796808716397 0.03651476316158095 0.38887466728784753 0.9871985473172572 0.0395982906271953 -0.6831599059839273 -0.10793833641689443 -0.08672917121681671 -0.295577680309323 0.3655433784825151 -0.0028823518207829655 0.31175712044015985 0.3323641956802674 -0.05209052612723528 -0.31495066624735474 
-1.1715798178919004 0.30254197430721597 1.0012208368018598 -0.09782745485811978 0.19862364724571746 0.8038819709370449 -0.5423514815953191 -0.21020038569270116 -0.4938438013966069 -0.3099571186157508 0.2787290132807346 0.5201647930242417 0.4865575783037634 0.1900765495808825 -0.33287871171599753 -0.27310348212227514 -0.12166695949540784 -0.200124109970645 0.32731542302987743 0.025037596022922198 -0.13151793452696436 -0.012798382336633505 0.2151508503408114 -0.05489002668273746 
-1.033478272474531 -0.05704755143619167 0.5054694925962799 0.17425137891313813 0.485948169473686 0.1278131981120489 -0.17883913151137595 -0.004410132932745947 -0.4843168741381487 -0.10789437179880315 0.12368055329535275 0.0723748008601674 -0.0036613686469890716 0.021006759048375716 0.06940835488268249 -0.26617604130486433 -0.035854983049990685 0.2513979954700253 -0.01704905188298524 0.017861737880150257 -0.6474423139687157 -0.21622551911181673 0.04908862634233365 0.32349876611150236 
-0.8892580005582316 0.3961185935538545 -0.14434609945184107 0.35180280833942645 0.4008085015711992 -0.3524006757663339 -0.13100286976735964 0.365614563698628 0.625922663298211 -0.16267497590687363 -0.14858753438553315 -0.3137947328537537 -0.6051867887235733 0.22422709425480095 0.3079494518028314 -0.26483893059374236 -0.07602451712364429 0.22858108483620984 -0.09056518663935655 0.05365214763013065 -0.22937392362763417 -0.035698342175435216 0.1483123698003902 0.1975404891468769 
-1.7572554324235141 -0.07230863752619143 1.039078798847262 0.9616369496279509 0.10802084823887442 -0.45217043519414646 -0.3087170869360498 -0.018446469601431592 0.6598849884049749 0.23795580510937187 0.10290715796771391 -0.16464186810766196 -0.43279497964047103 0.14168224956929562 -0.04787659894864138 0.08169609008752421 0.08229454530247178 0.11007550659351954 -0.09146851525049515 0.05723462005911447 -0.19754018188005085 -0.1395057526272339 -0.05128850228980786 -0.08153600994475313 
1.0058691282533112 -0.362508765412187 -0.18943217173212545 0.30299655156570093 0.6156608592340561 0.40813053308151315 -0.20571694396491252 -0.3641386602487503 -0.3778229617852662 -0.37578718054353266 -0.15582139845661658 0.0460516600675257 -0.08930654292460827 0.2524182127271386 0.18288262190393523 0.23857072866065013 -0.03387354524011432 -0.2183095285326515 -0.2914076376688889 -0.016552092690190257 0.10650503369134172 -0.21268155110054598 -0.22574900826056452 -0.3026175419028481 
-0.6826568979588894 -0.10278062066105775 0.6716423255823463 -0.046433762962571734 0.1316383547348422 -0.5826789260924332 0.13292345133888595 0.1887626188635998 0.6101764840437424 0.417178988401228 0.28116299220031804 0.1370596342337871 0.1905190667040674 0.2511117725795775 0.6021600389493282 0.27496202799729147 -0.12759769334339557 -0.32045816075400585 -0.3644291952760066 -0.200817847534885 0.028649814717796113 -0.10139672344939032 -0.10135854736407186 -0.12966329338071814 
-1.1586376390167192 -0.34590005306012817 -0.5092757285311889 0.14012597865273735 0.49062038404355834 0.3677821552807641 0.5223997741018391 0.31166629753668307 0.33126181440480207 0.3857580857488362 0.43953157327985826 0.44320714168406616 0.7854585004930016 0.28160221446820516 0.3059165805195458 0.03263870449708343 0.06542191608275777 -0.08140810567999741 -0.13246846428804063 -0.11081309562987139 -0.058202106299054535 -0.0796297947479437 -0.010661965964682793 0.07063719730300644 
-1.2465592489007014 -0.8339483114409534 -0.6074795396011909 0.21818615209255832 0.5533341658643101 0.5293782359682457 0.42051213985859415 0.24610459411050678 0.21939315615655242 0.16137334231135836 0.10930631419169212 0.02577027122622222 -0.0038877890608086663 0.3065193174796292 0.41972570828221684 0.14609363428167485 0.17998279466462144 -0.03817188262277593 0.24415592577702638 0.2896965987342532 0.4071896652145403 0.334586212435648 0.24627554694437329 0.17987143453985344 
-1.0685551977547876 -0.8417315634268547 -0.46762098069899416 0.07277048054688562 0.20854720542104888 0.09632626909116593 0.047894104639355284 -0.06037036098258963 -0.007824978944507621 -0.008994973254766725 -0.03790716155825524 -0.11021525033771118 -0.20984767582490008 0.15512181129218505 0.016919871082452003 0.20951061520076578 0.2596678960745627 0.17339622197376037 0.1909881612212602 0.10531410065745599 0.10952278433353783 0.1416991626668836 0.15769873126126327 0.16301592032984494 
-0.7160347514074292 -0.774422817916582 -0.6083621731804016 -0.4510369167546704 -0.2672734399477674 -0.33243533512930634 -0.3622914912609513 -0.4943088480795233 -0.4418491149252236 -0.3892031194039146 -0.2189442812137451 -0.12584347337488455 -0.4428467822887702 -0.30218264812676543 -0.21377730975327527 0.03858948890861221 0.13696881745788667 0.07848419754217688 0.05064382721616086 -0.021056380489386035 0.004601060015937686 0.005336170348082832 0.01043500255333187 -0.019905341080803107 
-0.794356860288655 -0.841028233698869 -0.5595940249889395 -0.15379433252594565 0.12192049872590904 0.278500274908259 0.34083710599783124 0.3659307166593302 0.3333145969450766 0.2359488286058219 0.13056067719878706 0.029966252995084708 -0.4300150472503641 -0.40189043449102346 -0.24921745824529162 -0.08593725036649513 0.007075160531662498 -0.04446216296372855 -0.037178598416338714 -0.09086047788224112 -0.043913055476700436 -0.03527393393800479 -0.008008449899125766 -0.024497396024829504 
-0.055118070767457006 0.07224796807535006 0.07983891180360758 0.21570009190313733 0.18574106683822 0.20283864043316857 0.12210915753087359 0.09612319675770498 0.03502018816394725 0.022892930336815553 -0.006232612846824637 0.015395542802233597 -0.13830236270806115 -0.11287275108545114 -0.04139812321920788 0.02149692209238348 0.10103666806848888 0.06817621554476583 0.05692582912158043 -5.254099052954264E-4 0.008179345959264525 -0.004555705545238671 0.029022595141819207 0.03503026986867883 
-0.10896839632368138 -0.059395652949750355 -0.0640691484551239 -0.002786272682532842 -0.03918552956693233 -0.03792422979888588 -0.08277042450754102 -0.08300494975448036 -0.11452046405899174 -0.10922119631111743 -0.12023764604433818 -0.10734257035178174 -5.529812308104157E-4 0.09015488463925932 0.15655548238826836 0.2693323112776208 0.31809588285224827 0.3236539622972541 0.2960313556752308 0.27224662164844643 0.2368311716227732 0.1842685182281372 0.13169017225344706 0.08984581302054928 
-0.6438218952657326 -0.8266208550347879 -0.7319302417896858 -0.5910317129535273 -0.48983043000681337 -0.37875172941003143 -0.32126521337300645 -0.26826478515673174 -0.242469622300983 -0.2029509903097289 -0.1806129050176401 -0.16227987130748783 0.029119082590092216 0.09339249369776352 0.0830095862229573 0.11963016392309112 0.09171171516885673 0.08452297242468598 0.04600883013012158 0.03362712932915493 0.011661056240346098 0.010492030621860651 0.002344994454065552 0.012582475401129667 
-0.498346004347086 -0.662058476061578 -0.6233758953570979 -0.5584253639304758 -0.4945814014083191 -0.4016664270619035 -0.32556977557592115 -0.26861515732879065 -0.2384340126907779 -0.20393476575531755 -0.1773196934761464 -0.15073347901170242 -0.10063415640074336 -0.10576693252881204 -0.1038561617504859 -0.07477291492750887 -0.07707844890988037 -0.0648514132756892 -0.07269265886908707 -0.0660798323002001 -0.07056960095208413 -0.060294051748725604 -0.05479282375921971 -0.043216163009805464 
0.052213485473968646 0.09340189853797332 0.11046352658572267 0.13462914575783547 0.13830385725234318 0.13114082179061942 0.10548234267469891 0.08804691255739533 0.06199379375880204 0.03877362319333366 0.01527342750688282 -6.564290711950638E-4 -0.3974918663485454 -0.5305458350028419 -0.4930741925940268 -0.4302625297728711 -0.3715583702231144 -0.3067640672070712 -0.26380593762234006 -0.22560914846801908 -0.20498773669866566 -0.18232012130711903 -0.16318008200181025 -0.14337380394526764 
-0.15508361749130195 -0.2021062321496948 -0.17369754739137044 -0.1412979572556876 -0.12201732646686947 -0.09831626557214368 -0.07806622592413248 -0.06292130171094357 -0.05504336923263187 -0.049201347816471896 -0.05380234102894049 -0.058505802440511734 -0.3028400216237775 -0.4099469429026738 -0.3887052915048135 -0.355467192710987 -0.3238944069233743 -0.28510881403026006 -0.2523613861271328 -0.22070463867516601 -0.19727999959364886 -0.17144333546977464 -0.14845864111217955 -0.12402404153135586 
0.3770225103520115 0.5350405280177963 0.522453162009531 0.49119217302769214 0.4385626431918048 0.3898653914663024 0.3464008246681194 0.305715732438402 0.280798266065941 0.2666426646422053 0.24716866476418764 0.2217277022427198 0.005457633201778833 0.01842068189644495 0.031993952845998874 0.0466104041910382 0.05288167313510489 0.058106054958095545 0.05443953889872049 0.048711490793968866 0.03895803944915793 0.030548226465235712 0.020579316745246393 0.012542677687532694 
