0.0 0.0 0.0 0.0 0.0 0.0 0.0 0.0 0.0 0.0 0.0 0.0 0.0 0.0 0.0 0.0 0.0 0.0 0.0 0.0 0.0 0.0 0.0 0.0 
0.0 0.0 0.0 0.0 0.0 0.0 0.0 0.0 0.0 0.0 0.0 0.0 0.001704464886215599 0.003632422616752451 0.0033307364657714964 0.002519323161399578 0.003460598108180002 0.0025341022798169854 5.474285407719807E-4 -9.434797264025371E-4 -0.0015727721306443287 -0.0020902286183014374 -0.0033126380839813654 -0.0020427943211960933 
0.0 0.0 0.0 0.0 0.0 0.0 0.0 0.0 0.0 0.0 0.0 0.0 -0.0020298236961136715 -0.00301240469230681 -0.0011280631223907027 0.0025086442334596817 0.004418001990083853 0.004812384201330029 0.0037649161706542014 0.0020704355340098457 0.001550250429059911 0.0028738805342595672 0.00511787835180659 0.005665074248353122 
-0.005113394658646797 -0.010897267850257353 -0.009992209397314489 -0.007557969484198734 -0.010381794324540006 -0.007602306839450956 -0.001642285622315942 0.002830439179207611 0.004718316391932986 0.006270685854904312 0.009937914251944097 0.00612838296358828 0.005694823021207125 0.006570931258841783 0.007247978909940879 0.00829606486862533 0.006848367111695804 0.006822971847180411 0.007140216031071354 0.0061870896408006875 0.003948938540206032 0.0013766809603974796 0.0019745151652785183 0.0029807952319228226 
0.008646168417664413 0.014485848002049106 0.008380294065829352 -0.0037469479582796783 -0.008063108807981556 -0.01063599918426461 -0.010473605700804633 -0.007626526191633343 -0.007009909483146226 -0.011756984530230857 -0.02032259218139182 -0.020059414226853506 -0.008413261111448614 -0.01528102071385278 -0.018697297933663353 -0.019297154340094696 -0.021686006419507343 -0.023899804875635883 -0.020668261347756473 -0.012082520587288434 -0.006006789063675262 -0.0053655156489195764 -0.006242394632611771 -0.009061465359865628 
-0.021407553272453583 -0.026955717777549904 -0.025934083762737314 -0.02301472062673615 -0.016513546931096634 -0.015150915949408927 -0.016183845242811745 -0.014748005826585392 -0.008341860879044982 0.0017484493839229898 0.004237750594860354 0.0010873214176582852 -0.0018918157094513315 -0.004978761872071626 -0.009370586313424014 -0.015451182431310384 -0.01868920654301971 -0.01359823011920446 -0.005755145726927813 -0.00126069244428464 7.069222670287497E-4 0.0029061508822677087 0.0025481124005567062 -0.002284523333028409 
0.03338686264124924 0.053872287105204614 0.06406283098370147 0.06561983859155279 0.06812389556180035 0.07547371918188664 0.06927556385351732 0.045036784264761806 0.024550455826514772 0.01835766518224939 0.021577265726377186 0.029704926852561882 0.2940198202106646 0.3713126506297518 0.2957474942657096 0.2206602841940041 0.16560402706631835 0.13513512248383286 0.11842955388196158 0.1047083562829129 0.08898348858432503 0.07111430405580207 0.0484628613951949 0.025662643229245902 
-0.011808294642085215 -0.015654201785620228 -0.009721718915978506 0.004112184534816182 0.0075923231196281665 -0.009862475664913203 -0.024251433218693483 -0.019719138716136043 -0.013182633063983762 -0.01750509164813894 -0.018656351903610525 -0.011900217577034185 0.8828095852975268 1.0368539457706996 0.6093129824257397 0.15312545871640634 -0.16924319179727157 -0.2870566320101349 -0.2642114381951352 -0.18616379656428747 -0.1228379416243643 -0.08593375020886673 -0.06380160088370568 -0.04552377700055277 
-0.8782129215295136 -1.105102861883171 -0.8869683711546789 -0.6792912531210682 -0.516928125032299 -0.41868558677801104 -0.3617284733587485 -0.3192660285955967 -0.27153998914365196 -0.2154731261816061 -0.15426412511774107 -0.09055357441724497 -0.29855015798162166 -0.6035424795805734 -0.6256568985067389 -0.6290955732927886 -0.3656220889770078 0.12231265159197509 0.05627760475044425 0.00344431105742384 -0.22638767308524366 -0.1987622223014708 0.004694973371397736 0.020369469830750043 
-2.2140364170796527 -2.5580299805954607 -1.3783574299707662 -0.10993555091964469 0.7837420387577678 1.0930986330609447 0.9919524879487267 0.7258947902964562 0.5082171864791313 0.3764650956924509 0.2835632486680365 0.19778790305422003 -1.2861320701138759 -1.7016831459700608 -1.040361727615024 -0.4146119171127986 -0.03424347791910352 0.15454707505065504 0.03609791053799723 0.05330852979285971 0.020075233234856726 0.02621657500460282 0.03879374038899756 0.006881283979410003 
2.030151397804898 3.135687615251845 2.6253513820313117 2.009930426197149 0.776915304673754 -0.8429447899569675 -0.6076592109815255 -0.33810311341380583 0.4430135653106883 0.4176592384163669 -0.14361745467363954 -0.13624754295531535 -1.838498762764259 -1.8645390933190142 -0.940226378303663 -0.12080650189737367 0.2056382389854381 -0.061051128109819865 0.07521690515896927 0.029206320371201078 0.20006109460242893 0.1623796919153785 -0.050916178299060304 0.038788134331156805 
2.3924057560323364 2.968999997557054 1.3552035873360984 -0.09666290378589659 -0.5365989579760878 -0.2613740992274 -0.00957979602129666 -0.1702261856856106 -0.43068510999572407 -0.4127209989609339 -0.14036090829265396 -0.009697085246229004 -1.0855151341301876 -0.8786086031693633 -0.4667667576307259 0.40754832256707746 0.6824865721769805 0.013452783854039104 0.2641939331208106 0.10459250649163405 0.46732383573297587 0.32549566769107535 -0.03621035709810255 0.005141234448592667 
2.3340622802072684 1.7249994289976147 0.5669302551028776 -0.32350807099582124 -0.4736723436216854 0.44170416369562093 -0.08661304685064461 0.04117549828183342 -0.40227212471351104 -0.3080191546010491 0.21044648825978507 -0.10317548326049086 0.9820514111007208 1.2558205648106109 0.7502583959710454 0.6623468365728238 0.3703279158670569 -0.47815407392877796 -0.26312990626447147 -0.25312111717477553 0.02123362864391219 0.09604165138595482 -0.13898173612229928 -0.12518934305224894 
0.890553544109725 0.7831399220397444 1.0511534063856285 -0.165861270024392 -0.6384238536254541 0.410415804672533 -0.06115239347914547 0.22247796497373437 -0.4711114757076966 -0.2371827108720671 0.21516234849563187 0.16582816986102977 0.8513547215005146 1.0247322712792553 0.6606961773547383 0.11788316408372944 -0.3565783555997622 -0.266488361239515 0.025510123222632228 0.02868219234744231 -0.07313902890243544 -0.14653041691977178 0.08312790601271296 -0.15508909568108842 
-0.16507672953595875 0.46115595857866687 0.5266012845934105 0.05748909959792531 -0.28315599510273337 0.2556224798793998 0.20751680654081328 0.22490816278084835 0.399525862234938 0.041765140214069074 0.0955661252991154 0.15155785864780202 0.45044560157207386 0.26587144442777316 0.703158384649249 -0.050031654184852524 -0.4375966661173571 0.48163408737366314 0.013772945054397107 0.18148568929236195 -0.08788759039847034 -0.01852933239753975 0.11910587718840365 -0.039556039437496075 
1.0879110964024061 0.5267249189287622 -0.606720459473383 -0.6408109813339582 0.4378779345637228 0.6311318263992556 -0.2331750923849223 -0.348139094977445 -0.6121670167626423 -0.14802189560917767 -0.33230444485045796 0.32820353084288983 -0.6237216574549831 0.26626936912979904 0.6070204221292065 -0.07751794625734192 -0.1881447289446314 0.4199174777377373 0.09370546349709825 0.07341011396688413 -0.0665661175338309 0.07142095516245044 -0.002460128478333499 0.14284759992338944 
0.8840466993447063 1.0555925972697864 -0.7136079659153634 0.06406174721351943 0.3009667606357973 -1.1135561092887298 -0.04192053256094752 -0.21797303961966277 -0.06808158299062717 -0.2970115650398746 0.12686225336761903 -0.06569504543893268 -0.6141154025654944 0.37874222846661 0.1119699003941433 -0.07895761431476502 0.0487189885115211 0.27382932921317193 0.039495988507380474 0.022748165991071063 0.03366380259852009 -0.0061764030228880955 0.016262864412184542 0.08722536984968772 
2.2371568020343418 -0.3128865046952125 -0.14980323474760393 0.06340624493983671 -0.36605104466082516 -0.16474733395661412 -0.21755011441955985 0.22368822427333757 -0.03760940049342132 -0.28205722373244657 0.20689466989638056 -0.15408817786577123 0.036581005465096794 0.4699750129754096 -0.3355025823651787 -0.1861655370836194 0.25800474713442245 0.04285550171703215 -0.08972931414233197 -0.15670217510565504 -0.23218081983575303 -0.17019426895671486 -0.06579438834220101 0.13239765829576472 
1.1026466253445566 -0.25526501500917576 -0.037767028951908976 -0.057746670594677085 -0.02734847102502269 -0.1679259275821811 0.08121635203599065 -0.12924999481775612 0.011255646304767275 0.1273120133443678 -0.22282202531085749 0.13102760345306938 0.39379960098960226 0.3149885238141783 -0.24439666436416227 -0.017867025424661453 0.18196534655635863 -0.389663698663741 -0.12378317728987033 0.018988912754792243 -0.05307244344479082 -0.30326763707564564 0.13113484078168294 0.09034449873924015 
0.8688681170071906 -0.22777131385798555 0.06186681914042591 -0.02141016117900163 -0.17197869100913454 0.029750230394884725 -0.025555592256395476 0.07760590793856681 0.044706828096919615 0.15039912206884576 0.03992085951538335 -0.16735076849040537 0.6796669265965622 -0.10620472970439347 0.02704835185502737 -0.10019751154053459 0.022244784791973077 -0.056945740039535224 -0.06445052731539329 0.046435329807115455 -0.054999974889025194 -0.17408043469948944 0.09082444400296887 0.07966307959597997 
0.3867922388894751 0.068069430408638 -0.08625299976689149 0.16007102654692296 -0.34196545585912386 -0.041813795473256254 0.2334317382270813 -0.20189861971665413 0.04997763304857483 0.39656317328641616 -0.1830553637869312 -0.330097246344336 0.42933148416895534 -0.01755730441496232 -0.035198297399716694 -0.07647343889114251 0.0731277580571293 -0.05659323510631273 -0.006463549477310648 -0.006901399110301326 0.04456823143544345 -0.02379136628141317 0.029467941225186534 -0.02562164764691831 
0.5560832154721957 -0.15593953829093898 -0.2067053049051948 0.2550899309906405 -0.2754769066196938 -0.05696617989247088 -0.10030622556892532 0.1207065473014402 0.10802953080175048 0.10555850039499753 -0.08546199287448919 -0.16251499175500844 0.23420150424722555 0.010489811007408237 0.019673928447450233 -0.031243489801675645 -0.10023886438541092 -0.07036149497427503 0.044452745875955824 0.18651915744986944 0.03440870108704756 0.03709799495823371 -0.01277797533074924 -0.07439153156009169 
-0.02895537639481205 -0.23850898954781208 0.20211392527005145 0.03342359999392941 -0.19498263739113098 0.045211982880434876 0.13798231712418751 -0.13009611716828884 -0.15411039935397852 0.22110642302553143 -0.2485344227914808 0.20547465802612586 -0.222371089464259 -0.026383429578644407 -0.014111961445577137 -0.012733520998355674 -0.1578269089162566 0.022767911470605955 0.24330528187379863 -0.05779993188444957 -0.09513943083613145 0.20721696732520703 -0.10917370402739535 0.017385516597804258 
0.3741374119076575 -0.10595153690198522 -0.14133842872039626 0.13564402150252208 0.0552464929131018 0.19732182614086424 -0.11118911933281606 -0.5178528156852241 0.043524741037053616 0.126833512324587 0.11099431500990586 -0.21196212599536124 -0.06267336717932033 -0.5969324345966953 -0.5451825034496509 0.029753506047242435 -0.002110303747453246 0.1515089171798868 0.17669808097416798 -0.32414489814183844 0.10620057796050814 0.1903257534859807 0.07289275509993098 -0.05701191405047449 
1.1448784090645212 0.12222571845009433 -0.07660055352255934 0.2579945442860492 -0.03384642887675193 -0.23726153290174168 -0.4910426605123692 0.29078085743002674 0.3676483204393176 -0.23572523465399975 0.0462375943530573 -0.35753022901757237 1.429181617762256 0.07810593731158406 -0.1862306243249905 -0.22788416511577414 -0.4913472759491199 0.0023669768319009208 -0.03098144547854235 -0.21469355650622926 -0.2025376372360712 -0.005963148936983946 -0.0997626218994581 -0.033680399397260884 
0.15718642428049012 1.4544904115001938 1.5681994448400634 0.05354394070285329 -0.3497140996345236 -0.370256173541043 -0.31588797967315085 0.8827027544277977 -0.471451562976422 -0.23700293122317895 -0.4515262667465512 0.29002319391826414 3.667732173851196 0.09813546552839207 -0.28060499942440914 0.19672491221447444 -0.5146572960636572 0.07322894898280963 0.025148366022104723 -0.028959099084254498 -0.2546679350362255 0.02276441735906225 -0.014647014288102278 -0.23492468815227527 
-4.208024735867996 -1.2530477756836538 -0.09396313853520688 0.7581261357410862 1.4815394867300413 0.32190005222568574 0.33327608372998196 -0.18629323270611187 0.7109906643609729 0.42091409161036625 0.332013733785122 0.05552319626109581 0.35565520010603197 0.915192928464993 0.618587058431387 0.5811855494498169 0.10485675708598097 -0.11930889825475272 -0.18942657730686843 0.4107353163577996 0.27849641001166925 0.01803966261155889 -0.08373483410365179 -0.07724277675399754 
-7.952607537179672 0.28727881357971263 0.709157862059155 -0.7045965108684198 0.8415254233006766 -0.30194581337127835 -0.5987935895203058 -0.19243847336439135 0.6358573741849023 -0.26977940288478275 0.012047288158180347 0.28628522582213045 -1.7057418662818 2.1812616589204374 2.049968591508117 0.14088151442483046 0.628235394637904 0.014453847867891723 -0.5786339591516984 0.538191458630639 0.5745029460662909 0.11480612088972982 -0.06304946892117104 0.049141098668896786 
4.132809789476506 -2.039747267984644 -1.5028409374262661 -1.1064918782777649 -0.9440364616022949 0.08650998177763414 0.21868987633181358 -0.40385447774727745 -1.0214953781763523 -0.2734559866578745 0.06565531921164691 -0.1239329147075129 -2.028319384092396 -0.5394333818071436 0.4215814585227808 -0.09326021502900561 0.27898660732639974 0.13590852382700672 -0.32016039950607317 -0.2669768088741206 0.03633264973899686 -0.06149343556428075 0.00937507187848178 0.13187207423739425 
1.1039947604536398 -4.695944819110624 -3.8772674302387578 0.5632084044377874 -1.0216323093820674 -0.2959226819206924 1.4773070014810283 -0.6230909989435364 -1.328717379906632 -0.23423625475824805 -0.12919865269630051 0.23232795339587814 -2.324679626830694 -1.2461211225971265 -0.8292775760993316 -0.6416488371004345 0.23124297073068523 -0.19171065110350902 -0.0359820315441711 -0.1697762008390585 -0.14677883801842873 -0.18479611549028396 -0.03651394740164776 0.03926593561169147 
-2.651367732407464 2.8568641860829453 0.9345051320454072 0.40400432317499946 1.5761585310922142 -0.08883708498062737 0.2557069867475343 0.8299634567058225 1.5842800921897495 0.5876228242399412 0.3745114885769171 -0.31311439023796084 0.3083865800137164 -1.8833011100487862 -1.6499628950631104 -0.3221281551256405 -0.18426019352783807 -0.17122716588774178 0.43954669858958867 -0.12546851255061675 -0.4243740378332837 -0.19648960758525255 0.057622911132211165 0.010164834790948185 
2.4135201042543954 1.5773364543372974 1.978317555621313 0.46510189970650173 -1.1123009852386336 0.3608596733183795 -0.5093560500956529 -0.30001883807376584 -0.22669384694286232 -0.14593046186283865 -0.03283895431951145 0.26307815675228 -1.0259144551311525 -1.1462865025725233 -1.354575102684084 0.16254341469536898 0.07335553181726251 -0.16088231218793622 0.7188672515414161 -0.09174741993223771 0.030280764859229887 -0.06287859625712179 0.11319570683962155 0.04562607587322647 
2.5528873775349794 0.4735154254377534 0.5192552548330296 -0.09105416053520043 -0.3459215430904976 0.2718003018213236 -0.10661869364861168 -0.18898502053031246 -0.2993850311583859 0.2718599396501784 -0.1553932633733811 -0.1698025207585584 -1.1927815930639214 1.2483640533492169 0.5135348471986294 0.5746334794943466 0.655357748023819 -0.12340126284297392 0.058422267418282055 0.11668884703385296 0.35087197446663615 0.16688261294390397 0.2882269555697446 -0.11235494051975647 
1.5796105708758752 -0.06541093107045803 0.394082816419683 0.3231074022067804 -0.28065886774249904 0.006405561242140756 -0.49813191294514686 0.16162549947124427 -0.47772711281025404 0.11228097630799873 -0.20383339724001603 0.023793791036497508 1.0096557312376528 0.5811095565246754 1.0171627344089464 0.4894855976053982 -0.3020402920710617 0.02433630974070102 -0.3998330563987184 -0.22788559692553803 -0.37245002115237796 -0.001394053887097411 -0.08293000136949556 0.08303790981266394 
1.34393181347356 -0.06685428126082726 0.186017960050334 -1.24889886655818 -0.8057357717273099 0.4585937595864138 0.0748281159174351 0.2490747468317586 0.657180801723537 -0.04213073367718944 -0.4046721566720646 0.1435926141791998 0.8868987280801169 0.18471828311080873 0.6190485835079755 0.2737420341739509 -0.2529253127931153 0.05201810204380344 -0.37032436676408653 -0.14744977667531142 -0.39335072266683974 0.0632355681216467 -0.18446001821720673 -0.09382118059143664 
-0.010969307427853181 0.1041926381125613 -0.9065520002141785 -0.4244325400982033 0.02372700529295768 0.1944540152137313 0.599419714317479 0.1646080690218128 0.4123733000733101 0.015247036462137507 0.34059049643831696 -0.1427331401545909 0.5190699216861265 0.0896405794656084 0.3917833992518795 0.23192004475486483 -0.3642410338608404 0.19763946501428142 -0.3472336264059268 0.032291401797773664 -0.1517047143460349 0.09616502743134285 -0.26256027641579155 0.07039329692134363 
0.6874811324464929 -0.1654412084861825 -0.6875730873739663 -0.5385102919045612 0.26066145877112 0.021721768704118016 0.45557859301233483 0.25187302472033757 0.43561693040035127 0.1306702052081689 0.1257748444390726 0.19492448661129574 0.9579665540426895 -0.1213954646273141 -0.3327391532173862 -0.6036998598417292 -0.4799164728385697 0.30298734299447777 0.3034424154095661 0.09180277613673556 0.47187670909043683 0.04074573133161561 -0.06128212303270577 -0.010449074025542618 
0.3506261463310292 -0.2850392058546056 -0.3444718576238053 -0.7278470193846235 0.27886561859080716 -0.36807683835955557 0.3531937277251838 0.06335215513363379 0.08816896588944356 -0.262614575428709 0.3186239314517899 -0.21305203594358135 0.814253830715769 -0.25333441985917055 -1.0400452838666212 -0.24351426782414745 0.17479545844561128 -0.1518590865609982 0.5092796637692855 -0.05526425206826049 0.5243714976538824 0.07197766609491191 0.0879143276332754 -0.11145567992118739 
-1.7107655755339497 0.4919480346046985 0.9031953484073059 0.7139079526102181 0.5064443401394745 -0.169102842610376 -0.7123861370151157 0.024294375365641385 -0.5963471584558402 -0.025437121726613054 -0.20984250508068375 0.21009928415032286 0.3954886122002998 -0.1496875268048541 -0.4146293863761416 -0.3016020893522933 0.11230334690657269 -0.29740443251465537 0.31669872093648105 0.1596901004334679 0.29905374880984176 0.10794379484940748 0.06189128523284889 -0.14329468162805412 
-1.2546074455849388 0.5355012761446325 1.4181996334950489 -0.32009885888315054 -0.6235508107280534 0.7454435805539729 -0.34443691197665216 0.44419014990394234 -0.6447591484602411 -0.12263229835520723 0.24465618829836894 0.18404650083945773 0.17159840016066275 -0.2122800765401077 -0.027236505684019956 -0.41060743296590835 0.06355852203563155 0.13701141541425985 0.017602827058068076 0.15069755422068148 -0.12963168003401485 -0.12444532283082903 0.18475543304496614 0.02484632095160381 
0.30363209180357753 -0.1266488690712393 -0.3250206738049686 0.16242189590158218 0.3749596327108322 0.35717485679131983 -0.14570224994619024 -0.41761627396522044 -0.0950802588543318 -0.26315231787680443 -0.02291513968276357 0.4262592631039386 0.07798734276445574 -0.09654704436522395 0.49642322822474644 -0.4102256949062016 -0.1583955182466398 0.32711835460634825 -0.18437076059413596 0.28804723126247916 -0.4084953959877278 -0.008701932567587839 0.08692404830328176 0.2804077228448573 
-1.1713678878197227 0.6610994756036863 0.3513456705343918 0.7797183078674195 0.15393240619823367 -1.042249934303183 0.01704330301651688 -0.16778518286297978 0.22643055619073388 0.22957899113887378 -0.3291060503820686 -0.39567098827520064 0.22439584293842504 0.4083730044907865 0.34629959098956586 -0.4500050568221079 -0.6042200409498216 0.1834692745097135 -0.09455101587292543 0.07283002382832458 -0.3669728025772378 -0.19946494355488756 -0.07982731005943383 0.12302046195749598 
-1.9863473827099247 0.7187900679708434 -0.05264735478660487 1.394676453953538 0.5928892864162504 -0.25661114900084275 -0.3400139627292923 -0.5338596520383351 0.1935441771818559 -0.17543696877089004 -0.18373353065031028 -0.34126513982691975 -0.28100150357237536 0.40318981557157424 -0.3176607815976227 0.5607891051101516 0.08437116538448967 -0.09373341285390911 -0.19765121573837363 -0.5293926221879245 -0.22648719055634256 -0.2798830235042298 -0.23421120902917628 -0.07336267430815131 
-0.7828052371434626 -1.1123372058487684 0.2431142010171694 0.4137890325571951 1.0801444852687025 0.5019287599209136 0.03637199203367519 0.2838217674555259 0.31184704125337837 0.43190485775649834 0.5645473139604438 0.19874731643239896 -0.4495883493957023 0.4293427030738666 0.1436043706571358 0.615033870263951 0.10127163683825761 -0.4109971918422692 -0.3041282935376411 -0.4095815791585393 -0.2019658278885549 -0.15404097328966462 -0.25543714880820656 -0.25593853816784656 
0.9523552771825735 -0.4494999750597346 0.6820774057465107 -1.3369807817737602 -0.34125990297787123 -0.1337142517590011 0.4375870527603515 0.9447581174393003 0.5416730702833736 0.47533381932707264 0.23289180523350905 0.3491381336745927 -0.20509715372613577 0.2471388424280295 0.21234167373391086 0.36989657880521715 0.16993359000254096 -0.06108254306309574 -0.2339648289548624 -0.08954528839967335 0.03555937386215502 0.01020244772659327 0.02270583074301828 -0.045188432413427536 
-1.2919541695788648 -0.0427836121026246 -0.4468298217035733 0.3004453149392159 0.31719209038052165 0.12929319260270355 0.5406276758846185 0.3216506698738206 0.6582635933056397 0.36631651695888634 0.22889272810064143 0.02694298947758289 0.7332038921589223 0.25582791289854123 0.7394657466196106 0.006029639515346463 0.28714225572480395 0.14663695024436033 0.1321638486410067 0.41157438940841584 0.31441198063529635 0.35186639239447554 0.31786533382979065 0.21683359070905475 
-1.1164814553138163 -0.5574032561863169 -0.34470036462796605 0.341658576346876 0.4645647138527179 0.11295426384754947 0.10975268220982326 -0.2841382380484624 -0.0863422204307398 -0.17325014155186386 -0.08402372994946394 -0.11979767910922912 0.7688029854086739 0.4459301451663798 0.6193007719340827 -0.29863710471364685 -0.045141092601771994 -0.03473298866841451 0.28260127650208683 0.46569914883188 0.3619752503082447 0.286908887104292 0.15689298626529222 0.1737208671560931 
-1.947998547372035 -1.8258693039811007 -1.461894153654424 -0.4436195650491624 -0.18419459032100383 -0.06131634861544266 -0.1962023686140808 -0.3364532230258403 -0.317381255295454 -0.2994023389874598 -0.23059091993744169 -0.21728554930285449 -0.20611314920945598 0.2945252725527361 0.13379343086569553 0.2875026571596489 0.2630708920647617 0.10424772204553066 0.26000549076219787 0.15215184771478388 0.28506648232808973 0.15669651656922814 0.0950068417028423 0.019899044769909464 
-1.0260314901468632 -0.8957475646196359 -0.6682927440803123 -0.06903702763863051 0.044856715178207496 0.06578948485531555 -0.041801754496559373 -0.1232873826065094 -0.056430256340813556 -0.052533414012630286 -0.008045329543325985 -0.04991019840346794 -0.4461332782421512 -0.2347811834331727 -0.13303999064903205 0.15148918350052823 0.21115211707086579 0.08611980035928667 0.07489385943062303 -0.0723726004150907 -0.011347369788875258 -0.05182304927320434 -0.026700318672809007 -0.04278609855818671 
-0.7188397045339734 -0.7571872755441734 -0.6864139245744869 -0.35671485454697766 -0.26216658647650815 -0.15986758403777146 -0.16361157804878385 -0.21523030099150747 -0.21189183572359263 -0.16413139651841488 -0.09411699721095446 -0.06769788518502609 -0.7036895992115433 -0.653674326990739 -0.5187518612937091 -0.1428961210445728 -0.0474704821202171 -0.012826125563900143 -0.06611268718377224 -0.12545463266461213 -0.10692957605777516 -0.09773629208318484 -0.06521729339333576 -0.06923518433581335 
