0.0 0.0 0.0 0.0 0.0 0.0 0.0 0.0 0.0 0.0 0.0 0.0 0.0 0.0 0.0 0.0 0.0 0.0 0.0 0.0 0.0 0.0 0.0 0.0 
0.0 0.0 0.0 0.0 0.0 0.0 0.0 0.0 0.0 0.0 0.0 0.0 0.014288179923613123 0.01965075781664825 0.019491274279164344 0.019762263945220366 0.018121287640325334 0.01383557597960374 0.009597952313116906 0.006833901958503706 0.0049332196298148 0.0022062061116279175 1.2495195695647054E-4 2.601304313406087E-4 
0.0 0.0 0.0 0.0 0.0 0.0 0.0 0.0 0.0 0.0 0.0 0.0 -0.029602258716507752 -0.04012448725192407 -0.03747176557397667 -0.03532409772260642 -0.030924671612704523 -0.023150524591062416 -0.016856157884569633 -0.012349649139520974 -0.00771314101820265 -0.00291343236135877 2.4200171464636155E-5 4.8348066047435484E-4 
-0.04286453977083937 -0.05895227344994475 -0.05847382283749303 -0.0592867918356611 -0.054363862920976 -0.041506727938811216 -0.028793856939350715 -0.020501705875511117 -0.0147996588894444 -0.006618618334883752 -3.7485587086941163E-4 -7.80391294021826E-4 -0.008104025503227122 -0.012574409113509552 -0.014728567531664025 -0.0161424688347719 -0.015036423455155212 -0.011546979866109688 -0.0076854058579271705 -0.007356048614666114 -0.00889065947583125 -0.005796911590799332 -0.0014574993515327345 -7.676057660068689E-4 
0.11023904603494294 0.14984959848074458 0.14165220814067653 0.1356156890856498 0.11995594629860157 0.09020493774259286 0.06496540212338425 0.04729980035631848 0.03053925249933015 0.012049606251518186 1.1482742104079735E-4 -0.0010602463344121515 0.03070639475272093 0.040196935173472365 0.03391853221815657 0.029974562292086244 0.025834220225104506 0.018466020729133156 0.012192352233883116 0.00923888052278029 0.006524997729352823 0.0011698985446162251 -0.0036995492212438114 -0.006255733160506348 
-0.030807446507790104 -0.03720157189984363 -0.026640401475346187 -0.019380438038509196 -0.014868702783835147 -0.010461529272967368 -0.009426483487910614 -0.001581754334160898 0.011402352177828673 0.011365931646638905 0.004315084344077805 0.0028329404652266826 0.016345094837133683 0.02582302961710987 0.026613937594554427 0.020852301401862883 0.015981451975355988 0.018558091650864066 0.02317645186015152 0.022904598037931503 0.020485273127382565 0.019893455330308136 0.018155011528993684 0.012104477176656825 
-0.09814773088968742 -0.13146615629546765 -0.11767230733554312 -0.10987686377483469 -0.09725024074388394 -0.07092066152032139 -0.0462607434273694 -0.03717661733901598 -0.03267599872169501 -0.012501970624610004 0.008753677556257826 0.01696053360189479 -0.014036037303883179 -0.019453753584938487 -0.01569419298868932 -0.007326835059307378 -0.0024511271404114667 -0.008065805017058517 -0.013300185738191106 -0.008098812423856785 -0.0020702585220523976 -0.004147774696956416 -0.005953061084932032 5.108176698427868E-4 
0.012293564180074767 0.00423651508683176 -0.008653377883046487 9.02580388992491E-4 0.006294874674198786 -0.016618203259946285 -0.042710139744428444 -0.0469772911416384 -0.04464785266107951 -0.05402319588774407 -0.059159315525458986 -0.04610421279214577 0.03553240331232151 0.007050728570146815 -0.02916706652940121 -0.05460058249195182 -0.07963969632348503 -0.04286915190248881 -0.011641252266592477 -0.006781697959079458 -4.437435895806909E-5 -0.009710288639883317 -0.020603044686263464 -0.011581039365448886 
0.13079665260266005 0.18749181574222235 0.17974127531059464 0.1474546850498211 0.116727538990819 0.11748068978725787 0.12150778746621649 0.09429400603162758 0.06477513048494143 0.05718749410957892 0.04971121061060529 0.021875877284745715 0.992613473831096 0.16228641450088666 0.002863552311390969 -0.3294478361422411 -0.5004134997841746 -0.09309929154952061 -0.06031341532031759 -0.0673649695014638 -0.11998520744967311 0.023335155754242668 -0.04993426998547637 0.056602764441866016 
-0.25187684819092837 -0.21783274362912908 -0.08784599321021144 0.01575553502501839 0.11706149631926846 0.02394525078070943 -0.058386992134926124 -0.0469719721422443 -0.03719008934861534 0.005652065199194395 0.045645451875694465 0.03511838672014787 -0.5836593961860754 0.0795675542762528 0.1908627540059097 0.3871047978058327 0.5133367101688954 0.08275273419757005 0.029314697583617266 -0.017493188464674205 0.05583057244143071 -0.04128383600425483 0.04649025291169636 -0.04739910615127519 
-2.9439029461974737 -0.5072907704401471 -0.08666665660613354 0.8710401673338758 1.348606947786105 0.18809548610791257 0.14251792872883218 0.16491563166567835 0.32355074197109224 -0.11234506843080724 0.10615410381211021 -0.1934590594798501 -1.2933395764306272 -0.7388476668444949 -0.23983928465364376 0.4482469128006683 0.5234186704943307 0.30318944216404803 0.1842105031353846 0.20168494009946922 0.18769779456214333 -0.035313693619415644 0.06383349550573215 -0.0022547440840092908 
3.300621552138368 0.11292514534925813 -0.44803767394241145 -1.522204554170533 -2.14965496023013 -0.3001838040129838 -0.1411593031265881 -0.029808538564641177 -0.34152737572844705 0.1545945933952135 -0.2268515208613005 0.2037605740439777 -0.1826569724526219 -0.36028570751815164 0.11470563451370445 0.07746938031774755 0.14975398642781515 -0.15733328516578962 -0.1511412521623199 -0.0941397199567483 -0.12400265354774903 -0.04437551384137753 -0.08437192079624123 -0.03496977784844761 
2.234566181729894 2.2386558717865133 1.079354969637626 -0.42830600875440816 -0.32017024421747386 -0.6300231093080396 -0.3897375664441064 -0.5193425310555816 -0.3461496100115727 0.08865731086981628 -0.005540789538093671 -0.05568098412514133 -0.23729826436118703 0.5844649541527388 0.04816690530464276 -0.0036904003164961083 0.23749635697610763 -0.003842156131238043 -0.04603684162608825 0.03987926040596612 -0.0744683008688702 0.04900383727049402 0.17432860331303146 -0.08079756462944594 
-2.2931404947967464 -0.5099489421880041 -1.0149737098732046 0.4330204821159177 0.5021881330376123 0.9050044039860543 0.6611645119385029 0.5775762690886306 0.6696680472859642 0.03827741707301521 0.3546086609395201 0.07113868258813633 0.8978562471066477 0.6128833131705339 -0.44824791435440786 -0.637568145355505 -0.42720595555879964 -0.048981475630229886 0.059066881901201 0.08434029205987242 0.06468850313655523 0.10978937966288717 -0.06409810491170125 -0.012171527350320918 
0.5648728703536444 -1.949248589129732 0.05230064544533475 -0.09550114985986125 -0.6898036697760892 -0.40297214949789234 -0.12053345392544858 -0.2584145533788559 0.04135793307049729 -0.20119799208119016 -0.7075617970273944 0.11524458013640843 -0.698284604241186 0.5267485876701286 0.03485663282969398 -0.30285806268382265 0.10666319559536001 0.011946512561416692 -0.11633194742379765 -0.058004961270737176 0.23785961334181174 0.10125978968467696 0.14496141259175155 -0.08300760742955612 
1.4418994665065497 0.36822743629577925 1.4102332312169579 0.2240974524487087 -0.6832203807744235 -0.2667648570273678 -0.45296200508952 -0.4132934035826213 -0.7293466566791477 -0.02984589411794481 0.3164532976184536 0.15481237396416558 -2.2452431872671066 -1.0932894504322985 -0.40194350220610947 0.437800687462391 -0.050199572216023856 0.04979765285976937 0.1323985297898107 -0.10056224774681437 0.14304957479952354 -0.1695725845893059 -0.16108114507558566 0.14390133805747346 
2.4619000138018032 0.21932191953423597 -0.23781839939653726 0.5847296941306643 -0.04745557409753598 -0.07997801648557867 0.516321534341298 0.15010718909225584 -0.360221098054452 -0.18106040258873457 -0.4213473456528151 0.1515049924755124 0.5913320538987685 0.44253460847590587 1.1260558401839096 0.23195995904667133 -0.058512751785606255 0.022707342610155445 -0.21532458924472234 -0.19063769942321596 -0.03204647653386078 0.05351719757374931 -0.18506921130619391 0.1472724170265325 
3.4940754952804935 1.6856341547769076 0.3359163191660599 -1.220497002266518 0.3316128018464073 0.5941143789005893 -0.054458571564302505 0.6750021410935177 0.44130883844986823 0.5369263760947052 0.6947448704789875 -0.3786955377538361 0.08931179912504295 0.5785012732752772 0.4183898155909345 -0.07964631589464825 -0.1106260121696816 -0.23546077118328354 0.13797031545470406 -0.2670573375878172 -0.40811650990127 -0.13301278858488233 0.23335176672974187 0.027039001003977197 
-2.2352113057296332 -3.9355557737980136 -2.7887084190809452 -0.06908379964226186 -1.0216820057296858 -0.9015337952923372 0.3261885970461097 -0.23064922744727756 -0.4478303848924283 -0.6451357199087631 -0.34149994953907964 -0.05981871508418819 0.48712746764700743 -1.3364122837502432 -0.3880411843517988 0.02444588196887354 -0.31721233784788994 -0.08376988463245082 0.5337432426101594 0.18380754553631448 -0.15425321930446467 1.2393231559719906E-4 -0.11405658868576884 0.014831463586784763 
3.522519728897139 0.7101624631360721 1.4305087942863581 0.7899431470191165 0.13577087155069623 0.8503953459258621 -0.771806482806038 0.578256817450597 0.5388075164436505 0.6012301302967165 -0.4235257006276397 0.1793572247320843 2.1104133016979696 -1.1658993686345738 -0.8084372945828305 -0.8753790957533253 -0.9939945706526868 0.05133603098178783 0.14001831858949434 0.46761798314767944 0.18704593372396114 0.337195083792714 0.08167065825277897 -0.08680120337891732 
0.9862954940524582 4.716294616605384 0.37900891609871 -0.49382802641877355 1.0021024045939892 0.043191153899137386 -0.7262342378683122 -0.35294278569522713 0.05378922086205082 -0.2135840766365318 0.479957705957805 -0.17201577952780206 2.3951979869274833 -0.7046047408036783 -0.9436934105062423 -0.5146597969053425 -0.29944816542086367 0.06358955366652637 -0.230680824561494 -0.10083282267104798 -0.2663484190101686 -0.20584638846834355 -0.18492571855643528 0.07217398449437684 
-4.447917809704461 0.8574070654789301 1.1773695353247238 1.6180123983817136 2.3017043086426305 -0.032256188640511524 0.05169789012442544 -0.6667050292255458 -0.37063876559925474 -0.6904346969195526 0.039004067972208234 -0.062193395395277164 2.307706453900161 2.248633738708317 0.16499017843135935 -0.042606545116853134 0.41706858344821457 0.13971888257670997 -0.813293297412845 -0.05601373126897039 0.10935327316929148 -0.011508810491219101 -0.0283566672866315 -0.07763854288461065 
-5.435586497211283 -1.8953638525584076 0.16894144191859883 1.0608609653924668 -1.206304228013062 -0.6509766890087296 0.6064788842653599 0.6943301639039378 0.8059380131595301 0.6182358591044022 -0.01798767816969779 -0.15556535850363798 -1.8451028282753559 1.284304319378624 0.22443749674886382 0.43429051209730396 0.8991843107858578 -0.40522249926379317 -0.10322367965708464 -0.027616533416457274 -0.028264707895092916 -0.20941054048214022 0.23541298083965154 -0.08967171414723961 
-0.18965863717147347 -2.7299095184069824 1.0405719960823356 0.14041828646405574 -0.011231562490421676 0.7783226196496656 1.0017168483656609 0.2226615364579257 -0.16532669921296353 0.21984659389990674 -0.08948300670399384 0.4040476428738342 -4.230301246966718 -1.5233368419741078 0.7016257824909363 1.4843684526792755 0.3545404642703172 -0.027334146101003865 0.4883473249669566 0.06273444579461518 0.15415034754109833 -0.18646946702001685 -0.06468990066201306 0.021331355243646943 
4.392474392612032 2.657039950412468 -0.22590480452668737 -1.0579025067518564 -0.5389825921970581 0.8535692475454284 -0.891572678017676 -0.714776468287591 0.03592731135418398 -0.04049310059984079 -0.1620376992230486 -0.13612115622063892 -3.443806385636726 -1.9229409303263418 0.5355899084873609 0.7265244811374569 -0.40619896543566525 0.10121554248383968 0.42433698062978137 0.3362750509844581 0.32146572466627515 0.30484029909732563 -0.15978871713174525 0.019301866542498613 
3.3289554862840376 3.1512156899158157 -0.7300846889254422 -1.7757112235839514 0.904422097923677 -0.7025267186145789 -0.6643183036349265 -0.15035505051362685 -0.4480844573198768 0.19833818399261938 0.3050987804849228 -0.13590956226771753 -0.444136697355382 -0.7419863345476644 0.6299958997768793 -0.16767453123050538 0.1788864182160137 0.4883923275196011 0.12281198445371388 0.011787872045631365 -0.10860195310924288 0.08298246412763313 -0.12977546676454357 0.15096071356624263 
3.13652559797114 0.9328963342592189 -0.552499941039595 -0.16064772299590047 -0.4455341619131157 -0.21419864732812632 0.16648551837630965 -0.12798669556366024 -0.017080281785838813 -0.2855308332339311 0.26408757963107965 0.05650764443964207 1.241798838533267 1.5071682922212457 -0.18373614802761598 -0.42687645653045675 -0.07939387764899693 0.300825912904137 -0.28184531085193115 -0.4218012430226881 -0.11292865033416401 -0.050978459349551475 0.09744753318268422 -0.08329506713630387 
1.7707258522151186 0.3581212933126352 -0.6861181349918484 0.19481448827759396 -0.594615032280434 -0.15297041547236034 0.10425179680752639 -0.10609696604093377 0.18698295668477655 0.09341806783405249 0.08678075416257275 -0.14514889815503418 1.490893566095161 1.1420745568141413 -0.4925449231654766 -0.3945672239842159 0.41359164585614056 -0.2361306444164691 -0.3143992054356571 -0.07049485508165404 -0.16047692954230952 0.06294399128629076 0.0927784984121462 -0.04024676121151204 
1.4461926940466903 -0.4679177279496791 0.3033203625893637 -0.7625359930912587 0.44871760585198817 -0.323686642738092 -0.43032179568310913 0.5284982185441269 0.057179555354349376 0.16490233552809708 -0.34522128560992615 0.11838371313193105 1.5342825994077998 0.11087473369272753 -0.2148912401711082 0.10068454359715551 -0.2906199434714664 0.1390696114865907 -0.3345502864117749 0.0294324299192171 0.12141031606737464 -0.20085145211610209 0.23884298923088262 0.004141582480964338 
-0.29855876003922077 0.4253990505778411 0.31963992875650815 -0.2910654165836246 -0.7834787235272966 0.0606092123398112 0.5772829697017542 -0.26711294232255833 -0.0037835872630422873 -0.21571037424726697 0.3314177178689871 -0.04610731297932588 0.5484923983649855 0.32121718096524976 -0.23863733749078397 0.08898580977793857 -0.18015808807793568 -0.11948626103863091 0.07278480544205872 -0.09817815040604438 0.030659530868834866 0.1973777851621165 0.04648978454660962 -0.10633664429361044 
-0.43167989412508945 0.5666332545484334 -0.41070525240044864 -0.2197614013567577 0.5207575141247149 -0.7381972956939842 0.9336207911645205 -0.13577599718049926 -0.28592795801405335 0.47158774415503485 -0.5747598699147753 -0.005437895591105094 0.5818761924679864 0.08302101974672264 -0.08617546778907159 -0.3576380169145051 0.20062826854317464 -0.30123010453381205 0.140142339282643 -0.1265218393082134 0.019995098372209846 0.11583675677603962 -0.11858386534740424 0.05184807874831774 
1.0641849512060517 -1.1228057408321703 0.3868066849754097 -0.3435302369234723 -0.09016072218299032 0.4127436941214785 -0.7960739129424645 0.5205745930395125 0.2665581207624733 -0.6520579919657659 0.0620806926751685 0.2357718390873152 -0.011773955307605869 0.43411264210162176 -0.2999935719191424 -0.06476785161885672 -4.4606429965895106E-4 -0.38041229133001847 0.5973590159248223 -0.22271445984916496 -0.14980574025834176 0.03408348652739942 -0.01868463105157392 0.01990103758435177 
-0.9808077389799053 0.057121608515158684 0.5282633878471277 0.3366104678221804 -0.49982620044968895 0.40393642997251045 -0.16407037220892873 0.5142199687877318 -0.13797659377503796 0.035565874059227676 0.1451988230291959 -0.17810009914634273 0.0030420661870890577 0.2274027788257058 -0.29627242684110805 -0.016651012829230982 0.19513954803209468 -0.22927093812268626 0.3043061890783219 -0.14967249327721924 -0.05649389475998068 0.0941325126565337 -0.22115065263904857 0.07680423717806416 
0.011327028311004739 -0.6221830527103869 0.7501363243901471 -0.37494779631652353 -0.27184867334111784 0.6307792234966193 -0.6659484963859881 0.07603245424082106 0.37165795139247526 -0.09994989878156163 0.02749226455172321 -0.019479323954762373 0.09224952078014385 -0.22141047502805863 0.27724755058080247 -0.20444129584412463 -0.06809706340041743 0.3330535551447133 -0.4563600794632105 0.26723245804564216 0.10886439481790629 -0.2589205980321538 0.061020591027425665 0.09404144805719931 
0.08562286876116687 -0.36588642598957577 0.29644720841550676 -0.15409958317253913 0.02618284560749462 -0.15940224601349584 -0.04436048434868356 0.5355125520505042 -0.1689961890491123 -0.08686384040666839 0.10598630206409299 -0.10822502560425878 -0.3069518004092349 0.024556131861406705 0.36860717305520696 -0.36337324064439835 -0.15955292788668593 0.660861778444394 -0.5845307389222459 0.11958554824006562 0.2731029269888224 0.033522032833429055 -0.01755980163942439 -0.0955104581936785 
0.2542210849950841 -0.24707029849562723 -0.3290278770511872 0.5151486761062614 -0.1488740550103298 -0.3047476333196584 0.5131513815170443 -0.29176907272880026 -0.04452526605420837 0.1859186593636436 -0.10137481992455705 -0.08129004185532468 -0.015809896014175113 -0.24987693701878597 0.4926099829207861 -0.5920224477426177 -0.23699675709118964 0.5140130356243593 -0.32490288127058203 0.132719993657775 0.2607598828698008 0.02232121774276431 -0.05879835815208876 -0.030423330972481177 
-0.18139936609424012 -0.20410316417644125 -0.03797603059782606 0.9816819535439831 -0.08265472595502521 -1.1108854769525327 0.999971905606293 0.3393640875523456 -0.7491937660181633 -0.2079345035136621 0.2623117701856092 0.13933663438497396 0.22362611012151548 -0.14001415069632786 -0.030014812267142865 -0.363387276461721 -0.09477636629890689 -0.14404634718092998 0.2492126464136152 0.40047428964407955 0.03876714910704208 -0.1377753694957729 -0.008148472549036057 -0.013506885287095288 
0.19226783378123358 0.04655612743940374 -0.5604820048655448 0.8332287785530683 0.493560383713711 -0.43551826790694004 -0.21340604755173032 -0.2240532944834247 -0.12052290873240157 -0.1063782204563577 0.12572460494723142 -0.05199016103193521 0.31006140922964825 -0.06484946173455135 -0.3357458856736786 0.11671205231997321 -0.050970342213413865 -0.5089360856187187 0.5924107122622552 0.1032997354966868 -0.10230096588397986 -0.16437836776269663 -0.004866944528644908 0.0637911353331402 
-0.5542788359964543 -0.09265718686810764 0.5022187091241141 0.7770221949892204 -0.010705274857805147 0.3381221128229349 -0.4287197090551419 -0.6997682060044221 -0.24729881503114193 0.47261070799065097 0.01688200727530692 -0.08235431015466765 0.18400692520907422 -0.08292666563875499 -0.3144474100388801 0.38427703075203395 0.3200264043165861 -0.600243889666402 0.19082013036505974 0.11948278178454856 -0.22633111818825227 -0.21072406337299002 0.1980260558094027 0.1346187718210833 
-0.4895234077427535 -0.10824490194614 0.40811241010887844 0.2673423984237231 -0.03193775391869824 0.49755682864876405 -0.5497349479390039 -0.08210213244047682 0.01143015610422049 0.3387811568995769 0.035940895116528815 -0.1618179755849245 0.08457718194476242 -0.10212029632653952 -0.24617727843495393 0.2642740674809818 0.4555801726657554 -0.2913793685386841 -0.13911626345956216 -0.35550063795735065 -0.1149762692599497 0.1936067176632599 0.15891064797858495 -0.04246356929532907 
-0.3925245209594692 0.12207734743259557 0.42106899203160264 0.11179405135255394 -0.7799848700885788 0.2233086437688212 0.5956759647047506 -0.09005983882277402 -0.13617694387171753 0.2016579979273407 -0.28687454232724763 -0.20960577380178136 -0.2227002711782724 -0.17861823328355886 0.3595700241287439 0.08356701405260725 0.04480942831184335 0.14585072204306626 -0.3457589161583316 -0.19099934913790828 -0.18514146410266688 0.404660035676188 0.03085361146205723 -0.09381302512684216 
-0.14234086957154624 0.24554974926867068 0.21862468898557275 0.37302064792845613 -0.48854033666816843 0.4960265722361692 -0.3082550940529901 0.5375944357978031 0.16884496346773537 -0.5517220184144823 -0.19912906418724613 0.13902627867760886 0.5927732777851814 0.06823688989108263 -0.1823270419304047 -0.1656647377108452 -0.4870648138615344 0.2482707524012496 -0.008962959411711657 0.12275589556092714 -0.04065146484339377 0.14003807785602276 0.039425407073985654 -0.11677292125039763 
-0.059769291547240755 0.2663001873751636 -0.48174750270046474 0.47348202807903217 0.0831677315813999 -0.09866492509996647 0.48781711247684606 -0.4366184427098372 0.2294181735951013 -0.2961178113808835 0.041856152541022706 0.04866263809459215 0.41066358484731885 0.3821869362433768 -0.010203221640382528 -0.17071914298900337 -0.6348249784233487 0.08900882581160618 0.1807468036929953 0.28401249792671096 0.1749490152494936 -0.026999912434993955 -0.13053614639400835 -0.04146817555844601 
-2.434220855804412 -0.3850669915906719 1.4065017832661262 0.5834926231930195 0.9976803868309156 -0.08626864412059082 -0.4689166435899167 -0.27709051717972666 -0.049413008099007616 0.16755482798562069 -0.24670067353956332 0.059366582218081665 -0.3699272028504499 0.49259043691984966 -0.015774558587149084 0.3741681460152833 0.022705233265818563 0.06069648202904369 0.013760143334218211 0.13817341558407606 0.16607140073177282 -0.2689409315759059 -0.08280230109722615 -0.02673601277103031 
-0.4785752823849929 -0.7091750908678636 -0.1422598901875265 0.5187154926872823 0.3813797034319255 0.24742977451238263 0.133766328394228 -0.534754856114142 -0.5518950038368269 -0.07698068796772894 0.128519701530936 -0.04537139889667974 -0.8606205182753649 0.16020782163062494 0.3077120212151671 0.14649326270642096 0.4724961515721484 -0.20651901015304144 -0.16039657833930485 -0.22103925479120243 0.22623662999455676 -0.21630720781139126 -0.06976760140049783 0.19118438257154793 
1.1768437343986795 -0.7444839223693647 0.09620455849055087 -0.7721005224215189 -0.7057620223908869 0.1408897763428636 -0.17251013201433574 0.17214239574772727 0.061287349988381035 0.1455322146066581 0.005946064609475679 0.2662513354863357 -0.6011824258190308 -0.37993439457059175 0.7412780746845952 0.43819404066580486 0.6465548361681693 -0.07436463333223846 -0.5170701266619296 -0.5183149405359572 -0.37890710169512193 -0.04119169911148119 -0.05082764082569694 0.05110349384244767 
0.7165599681773083 -0.034614812127364836 -0.7497349539581784 0.7117988127670385 -0.48259951852414407 0.4073128951274307 0.8208035917069703 0.0018828652000431045 -0.5046418954322633 0.3638151187427716 0.12483558766799668 -0.6283328862541787 1.1934972005276336 -0.5826835262060025 0.04143281766207766 0.3205460279536489 -0.23063808608669797 0.35511879300733185 0.1800679345072812 -0.18411087501852522 -0.5180374597717835 -0.02571815771924363 -0.04976714410124635 -0.10029995786730313 
-1.2282412036284702 0.41745605275085396 -0.5135949089023333 -0.8276311588442731 -0.5099945106955577 0.05688369556860051 0.7387751047395011 1.0095354437710524 1.0636817427840763 0.07073202196481398 -0.09237569413100283 0.19753684436948815 1.5714614765427715 -0.48450115740991845 -0.1756747390556678 -0.028716012868372626 -0.7430983509608873 0.4146263702862069 0.42657206771906725 0.27530498750103766 -0.2222344840520043 0.12082014935277395 -0.05820763283478214 -0.10368540153666994 
-2.8565244149543196 0.4579055001900345 0.038341390522682595 -0.4151572729622872 0.9754102058443548 -0.7759235641224814 -0.8620800935045341 -0.40111875507022887 0.5010201790806761 0.037573881510924 0.32698201320491427 0.28988572026365345 1.0083790507560122 0.3906982566422211 -0.10497716892845117 0.22028018054398188 -0.5945190855876653 0.1924636522245554 0.5438326427541592 0.38041646172350546 0.09141663715901675 0.33318769609640303 0.12548159563037567 -0.19533253335058076 
-1.7509985036638205 0.46275939370169095 0.22919060341712383 -0.1224744409517382 0.7945281683075256 -0.5113711048908012 -0.6107844925657853 -0.45227175662024977 0.22515976488792422 -0.053807614835739925 0.07949575034536333 0.11819823683742949 -0.3276919212822944 0.48148138874929985 0.05473995299085491 -0.17700313262084255 -0.06738750751251565 0.03817004145188063 0.2996358998032449 0.48407535036027 0.5647714337270352 0.18454048160376593 0.09162006580181027 0.09183727042446367 
-2.047198534073053 -1.2293612525294466 -0.8061962033325534 -0.30162008781117455 0.64869639873731 0.11404933868346545 -0.13591453790286434 -0.4084629197748222 -0.3596308179612375 -0.5734781511461605 -0.3375449214613134 -0.002665982436407116 -0.7743780890681305 0.5993188433371214 0.3240073016365798 0.005878457776079686 0.4194443663076412 -0.35615733147211687 -0.4276034106860413 -0.25646890555913054 0.1281254925661692 -0.030257724712349682 0.07460727896873799 0.0537167681496818 
-0.6498283802222202 -0.183354737137305 -0.25554597094728004 -0.35339035355730175 -0.14447508460448835 -0.5026128801900148 -0.5232153724710684 -0.43901852495746096 -0.20030705987607245 -0.17736340651794158 -0.03497242420331981 0.06830088444612742 -0.6446004973517531 0.18174116018781525 0.08243209272537944 -0.0651316834560857 0.2455361983785832 -0.29103565816040283 -0.37212842544364455 -0.341861464376734 -0.09694596646297993 -0.19113530843481083 -0.11384110897561271 -0.05926269967303782 
-1.0839752094707285 -1.0169939644018315 -0.6913122272048549 -0.3173346899877445 0.1865787333774383 0.288169317943476 0.37694557850623134 0.3616613457757684 0.3293771137641668 0.19012495148907388 0.16039426357304187 0.15368409201025907 -0.6526144597930975 -0.3386103424955778 -0.2877874979268585 -0.2311749663049297 0.016242110957294293 -0.23105081741910805 -0.3071792828295781 -0.3508460059694986 -0.25623940368500303 -0.2661860833039278 -0.13476551545148888 0.0032165594823461152 
-0.29880867390972377 -0.1886477309255623 -0.07554766282286374 0.08077791050480387 0.28897840585171186 0.274675879960402 0.24917072556060055 0.1882505037346571 0.1714936984141619 0.1377967591510754 0.17204948475502385 0.2178112986332098 -0.26993178321219774 -0.12328713444810546 -0.1747255172777253 -0.23780376343967338 -0.19239111933309652 -0.33284789948108084 -0.3169928794065387 -0.2546759941639379 -0.12359660243484206 -0.06523707123186069 0.023523196629343407 0.08285877311691646 
-0.264865007850009 -0.21088372814858447 -0.032832863614186136 0.1748206790725617 0.3832433206373269 0.4185574108655813 0.39943026157003564 0.3304405837876145 0.22318701394865437 0.06750001593111432 -0.03675932958601852 -0.08707086797698665 -0.28120330007718203 -0.21958519306111543 -0.14101577821327652 -0.05230172165143695 0.10445043039627355 0.10658325763008991 0.11068001883413237 0.11584066336201872 0.11985731088366063 0.07612428628929024 0.07591616461461458 0.0842589242869644 
-0.24958813139598668 -0.21654845191961214 -0.060609100909438496 0.11394325223156532 0.33436597976485694 0.4307367717921752 0.41652092421664566 0.3406198385284297 0.22357779733620997 0.07966027495662026 -0.006965217511819832 -0.059897954910999085 -0.027117189270379722 0.04409788603415821 0.1115500044547571 0.18074686290093664 0.2703448029355368 0.26074653720923463 0.24269408628010894 0.2053336008512043 0.16879261292311595 0.11958052219991551 0.08142899845988863 0.06324169392142832 
-0.26497558049605097 -0.34428802472146036 -0.2757341735217379 -0.17701219589681438 -0.1494663447679549 -0.10961090086268033 -0.03876957732418829 -0.06204531170717403 -0.056236868347839114 -0.009179665281569271 0.02215312086262 0.03976194592147034 -0.006940032728203427 0.03398900790187578 0.12665825738453454 0.18508197820592895 0.28839091277143786 0.2852676022849143 0.26307690468560074 0.20937491921864412 0.13107564163197574 0.06617881042203243 0.008778717197823175 -0.010635452884443808 
-0.2174018197755636 -0.254239240741599 -0.28874702123335916 -0.28554624071331797 -0.2557011702522577 -0.24347957580317095 -0.25981161383261425 -0.23150735107156148 -0.19517219920693926 -0.18260496684232938 -0.1016937358489613 -0.035330190080303664 -0.02231278584746062 -0.01506325494897868 0.041674572048064996 0.05362239017985427 0.0975239399838167 0.11696475872631074 0.09442302297497952 0.08146954893027104 0.038867371353809826 0.03167969367162184 0.019573268298734136 0.025188094561352837 
-0.26013806547561025 -0.2940053574432184 -0.2987386756058294 -0.1806805090727835 -0.18689584266842926 -0.10013722219148867 -0.051634183462136635 -0.011620579068322243 0.0393350873243018 9.620556449184414E-5 -0.015731222010917312 -0.06744839173900294 -0.04941380594058783 -0.0943184347269679 -0.0763744914946672 -0.01937870319807965 -0.09207866869664849 -0.05544261300313994 -0.05610287841008818 -0.03699001972279505 -0.05623794058361639 -0.016082816152848584 0.014093429006416561 -0.008995761004060554 
