0.0 0.0 0.0 0.0 0.0 0.0 0.0 0.0 0.0 0.0 0.0 0.0 0.0 0.0 0.0 0.0 0.0 0.0 0.0 0.0 0.0 0.0 0.0 0.0 
0.0 0.0 0.0 0.0 0.0 0.0 0.0 0.0 0.0 0.0 0.0 0.0 -0.0848046445383434 -0.11572302930410035 -0.08633565656057048 -0.05148167340916251 -0.029161869607524888 4.165636220359037E-4 0.011282602545165813 -4.2037273279591875E-4 -0.009915424529804243 -0.022328405464131246 -0.037010675550592946 -0.019733238474978154 
0.0 0.0 0.0 0.0 0.0 0.0 0.0 0.0 0.0 0.0 0.0 0.0 0.07936007357337349 0.09384407645903514 0.04652644162152116 0.015445939581625564 0.01586888209997886 0.005643812563745946 3.879299739737996E-4 0.011092227823069836 0.0033431703653179303 -0.0016269701911271472 0.010772030308611916 -0.0018905302402839885 
0.2544139336150302 0.34716908791230106 0.25900696968171144 0.15444502022748752 0.08748560882257467 -0.001249690866107711 -0.03384780763549744 0.0012611181983877562 0.02974627358941273 0.06698521639239374 0.11103202665177883 0.05919971542493446 -0.014675341285392829 0.0024706527183572615 0.018982480187070605 0.022343930890381485 0.03606775437364778 0.0350293014293914 0.01921908359528392 0.004123309306244873 0.005278031224215561 0.029367841622942745 0.06089168038976537 0.05043167343573888 
-0.36528718752763556 -0.45511677333325595 -0.2690828097054192 -0.12356032885862045 -0.09134945071122391 -0.016306592258183983 0.01576011389582732 -0.033907242568403384 -0.024902647890660157 -0.02861169762281543 -0.08783210425172516 -0.023928266991615266 0.11556576542313997 0.15378031549914936 0.14542368447533693 0.12408053838990295 0.06955773297788552 0.0041703330585450005 -0.0283161418474078 -0.02554395209066292 0.001187986855314201 0.01896863970927465 0.018297166665413547 0.01743335684266818 
0.22666961761999627 0.2201464285115562 0.07759396429149779 -0.0052516282418342275 -0.06252853776533138 -0.09693460815908223 -0.06553730773376543 0.004583693365467073 -0.0033827697273166035 -0.07379767605742052 -0.13875898904343353 -0.139330886811409 0.16143940824700712 0.22059307468276723 0.16870747976141476 0.07706054962531128 -0.004323942155484012 -0.045478056891521366 -0.01362644924157723 0.04120055495796979 0.060096460043197346 0.04663973865701487 0.004782807602347547 -0.03777883041979682 
-0.33282513827190296 -0.3978296167970756 -0.345564550730904 -0.29239329093504796 -0.13366612563970354 0.035331459470852256 0.10079317559135739 0.0749705686884491 0.013000561092422064 0.013485527097083186 0.07000400785136554 0.046965230590167203 0.0986112306349578 -0.07524963112576859 -0.09862706112488522 -0.12132226445029393 -0.21114314580375707 -0.1569955064306414 -0.1671976538952991 -0.12239084288674901 -0.05501460351128331 -0.03503625828888524 0.017502561609237566 0.05647108976555226 
-0.2461353157538575 -0.3432537144040908 -0.20887459908979045 0.007679852389767428 0.12161577275326652 0.10936545394393826 -0.03548499075853079 -0.17677945230394784 -0.16949471103172042 -0.09398261193860016 0.01776554779319084 0.13708945789343369 0.4009482838698412 -0.36472058370223975 -0.07660957192261446 -0.31187271497738156 0.06477875514435347 0.2885343572113532 -0.06899440562353888 0.12454216804298628 0.010814438428584835 0.040621124553849926 -0.08348925654768781 -0.10914025652982069 
-0.4247184127455821 0.05233219150187329 0.17003265535988055 0.2339407241764605 0.4500078314407484 0.35152989598222995 0.5023269170941074 0.4239468589265511 0.22319713329539168 0.08658954518443011 -0.21860205749775005 -0.3315517086406934 -0.16221451327973258 -0.0021305434216594143 -0.20646894398307133 -0.3811155477798452 -0.12262811719619536 -0.15502119703063588 0.21211525364501016 -0.08086542802161396 -0.0977468353903354 0.03790574364592858 0.02508934061719768 0.04796688447327718 
-0.9302285967526878 1.0892272754688008 0.049624077013948886 0.6671995091345563 -0.5487017817386177 -1.1206368980488306 -0.05932096161452374 -0.5435309558825427 -0.1409243711145559 -0.23221305876264378 0.2560118132741877 0.3773483523934834 -1.052885520181085 -0.137561368841752 -0.4130474745189167 0.7191543014343994 0.3810763589695981 -0.18563082514356133 0.21488881197092083 -0.27663944166106197 0.1564791942247412 -0.0772740461680473 0.005891297652422213 -0.01866151477213604 
0.4958650420667099 -1.1076784814685432 0.14459294316644034 0.5211935240320933 0.5693770031948246 1.1153962265591444 -0.5236345999156766 0.5009426045425884 0.29195589730484595 -0.03111648042868076 -0.12438714674072593 -0.21706487007968922 -1.1575446416912496 0.12982736608103862 0.09313239963899296 0.8177905726942089 0.13101550051954544 -0.11691981339760855 0.1461713539796499 0.37375904192986503 -0.014650759721251988 -0.06544722155914112 -0.03080108844956807 -0.08106091128599587 
2.452229517383252 0.6494357286063734 1.0429876805636797 -2.293409451841247 -1.0812978900325658 0.284324764086165 -0.16717066816640125 0.6146409998712193 -0.6733116757106712 0.19669253937209716 -0.04701580054258786 0.13583058292933972 -0.5887156608877453 0.23845758558815025 0.7368111772957177 0.5572551621795526 -0.0626396737101277 -0.24211733554296277 -0.009489361438282782 0.13378917864257275 -0.12107995489586289 -0.07737455529916362 0.06050201687158315 0.16340899932799435 
1.356686455260197 -0.11725413331002887 -0.6060463453319638 -0.7391265134182641 0.32325938402908616 -1.9149489244218998E-4 0.11773770843109643 -1.276416244739925 0.5333430647572053 0.06847841079448302 0.025315014759341947 0.03238990994936608 0.8806253269115604 0.09714061124850708 0.620820236931797 -0.44821279898536154 -0.4862137827381048 0.26683331531559645 -0.430705719155136 0.34611660272828243 0.12956863822603093 -0.06697278692049712 0.058939582181409454 -0.04168254281811536 
0.4055076793138045 -0.12135765537490707 -1.7854898106240018 -0.3744059586789228 -0.23772395102536537 0.16350896930585102 -0.3515390314730619 -0.05621906716900424 0.1016219098468531 -0.04988683847673481 -3.4531809059568097E-4 -0.2376060356050273 0.7799926797547622 0.6379433691433326 0.3008201635096613 -0.8794732617164341 -0.42626168614092674 0.30085025918632896 -0.16105830966726362 0.04596434381554212 -0.15424154172890595 0.08397378703046947 -0.12482212513476437 0.10224352483375054 
-1.1226500196332474 -1.0137036232234242 -0.3036290220351099 0.9063301744070158 1.6062313819055387 0.37530417800251203 0.8606667392030618 -0.2019771701221469 -0.484216810152009 0.29309156925722657 -0.3245411345109504 0.09470106764184039 0.6779400096299559 1.193073126353737 0.5812921057873023 0.30795560072092615 0.30855068524380613 0.3460530782297398 -0.18582192977861678 -1.0805300789164134 0.10020188736017259 0.1589946027683957 -0.09983593236685752 0.029080307947507905 
1.3519197155656877 -0.8161696338669268 -0.010681471613731008 -0.47771801060458485 -0.4439988305480119 -0.8059738499202991 -0.055460254550593086 -0.060471568884296056 0.2981928869306538 -0.16753540095068298 0.5023786494968514 -0.20205557041814903 -0.8532414924858766 -0.9400299294476726 -1.1808378450322692 -0.4316991368735213 0.5407205151522799 -0.010538830659425458 0.10121003415724115 -0.3727021480672803 0.10046568046753361 -0.01723949940194373 0.029610576237377183 -0.03408806818777044 
-1.1503395917556123 -3.34906752312523 -3.237326832199006 -1.6113372896182117 -0.49925523194100907 -0.5536093199685865 0.5271641093057123 1.9673002428669613 0.1344519141347872 -0.34968111627373 0.07346082806619096 -0.07262624648659677 -1.6321444500002176 -1.8893472925734056 -1.7058113234310959 -0.5782393063310437 0.6483821093997053 0.09321173329592218 0.5799177327860408 -0.051594886076026546 0.32748483661258687 -0.19153139473109856 -0.019208529749173326 0.12115583697214365 
2.9790769428326165 3.8664140829190137 3.223872629554754 2.179525183954255 -0.8071421895589317 0.6595822102696767 -0.4884178189961107 -0.022751329461717318 -0.5091094936991458 0.32321800249457466 -0.2881780280912979 -0.05167817397749741 -1.0328397922375854 -1.9522335272458429 -1.9070250114889495 -1.1219292087430786 -0.25020861899771973 -0.24119097697925448 0.24515115073894256 0.7630661877584322 0.16224505657157098 0.0012481941880025937 0.22288934807397265 -0.0662008210985171 
2.9602047167339407 2.3130463961038217 3.196527897673935 1.3124264961207266 -0.1573432667881174 -0.6371090519802424 -0.6626076769323017 -0.06605263160535663 -1.06302012967487 0.6223090517278934 0.1283627935306442 -0.34395514149491635 0.5865091462451398 -1.086427486321156 -0.8812046983325418 -0.34070261297686205 -0.3291153340740984 0.05449689366848361 0.17548939577563974 0.9714630443700397 -0.35770305535597374 0.0435651323212109 -0.10933815639037588 -0.18219182217832264 
2.3951669380336673 2.209473988256076 2.4934661979166473 1.426187722755182 0.1356710438687015 -0.04065105297670779 -0.1960278136484137 -1.332993694923434 0.4101937391207695 -0.6572750675155025 -0.19374037745729314 0.13221134038156207 3.2927096064247148 1.5045503181698072 1.7861912770671733 0.9134403601638726 -0.7240813062737231 0.16929377829805317 -0.30795786854300644 0.034861214869609365 -0.31557778209696097 0.2672672470029316 -0.08607070714260812 -0.2098900315434166 
-2.617912028091557 0.7386849831697067 -0.22850952138232739 -0.21256072008808902 0.016684153567469495 -0.3669833693508451 -0.14549908069505535 -0.2919677075122997 0.747909463792751 0.009870021767675846 0.35425647192031623 0.38200446286884143 3.760092834982427 2.0816222561459248 2.1754908872992242 0.6398208848198405 -0.4275746547991209 -0.5757150892769188 -0.6776582581141074 -0.37771812391912846 -0.35463755437902567 0.24757463206999178 0.11305858808744436 -0.11644851303726866 
-4.109993504028779 0.1399438348766493 -0.422182492118635 0.20169771156704464 1.2780880190844441 0.016638034060818513 0.1769014885142854 -0.014377436117073872 -0.46784094414207344 -0.1723642235341113 -0.14291274585830954 0.21501211847087348 -0.417386446211821 1.5051869230475399 1.4317964921274484 0.7462857401531268 0.5818772155188915 -0.181743045909629 0.04189758629353302 -0.37813203091275377 -0.029592230469651166 -0.21542634387409731 -0.035855231820211976 0.02134519269408851 
-5.067493567182117 -2.8970552956442397 -1.8721204192060967 0.005208847255274041 0.554172210001374 1.0613916723317507 1.1839024463286707 0.40779361074884846 0.43990987509362856 -0.3628702664727775 -0.23622678653118068 -0.036009991427766064 -3.1017475423216845 -0.2360108614023151 -0.3855667812485169 0.12762997712550697 0.49963694615540905 -0.12532630030570088 0.6406536512110692 -0.015090501445703527 0.2569147535665905 -0.0850389806137618 0.07437751455087933 0.25064072391728126 
4.87211704621441 -0.48821664147957033 -0.9801178295538135 -0.9215542813758799 -1.8787046309049251 -0.20960943608911864 -0.9864213360408758 -0.5484782613157468 0.6529702248792842 0.1753741082270161 0.20906694722909125 0.2771829894476003 -3.206866273178465 -0.16685611628483818 -0.4765367896168195 0.37107991924845135 0.6469020231246833 0.5213482869598592 0.09716449237762993 0.2270409515014259 0.3550051556890528 -0.22433879063942264 0.009786448017913063 0.3653480650607152 
2.1962753237519035 1.7607978055547617 1.2071584910808126 -0.033824654993147685 0.09616964009592721 0.12211926664122619 -1.4857986220506825 0.02035420942414734 -0.5832403814176993 0.09111779772839751 -0.04486591827602217 -0.40100314437136586 0.17659231879963735 -0.11950539654434023 0.0019427445160253114 0.2447186247918911 -0.08557695043172553 0.5169251930879618 -0.08598109162756466 -0.15766373317881774 0.059910537479538915 -0.25244666089678397 -0.09451118217469671 0.0032980481194183897 
1.8787208700396056 -1.688414366868337 -0.5322115784116312 -0.8920252950540986 -0.43361676533688204 -1.077770623973497 1.2202585455710722 -0.501780589959001 -1.0212812829535678 0.2736581162835692 -0.267952524039628 -0.6985355002394722 3.648215217850796 0.11066499039731188 -0.2180653103409016 -0.5964127835932593 -1.0892307163895052 -0.46979747526305254 -0.8521523234393525 -0.269462709818778 0.06611693004580575 0.13637018942626714 -0.06524113286690321 -0.25093783106674517 
-4.100572435493627 -1.938440243316836 -2.101901778325264 -0.74371152028129 0.08835912851252903 -0.05530331298994556 0.3385057804053907 0.8574359746069287 1.0973040165714378 0.34532771218929803 0.2858164956272691 0.441955109057515 1.6245265659864287 -0.012659439692774907 -0.4297109804596035 -0.7723752384230043 -0.4864135046231697 -0.5948477559061035 -0.3348256048562129 -0.05392917652796225 -0.5232469449789297 0.17639236509571124 0.02883351920590069 -0.37999497059291665 
-2.9241047277152132 1.0294074117642928 1.3286082361719296 1.222627502047969 1.3928927740552894 1.2884942795156247 0.6578834330491456 -0.15863101445080355 -0.38565276425270156 -0.36084141728223557 0.23944913887815528 0.6085173559333955 -0.46273174832499064 -1.9706192039488115 -1.0426411390206662 -0.5335282124936894 -0.01492510504186284 -0.2164079001129419 0.5989814558986309 0.08054053024950854 -0.27230358486952416 0.1475094127606472 0.0776291861847039 -0.023235842159492332 
-0.27589157532997355 0.4398652353167716 1.5658815251678426 1.2259746617248313 0.6421553842693504 0.7235300826149759 -0.20013425122108058 0.010566951253935392 0.6686861941686564 -0.12080953077583395 -0.3850673073526159 0.08545533932095017 -3.3790782725260624 -1.4483463042778404 -0.21773873975583533 0.11899279898239308 0.49248692529462074 0.7562200288454283 0.17987071221204923 0.02148255426147061 0.5627189983281908 0.08318772406666308 -0.04232743581018902 0.2852332529075216 
1.354575684932751 3.0342905056612945 0.7618201869038144 -0.27628374857609095 -0.6657395780897042 -0.817963621437132 -0.30736580631158494 -0.31996766903102997 0.009938382856395478 0.0641984994841936 -0.16539818110379723 -0.4505780888927127 -2.189905823462114 -0.05833724074455304 1.211471394827227 0.7272817271901589 0.8306503743930849 0.9316665196604967 0.053024853623334055 -0.19477700316446586 0.24299214189183574 -0.22781030910114794 -0.198975119000542 0.2388964997989124 
3.8973221757605785 1.4041571225681846 -1.1652915344237005 -0.35123429191643907 -0.35978547129883653 -1.270734449049852 0.28151826344960834 0.87365663911263 -0.7886485519676832 -0.11675541839390578 0.6152224630488123 0.11580307274800433 -0.4981692412706981 0.4276779516339859 0.8435503188474822 0.5742447910431691 0.25409032249856317 0.10108491505991553 0.07152844100666865 -0.18041958044178272 0.20831200415319698 0.052255433456574706 -0.21500209766226944 -0.07557841177167039 
1.5590058671258529 0.7222731903722455 -0.94021941851398 -0.17061320270187275 -0.5980879213398718 -0.5093730136334513 0.25798261484379903 -0.0058448488867532955 -0.38596181686003894 0.3205624538302442 0.3362296106790672 -0.12334601017686875 0.3039378957210565 1.4549358431589565 0.014485643302720988 0.22505440249508915 -0.23101990719221846 -0.529935433732761 0.04572993620888314 -0.11742477103631192 -0.19237047726223686 -0.01331055749538466 0.13410581500126126 -0.14876567420286832 
1.1164010573855698 0.31284003805933835 -0.11374962866570693 -0.5495949843417849 -0.1539414116012554 0.26598003353338895 -0.6973937848187786 0.3947642825071451 0.24170028156728263 -0.4057578083185834 0.009125089742760162 0.14857453527803932 0.8196941480563723 0.8742674227238201 -0.386799855973579 0.09894830964313535 -0.41120614538461525 -0.6365372726967072 0.3337324143262172 0.27093742940199256 -0.46488773470456407 -0.05727125428931142 0.3718811911285616 0.03827953681495303 
1.833222556957086 -0.7848584815611517 0.19259230411665462 -0.8522666098486855 -0.07560188636183929 0.003485438469530644 0.04490040919595906 0.27175282238064824 0.07187539787562314 0.24863136693268637 -0.2646669394545549 -0.02066679754912526 0.2440760993789007 0.35268984658725433 -0.11305335573580992 0.09025912310145356 -0.24964817228971578 -0.4723885286356635 0.14903831577301138 0.09890533785210305 -0.21964296694529106 0.16105981980921216 0.11615494500341772 0.01067065283984934 
1.301131386675845 -0.46507930963657707 -0.5712978278182809 -0.30725251727243874 0.612589947365993 0.38244814298877866 -0.6131378767051232 -0.07795448472704836 0.37709604477817793 0.09102388792280738 -0.19997283527006152 -0.050375144010726514 0.1329645481787427 0.1175699914278896 0.2659623362417363 -0.16121138386284764 0.022507400548924344 -0.19148165808367845 -0.1442256034751188 0.18687487623751473 0.0021933552403518575 -0.05127322632630558 0.033131643313846854 0.09041478506062144 
0.7344124043440132 0.053163324458440187 -0.3722852517302634 -0.5625618055409065 -0.23240908395434867 0.8495585175458443 -0.23126028653206276 -0.06620147882596572 0.20526920237038654 -0.4110078537180877 0.09231373817522487 -0.05588312905203385 0.18744315358844155 -0.060278026883134515 0.06643698321652973 -0.19240929247833938 0.11524684469166768 0.003879035247190086 -0.17020376605018417 0.03378633583426741 0.045995465407270286 0.09000189983890577 -0.1311216911373214 0.10065175814487236 
1.266912489155878 -0.45888083923412637 -0.6291978594674569 -0.21081323490713144 -0.14306001445177374 0.4173884682462674 -0.1266366265294112 0.0031168043979079574 0.16842331359884538 0.0778814809857204 -0.2687601790136703 -0.10506165415237068 0.2561764083791864 -0.3795269451658993 -0.14761503151655536 -0.22189090329034777 0.2816967613230918 0.5069553247722972 -0.18940088797993362 -0.3203652805229011 0.11811469694122693 -0.02026580439843127 -0.10031865293103688 0.01810002215786723 
1.2880025449517447 -0.6071236361129735 0.02223137029165345 -0.32325837359632104 -0.043517439527958945 -0.025621829900783988 0.31226108225865556 0.12985817031536784 0.03822536724347855 -0.014803129115487479 0.16309180582921368 -0.29527881691292024 0.4218883310481332 -0.6858544853970013 -0.49906940899249247 -0.5670699533820128 -0.14614917084671264 0.6186314499975767 -0.03523033082416346 0.11619825394016993 0.2201062005515976 -0.11777481500127 -0.15725334442858044 -0.11662131503654695 
0.2558070912344199 1.0036450061468276 -0.3257110442795732 0.23876847662631184 -0.32694615881647726 -0.7008276576047986 -0.31669589716068147 0.7851115322709882 0.10627387151795117 -0.04628106118319891 0.06559408969605474 0.015022633446114986 1.707937510810791 -0.8406195879739874 -0.9853113532834138 -0.560042457417672 -0.08594450583579154 0.31811613381727155 0.01735308443722472 0.3894110062919547 0.11736968959131833 0.10851255094166294 0.1085065683393771 -0.11919824580226418 
-0.02569988983965743 1.3794638579589673 0.973179567653272 0.9138571988384102 0.297981500768141 -0.4472277695213529 -0.03053965874393727 -0.8057936045830156 -0.4239746782439592 0.004397862370181971 0.3968966371061037 0.23393867225836418 2.1170295765988953 0.1368462462101935 -0.06264430292166341 0.06391908085860865 -0.08665701603473926 -0.34754096963118214 -0.23627541679246256 0.2968574525535255 -0.11576518910705542 -0.22488929363216345 -0.01218648133589978 -0.15434444326871452 
-3.200048825880794 1.0696841776518653 1.8512621017019755 0.8507563511285188 -0.05597596709244912 -0.3261569633952628 -0.0072955093397889526 -0.6972903270287644 0.04741426756860925 -0.25725666758210314 -0.7111822996702465 -0.012075661331220344 1.3605466009876543 1.3656600587313026 0.3005862026060906 0.4496191978712673 0.05970452580402582 -0.2585684985692007 -0.24744543654987586 0.1185308805181589 0.013939670381981026 -0.11086975207948518 0.08650445847698746 -0.016802847206770315 
-3.335158226287334 -1.0506819604960729 -0.8783222939341306 -0.8210095534232504 0.08096851271424477 0.8296657318879944 0.8663871387255969 -0.019513257695332464 0.4149507365393158 0.765352554980455 0.5880394445200636 0.18130366028189093 0.45809069467470853 1.2402216273832372 0.7167479263880153 0.5732635428742445 0.14313282588045817 -0.2137575291925821 -0.12921526776524841 -0.35413379367109005 -0.031058371535754803 0.12839278988591793 0.24803679430625233 0.11269851415480188 
-2.171103543504705 -1.87826226081956 -0.3017187213041437 -0.24265574085665964 -0.3975532422016066 -0.5635689126018701 -0.02282298624582102 0.036378717272669905 -0.3550078470196294 -0.09414915124987991 -0.2894906894418876 0.09174868105466255 -1.3599063555444904 0.31165472842839587 0.3462804058968505 -0.1078830638666483 -0.037135586649741446 0.17729992819539583 0.36059170334369073 -0.06321883775088881 0.22727154007461373 0.08874785401308655 -0.15371152434021004 -0.030042669397338666 
-1.9144446150518277 -0.8672278049550313 -0.10057380000771454 -0.25922738379173416 0.03937166068134523 0.3127507926596971 0.36486988300482404 -0.1102267457204626 -0.12958850634257546 -0.4623342654536834 -0.5580595509268327 -0.15606904139898295 -1.2092429904586757 -0.3394551444350425 -0.378580525521039 -0.2800614901653652 0.13131556393878396 0.2774214647961725 0.06215111309573614 -0.30577721327494417 0.017132445988161122 0.19656590360158624 0.15008303760954847 0.13301258802020177 
0.16931343513492403 0.04299291459615695 0.42354663704821593 0.8935144579127055 0.07622921887322498 -0.5995992783673015 -0.8383119915104748 -0.46227706976353294 -0.3621307312142863 0.09034318059570641 0.32300177107383177 0.24673869770123258 1.0650778096069873 0.6431151827838725 0.1269315128527709 -0.03457779058222379 -0.1017845410029234 -0.5285665450288629 -0.2164778225755457 0.1064786706989857 -0.05006252916144046 -0.25785265263950546 -0.3083329556328123 -0.11468066332298234 
-0.8776377442311216 -0.9929441148988039 -0.10521339654719353 -0.5489101823118374 -0.5498694096395229 0.015416520382192545 1.0876783020707153 1.1471462756476016 0.3671148406721609 0.08340867825290302 -0.16845589856644144 -0.2952291121019994 -0.6781600663654638 -0.5155903003583188 0.3252914265495468 -0.4582080203982503 -0.5313549110921167 0.14692473067355455 0.12026570896307408 -0.16617113306560868 -0.2222899924382122 -0.14771710124328302 -0.13933889078442074 -0.013351969956537063 
-5.88474040773602 -3.744749654199291 -0.6801934615927169 0.005919030150063342 0.2024209159675977 1.1707978586234709 0.2652062719478705 -0.9117438055083193 -0.45317193304267617 0.4065373348153434 0.44070635127635366 0.5053707063751178 -1.7655520948236207 -1.2765076683175514 -0.1519136726596633 0.02278177445456216 -0.2156333819961347 0.12903191262218341 -0.027234257396344108 -0.11310749212508674 -0.18125709798151535 0.1620693872923715 0.03658367891849415 0.09210178434834555 
3.1470625054800356 2.573414380517649 -0.5245780303358885 1.5591943912843378 1.570340545410509 -1.0132219678563528 -0.5476863756135708 0.6130200213487567 0.5828020718862561 -0.1772800388336528 -0.19889516867483137 -0.24532913586631439 -3.260889068930494 -1.8720850489419323 -0.47226884939302294 0.211107734641757 0.2857666867404562 0.15842426628918485 0.6571866729176769 0.3715410880338363 -0.12358972210470641 0.12160844101397157 -0.027329883461518056 0.07950569307819388 
3.453619594750208 2.0893366718405844 1.0889699719215533 -0.22888315224906863 -0.33697561266338694 -0.47237577211457915 0.0610731195207006 0.14410853376114974 0.07379694712321216 -0.26552062273813015 0.22847036937254428 -0.05451664346164664 -1.904608133892813 -1.3547876493082613 -0.1399511753324739 0.418051421671559 0.5859639211870068 -9.944175017554031E-4 -0.1045652945603069 -0.22674371540032037 0.031048391618789195 0.2853216346924961 0.08183818643803421 0.012543814384562979 
4.235849461317246 1.7062678689070552 0.42701143487474025 -1.0648322950375424 -1.137471205545399 0.361730536883663 -0.7818151404687301 -0.49540315808864177 0.4743995669033359 0.054612333987725026 0.01965174277001741 -0.2538025164181988 -0.0749730213096426 0.5271345157840489 0.3875400219706015 1.037451058310099 0.11011412366893165 -0.6247701975251966 0.06080744447645855 0.24138322854141822 0.08126814345368227 -0.14611992317869535 0.04712155552185219 0.038501332917700325 
-0.7153094839761867 0.7531865495307901 -0.7361346682006096 0.06377810829632624 -0.20156497211546875 0.4863048587587292 0.6959665380563709 0.32269893041134107 -0.4921158554075836 -0.5653737556728339 0.08591833623982664 0.4719759534973711 2.8863964834288596 1.5155613309074152 0.39347513860546085 -0.13289311434842 -0.16994265460887137 -0.043650678365541186 -0.16292760124339012 0.026051353677519457 0.2202169808779623 -0.03327896200851275 0.08825252885881683 -0.08686108298039075 
5.456446108772161 1.6600858943203995 -0.7746457761866112 -1.6994894139186574 1.172292854129755 0.3817483092825831 -1.0475554183107816 -0.2004248626005936 0.6219540427906072 0.4110062971697851 -0.26898381867402915 -0.6240794330989242 2.5360809023627104 1.4584281558744772 0.4470719161580818 -0.18934975020052933 -0.5574720569849202 0.07046821591829566 -0.11483267038258305 0.08706417139733762 -0.039018005354163166 -0.3618619367124604 0.11718982773770283 0.06407642955785918 
-5.815868179263829 -2.4342563335883334 0.5093731616358466 0.48712475023674884 -0.9820296786743499 -0.35143262321741564 0.6827260621718967 -0.08153467501543271 -0.6606312334543104 -0.34388071830362194 0.10803056351811707 0.3912050638198883 1.2310924225954183 0.5190072407940525 -0.2137834002640648 -0.2555248423140841 -0.16202765975394418 0.0637091192300886 0.04812301453685497 0.1807171128662652 -0.189361091646584 -0.21535518955533065 0.06588086022642907 0.12086551975981735 
-0.8221138981270641 -1.0752951571568143 -1.536958228517733 -0.7084563654061657 0.9251773186888019 0.5691946301168485 -0.4306968913787439 -0.5544788695672678 0.6757112719891888 1.0294516254405002 -0.3429738540822363 -0.4056463602530349 -0.16207001247149014 -0.05617379790640372 -0.38094550964791535 -0.3035536018795229 0.21556160610795452 -0.1693395301698951 -0.069867942270965 -0.31054824462888675 0.13987075319491565 0.09027005489335309 -0.01679684116575683 -0.1575430056364524 
-1.2693067483128289 0.5638553528872396 0.2863717587571457 0.3348361109823328 0.4080757748668403 0.20145434065133072 0.24316823097978713 -0.04242540470411743 0.04908880493287748 -0.2285308511421995 -0.07472922673535698 1.6285779497438035E-4 -3.3269105688223988 -1.17701472084856 0.2677346688831421 0.06132001813889776 -0.14804492836474062 -0.11847378360762469 0.3669757619604901 -0.3406799527688642 0.05483540666685616 0.060742739350437 -0.03205267298043921 0.031044926863595317 
3.6693754307111313 0.3295514448018242 0.4796914541964852 -0.7126842886528806 -0.16944469096470371 0.6133234178578952 -0.6181726759018318 0.7116652361304091 -0.15251823598773373 0.08252119890901466 -0.12721340005002163 0.04407068682288995 -0.9800444667676924 -0.4401030962544376 -0.36613116315058997 -0.1683039096017184 0.3705019000085364 0.2792327380169228 -0.131840192069652 -0.22325589450636985 0.32653825589698066 0.2628183632417134 -0.1293964651961509 -0.16316129685957717 
1.91911886278427 0.394364527978027 -1.302155686370689 0.305278657443413 0.009416111246624781 -0.01807566626506496 -0.32446333144802963 0.30743313044232135 -0.4110226994664176 -0.052643723089190186 0.09630835544332739 0.07321175969113991 -0.17430054143719845 0.18581973276655925 0.2560785040072903 -0.02083247236877739 -0.07364227303143119 0.27317280471049915 -0.09140019110860258 0.04449872787190721 0.02143653320820525 -0.06008892753839553 -0.0720224208901919 0.04530985679683617 
0.5238066966274637 0.32975954406110475 0.35569898349795426 -0.18876590983155062 0.013001450473300535 -0.15873858047572198 0.24863946604412046 -0.0596404536213776 -0.07384774350210566 0.15305297168885512 -0.04030324958312581 0.047313079377613865 0.5968514594233337 -0.4698201792533651 0.19125898732555122 0.09971527643870932 0.05630099633667399 0.305735802584259 -0.07363482521546631 0.16828243247519722 -0.3668386356749913 -0.0837147560155308 -0.07070086331037743 0.12647774204498213 
0.8263792430406003 0.0062921049579216515 -0.41986751791545973 0.13537433867799997 0.5377795232421317 -0.23203307431335818 0.08396273333261872 0.2097312565560543 -0.0545560409345523 -0.08352995491693316 0.0978829607017708 -0.1373879088728961 0.7865954541584829 -0.4702021130465012 -0.85310032574182 -0.12152552345103558 0.05224065205503556 0.007538535483335995 -0.1315798771939536 0.48351502037267746 0.08930396070857903 0.2701802996718839 0.10543915995565327 -0.012131343589394161 
2.4251908623129648 1.9330481940719721 -0.535229592007783 -0.9268779585863021 -0.6025293859724792 -0.1969052858707352 -0.601481232645757 0.255668875647951 0.7697643417713076 0.34910858286947855 0.08410188725188894 -0.23006270503003845 1.7239211597408108 0.3617631301010619 -0.5170052930449013 -0.4989598229498629 0.1155636240581454 0.025587895870612554 -0.03312185057440118 0.2538190017723951 -0.0028877015461421427 0.09321534721024516 0.08403444479592352 -0.012552736308789577 
-1.391359582533929 1.003326542112097 1.7026095786076396 1.0389112521738955 0.16045957330440797 -0.02160792001756634 0.4953366494787699 -1.3007665953103755 -1.1007406242288613 -0.9612124276951536 -0.2822116928411398 0.24829368266314855 2.307327149048492 1.0562395811218306 -0.5135294167063007 -0.3529620816424664 0.272524278459411 0.020178835997597178 -0.27631726773409554 0.049252130373026365 0.004661411923782573 -0.12716066127627837 -0.15583027263627178 -0.25455603120414555 
-3.5390873698077043 -1.2540470648191686 0.8454763143711084 0.8563451022700903 -0.14502944673227375 -0.3407148452354556 0.14231805969424843 -0.06584853300534804 0.4579076527834753 0.31224816644722986 -0.10235925719944106 -0.10786950746403973 2.505436927466748 1.976280154182662 0.0928722963070094 -0.4486397795328174 -0.1582129673947234 -0.1756788468393791 -0.5903435834811662 -0.4853144055760108 -0.2213669749711166 -0.2573957445320915 -0.2535223959893345 -0.2919774128600453 
-3.1134630880445417 -1.568879008962 0.4303677790139968 0.30264905317720303 -0.5085432817562041 -0.2206648026237895 0.5410148903649027 0.2227335697636247 0.08738806778801611 0.31638223712302627 0.6586043508362511 0.5651835859565412 0.16405275114610052 0.9299017254969657 0.5310699938053091 0.07401702820142068 0.005088316441242376 -0.23638157246381697 -0.2889192170057917 -0.47881740001060197 -0.1295956526649545 -0.20405560362050146 -0.11607444983303332 0.03781237215571353 
-4.2300681673319716 -2.709689492938965 -0.17772558113198977 0.7871724795104964 0.20661094374199707 0.4296596959505137 1.146710397354675 0.9498620098389834 0.8398009206762186 0.4824984840566633 0.37426105338119703 0.4874245819034011 -2.953817699378916 -1.684562103829024 0.4600631526393489 0.5560339486943935 -0.43411638213224707 -0.24241790789671533 0.4553056344387667 0.3334928694977403 0.3904928965644363 0.3470885108225538 0.21669145135526427 0.16495729509615817 
-1.538027437210097 -1.0585574203189019 0.6210005449432616 0.8514464789494305 -0.03062557125645457 0.30234952678090005 0.8598981316659318 -0.37216966670073537 -0.9029003001803695 -0.43417077563836587 -0.1722984986323589 -0.16279047848771244 -3.2133261666635295 -1.7519516718962154 0.14717930281826944 0.5012452061742485 -0.07936854523229851 -0.035911269449660575 0.9800384371206935 0.34420716342307406 0.20424863593628953 0.03744615830077567 0.3464884971065651 0.45794499843838515 
4.534647902911821 3.544478452346354 -0.6300295265115707 -1.086155456699204 0.9183608444145925 0.1250317137523456 -1.3830404642725662 -0.768875523266389 -0.21842685292564096 -0.35374085963973545 -0.3369821865309288 -0.23875436053038745 -2.4451259151043794 -1.3410626188443704 -0.044804012337218126 0.720313359638601 0.37135502791560815 0.3233130710741806 0.6722143012547437 0.3278190812853488 0.09126574828857155 0.06049754146706184 0.0682306370786605 0.1942742859763973 
2.1441573768241504 0.5598920340839868 0.21498184324897895 -0.26442259724069217 -0.6263125963956063 0.03938299682427626 -1.134224990183557 0.0494808460470888 0.003756046780077238 0.6221634340688986 -0.025239520527381182 -0.44556193814171996 -0.14099059729715405 0.1877618772671085 0.04468626219148223 0.4160817070991958 0.1325604816227102 0.3545168894003094 -0.05333700113815665 -0.37306165696678467 -0.4250295258990164 -0.21759665209743395 -0.024750891255311214 -0.05213132992547311 
1.2642171709640433 0.5042736363927016 0.15969580672680594 -0.8158330613102449 -0.6096106274352515 -0.4087962522937163 0.1271290545151884 -0.24442049039097508 0.11267550233028056 -0.22716124519815445 0.09603965309272665 0.04598745380121294 1.7227562569314603 1.3420171367351241 -0.219466364591382 -0.3766391677523892 0.1877992145633051 0.18735793055070973 -0.6186271271242769 -0.3726959451031157 -0.3163392170576859 0.08355555289179013 -0.049619094764459803 -0.09884722124674555 
0.5201597206552542 -0.10174064414340123 0.09207909174962658 -0.5319598400426364 0.3356787198003368 -0.4942871583969972 0.2648243756865245 0.4847877877619119 0.20663709988871892 0.15532937343314548 -0.314556744678253 -0.1487673958770933 0.8103433317656833 0.4843218053652289 0.08527474934815486 -0.21570816861563183 -0.27041315033222474 0.07562387236671331 -0.3926112497428724 -0.14775356666123385 -0.11421494486521484 0.3192913517375457 -0.04088436316214642 -0.14115207945359193 
0.1783779602018889 -0.15075661874532464 0.08982094301225141 0.17753066795893568 -0.12603245737329427 -0.17020700028914693 -0.22668376583477623 0.1315588411855465 0.6291502716930959 -0.3709904879972292 -0.04346629016211351 -0.09060996792246412 0.14552932222054396 0.25910186225209514 0.5026433925388002 -0.4974242986843196 -0.22876418695320633 0.216725316803968 -0.10156965554405306 -0.26137992236764546 0.1746350366884767 0.009310016262012333 -0.17334315680347515 0.04648241709042276 
0.25604698690817784 -0.5655582544426867 -0.005904972938208353 -0.11397995602838695 -0.056862230429910676 -0.30678324627814835 0.22051516922004255 0.3047518802425295 0.08816349669431411 -0.2637959997442011 0.16716654058647817 0.04619301108089435 0.027863952893107797 0.0816047810333999 0.11371051651620652 -0.5259379520064801 0.23272081508835255 0.22653236831263182 -0.03479397062431311 0.16665109040558876 0.3752214145173276 0.03748728728457248 -0.2858141475842749 -0.08134276258970474 
0.9596855711759495 -0.041123145213941115 -1.2992423385456773 0.46744989273558907 0.2729524085394912 -1.1527241587650447 0.4539926243805885 0.6297372304716526 -0.35199280613794726 -0.04552860739551817 0.3752074808707866 -0.19094000094904917 -0.21807526247529405 -0.3686945348332274 -0.7312152509913133 -0.5233895832617451 0.20860523958904412 -0.32814998408471946 0.11244120825600334 0.23397290030484266 0.5443059613117657 -0.1749432257978301 -0.016073850710770794 -0.039627687817862356 
0.04591405648890046 -0.40137172400929266 0.44547918297997136 0.900894403588477 -0.5619761584211136 -0.6826256840969438 0.028868092451781457 -0.2642546780979074 -0.42845560474774225 -0.11986342872142747 0.33354881255812174 0.14542590840531344 0.6716405245804692 -0.317775307361436 -0.9629529144581291 -0.5951548129964843 -0.15630072933873607 -0.5165381740024819 0.28367087418327447 0.38167416513400143 0.08451721675402761 -0.17216250199943997 0.17347704407376227 0.062042926749890925 
0.9376702128374097 0.8732337205376606 2.0577746180271017 1.240262237935739 -0.4992912121448252 1.0021641708744091 -0.46818385221865566 -0.28585658055876306 -0.745458061521173 0.08187290388487423 -0.07843587401562291 -0.021343353131086595 1.792609653290697 0.3730196557610581 -0.3059018543167446 0.26104231808097056 -0.14227592977222647 -0.6255043064989128 0.01270940344760707 0.16292994961807802 -0.3022405524208195 -0.07684208227848861 0.228246426606443 -0.16083906901060582 
-1.7478669076639595 -0.06941076523417955 1.2044452921497895 1.285078310360991 0.7981617679284557 0.1653871109095706 -0.1694092150301587 -0.38247370964426675 0.03134447412384417 0.18899075061392268 -0.12644291419160386 -0.2247340930777597 2.351918603349613 0.8426594132826076 0.8903031703841172 0.8104176801720889 -0.2784773119529789 -0.3348001176845741 -0.005611227729783452 -0.11406846281248445 -0.298111049891354 0.09874659999447151 0.2706144524120569 -0.25629911028167546 
-3.5212529066197114 -1.326162591884672 -0.7610198301803526 -0.5077690148935796 0.019711234681386025 0.2997823632284362 0.5150030677787374 0.2000568973905983 0.324828811688718 0.03057054977227258 -0.0795359355736796 0.4766572068243049 1.2019847405062911 0.800983646420348 1.2521674558056508 0.9357149633518284 0.038334303090659515 0.11520307050964758 -0.3954723352125156 0.014082127662280453 -0.597394700565922 0.05199957548964598 0.14450994096862715 -0.03695187779324564 
-4.780380193831377 -1.8296518076459494 -0.8160331040686528 -0.6563430105131305 0.01395455402471768 0.672965572779765 -0.4458916843575647 -0.16500602863513475 -0.06926589167862574 -0.3904520516485412 -0.4777445138990206 0.6653229592726441 -2.791976248082994 -0.45590598569886626 0.03805685855476774 0.10109956787660083 0.045909502944381265 0.48074644119608334 0.07277887116735025 0.08992393595379118 0.45222478702615354 0.002282851835399049 -0.3211378784147055 0.19339768496966578 
-1.1520273655977546 -0.6495966975174987 -0.6884885512806291 -0.5961719916826851 -0.2221905144649347 0.4027657284103692 0.8564743880825941 -0.43683680405017045 1.097031223077828 0.2155955785471682 -0.33631489706779605 -0.35551624592655157 -1.9034201128868073 0.3766590978589428 0.4292755973302236 -0.4043180608873303 0.24930244593702253 0.8980137400785496 -3.372022540024666E-4 -0.3066518135771623 0.45351683545875066 -0.16751698200253615 -0.45522649624612105 0.3282133437727781 
5.443449066074045 0.9600242446788325 1.0540090770356245 1.0259810951257413 0.7813841336684723 -1.328343895269646 -0.5584814886841378 -0.33379866678525594 -1.7114310926491714 0.08962968072027772 0.9653602017995709 -0.3888404216113288 -0.7092640899655173 -0.06998314338207183 -0.17477978578544975 -0.4444029008462356 -0.05312959410449605 -0.08671068068946748 -0.4667378164072491 -0.4938887452492476 0.13424148582485387 0.016429095176890823 -0.17352343684948845 -4.160185468798187E-4 
-2.9229071979119996 -3.8509779116238914 -2.983867712723162 -0.13597688505102457 -1.1119108929515589 -1.393604122982507 0.5723095767040314 1.204408657197146 -0.21463909420226102 0.2930806295954715 0.5645911953153878 0.01909886594795704 0.21625464154600071 -0.7186535199883615 -0.29122878173483147 -0.1021165821613893 -0.3389688327827509 -0.6903517807140295 0.3980223542707592 0.029908890717545877 -0.1503035240813578 0.11208994498189566 0.19806380961368467 -0.23746781681375215 
-1.767148007777703 -0.019011770446537568 0.8559958340089628 0.4467681387097462 0.6182035255815179 1.8312825405446054 1.096404170553464 0.4960374764889499 0.18384480948685722 -0.47848186270336535 -0.40762724954214713 0.4792634589760292 0.469052645494856 -1.288764589311964 -0.33574741002029945 0.38942214787090124 -0.26414300677390357 -0.6604201711192009 0.4781461113064631 0.39057533855076954 -0.9883920464586281 -0.058423108258079746 0.6454054035236451 0.003784889469250874 
1.8045072466901173 1.9958818700102707 0.2842044154371961 -2.157669905196169E-4 0.8763062879267952 0.8940078526453317 -1.1650355043484844 -0.941481547839911 0.6003038442538872 0.16338151531330275 -0.24401260023799104 -0.07716473577897415 -1.8872848606526602 -1.9854497567457525 -1.2248377433012057 0.19652375312843287 -0.297770374868064 0.052937214459547986 0.6045406962436345 0.6514804392196514 -0.18670122391189203 -0.05841572597797701 0.17176799235694648 0.12404576563865984 
1.672583907288419 1.902888121797643 0.42721524301634384 -0.21016590751721492 0.5797045635510059 -0.49088936972596237 -1.1242472820772693 -0.43257957991903595 0.8462735774986386 0.32974856263560137 -0.5665541109946751 -0.3520632891556158 -1.0216519634129606 -0.41169544605556957 0.4659678420707991 0.6878756882088576 0.4485098347029857 0.497426303245781 0.09328679811059797 0.24727356722681026 0.32078069462987796 -0.2197099634174872 -0.32202530466748186 0.16768123803516702 
1.019081426512919 1.1444214124912762 0.9050358126767648 -0.3970811213228427 -0.1993502873321108 -0.39132981122586685 -0.13098678571150546 -0.28572413225781523 0.01425019352752438 0.06421259485991915 0.12875064897081245 0.06262494309780003 0.44824858633249515 0.4642713916612727 0.24060004257648085 0.3462666995037533 0.6855388370356045 -0.04247270768328101 -0.8785033991516832 -0.3552108912454586 0.6250566145974573 0.2388559230701978 -0.27590524320823206 -0.26320846353223276 
1.690520792549778 1.6418047964796685 -0.8523233908232188 -1.4184262487506656 -0.1894976908979863 0.9816724627428615 0.29951941690318057 -0.5736619329825288 -0.48547044903959524 0.23023248777578803 0.37206703985589673 -0.09367509456785905 1.013633182089342 0.6766293820444357 0.10235905068166525 -0.15110079652937367 0.48632723912348763 -0.1559352920880781 -0.6415007482690689 -0.4448023908941055 0.3419388512983578 0.2507812823823736 -0.025900868843425184 -0.08991668317238637 
0.4507930450619524 0.7336093576854399 0.20217360462753486 -0.43488569488505413 -0.795709095955522 0.28514505946076274 0.7585913436163405 0.19469230242821134 -0.6089939862693678 -0.503428216467384 0.11439255396141929 0.5832665575238458 0.7589286653687503 1.0731030114828009 0.13862340047001984 -0.6549899231277935 -0.13153670265689393 0.0979819054321156 -0.04891645809571191 -0.3483767622605011 -0.13068845605785567 0.08191139981357555 0.21215387787968878 0.07200519250989378 
-1.084171448254124 0.0784060030672542 0.47156919499596306 0.2620387688520118 -0.5810977495077514 -0.36132092880504285 0.35546589806601436 0.6616193754202675 0.1320791135020113 -0.138774878847868 -0.48167245695970295 -0.34263404685147963 0.8589958422898826 0.778692567430654 -0.34686824994942506 -0.6285047265284375 -0.22128671325925917 0.3379925430649802 0.20407469770598205 -0.171138740458636 -0.27898350082221285 -0.02959515610616627 0.11479957091323605 0.09762033242602253 
0.1296415508086195 -1.293188225250919 -0.17278068164288563 0.7276561392591989 0.39105984994345355 -0.013778831748261527 -0.012210652005786637 0.14176550032228996 0.09754078043028813 0.002982078731020521 -0.08084123626045406 -0.028911158290071015 0.14664634794217704 0.25301094416914377 0.020008879680535923 -0.1476825454804606 -0.27133801783575456 0.09592463069947928 0.3120107282304246 0.12133041100179527 -0.23157459297672825 -0.19593408328123593 -0.039644588348490405 0.14574028388019258 
-0.7258909871932033 0.31912588565588607 0.3757585021602665 -0.11418298623747986 -0.11902202406969664 0.1171567791524329 0.07269632159629807 -0.033782310553660044 -0.0017873299227847417 0.0658128084950846 0.1252852222271253 -0.08044723393896819 -0.1656480714131144 -0.13670180134335977 0.05929463207832786 0.18718976753918004 -0.10440202030477791 -0.1209032673865766 0.12739799950324388 0.2591946307892702 0.0815404792756676 -0.026261958941837357 -0.16579923222191748 -0.1224745147965663 
-0.1682862292950391 -0.1457834161163074 0.19005231200377537 0.19627281910107353 -0.2127329051672857 -0.241867686616413 -0.03605605284007507 0.1784019124097893 0.15266301437321494 -0.0179198102951525 -0.07015252058652363 0.014952299427012317 0.06506330275082502 -0.4099754730423631 -0.038671542011990745 0.24576370022656555 0.08177225208664442 -0.0068921838936269715 0.034829179532644326 0.04627931358187549 0.05560038308843007 0.006003519705739015 -0.04766319261138027 -0.04636909729369979 
-0.4382633439629515 -0.08519099746997227 0.11226880193764899 -0.03383887368646554 0.03400468896195197 0.11543330078876268 -0.014805400026573046 -0.13428272299129274 -0.1401034412964549 -0.049538057509269415 0.010380881869084257 0.0028577686796776025 -0.38723670230274526 0.049140448209986275 0.21215159767601088 0.03629274617902838 -0.08228675716381821 -0.052668155172477804 -0.03520149063282282 0.016743016113363967 0.057292174160520404 0.02328918991248328 0.025024829999965397 -0.03347699508601916 
-0.20936217905898147 0.13889663543909947 0.07497879450439537 -0.049807017696004874 0.06922973716769598 0.007759459114454498 -0.07294732979228405 0.05317776579547984 -1.0231314816699921E-4 0.042646952615980484 0.11960051175270728 0.06854363228170549 -0.26349183583286256 -0.2040985294177835 -0.025636046289552628 -0.01527168317861192 -0.08730522201858637 -0.04769543911203644 0.010855961738449882 0.06773031519684397 -0.00547081765338131 -0.0988624387703143 -0.09569547855267131 8.312391678333003E-4 
0.4563570945970037 0.02936451524822381 -0.20315953211807614 -0.1000213063760258 -0.01314307374573287 0.15034767180443254 0.196746431970871 -0.021399285586597205 -0.09728118864365498 -0.03433814269793173 -0.04466578394238635 -0.006811915108257294 -0.11950487974874634 -0.06587762760187192 -0.0938541503541983 -0.12296383750454028 0.032944500830761204 0.1445396320435074 0.06577984113087237 0.002374596169930724 -0.02367434320955153 0.03540187953175959 0.048630866607380974 -2.968485082256028E-4 
0.17487905892357103 0.40923441577794506 0.4246746179002958 0.2751790849816894 0.07275664224231582 -0.1162385547881386 -0.17439985405414674 -0.08123075188309037 0.1476643410069589 0.2710675486101215 0.2444572479772256 0.017293423817479864 0.3516730556554151 0.33896041076859057 -0.10274494978837263 -0.2996390240815219 -0.1333290421864823 0.057861395492690565 0.10091029586177021 0.08811553775737019 0.05667530949357127 0.11918271966925391 0.09007730657267032 -0.030082199740107785 
-0.2718693237079888 -0.02272700483377932 0.2189833413022937 0.17255958748830813 -0.06659226606764157 -0.25618658839046293 -0.16141866128825882 -0.0742022526617998 -0.14296373874536328 -0.2699539941016187 -0.19794008606531782 0.029373418436467222 1.068142426450392 1.0396276839974423 0.44716443583334065 0.06874338833843906 -0.08729982398812464 -0.05790610475168497 -0.03644252658424768 -0.08086761233229398 -0.01714888022553244 0.08606857741345565 0.0748675604613896 9.750505683428964E-4 
-0.9002681368727306 -0.8519388368256706 0.17214220715932838 0.7128196076163937 0.49594145988809724 0.03744240273383054 -0.1965956707480298 -0.18476736393902943 -0.14728696657802665 -0.1970932806899377 -0.07399425690383798 0.14069756472966657 0.6832716917125333 0.8391616117443599 0.5189008297026209 0.18810921273789052 -0.038969391501998935 -0.16874981206966577 -0.18104542343026075 -0.12713200396543275 -0.045703607089971676 0.0494048380409913 0.10835471202968704 0.06737548759087457 
-2.2104965868560216 -2.4589319104422955 -1.4183866342476144 -0.5250717327086951 0.03716398939575033 0.2472255072985029 0.31717192007055556 0.27297185743825425 0.10164110582543512 -0.0584634602882691 -0.11004271288602338 -0.07143913726937934 0.08906710620571674 0.1632215404988345 0.19925803490595806 0.17737852795881093 0.1051911153437128 0.031234394437172203 -0.01833711769089962 -0.07056579921313029 -0.11992362748853676 -0.14341513898929156 -0.07875639453276827 0.02210622517325939 
-0.9056223846400124 -0.8901479666508765 -0.31334288343261285 0.05966710686651944 0.13778668901661667 0.13830483357637574 0.1294411255572284 0.1265782049631809 0.16247273999147477 0.017107767580472805 -0.12455557470148274 -0.13442676110222054 -0.5251712775437846 -0.5752745643238534 -0.18639637439583623 0.08137652592081261 0.14049949751251053 0.06157928958989332 -0.03668066765980304 -0.07233650213197128 -0.09842767966935406 -0.12833819655412224 -0.061798654237653024 0.0459623419336416 
-0.5363935184414981 -0.49328706141767986 -0.13604821811960988 -0.03299974601318745 -0.20308822666303972 -0.40032098712325215 -0.2694257063681891 -0.018177639473514084 0.06192729043549633 0.05319089873105079 0.06360975643180936 0.10061690583263261 -0.5929745542535162 -0.6257020241483986 -0.36032001194720015 -0.18663783984399174 -0.0873876538244426 -0.02915426333733136 0.01411979092505733 0.014007395149936144 -0.015994226969508297 -0.06994777072036208 -0.08892787302467127 -0.03557832201383548 
-0.16180583844863872 -0.10893756836641844 0.09016212228283482 0.22265403650620208 0.1945690753799607 0.1764777811750281 0.20674514545075162 0.17781689091276856 0.1678529801250049 0.13209412946276905 0.024575471150204725 -0.0832174826222642 -0.2339789961445032 -0.18988180992773943 0.0045612728308989286 0.10307898996355329 0.07194172554352316 0.02678555970514061 0.04153355219874177 0.06987963122842758 0.09260230695480322 0.04527500137822175 -0.03170645289132267 -0.07619765186102945 
-0.80348119719116 -0.9724310371393288 -0.5391791012637378 -0.046651677996561225 0.27093575768740613 0.31560182351117083 0.236160537348622 0.205330329013652 0.14693366666719493 0.09388667093166903 0.08217538326214675 0.009691189532148925 -0.19658180056079244 -0.18413351546264614 -0.035636260685359446 0.05539382540491408 0.051330867565694716 0.02219932455887023 0.067568082809264 0.10377963091392807 0.07573485025019167 0.03714148953355004 0.008060128447964637 -0.009678706754733979 
-0.07014155683167189 -0.08093054900683372 -0.12546126035324567 -0.24274389703245353 -0.3150504797891757 -0.3000132508562576 -0.24795265289740243 -0.1948146729656849 -0.1578373689887842 -0.13906512265450155 -0.03871902944268343 0.13962905263110964 0.03570113115877582 0.023779941320794196 -0.027192333470134444 -0.024360941466643582 0.017681235105428416 0.07267002644673985 0.09772403376160022 0.07543255526619196 0.05446588538936528 0.04536672136536679 0.041440429595694266 0.03564994996442782 
0.007519742432395837 0.04510997529046623 0.07867225525450872 0.03351774454139811 -0.10227105177555562 -0.22867344478422 -0.24478105562190405 -0.1432007502760716 -0.002432085758184113 0.07734605618903598 0.07107662138435952 0.018229758470147628 -0.43806170632085245 -0.5187232611645912 -0.2854334102316081 -0.08492750133022199 -0.018187851734446425 -0.06495470022650611 -0.11295055859042902 -0.09226179292632086 -0.06502332892215502 -0.04685002369753901 -0.019899622825286265 0.0038329552306789563 
-0.6744097017367441 -0.6890478985436985 -0.1371865555658851 0.25565214963715316 0.32812877479515634 0.230605335982504 0.15404384065121401 0.1257847647590545 0.07913820016959858 0.004264272737985214 -0.09419643669798444 -0.194436616984547 -0.01575435423044243 0.030842134588069614 0.10289195058906773 0.09752596673665431 0.0028526675980600027 -0.11121539292067356 -0.15806795657847766 -0.11919722547979154 -0.07309420334256637 -0.06996888156021581 -0.05293438359412689 0.001061369768892817 
0.8128379942239334 0.8877974211228774 0.3229837770374063 -0.04106719734069858 0.003909685598579349 0.24515663077130834 0.3740139663456008 0.3218159889302449 0.2235158688544686 0.16277204432804265 0.16961295536565607 0.16522515864794038 -0.05253961701221351 -0.013297343870150321 0.10721014338120387 0.15835506814513703 0.1345661386175249 0.13967729658763417 0.16834313566536366 0.15885773273246598 0.1026274075870887 0.03799169512837614 -0.01626983624528126 -0.06991000983424099 
-0.4255376200361134 -0.5948006756872481 -0.5562928730118977 -0.4980293263013681 -0.3766988512704232 -0.20328210987200107 -0.08314629414572186 -0.06973136612946852 -0.05152873626741142 0.028128527956642585 0.07081595434904897 0.06294724323553481 -0.14416051960016243 -0.1471691467504365 -0.048601541948922945 0.029724601457110488 0.06846958290416856 0.09370252455081336 0.11428481764473358 0.09534807232524944 0.057926915440066416 0.0214743313323741 -0.013409954082999831 -0.05280130221683316 
