0.0 0.0 0.0 0.0 0.0 0.0 0.0 0.0 0.0 0.0 0.0 0.0 0.0 0.0 0.0 0.0 0.0 0.0 0.0 0.0 0.0 0.0 0.0 0.0 
0.0 0.0 0.0 0.0 0.0 0.0 0.0 0.0 0.0 0.0 0.0 0.0 -0.09139558542970032 -0.026919790959452534 -0.06433226088065518 0.011445517849718737 0.01597648416709944 0.028318381271767817 0.03280989008482258 0.005040070354402478 -0.01118795877186137 -0.01476965455975481 -0.022213958914495263 -0.0014238109414918636 
0.0 0.0 0.0 0.0 0.0 0.0 0.0 0.0 0.0 0.0 0.0 0.0 0.019016814814296623 -0.008876545755312928 3.698088970925384E-4 -0.03238707011953995 -0.03685002443627344 -0.030752468682835876 -0.025052315173267437 -0.0020128893032339465 0.014446913095360761 0.013488963715721896 0.0168185717375724 0.004269498090876202 
0.27418675628910094 0.0807593728783576 0.19299678264196551 -0.03433655354915621 -0.04792945250129832 -0.08495514381530345 -0.09842967025446775 -0.015120211063207434 0.03356387631558411 0.04430896367926443 0.06664187674348579 0.004271432824475591 0.12950589981636038 0.07908963009627352 0.12244708869223926 0.042777514214660924 0.0355189719946776 0.007269205425484916 -0.010123143859329461 0.009276917897767217 0.021643336748433144 0.026140780600367824 0.02959409562115964 0.007095095593521519 
-0.19414382258744034 -0.01375004917324002 -0.09760781801226037 0.11432948713319796 0.1345147995594695 0.13473497795615935 0.12437178064703619 0.013598773441305556 -0.06012267744387434 -0.0626213729867979 -0.0837766535844601 -0.0149442106848664 0.11181635526493434 0.039811383493637414 0.08744694962023242 0.008408368904298191 0.007171810819806224 -0.01868860271627946 -0.03169182473240895 -0.016541766547384096 -0.014280463671027735 -0.0118372635884547 -0.004112850665532466 -0.01888964937471866 
-0.29144578815536093 -0.23039386570220055 -0.3185373570705876 -0.18549728621058176 -0.17381431576376755 -0.08917510525453443 -0.03181645874552971 -0.03463014041395443 -0.03486867152336226 -0.04711165530770452 -0.046893960071248866 -0.013813181438131358 0.09581765871001775 0.034952660459294925 0.06561151174150016 -0.003285112233821381 -0.006342802236896312 -0.017386940845517607 -0.017795143603626242 -5.696249800477259E-4 0.0038417232062326057 0.008683373455168758 0.014210884428150333 -0.0047873611439459875 
-0.05263279357257211 0.036142468809366834 -0.006573779004420688 0.0503552596178182 0.04142699917181594 0.05817578886845387 0.06176886844275785 0.059380264317525785 0.07705766493255639 0.08122210025884857 0.06910647040396473 0.06571125525545946 -0.1885266469426341 -0.16786997555020647 -0.1952378919996286 -0.09746241124205378 -0.06900074027631141 -0.035396503300515664 -0.01389556754716568 -0.037455869655481124 -0.05102738174958616 -0.04018402150495759 -0.030415595363557434 0.006657099391881048 
-0.08402173434838645 -0.04904486749083059 -0.049354772086454834 0.007505896909997811 0.01764285440321739 0.00548527326510212 -0.013742783341449849 -0.03630208156117437 -0.046551464491329075 -0.05366289330906508 -0.05243233853517762 -0.021694216713849374 -0.11123627655227313 -0.09034471695486317 -0.1239741841714735 -0.07535824878761181 -0.0752886864895746 -0.04768922100092316 -0.026838776483820187 -0.0189563487612603 -0.0055222118545008485 1.4981342227161446E-4 0.005118839735838113 0.016580002557839826 
0.2677240913369747 0.39918537837169443 0.35351456549455906 0.31021512929906947 0.24578843530491123 0.19359429859788807 0.1570216455864933 0.1268023529813589 0.09880086428886756 0.061206310528755144 0.010239321738176583 -0.030974991222650537 0.02711897145485646 0.07742651511961658 0.05800133366708298 0.07344763032017756 0.06261198300562291 0.06103346467523479 0.052500365694998906 0.039931223563382724 0.03288360050370802 0.023009450049446666 0.013115717220644328 0.012580205765251777 
-0.11791540095331499 -0.1408811696187749 -0.12665897680565696 -0.08935247468837199 -0.05012897436159139 -0.013816697116482035 0.0010734821340631223 -0.011472138462090081 -0.029173635638015297 -0.03755320070947264 -0.032816904945869134 -0.015210065872595834 0.05471443248324951 0.09036371635675182 0.08649178792284812 0.10117704541327376 0.08798950291202778 0.07444139425781822 0.04917170535819846 0.020027068193512746 0.00203483774227798 -0.01710976227399576 -0.0331051585531436 -0.03128519849146 
-0.11704287463467722 -0.15021892548551075 -0.14192567764606856 -0.1215584455435296 -0.1125230354626484 -0.11527361996645841 -0.10314036137999533 -0.07282837792216452 -0.030282051005224554 0.004138903810712351 0.0199516019473775 0.024728562539077355 0.44198062186233084 -0.1496269503102705 0.22281557658036788 0.18909363667781307 -0.04821137322778183 0.2271417514003088 -0.04189591322339384 0.01757466065059053 0.10935694870250005 -0.06289508345638034 0.05989695135303444 -0.0423097767696311 
-0.05578154881230901 -0.045433864632483445 -0.06111001428468535 -0.08013845190852392 -0.06716991894908614 -0.06340495022617929 -0.031176895932800902 0.003432079310049095 0.01188547992888304 0.026200096871943603 0.04202699701965272 0.04430960187966668 0.44157002038459553 -0.00930296273359101 -0.36126045120250166 -0.19213969530101563 -0.016477212537235966 -0.3332873100987481 -0.05823728639930318 0.03372769391459065 -0.12567425026764598 0.17505242174018842 -0.09326862101224775 0.09782429208848685 
-1.0892847003205208 0.8003425768093603 -0.34770664550703034 -0.26167279212429373 0.39894302728200415 -0.46303682904818966 0.29883457429010685 0.0666262621435177 -0.24979953960208176 0.21801491210718804 -0.20687348330368768 0.06619450521011153 -0.05512490049795845 0.7519263298845312 -0.1906182890655389 -0.14609196284251466 0.2408149578989225 0.054446462509454195 -0.006237857311316704 -0.2466246006611347 -0.2291723812883065 -0.13338044655509151 -0.046944250555492985 -0.021620799590906525 
-0.9565045492641797 -0.5882530325654374 1.060012860732329 0.5571237845050571 -0.25643036812220976 1.159926837720628 -0.025202126503078404 -0.18238254023870312 0.4576078594633513 -0.6696484700782759 0.36040150071640675 -0.3294159134735734 -1.351320583225202 0.2062120758849563 0.14693694314614972 -0.1420590865365454 -0.18399177918610543 -0.204447753258432 0.2651593532842228 0.2874054099018026 0.07926549129956642 0.14848469740556564 0.07604048376167467 -0.10993733563546255 
0.4986933270851335 -2.1345883311726275 -0.13063224795795897 -0.0019136752227761344 -0.7403376845728541 -0.8902789014682246 -0.08741417416090647 0.7599527338356157 0.4343739030924608 0.7522045269510966 0.0015971017654794334 0.276453718988417 -2.262456831239741 -0.32518568643099666 0.37961211946500945 0.21342333781056266 0.12262150212393634 0.134116119416972 0.1936662532770701 -0.05425552616309246 0.36281485892839177 0.0019528634967878877 0.04671476610319813 0.10707276972995676 
3.2041911871604696 0.8033953617036415 -0.6104580424976702 0.2161592492503535 1.0544457745366593 0.7635593457591342 -0.6335305815599627 -1.2054473862414077 -0.5679977153170875 -0.6863488027667076 -0.2903297467999549 0.26899200189690164 0.13873928114508885 0.5628544414232328 1.115285293861645 0.4108998593021593 0.17602388171277297 0.36730374674417915 0.19218485440973065 0.17184731085493068 0.25691637971627906 -0.2476858979058326 0.15885350891018926 0.005023780900300996 
3.6177379251863764 1.0800754389678109 -0.651307552287059 -0.73146053792863 -0.6243595504192394 -0.6672014413183587 0.022000041987338737 0.7409252636341473 -0.8254413289970377 0.22050648796104025 -0.021652157855101245 -0.5542277616649963 1.0397135678801777 -1.016281130133014 -0.5390451336630281 -0.2409156826453256 -0.16676024883664461 -0.14802480680528637 -0.10506968802081539 -0.0636423242741629 0.02218180919896499 0.2388001496034291 -0.014991976255861872 0.06799895029111434 
-2.9322446917500677 -3.884148241905355 -2.025505368688057 -0.31080236204849376 -0.842491080337336 -0.05352313258684249 -0.656463797806393 -0.6884107377027611 0.31676633635926327 0.33925824313425 -0.10453439620387073 0.07085348415223022 0.9394057248003339 -1.3932628197490822 -1.15524384572681 0.023675559368952753 0.28079833713040975 -0.39957404282896736 -0.33654450094059635 -0.11069192793373143 -0.28622783741949626 -0.12127227898413635 -0.3072046448597268 -0.022372387569193224 
0.44777056289986916 3.2580268610309124 2.1940268161263186 0.9843141783626241 0.7084114893740774 -0.037663241879377196 0.23926149802475483 0.6923613823887811 -0.07455355034260952 -0.47699944480966955 -0.046324644764977024 0.17152612698740966 0.008748049311883369 -1.7129850397279274 -0.9294576378891435 0.19377742935599407 -0.45198931665541736 -0.6692463356471468 -0.20135747318151512 0.7601774430123913 -0.3821780184837838 -0.10913051828239055 -0.07852196813428367 -0.018057892781070395 
1.9709576939027214 3.8942081099193366 1.432606310476071 -0.7127547870021318 -0.45433475675122836 1.6475123745265454 0.2674721932431185 -0.8490896618175303 -0.08475809238581278 0.026221000571056363 0.6436204312341636 -0.026767779721721674 -1.369204467104917 -1.7204816425152998 -0.12691119977738566 -0.04500433772028097 -0.5473417409658229 0.641246958996211 -0.13033295905817618 -0.2174411206315988 -0.09946189264441517 0.10825840016649317 0.12368383677417664 -0.15217926804772272 
1.1398925844243317 2.329852382239247 0.4080095217983075 -1.111816613519793 0.5375302377539589 0.49001981206638756 0.16410446600712836 -1.459267603345642 0.5218549408268517 0.7044166640898087 -0.1601636671712674 -0.4512434513848092 -0.6204296909532186 1.7332704915708357 1.1602951543329925 -0.4056200691456208 0.21614235929722372 0.8810065151530971 -0.0014664935057984811 -0.38417509472969313 -0.031268287967641424 0.2224050811050764 0.08946850610898467 -0.044673814030701066 
0.8293076988024524 1.7413839250363772 -0.7517631221918943 0.8722760470535578 0.8849747683701921 -2.241105536548358 -0.2278864046230512 1.0397271170592468 0.31694776870777813 -0.5762250118149687 -0.41866639532325545 0.8387760774815078 -0.13452990932433714 2.1736768048668544 0.24449060955726676 -1.1073317648979373 0.36426065820077347 0.5966001678011129 -0.05033664733776185 -0.618339242350853 0.033258010334563715 0.2691680963393461 0.16689371131499997 0.19296221291980165 
2.8798846333096595 -0.8653725212401149 -0.1946739305386762 1.4086589687716415 -0.609670351078304 -0.736373831801217 0.4913402774752351 0.9004782771394719 -0.1816016169864807 -0.842991681931886 0.21641325018677843 -0.12722435952210187 0.7144582605887374 1.82043583973748 -0.8158215357738215 -0.6082318520811117 0.4716228144407279 -0.4853126730130241 0.13522765192671324 -0.48354982773165345 0.3806079831992071 -0.11229572606216372 -0.06656035128103356 0.06415435091453024 
1.5045513974330689 -1.0292098529415457 1.0004762079727625 1.3490027165459626 -0.9735164369374172 0.470908693057009 0.25486422952235066 -0.173944875007528 0.16719615551716227 -0.0075791154361344315 -0.04534916138985928 -0.7676639644124803 1.1320385571207636 0.9849397586379866 -0.5855093868449072 0.5897400119244752 0.02335586463287657 -1.0980173472809434 0.07626195790705682 0.4453634200741267 0.2941792908142566 -0.6217123148600424 -0.06383054873637858 0.1506332064961824 
-1.3411040466571889 -1.7461582479842317 1.9793544640374439 0.4745156079773398 0.05190739708558001 0.5899507163027764 -0.4829538068457123 0.5982178758827058 -0.5450932021754616 0.7569808940868828 -0.1471412302948648 0.15951351681859416 1.7891397951724388 -0.3329035620320722 -0.15129622974126736 0.6795468703310813 -0.45093700286866656 0.10191681858889552 -0.038396698378816686 0.3955860081450913 -0.1811191439739954 -0.400471780574291 0.009023761096572372 -0.06147879072380036 
-0.4563136325764141 -0.7730424875055242 -0.08224915894523299 -0.42987230832271717 0.48411830038962034 0.38978423124247563 0.030474763816252026 -0.14523294253475008 -0.3838443111405011 0.48892564475577394 -0.045397508873298076 0.24350751982261265 0.7830244124851479 -0.7891934727335378 0.8838008193356818 0.4417941619494961 -0.4645549138316581 0.2433504980923632 -0.2567473527775632 0.20075681740959472 -0.18109037516763393 0.11637740902220094 -0.10588493273299028 -0.2165595072454984 
-1.5071022372029157 0.005254482138091099 0.8005774421441236 0.2594558702127374 0.014323288864176886 -1.001562056660637 0.7187251054647346 -0.300635713532191 0.6372760482643371 0.11017127969503271 0.1893661406387807 -0.4483737294682473 -0.045608662800671475 -0.5962801946518805 0.29123741179657764 0.1666180857518973 0.14785814791076543 0.14582446389456258 -0.11765943048182698 -0.01790151449133966 -0.31972696212079355 0.2666880064936017 0.0769088899131628 0.04607856043632661 
-0.7615227447495112 0.46266420019790644 -1.0615377390876226 0.13115009957977541 0.43894035866825876 0.5366135852616261 0.4242668316998168 -0.3267885325288637 0.11928265580016466 -0.03330653530681216 0.10405195134228884 0.18595818046743562 -0.3375459607256057 -0.32108520183189837 0.0031021576684930885 0.01109228096158373 0.16866567275056044 -0.24087816006624238 0.3743336396639962 -0.2558750506203536 -0.06620280681572706 0.11616345781833749 0.2047551809780718 0.004838435647944746 
-1.0516735021686259 -0.5751710078803054 1.5952865187189058 -0.30584985322959835 -0.36907807578603546 0.07906264760951348 -0.3268715493420138 0.7427002143537816 0.16252420071658608 0.21803296463737076 -0.4525926301421467 0.050052505187202834 -0.9023303405908729 0.07705649879218172 -0.16511238984884388 0.1322473441319727 0.22541257060036135 -0.1632356209855217 0.2438307695235922 -0.14833817603309613 0.33220494613863777 0.011769410803206279 0.15965559161297066 -0.09253601551020134 
0.32860988208325814 0.4804258629993692 -0.48891017023810335 -0.18049628948630048 0.1698219644630452 0.5721063593061274 -0.5697278277723625 0.10072424538332439 0.05214003308055559 0.08650442882959242 -0.33868366641704983 -0.02022090444894664 -0.9832344616570063 0.16483285812573634 -0.29264675632536125 0.02962414752606198 0.2807327951159977 0.30127651103432285 -0.07126212981354874 0.06817667367715902 0.2910661825201141 0.10525765807605315 -0.11479311473258108 -0.024692708876456842 
0.6548224711533184 -0.23479584563918543 1.0096008272658956 0.018537032349857263 -0.5273552258343004 -0.5296015807263226 0.4842301266300476 -0.06937757438899667 -0.3257674787917717 0.014957565217211588 -0.06823282532046193 -0.06767614047945214 -1.238067266795169 -0.1029534240584078 0.6990080657348413 0.04974711098836071 -0.17582928233600872 0.12493770865754349 -0.18912134400072958 0.39327135492450194 0.11645592206666677 0.1451686566243194 -0.24383434676814084 -0.024731277648766436 
1.3349326535605357 -0.20202195529986255 0.10924537561496628 -0.11991578578813833 -0.32411945165560185 -0.0628838336734244 0.2325023831544324 -0.12527965918895156 -0.5097700520059989 -0.24754180982489205 0.2562513931291897 0.31890062993013363 -0.5276280546798038 0.04656250563180316 0.09206134687840839 -0.18989362153800218 0.18651167583332298 0.1461823478406765 -0.1806764281418288 0.09386241842589982 -0.006489098235937796 0.12557885293297746 -0.24177762628371088 -0.00507235971464091 
2.1593669124782426 0.07491317344453385 -0.800815451412153 -0.48538143804376155 0.40538047928131427 0.021744618126658954 -0.16062262280322248 -0.32411189813358626 0.094111477059863 -0.050449885908345204 -0.018557119610843997 -0.045314429056038 -0.40448939817972196 -0.15321118312490997 0.706111826833888 -0.07915434436740298 -0.13872969328296123 -0.2064315794022343 0.29738014267098617 0.09521053753272557 -0.17543858281272787 0.0036141079214631797 -0.022843704974017897 0.12063193561257024 
1.1592218254602074 0.18588383656210006 0.14011392846569581 0.6411438103245155 -0.8560809155947311 -0.1421137836423928 0.2947278313697589 -0.053495848022080295 -0.13833215013744837 -0.25752840440656155 0.3618113595792739 -0.016184681016730984 -0.4996574882742211 -0.17854013982122208 -0.07415995409028382 -0.1631994838886396 0.43559372027994 0.05625663170668919 0.038450061400201775 -0.18094115112887124 -0.14253972747607316 0.029232509999200906 0.03631468236433632 0.23166258494656566 
1.9561460797426484 0.030884807804563152 -1.124168929661133 -0.1245297326042607 0.15481458598414788 0.12930813246486456 -0.43902302549057426 -0.390901092570609 0.014829318712136663 0.009108538743656802 -0.05248169362345034 -0.2620292918437306 0.22587724740621962 -0.11305115555042648 -0.3225763401451312 -0.46225614576937657 0.24888327902307758 1.125542548213269E-4 0.08767311443114079 -0.4013680953060364 0.2500547380234219 0.023991803357487036 -0.15214146093478997 -0.01820139003721738 
2.935515534750996 0.355612646983789 0.49340197701030775 0.1892568131580301 -1.5056176658468385 -0.28543548596259477 0.25635240029750295 0.45093839141617353 -0.042509790403916226 -0.36501855214849577 0.16426963304248393 -0.26772969351571707 3.1704297172547435 -0.4139356427831166 0.40119646530261405 0.2933969176561811 -0.8669401788937678 0.1912521433691227 0.13580584849509683 0.11330481202623587 0.00943768365763801 -0.12716331615978108 0.10565249694894945 -0.045743011561247694 
0.5935883156141895 0.3292022348849688 -0.00973045524906535 1.1273304978476109 -0.016500982661864727 0.09306780652229596 -0.40445425056051687 0.6277752680653961 -0.7039639168771687 -0.0686802221098392 0.5366381264619209 0.13506224730510719 4.7144870952908216 -0.004247146969446873 -0.49023031889231916 0.06252452780045632 -0.9026859057226125 -0.46950566011616507 -0.14549056560134133 0.3139014281300495 -0.027717845268289576 -0.21165690807048199 0.10748114411722909 -0.15577991236256084 
-7.670788444239795 1.278532051371247 -1.62069470464818 -0.8649770578699636 1.8303974054095784 -0.6977500507784766 -0.12997410158056033 -0.9027484644187904 0.1927514166842903 0.16285592449952968 -0.24970604131026003 -0.07750141590740678 -0.23494024966156632 1.2303496170600328 0.15000212633603813 0.5600763433995458 -0.02348913193092524 -0.003025518611231052 0.42666095613666294 0.16243722212393755 -0.26558879259836965 -0.019376493334488543 0.24262604786447914 -0.3872830247252879 
-6.8841632166344215 -0.41783345348082523 1.4035703678450684 0.21501361950836717 1.1948647675237773 1.7439823952213007 0.19061192225248136 -0.6557619490432756 -0.01964774902709787 0.38014202463109004 -0.16793728879876557 0.11019630643979675 -1.8139080424731144 0.6325695331140083 -0.20359090997399365 0.46080135059873 0.4516607702558872 -0.04612740667449781 -0.3746086056822345 -0.24623392587887713 -0.4811885444995942 0.05273889807875946 0.16434541424500557 -0.06532532828038667 
7.3792120498600005 -2.9619183600134122 -0.6632548135448735 -1.0348137778709856 -2.040833145146884 -1.101816224478404 -1.321163554518985 0.6053953335986967 0.4120985034661573 -0.5313001955154948 -0.2113208029206103 0.9065523510928019 -2.7793751738159522 0.2598938527944787 -0.20941699865681182 -0.5945956991461963 0.02394290882360332 0.49074086697003166 0.0551459805557322 -0.4705881246347026 0.014215801450631504 0.22945601561799533 -0.15188045903556863 0.1365868063216054 
-1.489687804016365 0.5517188412352736 0.12232232912126229 -0.1701551939480681 0.5641319818487049 0.4334831133957531 1.314966292955399 0.6124051466932838 0.6299281732306803 0.12018114366139465 0.024409264532079374 -0.1609886513538371 -0.44816611005004364 -0.14386629004736617 0.2853092679202751 -0.024187224705443915 -0.0032572409598442174 0.5124409267475342 -0.021742827210643318 -0.14961670988270026 0.33181224525690606 0.09943292047598906 -0.1304491152533934 0.18952325166389208 
-2.029900629100967 0.01407434562976162 -0.3518196893158416 1.1113944462968428 2.0739350717763045 -1.5147230107757979 -0.8575892285992157 -0.12506763838296225 -0.1746839487964933 -0.39553168186960863 0.10976205913102338 -0.35166935597540605 3.1119718903331695 0.13335914809233174 0.38871577936169893 -0.6440687307599207 -0.6741304422523621 -0.3186641077073003 -0.37162054668309047 0.23453773248611878 0.38876746012901736 -0.05358448869678597 -0.055044946931828466 0.37319309003773554 
-0.8351085470038071 -1.4742309361603136 0.3919250019697271 -0.7855288184592153 -0.8527476180582843 0.41311300812739504 0.024053240924526653 0.15831966659565466 -0.7216932586664906 0.013959006380179773 0.0628686259355978 0.1707374049822244 -0.9354608503221066 -0.45016274328336253 0.1405802984603127 0.40896422688394574 0.5353790633836051 -0.2615614696418998 0.2892234399255523 0.21117768483606733 0.06101499272406674 -0.09337431495264874 -0.08218893533197769 -0.11035687842996093 
-2.2839932496457873 -2.3490209155926136 -1.9642034880542028 1.20507922666435 0.6899979815636967 -0.13563884872232412 0.43915461154572255 0.12882487618915484 -0.07839316097230942 -0.31743566078452945 -0.06541564282688411 -0.37888994718843555 -1.9939498142344594 -1.531428335197668 0.21304722527600628 0.5271339677553902 0.7016296496075062 -0.3926726769365713 -0.31553053479519083 0.06487169916747271 -0.454658553595151 -0.2366875275902788 0.1008985978288623 -0.12068071788596797 
1.4437410572223648 3.0837547016965488 0.5067733331095048 -1.443890264783659 -0.35003666319580645 0.5286254412947156 -0.2010759468937271 -0.1480741651009767 0.3987378011463881 0.36125607797680126 0.35856492150696617 0.18369227954256043 -1.7584219739837514 -1.66990560318858 -0.12172252787216013 0.4701619363411935 -0.2613128050508214 0.2598565250130666 0.3703576383930884 -0.20380008759325927 -0.4609004640817991 0.05637191790567292 0.04357264351047271 -0.10852631878870565 
2.812524011489325 2.329366532294335 -1.0483855307137493 -0.14082673380710597 -0.28230935447745314 -0.3944611965497442 0.2015669696954836 -0.1664858200370647 0.6290761820825204 0.14088236510291707 -0.3407818821412477 0.0038953604023298505 -1.7115006173256706 -0.2706211371399944 -0.7224142032685084 0.6104018044589264 0.2375686577876028 -0.03571463166148984 0.33280893046113047 -0.22987400190906104 -0.05897964701833491 -0.021859079999319315 0.05123396123182341 -0.11649979747255162 
1.8918987443798905 1.1962921494619518 0.2991836069159808 -1.523061647247068 0.4173444651147549 -0.23704539299809468 -0.9682258533296189 0.9173752774885422 0.30727346205149175 -0.38431576028056225 0.06983381506136149 0.30492370755295867 -0.2616495695860914 1.7166808851893316 -0.08799509273678767 -0.2175210717679401 0.18625074506604192 -0.07785729737100011 0.14787227480898313 -0.11836384533176021 0.1647206123264019 0.02579225586317054 0.008093366781435999 0.03436147244335989 
2.6264297587524617 -0.593426228055332 0.30683398484808455 -0.5865404954807245 -0.40639855595439234 0.3543404634085505 -0.17569722661972298 0.2857221606215785 0.1442779496301435 0.12092749834211025 -0.074751973299552 -0.09000626877597978 0.6185992541684469 0.6705435843663313 -0.15413995656898125 -0.047831639194366504 0.22532617854800296 -0.14038502847956114 0.10067120780899612 0.14123559920503292 0.30347132910004543 -0.25336013939590984 -0.08009402885198331 0.09316204560084035 
2.3217368923490707 -0.6048915736966123 0.09314885353895086 -0.5684701686430293 -0.8467442976554627 0.3877965034285685 -0.4560606731630732 -0.01908661943501766 0.14697508039337087 0.29385674376769305 0.2012698667418103 0.12755867680163557 1.9259039683956365 -0.04926010289899896 0.12304430553256089 -0.9476513030701655 -0.15580383216101704 -0.24198736845129207 -0.42070780262007607 0.478077335940054 0.188673043370685 0.025014750438486277 0.05742166793389614 0.10360578775684826 
0.7418071749993942 1.218327640774623 -0.4829482843182906 -0.47462755552602576 -0.3262435087363533 -0.28572705932439235 -0.3565292438147776 -0.12196166919038354 -0.20118861438855556 0.5618765312665189 -0.16621782142552216 -0.18690826102452965 2.462070210928379 -0.6795954602366278 -0.32560282831930704 -0.5331149661417666 -0.28968071619348507 -0.20618542537000994 -0.5540070773531739 0.0988944665577396 0.20542463625751706 0.2196735076327926 -0.04527969737180886 0.07299068431671557 
-2.9435018689304853 0.4381955237439712 0.3249418249014857 1.2639357919860799 0.8446784379887865 0.8089504737222529 0.3843135631281366 -0.3130148154256387 -0.08601238605121364 -0.6798345280582254 -0.05669826467734185 0.042557340406688834 1.5269767477396323 -0.43617222427068497 -0.3412902637699396 -0.36116979371429964 -0.424093029449768 -0.09209705979150638 -0.6198441509177206 0.18025909986722233 0.27104635603518873 0.22157809132571674 -0.04543309036654632 -0.12575601043518503 
-2.1271614933928973 0.9238166039342595 1.1677459841247382 0.09660142263002036 -0.38306777519606183 0.762319754371738 1.0661368872941939 0.1360028589436702 -0.35550222592011543 -0.051247388643308245 0.19007118452545066 -0.26647765352865316 0.7428798163007997 0.6011781979279425 -0.03030806676027605 0.11250914027621288 0.13053672277700634 0.42745542292003996 -0.13122438430396713 0.0331174102831421 -0.14508999016948218 0.010019311690687335 0.027728334088293654 0.03511365626671345 
-0.8247090166736804 0.8508806175356245 0.2916725106272553 0.22942472342184655 0.4539469239236956 0.14006427595502235 0.6921387140356029 -0.6888461831037115 -0.5890071819464152 -0.06431557025454365 0.1594246348659628 0.5446114043592524 0.17711188903449315 0.6704904065648662 0.3548456546596288 0.2965136766008227 -0.1114856637385682 0.6215068307103531 0.31384913546616283 -0.15447295495793592 -0.33238696019242725 -0.29487754538195715 0.09996878922386127 0.03158509798083308 
-2.546228700031407 -0.791549499905031 -0.37538942690034727 -0.2948994420725477 -0.5224879200348269 -1.2336502292008968 -0.11676866635660929 -0.033398216200773434 0.4855787540674918 0.22405911729261607 -0.35746427346205545 -0.5432762618009518 -0.7798660488700132 0.9478368837421302 0.5861633225148585 -0.15793957745280696 0.11406116101861434 0.09989438879875552 0.1666903192717605 -0.13464455311995518 -0.25971974547183646 -0.12756609736390412 0.07972314628493539 -0.13023390396235643 
-3.26530393271471 -0.7155926440309823 0.031972566435142014 0.5701451945348959 1.2488455016238738 -0.05758502662248882 0.034218933555049694 0.2351045870203909 0.4906080045322644 0.06714485511968377 -0.08283690335517255 0.0862013506003389 -0.7510401153874243 0.5551022476217856 0.0765288768772489 -0.10494098966350712 0.25440122144656235 -0.3065775930251493 0.2916882402236496 -0.1615523990008465 0.050127665805843456 -0.024209584897666808 -0.08812739235179286 -0.03124574776023248 
1.4327341112376573 -1.1364574165088275 -0.4608940113237807 0.40005991943191654 -1.122700547101994 0.5614612392642271 0.8950258197191889 0.07796113324148451 -0.11615058274394596 0.2657206907612904 0.07203251478121214 0.35342908523787286 -1.169388959758681 -0.13086527688675953 -0.49634559352693275 0.03474258632340851 -0.0010193080318824377 -0.23926871306851372 0.5087795196755166 0.22281263902948004 0.5237875824960991 -0.0265407887939129 -0.14888563339240116 -0.15889358306887616 
-0.5610700761459397 -0.6419721670278342 0.10483817220722536 0.1967680116601358 -0.009150426882407858 0.16224132079790837 -0.6888232496732449 -0.259868660822301 -0.43852551095822667 -0.012517602295880392 0.20905841779970757 0.18999597412053743 -1.0492650908456012 0.21519681150204364 -0.2714292996108037 0.39972337892169696 0.4007881615934911 0.41358664046739047 0.19478196490865027 0.1335181238570792 -0.03383146952782715 -0.16749064778013611 -0.1509685755033097 0.16886361920962725 
-0.3901787490397495 -0.43576390774632645 1.0772145507944093 -0.21243860960539318 0.1095679683139612 -0.6257572637055543 -1.2815861337690115 -0.4543495093678676 -0.62121723567556 0.3435127123821368 -0.05675503386229208 -0.11849282435442257 -0.06385471997668768 0.6559933824633498 0.14057395236330383 -0.15968458823630757 -0.34618696161004836 0.016555027277330787 -0.05925489153019078 -0.2595849818791684 -0.4077901543470115 0.3055775360230975 0.0012940108245120818 0.2695252707055423 
0.7939477699607962 -1.711529832918364 0.07720618420845815 -0.32277567771154025 -0.5696532408645771 -0.7047356965397695 0.5381790155731991 0.10070553675382934 0.8446357395815528 0.5307207876496688 0.4344625974765086 -0.18442855223239515 1.5022690937055543 1.8129031634342854 1.4416089381134318 -0.09455816649197413 -0.3644633403816582 -0.5610744408216696 -0.33716197825472344 -0.013247076196023694 -0.23136616673361113 0.16823667869469952 0.03272266157677992 0.04517766541376015 
0.9467893481143523 -2.569658730953612 -0.8687998744143086 1.1388855288266773 0.19611174471923565 0.9452846661010736 0.4592893616865392 0.6764289800909244 0.46563925502719883 -0.9226311122807768 -0.044551607530724624 -0.2679344637022876 1.2945144057048383 -0.9691120976275153 0.4278769491978223 -0.27093687989699244 0.23436788021851582 0.007215880812155777 -0.45544584971487656 -0.3074327532665274 -0.03862926601285314 0.2567593332804161 0.230888593915057 -0.17691911086865741 
-5.736361405839654 -5.013734245727047 -3.2469814295287116 -0.19521955807997704 1.0409677060599294 1.0599436783596028 -0.54777506263685 -0.7855166769636259 -0.28785525610877266 0.11584427395147778 0.10478871990358407 0.12918379755318948 -0.859096144441348 -3.0809608216820012 -0.800982639067549 0.49972234234575413 -0.0664854399477691 0.16861554507747414 0.14892872833137702 0.15952734163008797 0.314266196016555 0.04321042552838339 0.23343557151951186 -0.014667409234433762 
-1.008567378254039 4.1226745915405605 1.4556775100695272 0.5365939702698026 -1.3988461458038395 -1.5297445935917078 0.6277284544806427 0.9110598572904423 0.060916060208162204 -0.21932703061001596 -0.5845838768210008 0.2554583333587574 -3.00651161180537 -3.176431570152792 -1.1421721170899972 1.1835295508561696 0.06917654828723492 0.36288482167965497 0.36080193323010756 0.24271775561286005 0.12852220873641632 -0.3667603356641196 0.03398349242045461 0.1562750506952301 
4.348914566469036 4.185185970880553 1.3179154091691867 -1.5207969254703653 0.42728202424026773 0.0269322980741986 0.007173284182016348 -0.4951919267361935 0.10419874894140616 0.04943747022913819 0.004172017563111197 -0.4021227230596164 -2.801351127109387 -1.806084966237603 -0.9132522477718158 0.4632860218391655 0.13794038945649176 0.05016903981697326 -0.11517482039526372 -0.036919049490653166 -0.04926230763678771 -0.023160208976316803 -0.10231569858081356 0.09170077432075278 
4.923686197376117 2.3601758712009655 0.2752680575067341 -1.7489144400466374 0.2954249407673617 0.3731358912048108 -0.9005906114132167 -0.19688666186137188 -0.11595437370713951 0.2108532965727518 -0.09619373362185202 -0.471106355481575 0.494666054789866 1.9544179400865709 0.729446293533206 -0.4232225727970456 -0.5001083914833321 -0.4648519022388748 0.15286594264661538 0.31081543527090033 0.08766706483825155 -0.11259027414377336 -0.27725131333612557 -0.08967396288394079 
-0.29843481232657076 1.2857700131555596 0.08298004006813198 -0.4423234184392537 -0.21998900559514645 -0.04200368348957628 0.5619089314958708 -0.12078626891575933 -0.05163311624075867 -0.029765262710955698 0.16754074404645036 0.2173638190110973 2.782201148644121 1.7014141651794903 0.35214789149925635 -1.0700681122027005 0.14959326042787005 -0.01983950304160934 -0.30120012117101247 -0.1928564681029541 0.11384658552409611 0.05350256844957323 -0.06432563954995256 -0.2929529568302441 
-0.16889085322583375 -0.29087124985665547 -0.11519368597956348 1.267024935145384 0.4251145435638637 -0.1007208960931959 -0.10823719711613067 -0.2085892774324758 -0.12416920171551005 0.15804515829135107 0.1654856999457064 0.21473695097522288 2.2387881621182 1.3503622106375364 -0.045555217077242784 -1.1953686950828606 -0.17779988781603429 -0.03411642797923631 -0.3754024294957539 -0.15427239770145443 0.12296662659656042 0.22241529509665478 0.01875712680440424 -0.27171009374305516 
-1.4514003541623524 0.40646703587089306 0.4567026064145665 0.18143772354172516 -0.08634255844159347 0.32337920084802996 0.5145969405465107 0.08922878535822076 -0.23323359362669693 -0.08466616597888113 0.06630921942918966 0.13381449420271696 0.21710679611889291 0.25534600266824486 0.07147243109111123 -0.2986954175892005 -0.02439002400041031 -0.13947423370227963 -0.10697057317978731 -0.07263468364961752 -0.007250997039093164 0.043031416046483 0.0736193031385833 0.08821197350574522 
-1.2161955180605926 -1.2512592720693103 0.2250724255652452 1.5253110742114546 0.762001380638688 0.2927937329737166 0.24927267254872515 0.16092300410600135 -0.39405401480385155 -0.42894213708324974 -0.10184935172643439 0.38579858815178075 -0.7879620940615631 -0.2796431135243959 -0.026730946735923727 0.8719186705348828 0.24284111967308686 0.014978991735689765 0.14333877470131565 -0.0627495189625094 -0.08830173333580311 -0.12134386642226308 0.12358436085046298 0.1981848916387338 
-0.42610286826587007 0.9999260162571524 -0.30157030897760606 0.3246197647953123 -0.3152623521313277 0.17966170308380636 0.7040657162028049 -0.08763835873614534 0.10506228142069157 0.1346341368368957 0.08035036046677085 -0.1328029200944173 -1.3254486328106354 -0.25803307324705926 0.17094623432510891 0.984024372377068 0.07742467052590561 0.33924526823909124 0.31374115273430264 0.2149778857976615 -0.31300853250444544 -0.20682611923167563 0.044933337522030624 0.2478108080702055 
1.6823466860106144 0.25132860052340256 0.344135611924294 -1.4203220970860582 -0.18894891861052976 -0.0737991224181534 -0.6329879090482247 0.06809285150223543 -0.02841193923179494 0.41242660615025184 -0.21228795312447313 -0.24650901679241138 -1.4461326824703173 -0.4320415653435005 0.3740242965369152 0.9966306577013864 0.19685436511193477 0.2070808175609716 0.523998878574862 -0.06425696805098173 -0.3674609233713985 -0.05273614656940181 -0.03012612726910936 0.10550367954410333 
1.0756744422339501 0.4292723193157144 -0.11566768974028463 -1.2978188079407225 0.1568585796052986 -0.5110601761733088 0.014503773142077736 -0.5092897957328808 0.522970966100611 0.11512782009939505 -0.013271492437882837 -0.29346412753580353 -1.0446332154493756 -0.29316987142853773 0.017417310497671368 -0.05635790815826399 0.20176498021197944 -0.002320684899476677 0.3786830533106674 -0.27398075399722305 -0.0014649542218201316 0.28977426195188 -0.09906014124837198 -0.0991403746653982 
2.3713138741004496 0.3301922724319102 -0.9899517736641612 -0.653361612524687 -0.06462218056542945 0.016912219919359373 -0.9779429916454973 0.5645196267573143 0.4993744129703842 -0.260980539006294 0.03533995653322053 0.14961815324016386 1.2624012454944702 0.1693521399656929 -0.09302847130347673 -1.1039249906161421 -0.1533601908992789 -0.31528035658457515 -0.4897557667629085 -0.16235267064528117 0.1658555806059793 0.2512736736650401 0.05427124349982371 -0.09385134449783138 
2.363313184037339 1.8400037945885117 0.31322145232360743 0.1102132469894187 -0.9827206617898163 0.14126808661348 -0.25950590243056115 0.48609051562798444 -0.1544360320149376 -0.3979850764404713 0.25371682938303997 -0.03344538111451037 2.0307255388217773 0.7884616251068944 -0.44606244369091824 -1.0798398764697037 -0.07630124165352022 0.07528686472792782 -0.07740162496330277 0.14599331642645116 0.3652473397847304 -0.08626099665232652 0.002206730746577253 -0.14532463520188724 
-2.7486764213744905 -0.9620935570100748 0.40877645480277813 1.187436847297298 0.8409212747848644 0.5458778159421777 0.9732842290268204 0.057460707757646334 -0.1872751819919586 -0.08483796657493531 -0.5085958445344056 -0.09496435650956386 2.0970378536406655 0.9546426658811992 -0.3513143137077947 -0.4212550389093577 -0.018434630950145525 0.519835449392755 0.005693306906991731 0.5760452322707293 0.23283269089240047 -0.2751000456898833 -0.07039613714880343 -0.07689428819116544 
-2.456507026493912 -1.2899696412839763 0.5231555270990005 1.0213015915573957 -0.0670094231092877 -1.0014035683685014 -0.7289049623041728 -0.6937402855124003 -0.22944625577240885 0.2858395238406953 0.2520762158561985 0.264801032944722 1.34377350693807 1.3898082182670308 0.5773530518426649 0.2882734563253631 -0.14818118569024608 0.192123322604104 0.034126496638781166 0.14096891044445867 -0.11677037321563415 -0.22043895525027932 -0.039371965324063875 -0.0839861903853289 
-1.509889581555922 -0.9687490072754432 -0.040975869928473685 0.1548593319193976 -0.4671739070552572 -0.9712583007679146 -0.7603233824296667 -0.5737006694846813 -0.16161854782808155 0.22240729792277247 0.24734867474305156 0.23117781078404398 -0.41615281404079196 0.2573935255838122 0.6725635405099354 0.5281459780624759 0.024092939549064402 -0.2768377986375628 -0.14707274178768528 -0.34314147122394106 -0.22412708393855874 -0.07700346407003564 -0.10802157384139403 -0.04035347264839149 
-2.2874007566861554 -2.3260931350798963 -1.1939615408387616 -0.23831836429772046 0.11587048620098273 0.3234661771562141 0.5049184133813389 0.37876447291577225 0.18304677055002627 0.10970915706151274 -0.006139534283497006 0.0554421063946724 -0.354849786006469 -0.440121484845394 0.505259300642578 0.3560268072541426 -0.41545315234865604 -0.5137970756725408 -0.680733323516133 -0.37782070946317825 -0.13455154906909197 0.04567676378840733 0.17108414537714842 0.01818747198869621 
-1.584771114155993 -1.2162123868635515 -0.7503556327581471 0.2328088910374284 0.677202501482536 0.7139563390925083 0.7975907665471204 0.5506327422153833 0.27885955666250006 0.2342376090247629 -0.05542324794037584 0.13077552471063542 -0.4373781508273071 -0.5917556488897584 -0.2851807927835288 -0.01769019782562714 -0.4342600170042768 -0.3824833985160275 -0.1509899294128738 0.06225168146917374 -0.0901601107453716 0.2741496569192284 0.14437702597500593 0.19512458942878383 
-1.3545169021744696 0.15412650304625974 -0.6379324934138966 -0.08575360976404756 0.607161829667784 -0.3026196612810905 0.5343379337558329 -0.12244486297289792 -0.046030660810423674 0.14289407692447806 -0.10979025893353311 0.26043976001533764 -1.3510142875762003 -0.3638120486118215 -0.8466022658951203 0.2649108184303179 0.5219366128043488 -0.08018188414134488 0.4474494553364956 0.10457743604158738 0.049881864436598033 0.1680116550062164 0.03256215685929467 0.09160490380140858 
-0.6641970563298436 -0.43359187966924595 0.5365519847096802 0.13164754812944257 0.5899604722241726 0.4892348139988201 -0.32206335437829225 -0.5098510459478676 0.22340050008825818 -0.6166341327663953 -0.13395704085694815 -0.4566947843126401 -0.6594820610774694 2.037700920601351 0.2818229496835997 0.2786101050075141 0.8381186772051755 -0.30520561146996467 0.5534028395813174 -0.21604986954349273 0.3345501333474796 0.2296545591873699 -0.2785494725682225 0.3082550759581031 
1.3053550771293712 -1.6259672428415848 0.7023914481126856 -0.982470148134681 -1.4063183375828818 0.6763725921270929 -0.27760289216544165 0.5952740588726355 0.06113070552735311 0.03111006293844265 -0.06455910840309487 0.07436254950208443 -0.9276328053920407 -0.18575161613668836 -0.22027237150534132 -0.6918835345769284 0.24149659958929792 0.17648629275291428 0.23194497581403542 -0.21235478283999434 0.35461336659698395 -0.1355635356016871 -0.24376425358343368 0.22721537500329328 
-0.936260920575505 -6.439268275723682 -2.2659864525722373 -0.1546631547997972 -0.8304134465076576 1.1400770467983108 -0.4566473392361947 0.8399228899230947 -0.7783715265488269 -0.3988340615443291 0.7576095944990726 -0.7009510979070471 -1.445311398537121 -1.9775882062306422 -0.5228129987058425 -0.8124118982102096 0.13493447737180633 0.7086074659491609 -0.3814148719488169 0.1298963723374211 -0.06242291775306652 -0.03229517702331738 -0.0305428891536087 -0.21788146913289777 
1.5644134461244832 3.714219549483543 1.4241538397430862 2.1330523454313575 0.5928589902658052 -1.1574996559395787 -0.09420500125732212 -0.160267482388396 -0.6089847472828329 0.4406846481185063 0.17571918413875753 -0.29907820819733877 -0.7585456968360743 -3.117692288657752 -0.7599121591170742 -0.3530387067616423 -0.5789774983310122 0.8508299416391307 -0.2922947329493288 0.3963856594870369 -0.3719952959305963 0.2503996017685061 0.3421612185020065 -0.30628323098589777 
3.5422079547839633 2.8290793428601173 1.7441097850120073 1.011121995977052 -0.81443162381559 -0.719651459815327 0.7304823160140989 -0.5217693923296151 0.7457269797525508 -0.724535894286475 -0.16246751966704825 0.3836700019357648 -0.9653739572603243 -2.426688108492844 -0.5369994397169605 0.2532004993073823 -0.2777324781577658 0.4630524689955687 0.04951979521217609 0.33200144515031166 -0.5025869853838565 0.042951979685867205 0.4620310149119626 -0.40534614203376435 
1.3417577299578598 3.0929358138397713 0.9770798066717861 -0.5062466032381789 0.32262324606412107 -0.9462529794834803 0.005716479057397805 0.08696322153787978 0.41506734016845337 -0.5572378259960027 -0.631004206826054 0.45090169253837176 0.8827098729319974 0.9480905661133413 1.0362490587394315 1.287126369603127 -0.29490423380854697 -0.6637595876228687 0.29020272488522997 0.08925504759674063 -0.16419274263959824 -0.217732435117186 0.17864249504521937 0.07604736922305355 
2.0711888092887794 1.151437917576736 -0.4314511168857056 0.4053848216128241 0.1379018600664819 -0.35470369841644456 -0.6551674650300829 -0.2796967974909782 0.2173633858770994 -0.02872876354467624 -0.22512175475440926 0.1400973778263909 1.1212398437654565 1.327952333907531 1.1225430782575518 0.7492490132765534 -0.3634757677773013 -0.7309020858064801 0.31123804009802236 -1.2105505409694868E-4 0.3437400368875765 -0.5417234128601601 -0.2121936965315724 0.2480398126959653 
-0.348206599923917 1.7087685637852097 -0.5968128855263517 -1.4254581761959095 1.00140494975041 0.651305226229586 -0.2719882853909211 -0.5490689225979363 0.1477752775736874 0.7459783880991651 -0.32888118345322004 -0.4054340038118125 0.7709169407191542 1.2517792808304697 0.1260788968776058 0.20949048852689223 0.3091242866835016 -0.5474366745153597 -0.21965822122198694 -0.050751772745134684 0.35448074865328943 -0.20302309327764226 -0.3564023997914865 0.1601644428156348 
1.0234705884284825 -0.46269403383519503 -0.8365731036615793 -0.7770192573737422 -0.06339517232683056 0.6742756947475801 -0.06437942205580882 -0.20339015509941616 -0.15184709961279563 0.2490262372464214 0.32305205824125205 0.06771841202296106 1.1543215546801853 0.27757922344525837 -0.5550593523036031 0.23069145042054365 0.4689636652076035 -0.19049737013546694 -0.5095676713171245 -0.22258287293024104 0.3259232041010791 0.07247660266498328 -0.28924270712270167 -0.026255494002038127 
-0.4471339817694542 0.14466394705432783 0.8014041094269055 -0.5435160293255725 -0.5041010977897276 0.18156734748058634 0.3692971212362216 0.2010652185775028 -0.46376966304646755 -0.08704604655862466 0.16411608605057504 0.006597846993182305 -0.14350837125281476 0.4432774577449005 -0.22228552641649704 -0.5935674122999209 0.4046076455270184 0.3456967257602792 -0.30042599737109243 -0.22030351781835722 0.14940133632972058 0.16762772842693918 -0.1598599492617218 -0.15542033088525628 
-1.3423121638290079 1.1007525556064017 0.5346184425484752 -0.7276606030839754 -0.5162361117862599 0.45165735136445606 0.5528928456077195 0.012984750712025317 -0.45463375611606044 0.1703536457892688 0.39610773186179815 0.012847934430007868 0.43745187800337854 -0.558564515994262 0.10266340747569543 -0.1660659480395553 -0.2833062757190424 0.3278360974148388 3.841270573191798E-4 0.05609974202671939 -0.1967063158304048 -0.07519332797933108 0.22371325059798997 -2.613866481863634E-4 
1.2652098899632724 -0.4027871041702902 -0.6155520793818878 0.33056473355896965 0.01400248289906969 -0.2744757793596896 0.32065357289059215 0.00365417795141465 -0.14903540316384195 0.28243149854692373 0.11417082752167235 0.08826222764043298 -1.035372818694364 0.28228856004842545 0.5664509751594597 -0.2840061185688696 -0.08699472551771754 0.20989234671310456 0.48166858200919566 -0.13295500058190177 -0.49681669280228746 0.04617331693099363 0.2204972654587203 0.0918079788683281 
-1.1450569814480165 1.4867250397599001 -0.43608523168426894 -0.7158617946973475 0.527471864485898 -0.08121103407679842 -0.041210029054951636 -0.27298386086653026 0.280904717937106 0.28986744863164043 -0.32311506428826653 0.027670381643894806 -0.17679872028542162 0.5910260995455872 -0.10154184963733955 -0.48633777106128756 -0.17598549374703487 -0.030518777898948673 0.3195294161678997 -0.0790938491371589 -0.11953080899170421 0.25448968446462644 0.15781128443149997 0.028150965195588976 
2.5603568831231422 -0.8951879751676977 -0.4125969789351016 0.3026029221877222 -0.7649709093726539 -0.18167549993810006 -0.7786571874600298 0.7429145261124859 0.6589111783338115 -0.2853228987727914 -0.13776431225055358 -0.27623731321874545 1.0711134960760544 0.23494001517480237 -0.5462110763733496 -0.17591661328881134 0.0386749524382976 -0.0942772527835644 -0.03676369228272225 -0.04190758134680922 0.08262587164758985 0.15113841419572505 -0.052582895735471834 -0.05423701453971908 
-1.459489499552678 -0.426125307531656 0.7377664412371008 0.745333615785511 0.40120706559070646 0.49681354535050737 0.1439599772793313 -0.11936387595703357 -0.5000146198897746 -0.30923820894475307 0.04864144845341123 0.11064480927283016 0.3162804086178898 0.5743956886508815 -0.16991324063024807 -0.32118490368193514 -0.06852236074780611 -0.012156760209702336 -0.26372094481997765 0.009448484473904803 0.24609825172028155 0.0783336608486593 -0.1363164528706623 -0.16079069744451302 
-1.7909143392125602 -0.15118197604891925 0.43615531327747625 0.12771686818397443 -0.038889974968227325 -0.2806563107226493 0.33835964657161743 0.052566929537093965 -0.006453349193171198 0.12856908474794537 0.08604125835724896 0.20948605744512255 0.7491988703246841 -0.4107901955237585 -0.054071235865725154 0.19001261025462637 -0.29882149721876683 -0.06735735178337311 -0.3264149966855125 0.3201280947104121 0.24648209206804897 -0.15109673068468896 -0.09337988405882729 -0.1332871590220721 
0.08173740386616535 -0.6084650257521336 -0.35072165589981363 0.3351359433503318 0.3699984795271031 0.004749651944583211 0.19144438838915767 0.04384448399945129 -0.1247077734602473 -0.15207952567470584 -0.026068490980180936 0.2671807886454999 -0.8669740749159732 -0.3381280661714037 0.22570390774408988 0.2592232397888045 0.14132578148606348 0.12424605960665043 0.02063644004085417 -0.09032283091463007 -0.1950686195741476 -0.1197605423230055 -0.023394668326878216 0.014303177438996126 
-0.45785317956033156 0.42835247051381664 0.29386077723053106 -0.06233607235856731 0.14709787531544827 0.26642850211498137 0.17684559704159442 -0.2990739379969929 -0.26818852108509905 0.0893879516462519 0.17973030964272435 0.04535617416113602 -0.4493889893681155 -0.15664665781533404 -0.13079313491223857 -0.13811349668496106 -0.03846286797199442 -0.0538429555937332 0.1347047720888701 -0.05069259744995692 -0.08049790045028438 0.0339730740284496 0.08345085941754264 0.15343559624536046 
0.47490214536912734 0.29849166770118707 0.13180198602830373 0.06269036669036843 -0.11576420400932175 -0.14946703988825927 0.1628076819217803 0.3274250505539001 0.21605882477863214 0.06963398457511016 0.07198092779130819 0.14980021859783504 0.4368052003269653 0.15488436417013154 -0.3226246992003811 -0.3850748046283122 -0.17670695015818813 0.03572455834727454 0.24221098630960916 0.12420628193524337 0.0471897173797479 0.12825258331192754 0.22210612758348214 0.2483169545858969 
-0.6393297418596946 -0.13472034932957744 0.5872728970501333 0.6782801465688393 0.31937997071596835 -0.042019098025028456 -0.0514363164613042 0.06285443860974033 0.06465705303824221 -0.08420689246231144 -0.21333602928112352 -0.19213044626712641 0.8570488543455083 1.1796169137235597 0.5495116389219714 0.011007013898559922 -0.059992820324332674 0.03212968552444386 0.06278149241067876 -0.11982665437306154 -0.16808360679966197 -0.035825258556306895 0.060658167321934166 0.041978712752432056 
-1.137939915965049 -0.7915817083408312 0.47044638179152853 1.120052247771565 0.8139782823014075 0.0517997769727645 -0.42104761378822053 -0.5097385501096454 -0.43269971266116164 -0.4500398535562068 -0.49585370426870345 -0.3590267648980596 0.7632052132466361 0.8909189060090053 0.5992763431775693 0.2931335147247559 0.029835380279831698 -0.08507767970497249 -0.0386300264649647 -0.03301856134181282 -0.09845258711373746 -0.12997397340994785 -0.08026401442638471 -0.009168638756336334 
-2.222578711929768 -2.5654615826358533 -1.5239963374169956 -0.6240380545948454 -0.1377949068669183 0.06940603711113791 0.28042876766455854 0.47898782545396446 0.5604415680337838 0.4567006463808311 0.28167312370692765 0.1738335276517872 0.04175391339073616 0.3573404035915672 0.6371510608680924 0.6272211001408609 0.3727453584355313 0.09339860406880303 -0.015104711353105519 -0.01964641575297048 -0.023997278921154053 -0.07328273611068731 -0.11022716850558666 -0.07526459616280237 
-1.0230890093357443 -1.158894433672691 -0.6103924262708396 -0.16555107690205695 0.023317093942626488 0.05005343165857501 0.11276521925374305 0.21841404115722646 0.2635243286220737 0.18910213538338239 0.06526839457643675 -0.005675852092612746 -0.5304610307801254 -0.43393780791891595 0.07018603899729337 0.36126401897164045 0.3019977126580567 0.07275480893649983 -0.05669389516896781 -0.06680215270289765 -0.043188383853295355 -0.06963225981626738 -0.10928241342254463 -0.08216442999983957 
-0.8220169353465554 -1.0230851974383492 -0.7837608815229598 -0.5605814915169323 -0.4035255104112351 -0.3213417375743428 -0.27302859892296943 -0.24228260976478416 -0.2114631308399133 -0.1839296786000441 -0.16321557318693367 -0.14301211418144275 -0.8418786074250004 -0.9763286178455123 -0.582851926703248 -0.2424887520511598 -0.06076919760467775 0.012910142105753827 0.09202515592595865 0.1721628480485734 0.20247081246188284 0.15713647363790995 0.08418795626274926 0.04011301630444874 
-0.246837711916279 -0.26095647718283543 -0.11022946314736948 0.0045319093176872105 0.0408504460993957 0.02890923750600538 0.025762755012446903 0.051303125608421846 0.08281778833557296 0.07917208838303295 0.054437884445861076 0.04588934601807404 -0.298863207158574 -0.3384253089913675 -0.1807506453863292 -0.05780335364686923 -0.0164342888110859 -0.018264230420774085 -0.005382580892418526 0.021881830433481214 0.03665396739213097 0.024702878091350623 -0.006920394390579713 -0.022906667575394737 
-0.08506853836449935 -0.08544470734424403 -0.02552203886898652 0.01838670844876189 0.03574600986873033 0.04124770787016124 0.0478545320073307 0.04605473908264657 0.04338240079138561 0.040256248967275976 0.034524509983967694 0.027711879683097587 -0.3285760521048138 -0.4010896146794731 -0.2810493071223898 -0.17200094685552944 -0.11873568911678199 -0.10418627610717991 -0.10037642445980292 -0.10210398432021751 -0.08840848102595877 -0.07414630252858388 -0.06831137433542471 -0.05730716047268122 
-0.49497358635105027 -0.612438751745641 -0.4472599114388386 -0.28162511594429634 -0.1470157997640985 -0.07644859980135477 -0.031528603534151434 0.00859987543306745 0.02613966063003134 0.0029005373256704714 -0.012840463837274788 -0.022317846298698707 0.0016839205926138707 -0.13893100282340104 -0.2127618500963936 -0.09075919169984015 -0.002551971042304498 0.09647938864015808 0.10409825447688631 -0.03815918342218283 -0.07079927047854329 -8.004222018132093E-4 0.02215711248109008 0.008549132810021802 
0.28777915818527156 0.355924783881473 0.22790226398994406 0.09849986168064784 0.04661467987085799 0.04389600940087701 0.056746353729738463 0.08538096828354558 0.0821013760907338 0.0766450045143888 0.07535772396090837 0.0630129633949873 -0.038434545358890716 -0.10250874767415881 -0.06464204270730838 0.028732376472855398 0.057295727052962965 -0.0084165297525745 0.02162549773274866 0.11025408884415074 0.10998018175641988 0.05935493955865346 0.02867948853934296 0.049311353263256884 
