0.0 0.0 0.0 0.0 0.0 0.0 0.0 0.0 0.0 0.0 0.0 0.0 0.0 0.0 0.0 0.0 0.0 0.0 0.0 0.0 0.0 0.0 0.0 0.0 
0.0 0.0 0.0 0.0 0.0 0.0 0.0 0.0 0.0 0.0 0.0 0.0 0.010870826540759401 0.014678075296677306 0.01431032688729054 0.01630975565636167 0.016370826876428934 0.011334320410654223 0.00680776496347781 0.005846192785662063 0.005294786940791533 0.0021083243803884655 4.955335596809884E-4 0.0012254694729908384 
0.0 0.0 0.0 0.0 0.0 0.0 0.0 0.0 0.0 0.0 0.0 0.0 0.016119515635378612 0.021746975773629624 0.018332369362006423 0.013365046706349479 0.009345299000393168 0.007843073753471375 0.0050993868370363404 -2.8682045665827843E-4 -0.006304844496209244 -0.0085104396600443 -0.009211564631160402 -0.010429408440618482 
-0.0326124796222782 -0.04403422589003192 -0.04293098066187162 -0.048929266969085006 -0.0491124806292868 -0.03400296123196267 -0.02042329489043343 -0.01753857835698619 -0.0158843608223746 -0.0063249731411653964 -0.0014866006790429653 -0.0036764084189725155 -0.03584875923040679 -0.06777999786678852 -0.06978870183113448 -0.05439816588776331 -0.048490754213459754 -0.037275334507449194 -0.02373631225099458 -0.01573799605687125 -0.008025827904475064 -2.3631148393327603E-4 0.004711134119646544 0.008900181179847963 
-0.032052307094996735 -0.043223814375872915 -0.033531617755083454 -0.015630506634505936 -0.0034796566865361034 -0.006527740644432789 -0.005086513065892306 0.00962975054846793 0.026856713899815032 0.0286938055507156 0.02837799423300269 0.033126429531341706 0.1559201630895828 -0.14608829496217002 -0.08151890054023656 0.07614421427612036 -0.09137410207927288 -0.05770784056186507 0.044989527213478826 -0.05361971946519431 -0.002883486470379578 0.047102411934757595 -0.022854144121540822 -0.003890977268073225 
0.12357243123871875 0.22495190078830202 0.22613191437094515 0.1710097509805429 0.14721209098364732 0.11508987384456398 0.07375219328592988 0.04239911289637979 0.010649126763517675 -0.013637968323557972 -0.028322399475440976 -0.04326375830521474 0.0048906721267251525 -0.0012483872679789436 0.10178465186262053 0.0036834470253200025 -0.030680554312978597 0.09931342599388882 -0.027456436023985658 0.011888848487036854 -0.0015434828102768028 -0.029325816864000858 -0.023831519398353266 0.05133955940847978 
-0.5458529446992468 0.30377182154734306 0.11002525410430128 -0.33840215180317507 0.17596002043135156 0.0985771041473319 -0.18205632572861813 0.13089031276889995 -0.004616284381807403 -0.1376507382130765 0.08198033176282146 0.03146660674734079 -0.18789540058243048 0.20700744643729388 0.00856969574666803 -0.11334169322731064 0.23537120552027346 -0.03224755064433507 -0.08602058641027759 0.17425767197475275 0.01486582156579433 -0.05949024913082091 0.12928900329248724 -0.06230924344516811 
0.2096158227996714 -0.21378688204770308 -0.4200633721794256 0.10140621453928955 -0.04679065624929485 -0.38449566160951143 0.15043091951288645 -0.11383540492831276 0.004482586749267027 0.16482474933273322 0.04320678875110745 -0.1568651752524114 -0.14886160485510333 0.16672941960353183 0.04730621948394761 -0.12542658443614388 0.1983655202514973 -0.05478187223576725 -0.09322394627003971 0.10100024650855015 0.05532836003088775 -0.03933186502050972 0.031860315819821565 0.06398003548499122 
0.4886121988718184 -0.4448767622697519 0.2638569382800978 0.35919634126805267 -0.6125918996308855 0.34000767901561013 0.21463588305146217 -0.435026006463444 -0.014657480790442629 0.11793319411503275 -0.39525360975773327 0.27685486834044437 -0.21312253275306073 0.08849698056862117 0.14772761285275748 -0.06367533788196132 -0.21485888258380145 0.07006773828981701 0.03415545007155011 -0.22150984958144307 -0.0592134611669452 0.034259309047501414 0.02139607187909086 -0.0486253212790502 
0.0529246740184961 0.09908793388625403 0.00729741383120408 0.1984902577533607 -0.05360850973972614 0.15872020311772658 0.1550779277060088 0.02235653298690138 -0.15031535512482794 -0.023434339426083445 0.1147136238253717 -0.3578979955567402 0.6064808631047779 0.1250615361068938 -0.3328124462757021 -0.1035836665255724 -0.4196249348977484 -0.00992225704227471 0.14715406835315564 -0.04021263888423272 0.06439609593788155 0.12306359685521234 0.033201751406839584 -0.10285379839180087 
0.17186022795052303 -0.11815652812549904 -0.546837977459286 -0.1959181597643267 0.8239455949279715 -0.38323404308573816 -0.28684618003982965 0.7273238925556221 0.2504230700560757 -0.14629912097617243 -0.01796130141158324 0.27785898073665577 0.4453134804889653 0.15193536359645335 0.09687901073804538 -0.2800394445370532 0.09758280880708914 0.37330578536143716 0.132726170771947 -0.18531528980476053 -0.07931862058028137 0.043345744193376445 -0.30779976164015627 0.03117577311215895 
-1.4514507810540147 -0.752331607440511 0.9837214245173728 0.6897144646321964 0.49381540116452205 0.006891970567986849 -0.040290254000934556 -0.5743724377851477 -0.3212459764876368 -0.07224988368730123 -0.2450446196424863 0.15119416372488553 -0.9312681602088585 0.34103847504115103 0.3289194598054502 0.7240971276274012 0.4247632454289989 -0.14159804898646236 0.2529252389639763 3.453647035046581E-4 -0.15876045525243684 -0.039593049451869096 -0.06817415036038277 -0.03698638995820012 
-0.09514051505882204 -0.47497308239572944 -0.5149920992771226 0.9537025714397944 -1.179052281504277 -0.7039955607938313 -0.08585853841090718 0.4192843483368621 0.30876369163180595 0.012303733665512323 0.7080247968966644 -0.07121853063684534 -2.411590417474642 -0.8281996040812659 0.08152707666749322 0.2772325355130873 0.488690886523433 -0.3660377985284223 -0.33192607914861205 0.033606385151788896 0.0069269832234880495 -0.03571722965316441 0.09394585238004127 0.1610632009467118 
2.9802295261497442 -0.7456192141020839 -0.9953839046762283 -2.5486114907309037 -0.32639930781059867 0.7438951089311603 -0.7041916100003812 0.1753402109857674 0.2967956998446174 0.016043381608681462 -0.04375697424760381 -0.07240006999538927 -0.33410691917602664 0.3160928872284849 0.897377158389923 0.6791874870775425 0.17599114322321965 -0.014639103591590616 0.2496251816291721 0.07315612251248198 0.19539110283132333 -0.10172566446309987 -0.06651268218029231 0.13754212426690263 
5.19079132677257 2.363086087449085 0.19813345713503483 0.5915472113779614 -0.2320197101547672 0.3463777833179421 1.0408827354057297 0.2516484127147979 -0.07937871778051553 -0.08329406466467054 -0.4004426812491483 -0.09353350524334225 0.740421303359511 -0.7460726586311841 -0.4292074349144393 -0.20321096506549977 -0.6613917135987323 -0.18787724861024657 -0.045149929925649035 0.2675391420896841 0.23874717456820962 0.02291665335097502 0.3094705444265538 -0.09229616140817674 
-3.0920959444416307 -3.1196398540483727 -2.064972828858475 -1.1667703165695142 -0.5076743141798918 -0.474377390713128 -1.3525364357967693 -0.7100228375115614 -0.7133480802754459 0.2807260088670898 0.508727165971297 -0.2502747217725739 1.2397319735383585 -1.5527842574723547 -0.9642320536957097 -0.9573465419806327 -0.30127851894472835 0.1993928357969156 -0.35487515454186463 0.088921137227075 0.20254735664156867 0.14155054228362682 -0.012761874630574703 -0.16000641987974001 
0.7197583101583325 2.9502552134709674 1.307424667557319 0.872414879555599 0.8957603624765664 0.46877243485905257 0.37376366426423396 0.05934844631647418 0.09759405798720877 -0.1887875400166169 -0.4966289064924475 0.2946072794762772 0.8198124588167411 -0.9635633535688872 -1.2415245953568306 0.17207583072686186 -0.029997178024066613 0.01996778580926652 -0.2553644709011635 -0.010099354221531706 0.07543749712174475 0.16735641520469757 -0.23906360981590305 -0.10383667745874113 
1.4965501138417876 3.619148995304039 1.3426666511997594 0.18299430112217585 0.013546212707919558 0.08451927576985829 0.6939933891959605 0.004726782503704285 -0.39933275796395074 -0.3558615075662258 0.042621762265769914 0.21354879728402107 -1.071193774742909 -1.2139579215903213 -1.3296256436629879 0.08520934850549138 0.05193000678603943 -0.1880121706074135 -0.3392061832922198 -0.22395664262154805 -0.3442156811809678 0.09605512412222302 0.11100942018639676 0.18822765636858885 
0.4370309211806376 1.8843817234795406 2.2188875031764095 -0.5995625896484692 -0.40263843952647305 0.007026092648649396 0.7837112356128553 -0.07542833462823983 -0.46269887030149737 -0.26706955206210536 0.5498008500513245 -0.013935232395416386 0.0973746125796661 0.9504552335842558 0.8349149705428687 0.4832028457398844 -0.039652083741138044 0.07453540077820531 0.653992258245431 0.2656911006083745 -0.4372465721592434 -0.2975137068122336 0.15306628916848983 0.15195386673974262 
0.26284907427594373 1.055170655718305 1.468172684320943 -0.6864096274839542 -0.014264933536490387 0.320532292214314 -0.5398916715944204 0.029235480825439808 0.5994454274118104 0.031701642523164986 -0.3475159728597793 -0.6606864349424937 0.17892427416187706 1.4948508545898032 1.3111782145773219 -0.9877228429896411 0.02036419066179011 0.6412007133050565 0.43062674030707787 0.04704976830272065 -0.44756678780009373 -0.078876191019089 0.04330877237261096 -0.022220512769504513 
1.044484992202256 1.3808786825110673 -1.260073260631879 -0.1424916933609892 1.0286221868221856 0.1271597243022088 -0.9712705800768684 -0.749979204669517 0.9099446817770583 0.5099720053753884 -0.7607589064351424 0.27586329537030674 -0.6167982429450128 1.5591550653919366 0.6927187604804145 -1.198551883679996 0.56957562019427 0.15699284190978677 -0.07334400903989402 -0.10339487282575056 -0.21474311293796908 -1.226520412201948E-4 -0.058471958496542076 0.05771275521578242 
0.6560502558453472 -0.6136520479811338 -0.8513876106280618 2.917627381947359 -0.7631766724517801 -1.8991496799720906 0.2796040761195887 0.20085291261618088 0.25704582939705256 -0.5077537132277057 0.5679753233911705 0.13531107170967305 0.17314850863815368 0.9607845088776169 -0.4847541868844248 -0.4640059115282355 0.2402298838312332 -0.1740983263583096 -0.19726662292936448 -0.39980667693539873 0.48414004870333344 -0.06843968588436182 -0.25713726249331 -0.06408876283857329 
2.0908250592309745 -1.9586721208465496 1.3005113692096684 1.1940745566758624 -1.736909430651638 0.6458885530124914 0.5939953888755327 0.14894756795364134 0.35273026751978875 0.0030260819369905545 0.26747107741547577 -0.585072251368847 1.414533173976506 0.5663423811801751 -0.49077879643735506 0.4910305844235086 -0.023829369154742725 -0.23152666376289563 -0.37776240400638467 -0.14686008530095054 0.554435947619818 0.03473834055477015 0.039556168088014355 0.08976646181191938 
-0.7797664851528765 -0.15740746923573745 1.6421429300534438 0.037324982082326486 0.6478112237067218 0.5834628569341015 -0.7307247872825275 0.7791921253200569 -0.5743675115695551 0.4904936618954494 -0.09021917730515838 -0.03795237305719695 1.8616966006562805 -0.3407026234882052 0.06648303339515287 1.2373562753913647 -0.9662731350617366 -0.4487284146019279 0.2053575025282205 0.3062337177631453 0.2646270001102313 -0.10653031961393772 0.2502726313535699 -0.18965946015467475 
-2.48120615922815 -0.5462707504021562 -1.0345021416605666 -0.17543224669899882 0.39461634620716285 -0.41956655286220046 0.6671810636433437 -0.5985685551186033 -0.33765649059909164 -0.09336670385049957 -0.550330160351021 0.09319563231798361 1.2453923112746328 -0.2936252878707936 0.9599677825678303 0.7430373537094499 -0.8123443450520044 0.20123920538578097 0.26402434045764134 0.016301090106719707 0.1674494255511921 -0.07587057974471915 -0.09119022387787 -0.3519824958107889 
-2.6430239368939317 -0.2977448627387149 0.11667004462159714 -0.10968804253930475 1.0698798443040292 -0.02023688322896086 -0.3730612688489783 -0.3440901791371327 -0.19164179187420122 -0.13996636149214747 0.2260580482137091 0.36515551033028193 -0.5264790710573486 0.43920714079206863 0.27267656297894743 -0.08717791492910469 0.24631863622230832 -0.10769661161256139 0.08059891164157844 0.10325090342193137 -0.23511441280471704 0.004852707005216912 -0.3250794509602259 -0.11072254876934397 
-0.7137231487223961 -1.00762756048268 -0.8166555357778993 -0.9615309921416717 0.48908929420572167 0.3440208069366797 -0.37690939171416593 0.661685449862077 -0.3409808689814645 0.5458678328649464 0.38290313628965195 0.2693212943697801 -1.2808570777863624 -0.2822999578372894 -0.5479680850678288 -0.11740428859340672 0.12003853042517426 -0.11229428717064023 0.035274130027899364 -0.19333837072037632 -0.28074595473221137 -0.08850974522320108 -0.08741501037312156 0.0422725255516287 
-0.0840707772337077 -1.2443504865716815 0.7151899381752678 0.691908099590977 -0.13838115895948255 0.5247590118723455 -0.450476294528508 -0.16068758743607736 0.13263791603578245 0.15631827252207564 0.41840252725518273 0.20615244222493678 -0.7826765422493361 -0.6499639087930666 -0.715175972455207 -0.023122687465331266 0.44384931430404895 0.2254623207422255 -0.45776694780336763 -0.1960864564860062 -0.27819629621284636 0.04087909574024876 0.38930219203870003 0.20195720480567192 
0.08188849430082534 0.7739319350261953 0.3101421667660844 -0.22401745198391954 0.6386312565633959 -0.35518163890093296 0.6000661863994106 -0.11025473880800202 0.3424415196425507 0.024020214811992124 -0.38425736875239314 0.04587958971577008 -0.9946526002033961 -0.6824624192462988 -0.22486415404605284 0.019016297059579745 -0.13681185278234495 0.3881375724291489 -0.224650807539399 0.0885370715897102 -0.12856243012737203 0.14917461528469703 0.3768762214393309 0.1502018046956092 
-0.6928001316575338 0.7613671158860473 1.6987991107152265 -0.40907675022218704 -0.33643907978695475 -0.347022622536831 0.5117517855043363 0.6301392846559254 0.3012359024523303 -0.0016798396864166065 -0.5582682753813684 -0.12899525175972876 -0.8622069101196345 -0.20468790969962983 0.023791828718179236 0.31823787841668516 0.16342265124625946 0.08692315939653072 -0.13370327400680967 -0.07410037746981711 0.17940694949510003 0.044053552684961694 0.17361743777914337 0.1874133330010709 
2.574599329099705 0.036900896027352026 -0.6338676599097202 -0.46808745841382904 0.9985538129664926 -0.38450109314617864 -0.18407100911239116 6.607990469449931E-4 -0.03959257180762232 0.17734304311510152 -0.25939012671006534 -0.013710272724714812 -0.6591034576196413 0.35662620523861427 0.15906750092646238 0.005082943849001986 0.493637104670694 -0.3006300190378866 0.17663969831781082 0.15071406664435952 0.3908104318038694 0.0788573013312331 -0.27971395365606405 0.07949402070402285 
1.256194535725756 -0.2617712379733703 1.1158193653586324 -0.14077053244412374 -0.8086103908998094 0.2786492608053762 0.34270212524782184 0.0061557760459004796 -0.2145658867244311 -0.05250379968436414 -0.1648834071034112 -0.32629262555803357 -0.8870756944654955 0.3144920125443269 0.8988580099121787 -0.28292306443869913 0.15196675555341488 -0.2410082000228878 0.24135872888051813 0.3037634482106689 0.14140446055037478 0.03688613296747583 -0.25375666223834253 -0.03837158213054296 
1.0847015334681043 0.21562249624006125 0.12442953666499434 -0.37341939241995714 -0.6061944018922587 0.23387247654162324 0.15467192157423537 -0.25040518443606813 -0.5720888811806766 -0.18713970918273343 0.25819205807682055 -0.09395378549714606 0.4858015910721729 -0.11972439373416026 -0.05695069098340847 -0.3186188510055554 0.3873614117357059 0.078143337140345 -0.25347502499581337 0.07928728687389665 0.05133016808489769 0.10699874918325841 -0.23801231980124102 -0.1324728754806798 
2.713375849554753 -0.271469721853288 -1.3769235173086667 0.39235841009697436 0.01003476098217626 0.06681519268793146 -0.38169586648053133 -0.1556180682345748 0.1432706754877331 0.06990313756007338 -0.05578938105978376 0.026241251018115752 -0.1396927353895793 -0.22319604710623997 0.8759054638869626 -0.15621240668330097 -0.36913904688562543 0.22901920484885488 0.048568329663440525 0.23863204442784428 -0.1671748535143006 -0.08381698278544392 -0.009648507995127916 -0.1110442677828188 
0.38860389896868774 0.4009233191697916 0.7833558543741548 0.22120462333228819 -0.572852998181618 -0.5130140705084912 0.9385530617392257 -0.15631413943450734 -0.3725013571683975 -0.20485667305689248 0.40009981967184394 0.20744141542924988 -0.3743494601521758 -0.26115698274311416 -0.19882676243646102 -0.25314176082774614 0.2790361896289195 0.23661015061495652 -0.08395422211792324 -0.24962479283459404 -0.07452716493151179 0.0308312751504821 0.004138550558941856 0.046939715226812 
2.023321559144202 0.3151664918804844 -1.8413601851568355 0.03055467972965653 0.2821360479017465 -0.034965080216131206 -0.1949434338249949 -0.7567858797384128 0.18716491181233108 0.2078056306090471 -0.20689176391553915 -0.14385742267277513 0.8937744141327592 -0.396679989637916 -0.4382016843336551 -0.1544878664914724 0.10923594413656294 0.08484864275163016 0.07682086621403916 -0.22214877271815744 0.14341321130265414 0.060568051236140376 -0.06497581849526625 0.1392380845668379 
2.552777059129907 0.7057753376025175 0.9531281578984618 0.5669077552469401 -1.5793536142388023 -0.425067838851215 0.31315837160023685 0.799053099819633 -0.3704545045484402 -0.3485847811586666 0.3213275978278727 -0.1497235943321366 3.6288413657609024 0.019080815180770944 0.23563442107751933 0.24818712043884847 -0.7433358753028273 -0.5509116030514422 0.3619934149937989 -0.0040593697336400725 -0.14551750050318057 -0.037808488050580236 0.1215450836758356 0.024098867552849568 
-1.0500339729241341 0.766144237844097 -0.14720461606985502 0.6829704436140656 0.1855772366010796 -0.23170385139559713 -0.2994611200531544 0.033144630292827326 -0.28799238473020794 -0.03993696209746071 0.1785241853480006 -0.21289049780170466 2.934930560114245 0.6736448748857328 -0.3395971162084724 0.1751870391581949 -0.3556765702907794 -0.29905547910785585 0.03453075688461641 0.023362278274517274 -0.19610534067409346 -0.07235910193717232 0.05221906160444242 -0.1375583512827151 
-8.961242432279853 0.11819200064567248 -0.7706251934018935 -0.8495646199264617 1.7054340333771978 1.2380901242355682 -0.09516834012809111 -0.5391012852492072 0.30162979261241374 0.032440087448102145 -0.1572434059874327 0.16966135033516594 -0.29503657464303057 1.1348698556969914 0.2588793690178474 -0.07600308744281392 -0.45367270243242713 0.03397405375334953 0.16325898418186727 -0.009495709963513788 -0.3822279570311243 -0.09907590423304792 0.012548925052758453 -0.12322822738099437 
-1.0244603754936525 -1.4119764642982915 0.03930783911875935 0.2132297498417728 -0.2932280650339152 0.03062237556404468 -0.09437234861468013 -0.15779552202754452 0.43943878525418456 0.23437050211717966 -0.12426344682121371 0.1091251588417189 -1.1675394639115577 0.5424516875372137 -0.2502876803520924 -0.3490628958358457 -0.04845449465796159 0.2702956988647233 0.29860738488496785 -0.0566565183659458 -0.13397913444965615 0.22602646513918723 -0.14062165366384627 -0.21328970788611357 
3.425099984343758 -1.6097738784172622 0.08323382325061246 1.0297873644615283 0.021067143875976413 -0.6581531135910845 -0.27916296666460205 0.9230103058703603 0.41251378155273655 -0.188510800566843 0.4350746387542045 0.058953259489134685 -3.071684967277431 -0.16243999768932094 -0.11935979771337608 -0.2605545219246586 0.49858698531573026 0.7907190932827911 0.37503594136338014 -0.29996098264482446 0.374339488562609 0.07464623830523497 0.1110406695180045 0.06730016396629031 
-3.7405867895012666 0.002772114763923028 0.17672891666016932 0.7904831389276077 1.173124165325575 -0.09446932907644068 -1.1032859614398025 -0.527941610169119 0.05850302414859909 -0.6075409135075498 0.3042301239687208 0.4823326712796517 -0.6540290527904656 -0.32625886482963024 1.3519804610027106 0.9903994162731192 0.10843801191741409 -0.01639657213334415 -0.38775161681723563 -0.30192577621278444 0.19583918993049765 -0.13825555982683965 0.19996256449139838 0.11943480394249661 
1.611875676556246 -0.10186229581747197 -0.4812563390324702 -0.35652774869540327 -0.523503037749738 -1.0715213032925626 -0.7158193578056703 0.5458547067560535 -0.6309207925226207 0.22945708034476198 -0.7046121999364134 -0.21884289778267135 2.109840897116359 0.5243915801608677 0.32792704693766433 0.09000883761376473 -0.4631636321722811 -0.8322734734824678 -0.5932531678396565 0.23415271719565386 0.1944267715119282 0.05316091774621682 0.07646589196617895 0.08524564232218916 
1.8442389367715002 -1.187155661109296 -3.734388462747831 -2.064810942399119 -0.3462570099733002 0.28649618681481615 1.2872106974075608 0.9365596061679622 0.37363850250037023 0.44015324114189613 -0.15430772095009987 -0.11028117434986792 -0.31429242514622535 -0.8519135403780792 -0.21141739357609998 0.08922619175554407 0.29765852284348043 -0.25703529727617885 -0.5595281949659235 -0.012841535066188495 0.013896985332907822 -0.1453281697312748 -0.07496493741330496 0.16264439691166274 
-5.696835570141703 -2.5879847309632558 1.0550113721416197 2.1874078922835976 2.1702486280422573 1.6481845489106906 0.3053482074306857 -0.5116984538851419 -0.3283342721589335 -0.8718406311302164 0.43494588531507794 0.09952325533732702 -0.5957588979077864 -1.2483922507947287 -1.1848725261777353 0.4513672264158724 0.10374122542618087 -0.256711498753649 0.26592494913036113 0.2136071647059705 -0.3189579456141021 0.14925172931920147 -0.27165177219518566 -0.1345269275238374 
0.856646109286384 3.8015739534710526 0.042847241801424296 -0.7491632568285249 -1.066727236100864 -0.6832163633495306 0.06471484083979018 0.039359575350044196 -0.13448119203196796 0.3790924514237638 -0.040654106417110106 -0.1647835960153357 -2.1345575524893263 -1.1971047402653905 -1.44398733518561 0.4308906741051848 0.5232631722393778 0.2854152474923973 0.6903086991494579 0.16787680738652547 -0.07541451248475713 -0.047711833399646464 0.06177192584202593 -0.04457523578995191 
3.8929487840221633 1.14894964927654 1.1847433872261077 -2.3684532707283177 -0.4744916009644989 0.18346946805055786 -0.9023462769128685 0.35363322804710107 0.5800128915858549 -0.1877677127537763 0.053516309382648675 0.2119890956215748 -3.36946430911887 -0.1145249319412572 0.4197514036708387 0.7152092477210336 0.9975669251878921 0.3553763386028442 0.34724086017123806 -0.3135506730239646 -0.06008909782941762 -0.40987164806527404 0.23016878282559547 -0.0065504256908547704 
3.4530194171575452 0.5356913695669778 0.5327075352667552 -1.079552383208716 -0.5936764121880554 0.16260798476769056 -0.17986815786903598 2.6334304226427463E-4 0.14570845808224736 0.24125228215261552 -0.14890871050996302 -0.03278838712213608 0.16008624484702771 1.2232575402397936 0.5029090788257333 -0.837264973817986 -0.178230338392659 0.13301588683831087 -0.21565209540483263 0.04986878395406332 0.028604614697736962 0.07933951895481127 -0.0351954529748246 0.02518187327338416 
3.113370703279326 -0.6114686431874468 -0.4491729856035618 0.20697471231059267 -1.0589775594778232 0.15914335904354737 -0.6140828737286155 0.44850168134064194 -0.2881618037277883 0.42669439770118 -0.201433161115282 0.053176927963291515 1.8857441606000689 -0.20256258390191414 0.9204412105236516 -0.9602160196235818 -0.5038393484567499 0.21566742916116496 -0.30245193993690017 0.23704182004186405 0.18746669719989215 0.039705635377822436 -0.03641879690307672 0.10456628903258852 
0.7661764151167194 1.0120104789836653 -0.6489218082609409 0.4749176731059781 -0.2397932416662248 -1.070100969360958 0.5675394254621615 -0.1576810031589162 0.21379231153164277 -0.16615716066814817 0.19240698775632903 -0.16092313200634656 2.5421815160649737 -0.6085050479376578 0.17737567547198996 -0.3223115509795417 -0.6462688357595964 0.09284454274497377 -0.1374666717662396 0.1852622255935614 -0.16047045199077753 0.1829247452220535 -0.06132501058748243 -0.1334647888882207 
-0.42086219675763026 1.5184778462739388 -0.9857655725809988 -0.26504024001491944 0.8600848591448356 0.15282165763138733 -0.3686942487677667 -0.2785200589779009 -0.016429126738519206 -0.10317989747686174 -0.007885149041267192 -0.037642399034085505 1.9086206196608877 -0.33223517842285916 -0.6083069039325288 0.04143874098154493 -0.4501310977356055 -0.38526234022660605 -0.42351518838664076 0.3797269012842417 0.09754714855613926 0.2087138945737768 0.003992967144981319 -0.005301989102453229 
-2.406408681018897 1.2962332686492584 0.26887680233950384 0.12338974589266538 0.3855988857794044 -0.1127647927611507 0.10983754494925846 -0.19201246357914847 0.49125347555994536 -0.04258480592452413 -0.061707684784523154 0.4130156430412145 1.1742933287368462 0.6884886500430895 -0.8337673074310237 0.012778924281689622 0.17179029237146848 -0.48900682711350507 -0.2011282319032189 -0.11091622187441814 0.08062012274230536 -0.08982318999407818 0.04755596864517181 -0.021531955017341273 
-1.026198607635529 0.2431254972483341 0.9168484208938024 0.25842245297261424 -0.0212803299938214 0.8362622914234621 0.8853136316877583 -0.6735132923019671 -0.7195338314103574 -0.2612334633919624 -0.08635472627979987 -0.21788649225312934 0.8546332736782416 0.7466309926289215 -0.6822431306012476 -0.0384395265954427 0.16962597495338938 0.013649764918573976 -0.07114250988587954 -0.11590404326615256 -0.07820472157500041 -0.19372145082348632 -0.045891032668418465 0.09827641527799617 
-2.45403536565487 -0.41577929663280067 0.9010731172947297 0.1748495537671424 -0.3144815242113017 0.055199195083519725 0.5439201809440557 0.37256427912637136 0.3234842956406458 0.1823391922716367 0.08897387044007994 -0.006205220344800824 -0.3364884791277906 1.0830808510306775 0.16773623052107692 -0.4641195879952411 0.09403321176193946 -0.06944812625663103 0.057040634645864285 -0.1444215075389561 -0.007881888795901829 -0.09749518342307832 -0.17724177044923753 0.09043902789042069 
-2.960948675474369 0.13459115102820363 0.744865661745131 -0.17545156416582985 0.7012471392800205 0.02789036895333019 -0.3723080371075267 -0.21309630053220313 0.3020696279461318 0.3655224558955168 0.05444717135168665 -0.12286121317506637 -0.2390047739435864 1.2244148830434545 1.0085325704766972 -0.17826544488549964 0.025089604113551527 0.19987722458941784 -0.010308753204704443 -0.28502297092652973 -0.16246352046193993 -0.08306607284838097 0.13999619163930885 0.09109447884970644 
-0.4295682097161053 -1.8987421113327088 -0.14834050964939127 1.7326855184476109 -0.2577644841433349 0.4997655472438084 0.5675264754093081 0.011043563152837887 0.00409741226940627 -0.0634772152990288 0.3996166777474462 0.09418591983092098 -1.0031216704802697 0.6941641549524875 1.191004376324571 0.31123675760295005 0.2800446893810396 0.6568607075199331 0.5064151624876253 0.19042806019783118 0.3095818525282379 0.2035454189045706 0.18457672112653067 -0.10225985819486759 
-1.321417863774152 -2.688637744532075 -1.5840424770642287 0.014300805288878893 -0.1249076623684594 0.01434744157506418 0.9044367440692456 0.3623159784643888 -0.07244982833891786 0.11087295893851323 -0.6616647048514095 -0.5413654988901095 -1.1357186681667593 0.06095087876351135 0.06557677393398176 0.21272725692630154 0.2338889164973156 0.32380945256682087 0.3922341574952551 0.17670970180919862 0.24927824754844616 0.09087022371729912 -0.13990668074518386 -0.27119835325491876 
-0.2644357600641698 -1.0866573137101239 -1.5074859422743032 -0.8537369037690621 -0.7415381915301806 -1.9086114637871465 -1.6136976971072061 -0.48642604096541814 -0.4180015338015431 -0.3009723159635733 -0.10670035483796406 0.5098264970973235 -0.8636249400437513 -0.8700901606663027 -0.9225224839745222 0.4366385133080836 -0.28875098230540486 -0.1031287249428368 0.23666174877308724 0.1490378547418184 -0.0972761685418021 -0.03611756636044907 0.03585132614726285 0.09103393045776709 
0.3636411041999409 -0.4543038840736229 1.2277080562556417 0.47957787616360203 0.2414672434814965 0.26065051676834505 -0.4583984233350348 -0.494490603900671 -0.23471564166373193 0.21165933507589169 0.7273257298799434 0.48291355795648855 0.2794030302238504 0.40613734723339273 -0.5129122830327737 -0.0013795028646232572 -0.03158933659806971 -0.2544457559762363 -0.059325515007925045 0.1314730636784859 -0.3284476766141086 -0.045373345447227154 -0.14762531513584812 0.03262949912912901 
1.3187771264281023 -0.4056385595630265 1.21335167561424 0.1901314430859984 0.42530100984790165 0.6860001844756783 0.5389588127921866 -0.007666709890087442 0.3770588245572196 -0.005517704286370828 -0.4024325180600188 -0.6910553999656793 0.7968351485336331 -0.3291188245671933 -0.18096001903554115 -0.3836851118070055 -0.08636554349528867 -0.4712019585977449 -0.7455633358618949 -0.33486362597512925 -0.19570413371300066 0.021050157719209855 0.1878784586211486 0.1803799252094416 
-2.9512333976918392 -4.247559163305802 -1.4057244369101793 -0.5034948595447816 -0.6135592532632914 -0.5196211146276394 0.006085034143324397 -0.27148287810873434 0.5153630223240266 0.09926568944159343 -0.07092267783283776 -0.038813047745995144 -0.8235818153965555 -1.8730593602898609 0.34255442522164076 0.6284137986314139 0.15300007050950243 -0.16830898924871596 0.0700666327727767 -0.20546831531786125 0.2061800859641111 -0.01666949719583009 0.022111215986534243 0.1812499506625315 
-0.9975039547191795 1.7973267996075455 0.3521103614152308 0.7888547995061461 -0.054928312671920665 -0.10486977229591965 0.3907505817392992 0.40666097406400137 -0.20592846465642042 -0.3079259663040538 -0.27121152684501926 0.22955002432024052 -1.5686723470407105 -2.658602866766724 0.1436924566352372 0.5965666802806121 0.0795923608897094 0.07062760980727757 0.4564900192974246 -0.02694606758455255 0.15032289992202655 -0.09830451493688096 -0.15683416711243373 -0.11722443511755425 
3.9925270909632484 4.063391517210674 0.6306654376902241 -1.7050251979407134 0.022581693212900378 1.1610124629002918 -0.5944942061269212 -0.08524949992413164 -0.5617622549492453 0.4128719576722234 0.5953815863128409 -0.5211390061740659 -1.3894995309477896 -1.579784209449557 -0.4483228047509556 -0.1864274315335034 -0.3815442793183725 -0.23760181667329464 -0.09872027969675821 -0.1270903730399661 0.08651436487884843 0.06499809474337266 0.007542929611755132 -0.03289133370801326 
2.5529139232226905 3.4146947004789077 -0.2359206315916733 -0.9988034285578721 -0.13154654605932248 -0.36619943371012 -0.5302216249649645 -0.019945196228731144 0.46465276342777595 0.13259270640895704 -0.2650821487955569 -0.09821911539898118 0.6121245045742063 1.10414367618606 0.008733339642176633 -0.2158824766790437 -0.15318647921289527 -0.01819459193242101 -0.22576970037534194 0.1320042739135879 -0.023705182464068175 0.07041163635258547 -0.039256023724580875 -0.1458696579359826 
-0.5579437438194055 -0.31689048539281117 0.23325947384613954 0.9496165490877377 0.5693827013855268 0.32384916609934467 0.7627319765857309 0.3230913261575302 -0.07947068635461685 -0.31598793114503 -0.09661615569283433 0.2237455232376555 2.402492447503893 1.8352688473269756 -0.04962517310140191 -0.8180002204111623 -0.12886129336509541 0.06386074802210477 -0.6660244701618804 -0.06384540840559981 0.12018934863477915 0.43158755014731415 0.19245682257718763 -0.35160973131223444 
-0.5586420510504717 0.6750367723511079 0.5246133244107432 0.10918135602905171 0.1312306208804519 0.368295651901817 0.38944659150899885 -0.19352226071759326 -0.3759587015615301 -0.15473093095318358 0.19255541533156098 0.2947167334223276 0.7045847336417976 1.0198035144967144 0.2758451683782927 -0.5064584555125738 0.12538012814019048 0.012702536443445767 -0.30306917614795403 0.018629789997633265 0.13832999713622943 0.02787504805941506 -0.1568191932860932 -0.11815519811825088 
-1.6591722644118496 -0.0725860607063531 0.3992739789932216 0.19498307099931167 0.27777698983829946 0.602182676028009 0.9437450961217381 0.19307525753709884 -0.5020245683589297 -0.7382288740886489 -0.21080766348228092 0.33722226335198296 -0.6897124970462315 -0.24146092119416598 0.12865065635138606 0.7598222729965737 0.3072597077299591 0.27563186956491464 0.4805367452557439 0.18727382158428715 -0.08418866340798087 -0.3494540632370365 -0.03135493282581194 0.26849975423858385 
0.9897739825935199 0.23313194464553533 -1.1464633893000924 0.8978886770240626 -0.36188407470628015 -0.5434737980047895 0.288479343710894 -0.01082653191141525 0.2609397130212441 0.2600880337025213 0.262471184957446 0.1995081088986077 -1.3973691233590306 0.3859444075845723 0.08649181481402717 0.6060702504379164 0.17752343436221263 0.12926290245253091 0.6875688610922713 0.04174248653116832 -0.26030468765950704 -0.4516634376025295 0.03323214258211792 0.32710788577530875 
0.7369857304972935 0.6284446920424731 0.6828458616473991 -1.724203930399489 -0.10583907401098436 -0.04716171764209609 -0.6283946352824484 -0.3300780029984203 -0.14535390342206134 0.524964776238227 -0.037509242028340994 -0.534149427216236 -1.1129031052508267 0.046006531986462505 -0.00255557779607285 0.44835734559461793 -0.05026416691489858 0.17739196379581276 0.6819790727484945 -0.031963188933833715 -0.3569367550789743 -0.26317633141824087 -0.06472614252953544 0.16648025647214446 
2.4353863215720484 -0.8333118267770221 0.1233519386415729 -0.749435894585297 -0.20953165028154408 0.3051791413792768 -0.8871901260657216 -0.05717309004333865 0.22662002894855676 0.5686625566909672 0.006209776858237259 -0.25092107861948915 -0.3248738212381886 -0.22658927629417272 -0.14732777699851565 0.02368545497135151 0.1288137108966297 -0.15371484464857724 0.22220359505514753 -0.39003798477315277 -0.046824458294810745 0.4591745301246286 -0.04380282754758826 -0.08928589049834428 
0.9567308818513665 0.3226162290455381 -0.2279669515893925 -0.3264266799798623 0.35239327837062717 -0.3543196850514624 -0.5143573872354374 0.3121381034045617 0.585945538914337 -0.10298714132814935 0.11150146815592976 0.06299608769459802 0.9940925565125935 -0.13239856872460218 -0.13114685557530623 -1.2353445963643146 -0.024605498776164785 0.07317517491488879 -0.42129396618112375 -0.25473461351945503 -0.005102299224404731 0.4645117035153281 0.1282120523349552 -0.06331393712594964 
1.8545228706310493 1.065814005026521 -0.2490736516861496 0.12794368690019475 -0.977441383586975 0.07124971964562538 -0.435150065478054 0.8381793692065522 0.035763366737477154 -0.8034595978881764 0.3193743125080754 0.1687930229382235 2.4030329020577397 0.28566270263172405 -0.3322399030602541 -0.8360028959371011 0.024555462720958838 0.5568295394273075 -0.2308603882743762 0.28658116494813024 0.19270757232356392 0.08233281217561177 0.08275404831539057 -0.12262731986398356 
-1.9548602135699877 0.07607748231450806 1.262499223537179 1.5431400679507092 0.35193228897022544 -0.14972253151993675 0.409467232967089 -0.013550392065000583 -0.03461867464330734 -0.1825092570181854 -0.5787276668581257 -0.5540646666172434 1.383748986129102 0.6917652227631476 0.16363252471260528 -0.08776000995116967 -0.2075405226639905 -0.11033140093673195 -0.3301493601689226 0.43613187607077597 0.18872259185302734 -0.4334343782176447 -0.11519719882212968 -0.11173616643719725 
-3.3179168368904923 -1.5670305613066793 0.3748385602590494 0.8237894192607207 -0.28296754374421973 -1.4676080536684086 -0.6565212713438562 -0.7540723371529482 -0.04122058124331275 0.36142517800914997 0.10306219941909328 0.4254912581283823 1.077463525054467 0.8072537172422803 0.44531943527890694 0.2693446587381061 -0.6688475221053384 -0.2411643736233661 -0.3664495408581753 0.35788567644693403 0.10073048353814451 -0.2718950995686827 0.09752020188856593 -0.048293297036749526 
-0.6082962227751683 -0.4362571560773043 -1.0308206316998079 -0.41106951630661626 0.6277779264412211 0.7461034044157505 0.5867762962042314 -0.20013167162801582 0.05826973734564986 0.6148736053761217 0.5652491211668099 0.2698554694111104 0.17739238591648307 0.23144033713944734 0.7846653141710039 0.7724626635997396 -0.350789027049529 -0.42721757037704605 -0.18244314959081112 -0.10583322996722488 -0.07975903820714479 -0.025595714870145902 -0.004853160197488863 -0.2633771745250852 
-2.051149699929762 -1.0997798275044137 -0.43837202990437696 0.2970145028145392 0.8911783639935423 0.3468298725478802 0.5755440254779007 -0.14218702035274236 -0.312872289871435 -0.3864657303792819 -0.5451746871700902 -0.09828715396570478 -0.7243277338149685 0.19519023892363294 0.21697983159970155 0.19451744679678762 0.24306354671529717 -0.5354957050913581 -0.025381965890972375 -0.18777610850598703 0.14821045313299291 0.2012704341292483 0.2435529889389804 0.1869558578240009 
-3.120420939799802 -0.8518688960049667 -0.6848914238941199 -0.5108604646254189 0.8172264162499315 0.22471121650305692 0.3407640333286439 -0.001993360563428831 0.3404842942921882 0.26822334178646823 -0.24004974297106746 0.4979560630050556 -0.9901525304731708 0.21613165298387127 -0.2711584123082391 -0.15419853125602914 0.7724172161197972 0.41231368606382585 0.36086800527858065 -0.37920492353409624 -0.08404739951185265 0.2191053674509229 -0.17252775615889873 0.3418026034076729 
0.11112872306672994 -1.9447954081137468 -0.4490655384428992 0.29013255302975915 -1.1068824287944665 0.3995751555620125 -0.4573692422331453 -0.28981316716728056 -0.6269592191155606 -0.06906099258376819 -0.22494733532890931 -0.24942661214059303 -1.72053904535486 0.12257971474057028 -0.1882405506962993 -0.037946430917033834 0.7050324769193294 0.03158564920843743 0.2698506151897216 -0.3578220293085897 -0.24919329164096649 0.020094510773651802 -0.4220920377941271 0.09775319951377452 
1.2810221571460978 -0.6621443247242516 -0.2119986405058294 0.054967052353861234 -0.6904433255241658 -0.517210295282793 0.02062891422401253 1.011296172381542 0.4674554005032706 -0.20114486587440383 0.9227187137229156 -0.6799826117244642 -1.3824411862426877 0.751852330193057 0.0571085346994246 -0.21610874572712482 0.2447899146350213 0.2847718562571559 -0.09696901997173475 -0.10580813118126013 0.15176465069654196 0.29785813329434746 -0.33825636795765296 0.29343682017028344 
0.9097458876618676 -1.5623812573664821 -0.11009676950962433 0.12794003707600066 -0.47008419587739714 0.6230336808154929 -0.0739402605389483 0.42463430110054146 0.3712220319459233 -0.21206515886980126 0.13971719786529957 0.19742258485773156 1.6388652601681029 0.36662614420729467 0.11836467579530292 0.08605496394697239 -0.9759696405054695 -0.11418123518172525 -0.2882153798729096 0.23337004376074022 0.16538697397895072 -0.10761205137566578 -0.08004325846410192 -0.06556500935143662 
0.6275940366306925 -3.2986329619577703 -1.0257014124590311 0.21856203053283485 -0.2355424441136671 -0.741333614895151 0.4399566023967497 -0.041792701153559486 -0.6139002833281797 -0.5538489749535576 0.5923870943047871 -0.6057789960049569 0.21526777107608427 -1.571702696472322 -0.3903615709835299 -0.8689344300354098 -0.2764248399448859 0.26329734501290436 0.06366215155400029 0.28646496817748496 0.21943038086893488 -0.03941463939261599 0.43216708617564836 -0.2754763731519196 
-4.478752997179876 -1.7264295221188715 -0.3973081798522071 -0.04982982790064483 1.5935760520166926 0.8541805209133673 0.19761305329921494 -0.46337886168195047 -0.5824422991366875 0.430127216082806 0.18034824977246067 -0.08983339194603679 -1.4127859100944073 -2.753639145864439 -0.7476292056793471 -0.2768101482205502 0.10887329054331756 0.3775845349008115 -0.024926706148954283 0.2444215113926824 -0.09670875604023092 -0.024642994049208073 0.37355242373270064 -0.3193488123417009 
3.3294682863387166 4.13498789706891 1.1026917776160516 2.7506552749484134 -0.8929989296365528 -1.4226757503704432 -0.30613419735707 0.5959078492403329 0.2859964234377714 -0.4039971351728595 -0.39409807075761005 0.2900744961331788 -1.5399849197348596 -2.509147912859835 -1.0207670995165607 0.37089308057780473 0.2797074161677224 0.04070659858616495 0.2350367154453009 0.16033950630344682 -0.5268037080538595 -0.025408532240824733 0.40894514448711056 -0.2722514468536196 
3.797166493091077 2.981725750713494 1.0685942524908754 -0.307676140470138 -0.46797582474590693 -0.16904885614929543 0.3738852577848244 -0.6274805082744519 0.21139994668364054 -0.21306209661252606 -0.4876974908016039 0.7075422758137663 -1.6293969538958646 -0.5142044960389381 0.015764218794986462 0.9143686395419803 0.199031983277596 -0.05254917385820305 0.26324946741372507 0.09989558490062594 -0.33169993232249095 0.01247659722349074 0.1143322781184123 0.09675578569324765 
1.1095890506997952 1.8747331402055512 1.3036486699191103 -0.7651940549158328 -0.0438887542355344 -0.35183872212231454 -0.3532896461819577 -0.4407603967676492 0.5695897179232347 -0.15602872188341732 -0.3004254688695124 -0.18771248932399953 1.4132010134260369 1.4841387621754987 0.6771078321208542 1.4080681790110947 -0.5623078047900989 -0.8538964897853317 0.18536570016578793 0.1771063283286007 0.02395576376439093 -0.36370001658243334 -0.16321815851289523 0.26252020899757267 
1.5193774823271795 0.9463113444296223 -0.5450792823886959 -1.0350110815944626 0.5719250144833954 0.47640952836391204 -0.5685576245295163 -0.24473149337983724 0.27086085058805365 0.2687132177676127 -0.2094848855268251 -0.14120725629719055 1.636598520498729 1.0771097966326921 0.3449313489842131 0.07402420421646753 0.0063985154964192326 -0.5078305279150966 0.17847906929982313 -0.30260905508712604 0.2508918020272048 -0.13688058482410217 -0.33532082282529924 0.24379104459389167 
0.22875975144255456 0.7002788136843492 -0.12179495130672535 -1.109881791522708 0.2739740651190927 0.816284526728948 -0.3910098566972635 -0.12678564319277652 0.18439868019239203 0.446215257384371 -0.0435498978563138 -0.07311136480406077 0.6758402248799845 0.5760589048410045 0.35727748521434366 -0.3767345265404742 0.11977063803375387 -0.21026440442604924 -0.38963545095400276 -0.21256056394571865 0.4307685682053923 -0.06774573223941814 -0.24787800781425165 -0.08080032176385155 
-0.6722144187764894 0.3376235240760188 0.7465220161511539 -0.357404884816103 -0.6461027809124782 0.7703811031703631 -0.14269184485699205 0.12335928019948994 -0.3486799405325524 -0.10354233177411365 0.38982719216769457 -0.08113142022787811 0.8087247059785646 0.1646130131632312 0.013976494920739935 -0.33865311803354126 0.180549702397093 0.4155020820884763 -0.36285774561641243 -0.06646056204397537 0.3057802276757186 0.09201910579748462 -0.07819267643634538 -0.1634718037545317 
0.17786432661167595 0.4509003358593393 -0.4139844349938455 0.026206426316409792 0.20581322936114077 0.1319687037526076 0.6026838168437886 0.012875908279843085 -0.4129455911326392 0.23333624960570026 0.1435525157259827 0.024650557932898887 0.15018196300751926 0.17684855286262705 0.06952065147435338 -0.38018817839263824 0.14638343605721518 0.4557703926231263 -0.12629235521697615 -0.05567788511371432 0.11825858873360622 0.038747029723713244 0.06185032429153838 -0.0944108773324372 
-0.8813489231930749 0.5771615438524336 -0.4409140253073556 -0.5870958364133978 0.06435632517109235 -0.4279388064133466 0.023168775549194942 -0.11518058298422096 -0.3478076967765865 0.09909540426449423 -0.0684580630089372 0.30032719359792476 -0.45523087071504537 0.1845666024471706 0.26840547736939174 -0.033730651022495416 -0.23128033276268015 0.24347290230685195 0.1881262327396612 0.028941061796483647 -0.3287223517708883 -0.05584140543910839 0.12717162788076206 0.0404269627109596 
-0.11721888537171044 0.049964145208260646 0.26336111499946924 0.1455282194538543 -0.5204057960943381 0.048133303651423875 -0.09506310124942852 0.15951794374022188 -0.17081320788640958 0.22865530019392732 4.1756857386943125E-5 0.019391960280349452 -0.4552061770838261 0.13601032785534173 -0.25389469262870296 0.0351292866954902 0.0022555628974707163 0.03423443053372608 0.33443562245564573 -0.04125630602739735 -0.3636373638986014 0.17881967550292024 -5.611228637908786E-4 0.12315758208704025 
0.8410197993603399 -0.015608187939953666 -0.3973671909536787 -0.315873828317339 0.4108477301033018 0.08188009630039916 -0.3581970840293671 -0.0367849229201504 0.5164209231569977 0.06632235924909799 0.08006768795970631 -0.1997830095344822 -0.5032657814983578 -0.08387553670882013 -0.05873098765361181 -0.07004444813409844 -0.02300314163169152 0.09296605456636313 3.0511537212489042E-5 -0.10983708341316062 -0.31845398094447397 0.05420604930973119 0.15650534407885616 0.1677007593718052 
0.6822984965864469 0.33925421818950774 0.32592622571542496 -0.2147924378180902 0.02580083820262391 -0.22564403920544351 -0.20994012073386759 0.09744699632999984 0.24585219059637278 -0.2867362543953623 0.07097300883303359 -0.0947670867620184 0.5583360673356536 0.03206315301526027 -0.006257744893613489 -0.08688490305077771 -0.13922312896770095 0.0062026473761459715 -0.4433711214285438 -0.04145403641322217 0.1394660131396462 0.1492755763827706 0.12385035119203307 -0.11936743295596965 
0.22868973032291962 0.6841431174882704 -0.296003617704498 -0.19680216337513023 -0.1397375670823141 -0.5699482986840022 0.08051575067977701 0.2453661409603719 0.3992215468154442 0.19417303362994548 -0.573439721233329 -0.14569556099630693 0.9624629923041433 0.2930944086884801 -0.1106939138801805 -0.2907133873038454 0.021566180428826427 -0.17258786887317154 -0.4445846652796756 0.042489394883731026 0.42380254087244656 -0.004660231570498936 -0.08080415689048316 -0.3149918024066802 
-1.486062052859961 -0.3961009665516322 0.23145256305571937 0.34664709613508304 0.17255623940157266 0.35543955901518665 1.0156938456816307 0.1428045210396272 -0.5306115591345715 -0.28309676614480817 -0.0447555921221946 0.35045053487917077 0.8333449023175826 0.4173975268869509 -0.4343230931279489 -0.6705589205689343 -0.09400062960666278 0.07231108049095446 0.06378324501272074 0.06402984621556367 0.06490879282741839 -0.1889231615391608 -0.1524832141046886 -0.14159775996668242 
-0.9621889028288864 -0.5272138216348239 -0.018048617983284387 0.27554656661761046 0.2727714882173481 0.3091019038095986 0.3627399286019105 -0.18693186992615715 -0.36675482459486974 0.07848330983531772 0.3803444591087699 0.5225835868649636 0.08022169901698566 0.28805101017003637 -0.20313418585692844 -0.344740209279028 -0.2865855859047317 -0.17264581690200956 0.28548504632849 0.2583636366881758 0.1489840057142634 0.0473662290267366 -0.15740134895178773 0.04958044985488844 
-1.222296893790398 -0.3072598929097978 1.489918005238665 1.5607099588923425 0.10154819937278114 -0.8821023819251073 -0.5424019447330966 0.12150646312657337 0.43411399781927457 0.33787809211943404 0.051530560976049994 -0.00411338079260648 -0.17636814481422 0.3002517854872271 0.28459794416962164 0.006784267649647273 -0.23175133695535025 -0.0957923121869777 0.2594680939203687 -4.216702784006395E-5 -0.20578318036782473 -0.016173282339995276 0.1649136704223739 0.3192353321113867 
-0.1438579462628189 -0.22443044984275584 -0.31583378122518546 0.23038703308332398 0.7555232106462768 0.5667601224921734 0.003108506901670749 -0.5190757401476287 -0.530093248804269 -0.25841308258238543 -0.14937875092708805 -0.11715495272508364 0.025517729760855163 0.3112881871424908 0.36274784484281514 0.19277074767064795 -0.10432968504882696 -0.2257419897833389 -0.1674574804834866 -0.2126871486640273 -0.13359416346531136 0.10897545601797587 0.24517904848226238 0.3018871454269713 
-1.3661230967003348 -1.4482480089093475 -0.47344868783219507 0.34887405995328447 0.626434389053159 0.5139873862348323 0.4171052747706445 0.30900295723388316 0.16840719407360238 -0.06612872291597077 -0.27463499837138733 -0.2873861916599659 -0.001265588664735029 0.31114219649652064 0.6413914291188964 0.6096693483576087 0.196934131713057 -0.1625186421490702 -0.2007331149809931 -0.11132814957554422 -0.026973271601391197 -0.01821008714618764 -0.0997834688470971 -0.12983806975922293 
-0.9668289906564835 -0.8905843250625214 -0.12460880597629975 0.30315227307519566 0.3233174485236401 0.28828298907964545 0.38535876030049976 0.3573813290122698 0.16688106767390035 -0.04643965070090747 -0.19210990666429864 -0.24144144398227063 0.10860886202114968 -0.024107973915414267 0.09248625917330074 0.2057207963311336 0.49538950392967673 0.3101850125755261 0.11548584035992628 -0.14301637101125286 -0.18943670506218455 -0.1553166245992991 -0.15721789397220623 -0.15178884959986466 
-0.8070146055993606 -0.907609544789477 -0.5298687697424671 -0.3046807061764194 -0.2731513147050715 -0.2553078887716327 -0.13132772648953173 0.0172623772732568 0.1665466543843635 0.286521637617258 0.3722465453859466 0.4475440741136558 -0.2590051584468971 -0.07883359093435087 0.14185653344560092 0.47823645064837367 0.41617307409460097 0.36693655536054076 0.2491461647151032 0.19591341276919028 0.0861258799446042 -0.015914184880829924 -0.10908786655921471 -0.1268431512656385 
-0.7492387778767551 -0.4224257601564483 -0.5650825177899517 -0.0599979728452249 -0.28085244926363817 0.020852722268827617 -0.06913251354801997 0.0558436628664431 0.03914713622690402 0.03121161094889749 -0.0011658408891363492 -0.02925353681230053 -0.3717924447777314 -0.10356058240838821 -0.04384632694203864 0.2553167569985238 0.07719140655299139 0.16364646782419598 0.10089316726542219 0.13933596882400068 0.09372297879054421 0.0412936551768937 0.014569641631954336 0.012585210049489518 
-0.6979027277495078 -1.4458265185593315 -0.6787814322621719 -0.9042601690316263 -0.31999988433700466 -0.4531071464413809 -0.10308758245040528 -0.12796844800077434 -0.02610348003671209 -0.057211799098383476 -0.042843431581324365 -0.0129506914480354 -0.34926835745470025 -0.3387820619928205 -0.24214507351531023 -0.11644513251578613 -0.13738968526080753 -0.09692074459288795 -0.07321522142764754 -0.012348184787755965 0.0494774854053154 0.09262637286615598 0.12532181301315565 0.1636761074406177 
0.09399240475178416 -0.3107940909524295 0.08138650610966858 -0.16300826649277222 0.1151675136806325 -0.10375678555806839 0.06855918648466997 0.01198883517728333 -0.017962801487194507 0.001546102126232185 -0.02827384307652618 -0.048949691349893555 -0.13182851686337557 -0.37762637193222287 -0.23720740063714651 -0.04196243350513851 -0.13037374399231041 -0.12487984800739783 0.04955952443446715 -0.016278947156280244 -0.0519976877859378 0.04633548224355344 4.752350305850898E-4 -0.0489038061958371 
-0.18082512454952937 0.05292080658697518 -0.12666806114634654 0.09615983819471263 -0.058992240394784234 0.09775909892047913 0.01947208777706594 0.07623434548110458 0.046669167025466585 0.023475273430122734 0.009835107440174573 -0.03363617093940077 -0.1254503938302737 -0.41511411786861946 -0.03328433178329208 -0.34631171917524856 -0.023082669167686642 -0.04615103417544658 -0.05752802741548144 -0.036746408497660636 0.0815657947784454 -0.05245785383141977 -0.015523281175426633 0.07337935915249717 
-0.6122920288866176 -0.03892030693293291 -0.12951700143642486 -0.43432067594297885 -0.02023503925781711 0.12005914361009112 -0.27909092196515706 0.0025791075943443764 0.1587538760536281 -0.14813837204601593 -0.028930815491641088 0.12780062152089344 0.10298786523486836 -0.01111906063197667 0.2407089292610464 0.05167672959117564 0.0972202629419815 0.13497692980179504 0.003948092563706494 0.11191056706227269 0.12748382965680963 -0.005374227932632407 0.026112681822807012 -0.06860957794655657 
0.031590670560514234 -0.3364210569632216 -0.47347668313924896 0.2703311932192227 -0.18305060036471993 -0.42656200849912085 0.24332155402095257 -0.013024358716322959 -0.35915920314245964 0.1750039994819999 0.00405489815251299 -0.32146392534092044 -0.3853489006097746 0.06685609895379163 -0.0887899554784155 -0.21306366079415442 0.10877012622428571 -0.029115771223506493 -0.05282937317220754 -0.011582361650331848 -0.08910558371284923 -0.04369402642263187 -0.11920258424062953 0.03822852477601993 
-0.3211790885078427 -0.08276597728140109 -0.4673359706770195 -0.4051241327785542 -0.11446409516034414 -0.24652702125365356 -0.05520982432839283 -0.279113513910821 -0.1975001053736603 -0.05809557710180918 -0.10372178390111642 0.300792919690536 -0.4350716367993706 0.047757782826013055 -0.2702114681376558 -0.22864161719387896 0.05586338534398073 -0.12358655440483018 -0.016454196836056534 0.062325801139747894 -0.03446521486712389 -0.0193745766934508 0.022851872241464132 -0.017027210652565555 
0.8296651070904071 -0.12572465510016562 0.3086112899091973 0.7207525489949635 -0.3381880911163778 0.36839949502287095 0.06601965847530644 0.2518277411846828 0.4921129088776585 0.10953595522591497 0.40483834436680083 -0.23481789435228184 -0.05721449807546423 -0.06914731135034274 -0.1983676495255243 0.10066803445352397 -0.024859266418609836 -0.1558742587919946 0.08266758941205428 -0.0649508632787973 -0.08277807082178487 0.03577606295504396 0.044211123404771256 -0.0734219822788359 
0.29388566324654786 -0.28754185634250007 0.2900734164523193 0.026393497750787587 -0.11025644991393035 0.09333805506358578 -0.1410773836841644 -0.3168243457754022 -0.16348653535505936 -0.05728061983762106 -0.2978781553231774 0.1355592379842708 0.06958606653997708 0.004933439376745573 -0.09994672247910175 0.1172941940813651 -0.02902498321449203 -0.047795057405953946 0.06310143391586358 -0.08659416829022437 -0.01944726362997895 0.06967362790343573 0.05044454646184021 0.08739191559329344 
