0.0 0.0 0.0 0.0 0.0 0.0 0.0 0.0 0.0 0.0 0.0 0.0 0.0 0.0 0.0 0.0 0.0 0.0 0.0 0.0 0.0 0.0 0.0 0.0 
0.0 0.0 0.0 0.0 0.0 0.0 0.0 0.0 0.0 0.0 0.0 0.0 -0.006323948453581825 -0.009665898301335149 -0.010324708858909848 -0.009496683537687825 -0.008366260836894198 -0.007891365765047472 -0.0077011859604433726 -0.005794909847795071 -0.0034181899072080837 -0.002079266591630454 -0.0010581496256849565 -5.639578902364902E-4 
0.0 0.0 0.0 0.0 0.0 0.0 0.0 0.0 0.0 0.0 0.0 0.0 0.008012781767469926 0.012680035209145504 0.014005201394532383 0.012005222508027333 0.009534231238367765 0.008396242678577146 0.007208973939186865 0.004263879886513111 0.0016532354563554748 0.0012717825774765286 6.065956465121924E-4 -0.0017063530833757122 
0.018971845360745476 0.028997694904005444 0.030974126576729544 0.028490050613063478 0.025098782510682593 0.023674097295142416 0.023103557881330117 0.017384729543385213 0.010254569721624252 0.006237799774891362 0.0031744488770548696 0.0016918736707094706 0.0025957414430513026 1.1742221319619809E-5 -0.004894691847496542 -0.0028659734349927948 0.0014513122318650835 0.0018962889595297479 0.0018389977502894599 0.003685455101273355 0.0048628772107095946 0.0019954017933988175 -5.305846288850696E-4 0.0035844424129978006 
-0.03352426798278252 -0.05253895307943923 -0.05750266747196192 -0.05026069283061374 -0.04115208497044459 -0.03702577668330265 -0.033178700758225654 -0.02148400443123194 -0.01008699122987855 -0.006934247619875267 -0.003407011378064012 0.004273122414772401 -0.0021502445702816786 -9.476533259840843E-5 0.005107277368538628 0.005611474874694054 0.003438612357897932 0.005273536001082564 0.007277527599420537 0.00314282985592144 -0.0014847748560497809 -2.2495456167596442E-4 0.0023994607749870714 7.39214311735468E-4 
0.008974909662237351 0.026234249875760757 0.04343540927847059 0.033728266720285255 0.016222105789627045 0.01282402146306208 0.011072357128244448 -3.1436308820409486E-4 -0.00954513601718951 -0.0025190815702588187 0.003295259575687215 -0.012889888446379602 0.013045516016042905 0.019426951587762944 0.01928842245756254 0.018667636971385734 0.01648113039930713 0.010909781408422409 0.008519870863466053 0.011584143258576105 0.01253603168178397 0.006944174756084688 0.0016829482944266162 0.002981028788817737 
0.011449201560099098 0.0016660185119175691 -0.021552473456486407 -0.01945353267769305 -0.005877498713166021 -0.010395570087207526 -0.015816982421718778 -5.789432519696658E-4 0.014354177437556223 0.0050533043576029835 -0.007258787674277387 0.005073238123338132 -0.01901149779501547 -0.022466709924702618 -0.016679880478989276 -0.01849895232108448 -0.02147449249031387 -0.01752896345168797 -0.012907040447256032 -0.0119784366272499 -0.011180473115373795 -0.006994581268998869 -0.0027671682830134442 -0.005128453564833928 
-0.04265143745882405 -0.05638564565496179 -0.04486623780369583 -0.04291644037755407 -0.041981901815878075 -0.022370350228172374 -0.011136913877321478 -0.02782023082197424 -0.039574109657445046 -0.020588500482101826 5.1492141881707976E-5 -0.007651270550026606 0.00861195591708519 0.0131934524191636 0.013096167048537562 0.0070196617807575966 0.002772441545004979 0.0048833790600577185 0.005084831688774408 -7.621731271987888E-4 -0.0051248709646797355 -0.0012169715245213982 0.0025009730134974138 -0.0029910152118795656 
0.049323398962794585 0.05617112446002989 0.03668779750608912 0.04355851768155937 0.05237339630324958 0.03315829951737849 0.016647056086325406 0.028204239317402832 0.0384689149363706 0.023084205643042845 0.006516377187879074 0.017039174161097688 4.1828860464014167E-4 -0.006267522466388863 -0.013010591396602246 -0.012446105117414027 -0.010183879449532862 -0.008994463355832908 -0.008261931903172136 -0.001645812959333676 0.0032097753066268517 0.002521209405221891 0.002185727888007496 0.005272128655153345 
-0.03579805679036596 -0.0405986603557862 -0.024973227348429862 -0.018836743801613744 -0.021220666353595694 -0.023603050519404083 -0.02041415719210087 -0.012419434991293977 -0.006227891872557491 -0.007883617639414555 -0.011095241895883257 -0.009899810829620683 0.04759378529654127 -0.07812139341767398 -0.027081631607211835 0.038730437924127226 -0.08180620413075979 0.025529054983144128 0.00852661952529145 -0.05069476930097714 0.029770709953568997 -0.0125158766743826 -0.017522851729135785 0.016326795379577496 
0.00676764541194963 0.012575093261496362 0.007532795505687348 0.005844934386578862 0.014293521904291374 0.017204170125907053 0.013607434945187324 -0.0033419022893087687 -0.01194825737476811 -0.008862765279406326 -0.008242604319417392 -0.009618877702324861 0.0983602401081054 0.05584167979563728 0.033514933305390605 -0.10768641921184308 -0.014828717158248314 0.00874598358717991 0.008845026022489906 0.12240177040702833 0.008245335859457543 -0.008432509813964104 -0.0063759648631328296 -0.052555265260337984 
-0.1641549165730254 0.19977655019732687 0.05095615801814057 -0.14025096250244548 0.2224766477758804 -0.09098045048186905 -0.03519696188262679 0.14003714788431298 -0.10367765336258267 0.03293261500227056 0.0599995380829373 -0.04330263075704782 0.1962104763578596 -0.048780469750019616 -0.030322517062666615 -0.1556401474866487 -0.1047877277155315 0.12075716627235063 0.08648199449999334 0.0739237739330003 -0.07787156395769933 -0.12649374080009704 0.027973304668044416 -0.03623935686970894 
-0.1815788914701919 -0.2315415202034385 -0.10182169509336791 0.4273248846675045 -0.024989109286743527 0.040609048737071246 -0.002496619635881353 -0.41522936334148564 0.06245778810301056 0.0279736187640926 -0.009903118212132717 0.1914063799058252 -0.09313741999830061 -0.05116870301876834 0.0638333965081334 0.30030130418563944 0.2855889071103072 -0.0974847240125003 -0.12731017575006034 -0.1480793252380228 -0.049695998885205685 0.18675438662116603 0.05219307131253131 0.09945096686594417 
-0.530256217422874 0.22780105562674008 0.12067156913909763 0.23734372351786948 0.31278383238851626 -0.3975769886420381 -0.2718081134015466 -0.028247026264206443 0.19018377726165114 0.3531794127391271 -0.09418489895365885 -0.0016943690245689036 -0.48695862112379684 0.020591002939079256 0.10693425461508836 0.23536081174924953 0.26061238017997784 -0.2167058901892898 -0.27651001038040507 -0.07692822490615069 0.04506471658122944 0.2294966937559664 0.01449844343986909 0.05231370874720002 
0.46923055583177575 0.1520689496030948 -0.21882509957919133 -1.083856321180497 -0.8876267917329483 0.4629566112434925 0.5138435379548283 0.5250381604990194 -0.00979097603126794 -0.7292493240113327 -0.08772959973871325 -0.3287759091663968 -0.5348852880474272 0.07394973470804535 -0.1759910963817353 -0.0700499088308586 0.10644388831374489 0.06425270295264096 0.22639778511724826 -0.24057716515665797 -0.07750744515101567 -0.22728661361134864 0.01743168400810546 0.01862061194743388 
0.9713162231473813 -0.05380169352317754 -0.21134490358421282 -0.0907427948261933 -0.12804165154095082 0.3479634388327897 0.5361629904632337 -0.0993119393174875 -0.20274742103913174 -0.27694599487791605 0.0554174485266203 0.05984738753746312 -0.3697305079022423 0.539633254161589 -0.16915727173517833 -0.20400956286031793 0.03515453567345039 -0.2738183755015264 0.20067234358574412 0.20533523314832972 0.049507809516163535 0.018770549078727033 -0.20362610751087762 -0.08523057176404651 
0.6722907523869619 -0.31258934975261576 0.5921598304134932 0.8015178703321117 -0.12390803226324465 -0.5249192738582655 -1.0856755269200162 0.3420345886551288 0.491445722706449 1.0248961634066602 -0.13699934397658867 0.10477366578250757 -0.255013371678076 0.5435329322777833 -0.0632834923839277 -0.21534010218836983 -0.04754677578741806 -0.16296145978427748 0.11163673314842892 0.06413864649244731 0.1046112557513656 0.005137592130485702 -0.07166729823544914 -0.1026277701999508 
0.47740520800625985 -1.1587695571801717 0.2226509193482903 -0.09331468365748108 -0.17453915436668677 0.9178160804134201 -0.07406561172135673 -0.5527509397872503 -0.20895800065569792 -0.5802049782060504 0.5413282956979116 0.037222558793118435 1.1930425138963827 1.5278910426022525 0.553729845488147 -0.005626700758391057 0.07882342724387355 0.12041130128141786 -0.31923898233571285 -0.25956591438632887 -0.17506687285206443 0.008928489839653497 0.18476026367938417 0.14599295295206074 
1.4812261784365643 -0.9260459154017582 -0.24597253389365978 -0.4365500701997437 -0.7217377129578262 0.6669146698060098 0.4840476396018367 0.5593417212565589 -0.32051945347708166 -0.5930326087387227 -0.1156831286180115 -0.009580184194372038 0.8969206398415969 -0.5744633521641859 -0.018672453570206377 0.1248209666306236 -0.1861678743086755 0.2068522231995249 -0.26467079106494956 -0.24917934552138946 0.24790595521505696 0.11284273808365113 0.045618642787635506 0.07633568040459669 
-3.0122790315665684 -4.330746538505363 -1.4534682578950773 0.5451712777149076 -0.06559709292528071 -0.6091874368436015 0.7090183542094458 0.5707322375407842 0.7284357856088268 0.5052329216758149 -0.5095214501908207 -0.32095454633027937 -1.0726406775934991 -2.3369902747272504 -0.4132515952345976 -0.10946745888395647 -0.06676935877327228 0.35012338953927896 0.04688816465223811 0.5264690488726794 0.12567622645113077 -0.23395055367304143 -0.009047339296362108 -0.07123848204434548 
-0.27362904735141447 2.9967891974025376 1.486236779745796 0.1078119897540466 0.38012455994207883 -0.38197418482832934 -0.6832051366905687 0.52783103655528 -0.7209690360709843 0.14364899921477425 0.251569600604871 0.05485517713041638 -1.5775502721014696 -2.9373833224749295 -0.5226581755050372 0.20499519881320769 -0.4050888638181327 0.041322952513514734 0.2341637368937183 0.7171934483138581 0.1112187446153176 -0.03975529777676673 -0.05903830902203139 -0.0029161449425998964 
4.572754853680747 3.8907837105994307 0.5963010482323554 -0.03709333698250683 -0.5251622144968224 0.39189033911275284 0.36889628246813166 -2.1164027440546493 -0.3857618887121389 -0.2466941211636745 0.3848439489755566 0.21872032426376065 -1.5907395301452547 -1.548801466545023 -0.11320250190096941 0.3317664194930169 0.3440203225516247 -0.2311315984859392 0.16202937902731188 0.5497672081782506 0.03741036377723753 0.15933250875875649 -0.07739874614783902 -0.21214533977023695 
2.421360052117315 3.7753389274706333 0.29711733955773556 -0.7604033592906594 0.7233114392823428 0.04240692428728843 -0.048382535208661204 -0.2486711328872988 -0.09707685016255152 -0.09780319398867776 -0.385750901135106 -0.27066918466359235 0.37678725940449215 1.2455623444709338 0.6354031517091384 0.20679950953013815 0.31001718931819805 0.13764494926269377 -0.13984695777268352 0.01318896444772629 -0.4641614934082683 1.1965138310920016E-4 0.10004114717496104 -0.2544406904368424 
0.4124450091348306 -0.07361700390434223 -0.5193010320981388 -0.016020306241790072 -1.2692515002502867 -0.12798319594359286 -0.09448108361344354 -0.6903183022726784 0.3042586013228979 0.14796149200127146 0.041335039122684825 0.47824365387743584 1.8248955399573 1.1807114839844397 0.128686982697069 0.11313553373979164 -0.21901019384948897 0.5844396932513992 0.3666907093143568 -0.7711396259874591 0.013193816963690616 -0.1681600969935937 -0.12051302142032982 -0.06865992322044599 
0.6761640967080673 1.2423025212416228 0.1378283647836278 -0.5231230542067262 -0.17788236513578326 -0.5349722650882378 -0.031975580331730535 -0.22477807767888436 0.326505199136302 -0.05403776151702633 0.12320061400642374 0.6884155836341062 0.7875950339902139 1.2900099456133394 0.023157826367080265 -0.35909477975246595 -0.011560519035818118 -0.1852006599839364 -0.007205355843925398 -0.23075442208999794 -0.00441553533457024 -0.053582198845377765 -0.18297420011595789 -0.008815358817075755 
-0.02933378848652879 1.6151674617606169 0.28988458752820234 -0.49514009074384835 0.5824652692607075 -1.0727391459536817 -0.7393793229134041 0.18506960630352087 -0.6371343642526375 0.23590345358128084 0.4919072556657812 -0.054842290223750645 0.2547253799537004 0.5613816194969976 -0.042672964732874887 -0.29326851434064544 -0.5811211822764796 -0.6338402870859762 -0.4286311995298513 -0.5973046865071895 0.12485894198446945 0.09865855873638117 0.15537879123688206 0.47824343294628685 
0.2794643489573527 -0.9390831422018646 -0.17694894935667582 0.5564408722177676 -0.16786538836569997 1.070386879244142 0.2956826519730953 0.005898179094595335 0.3868662386289269 0.01897242175745084 -0.06211440905878052 0.02231986383822815 0.018903862292570867 1.1307290489843822 0.250432871924918 -0.5358644635065085 -0.019014850416361417 -0.9390107814208882 -0.5550139739506765 -0.32675225137902014 -0.06047546725092088 0.20351835575616828 0.39310655122532007 0.4279219170805693 
-0.15338125685091342 -0.6670690306735914 -0.23389348082936234 0.3240032735678994 0.4691035581941103 0.9708580931481459 1.0275833988236975 0.98625762886215 -0.10049874437682293 -0.18451927584511063 -0.33214382305535917 -0.6234387850634858 -0.18816002755557518 0.462032154495948 0.1548148753935824 -0.23789571763570985 -0.19088273210042894 -0.5459243256589296 -0.27229317489215693 0.06473298963238043 -0.10833369350024169 0.06965632446148678 0.23687908373110322 0.07438462024993299 
0.681476244012547 -1.0087663794944195 -0.3515812168123438 0.6748986541569257 -0.0641569583534004 1.2602614596235133 0.7495849806517483 0.3548846651788615 0.23961379095115737 -0.4543814640723354 -0.6440935003089663 -0.3110519201877343 0.27189575953736106 -0.2827771661998071 -0.15629178471027508 -0.05245524680931498 -0.5347713130535795 0.04373305984515848 0.3709243195723904 0.3395281309112211 0.1703634069813906 -0.08218324558004991 -0.20045326383553938 -0.06350119183835269 
0.3341403466525996 0.26391261691905044 -0.0872439049247109 0.15931817119370217 1.1032592505558445 0.47009654083342145 -0.1494509625762599 -0.1836226056357535 -0.23850705991302767 0.2636114231117136 0.07225955009756435 -0.1113102589605684 0.3581235348664184 -0.7441519755961149 -0.24005261432704825 0.09752143662297674 -0.07597200004789102 0.4497983959263088 0.5432360907280067 0.5602888777291696 -0.08778535331473492 -0.1994930574525555 -0.18749217266004378 -0.24520457772847895 
-0.779983731406487 -0.5562424673987643 0.21860161682182366 0.7961491638328111 1.1193707046141714 1.1895684758660288 -0.2285731260440973 -0.4277460963901163 -0.055219824547142526 0.04145680901918847 0.3370436958713758 -0.04324082369817249 -0.09246984510783414 -0.3995426312528367 -0.23398821321632626 0.2742644433363568 0.42328424320330393 0.9653688597412678 0.1868767599513086 -0.07246510794623358 0.020647252162741343 0.0677523296809069 -0.07050396350269837 -0.39042172883112075 
-0.49702187374065154 1.3391249400669256 0.20117294533469865 -0.02918629113897353 0.10525572685399753 -0.3431906027520384 -0.11304582001239982 -0.30329362354086975 0.3102741233165317 0.1660407599667939 -0.2602359031653989 -0.02173060012282979 -0.38086208092547064 0.40876643366821686 -0.024840335042777162 -0.03665318027367411 1.0790094265998846 1.208408480527244 -0.23623619169797908 -0.5074125447730711 0.002016785179459755 0.21310405198453267 0.030774610064954144 -0.23734832839220785 
1.374466889532675 -0.3477446473098471 0.20617499770693026 -0.05364244468580681 -0.8350079261123886 -1.2292015478075606 0.17075212951589247 0.6321154979701203 -0.09671855715184635 -0.6088531215425963 -0.26633388316938955 0.8154234368867587 -0.5844504884221231 -0.11169913722415951 -0.054857667414829926 -0.08023858808929492 0.7207638341185424 0.5904457648132694 -0.40652334872877255 -0.22936962753569845 -0.005356145840082677 -0.08384922867892752 0.09324254816656956 0.23665061543326496 
0.39950127895943055 -1.0666355941300587 -0.0065095902389327165 0.6941735162740335 -1.1565797138805296 -1.9457438889115155 0.3595949847376825 0.8086842315033413 -0.223808049149055 -0.05054576756099205 0.2816245094230846 0.17140259592358942 0.8335007008654575 0.48320050201792997 0.07508619096527476 0.1981173073742121 0.08918500379395622 -0.018656994813663935 0.26234426009555695 0.19270512411057827 -0.04548457172983844 -0.3427966526541017 -0.1807079310756082 0.2569960583098872 
0.5251061575098412 0.9817352113722064 0.48701588685312913 0.6751850243941924 -0.41200307737419184 0.2195078245059593 0.7546765177671793 -0.29562614130512643 0.22788969920589885 0.401297758819864 -0.21361415492257463 -0.849759268021177 1.6757388398272688 -0.04661600902082282 -0.04349410735620799 0.2826831572287222 -0.910012465587827 -0.8290152853837084 0.30472762322129837 0.3076793106881954 -0.009387420584703904 -0.1610081365759315 0.018944237874632175 0.37068715120929635 
-2.5728436103256067 -0.775216495327891 -0.16450607213422508 -0.9879519478016094 -0.3738017088969695 -1.0115743044678065 -1.192040794424714 -0.41753817623498113 0.2844237103271744 0.6893552777478689 0.25552802593801816 0.03987257740147654 1.0274676348203637 -0.07125570083014783 -0.1923365561147842 0.25008651254896774 -0.9480524146903523 -0.6769429023341487 0.48842997126473825 0.2247021598831953 0.045024872344441025 0.10785470658303786 0.023057504763439273 -0.1158964687732053 
-2.166577185306612 -0.3536061696484625 0.4156555607232004 -0.060629184334151986 1.5036404681593125 0.7907595161217105 0.03238714943319554 0.3221887697746954 -0.32267217513584934 -0.4957792344692323 -0.31011835505075286 -0.23087300748007394 0.2726568010920882 0.35819002095031455 -0.002500047680205212 -0.03104318840039085 -0.4969651340179834 -0.12551703198188746 0.20829967234751642 -0.17056457633597769 0.12780007787515493 0.23098868130567465 -0.09074119124173091 -0.31634830693787436 
-1.337059954093434 -0.18519780112928075 0.6061802411703843 0.3118210829913024 0.7297557574237747 -0.20054102771694526 -0.7445502448895404 -0.17432970368615552 -0.08360172901150398 0.07442860933444251 0.2607040951968559 0.20964887197265383 -0.910365765543831 -0.19117773262477758 -0.047038155688004256 -0.4211011471988453 -0.08905057262395215 -0.3001629455409386 -0.3944368331528118 -0.15136313229411602 0.00574274570667721 0.12342375224949277 0.004049716352703838 -0.028257799748328493 
-0.9107560738825096 -0.3878441985780423 0.1091728732414401 0.118428074198909 0.5271135915193863 0.19054228207619106 -0.09396777404295675 0.09446335142839382 0.02850218524977327 0.01579504910955326 0.05602138417319924 0.01439750550685752 -0.6232354136890933 0.13713955317626395 0.4088224469241073 0.1724650886148802 0.68098869263178 0.3339951184018181 0.002879976974048385 0.11135508215002819 -0.12332731940550738 -0.19382028838695695 -0.1330873573539432 -0.11495185016156996 
-0.46965686940616536 -0.18456428298876837 0.12984973867066785 0.18582286452839591 0.38161344729485003 0.18902314917776897 0.05444716677179745 0.1504139298205177 0.09160829301433149 0.06329687920999777 0.06030900726793059 0.002010720152996283 -0.5316802466708189 -0.128129265838871 0.17264910729680646 0.07965539385337372 0.2717777907399919 -0.042741842392735964 -0.25002628734212284 -0.04743787601510435 -0.03490779410526856 0.008721833735808574 0.07613645840428847 0.051516853902950875 
-0.7305724865829664 -0.7653415882475105 -0.5726465287992633 -0.5150253409473393 -0.36525445467156503 -0.4060079275311008 -0.3757514873196185 -0.17424829342872578 -0.04029522793224494 0.09124749575386087 0.1893412609755394 0.2178016189144647 -0.39643199140782154 -0.3946499412186369 -0.08040428885014972 -0.07692151951744781 0.03603123924027748 0.05503137845987131 -0.15043328987900995 0.01942120900040681 0.010381455961158229 0.004470761939325903 0.09450526907057666 0.03425191822362042 
0.16788899226925125 0.38793869122206637 0.4291426203003166 0.3895816090043054 0.3606064082992746 0.22595960426490858 0.146420473775159 0.10233974678771735 0.05552035989531079 0.010536884804862978 -0.0343652184171796 -0.04660374644000237 -0.2316167108289305 -0.24229313445496162 -0.05818462201139929 0.010752979308476704 0.0795626599060812 0.06497362985116062 0.06884403372918001 0.09010538727071997 0.11946218942682746 0.11426907441290833 0.08810549154635468 0.06854334679649061 
-0.04023303049675331 0.509854137972451 0.20073929897706488 0.24731326051329772 0.4295233932963416 0.00697991915300733 0.31134544209239234 0.06023681594357358 0.015401783925808932 0.028762760494142947 -0.18015731019597564 -0.06405101586750442 0.0982641656267879 -0.002604301889462072 0.04425344626236938 -0.06655372930742098 -0.1113355275076728 -0.19678661441597675 -0.07741210816624118 -0.10064644372876257 0.0635243012707702 0.09120403703622688 0.09017103236259989 0.15264889282288155 
-0.11997646496248038 -0.09528274273386428 -0.08228930918329835 -0.2276053741273527 -0.2544634564073469 -0.21239166371776697 -0.495633399121748 -0.23714478667779187 -0.2946267811951778 -0.24826797639886822 -0.019258181785375916 -0.06269300284549101 0.0471030580584082 0.7683012491611052 0.4470188717609463 0.5138990088405201 0.6306538543942138 0.11310498013035648 0.26788760185047444 -0.007230671847614385 -0.15233060891275005 0.002508479170622089 -0.1812652948065013 -0.0876352200902597 
-0.8814322548474642 -0.515917965601159 -0.4496909028445639 -0.006770661459247318 0.2762870602047641 0.4035275497081672 0.17751177362755854 0.2974333044903165 -0.055794561199311254 -0.05296218475295417 -0.0887253544281621 -0.23210043135143565 -0.3171449005293314 0.48625157666487046 0.06724230490221868 0.07487198770730363 0.3245542242107945 0.025617266106679654 -0.005823846007689759 0.06047135527482755 -0.11476755223573677 -0.07888415595542242 -0.12377269200133383 -0.07153881680672843 
0.4471794302693821 -1.4040790044744442 -0.5866988940717079 -1.0250734565309823 -1.4547369883375783 -0.3116291514037408 -0.5903254975438474 0.0054335180571890435 0.5481103591961209 0.04387391991654527 0.46371468811841743 0.30032662157274237 -0.2913610039472016 0.4850774702943877 -0.3352499802912087 -0.5169977304708914 -0.23221136265443443 -0.41033338978942885 -0.32497473695846346 -0.07834910165088936 -0.21517903483764309 -0.12510581437254503 0.025240344103577995 -0.07053506012141304 
0.6276237234753097 -0.2945024611518704 0.25121717671461363 0.4214313385932016 0.05599748662907378 -0.020253135324044713 0.37616302932651136 -0.24246640224839952 -0.06166412956263012 0.11934428020270343 -0.05032566914387088 -0.030944377656435824 1.5969001067799748 0.9043038813320767 -0.007879669459574856 -0.30483487211918964 -0.28176807421109956 0.4138733821743825 0.1629341998106534 -0.33800936829601613 -0.08310856838424054 -0.08996758119452937 0.10252913193574498 -0.009458256306496327 
-4.214422822625963E-4 -1.6612229058416716 0.573006591910739 1.1092868172590968 0.5523154183438015 1.2304988481666257 0.37996518390416595 0.26785237164423426 0.3538451074994109 0.040896234240938065 -0.11417905673825551 0.0483341506712482 -0.04664982825920679 -1.7367627268839938 -0.12818851562231273 0.49876086893731353 -0.27170156873849344 -0.022267020757444505 -0.22401915609635448 0.11009043718616196 0.41753148481546704 -0.012387504226033083 -0.005319016371398755 0.042128363111229465 
-5.4483321389115655 -3.1002576589137756 -1.0059046374570628 -0.15944618199671795 0.118065079497373 -1.6091565966001637 -0.7964361665284084 1.1802519825848425 0.2906637698017654 0.21842940166843758 -0.10736587780706053 -0.0777294269811996 -1.5807502464896945 -2.330729750902129 -0.032635935841029085 0.9763178542319239 0.7945485808456612 -0.07733109826072364 0.04394186029586427 0.6527896661478715 0.33366856001719775 0.027622734313839502 -0.0891014907251544 0.04982590990217451 
3.62510684624044 5.20908677505849 0.4264275598810685 -2.230917303047963 -0.6706660785562475 0.5496236415066522 0.6680315686726759 -1.0361969859179179 -0.8806480449324778 0.031493871861777434 0.5081918415642085 0.19733405690143588 -2.5849075193798368 -1.4706905966695478 0.43289346421046687 0.40848846144893347 0.3525770216472878 0.2555229187512276 0.15961261059401344 0.6875628134232397 0.06231955869529579 0.13716641916790237 0.11954910066241281 -0.10098057179615516 
3.5571103186830424 3.2625319511044353 0.42241450025253613 -0.83742016394904 -1.716157507457885 0.5521777627881129 0.10030425605466359 -1.5488107219109382 -0.44542323339827883 0.04117725845076525 -0.09420664611963966 -0.2549220604780532 -2.4525734468989384 -0.12822722383371823 0.7387444908435513 -0.9845088548248997 -0.36378275710517083 -0.03493752198807113 -0.1416874311476681 0.1267302579772361 -0.30752467036207615 0.331137311689009 0.15234297043261272 -0.04093986298534536 
3.251579887059944 -0.4305459208421336 -1.439833369575461 0.22280842388845734 0.41169564687956695 -0.6167370877811956 -0.5472428591694104 -0.4303047163775946 0.5349299330135456 -0.2819769516539329 -0.4794059745692044 0.4398721828081405 1.5929861364822095 2.246509672385284 0.017525267586001442 -1.394402891361693 -0.4216266623871123 0.3380453114463005 0.24113316946796862 -0.8006973001275184 -0.4700695796256711 0.2723764645901147 0.05076542143853239 0.12149630142262968 
2.0961516813754972 0.10424036053769115 -2.2890076452594523 1.567217519009771 0.6682324880949784 -0.9211636659920264 0.23626334083563905 0.4971150738829726 0.5054487919149818 -0.6182471216407343 -0.07059588103819224 -0.07617890097851582 1.965135936026023 1.461250906434852 -0.8382651386490861 -0.6022409681787951 -0.31420011313860347 -0.17382647164104326 -0.09883554726163435 -0.7783088392719874 0.08059906070681373 -0.17765932631249134 -0.23312932217728274 0.0949317259445338 
-0.4233722445524162 0.048703553186010495 1.7295628298790584 0.7499725295577107 -0.5979810891713422 0.27215842155782033 -0.12334748212171776 0.34293201656768185 0.05412468128790521 -0.45592333186281697 0.3440901947078876 -0.25652642711622187 1.69328168749495 0.20875979454164714 -1.3612605404885498 0.32460537952755475 0.09844951210329893 -0.44617354001676296 -0.17619924852452726 -0.20810723055952443 0.4240755172770981 -0.5165955474162423 -0.26495317146387887 0.264525626099079 
-0.5008214235888468 -1.3608455052141926 1.3525118164725347 0.7057206877527187 -0.2687188000166201 0.6292094230417347 0.1848632093157203 0.3994974294323856 -0.4468177896558999 0.6611284274926813 0.19343323577366248 -0.19151793334947342 0.6088327758554827 0.4149525272122319 -0.8639099160812699 0.7205821126958624 -0.029672389994014153 -0.24320986518767695 -0.23591357078347933 0.16026797478284052 0.23383211782888105 -0.5044203779298545 0.22542768839800523 -0.07903869047288596 
-0.5297786229427333 -0.32428237159113316 0.8231885210241954 -0.32025929906568074 0.5848227546254694 -0.05340301224778732 0.007054952164130768 0.24282579752627226 -0.2611633280323078 0.6281219160280862 0.18343898141650478 -0.2960351793036178 -0.20573310174021694 -0.2870010787051093 0.5019271826637207 0.45176309714570645 -0.196517887739041 0.24774129881100837 -0.07635903728275413 -0.016603892467017118 0.04283680862101602 -0.10418509973934002 0.3389244707979162 -0.3106586082484295 
0.32285654300420763 -0.9541242587104328 0.7559092574117887 -0.05941290476612027 0.16584773617861504 -0.028753353526191683 0.8788028360431528 0.06636425905515583 -0.03840355691155484 0.35299138820337733 -0.6665533395865165 0.18069154653384004 0.07454278905121099 -0.7280105686545646 0.3388688583280568 0.2334250065452946 -0.09865326254069288 -0.0053736516878997165 0.134282309017296 0.1438789499096457 -0.3250178321426785 0.43443037892283237 0.20620707579273193 -0.19856272530194738 
-0.2180119226282926 0.7063461660494585 0.5220825614182694 -0.22274996561998917 -0.22571069405183675 -0.1420840865912416 -0.2412401836371716 0.5593102791573481 -0.2785928609473154 0.010700486999855069 -0.24268993000577144 0.48934465768740987 0.1279251844043996 -0.2159072400741461 0.36630654758694686 -0.2623857889687835 0.03831564903442956 -0.24794220359585428 -2.7509938108257376E-5 0.3293195764825707 -0.13979291920834788 0.3815989838449152 -0.1002372067910362 -0.030475521691469037 
-0.8803331408997002 0.30787193192920537 0.4864582212913273 -0.043308998606010896 0.43250771194411164 0.689670915277161 -0.09383614983551647 -0.19038166111208943 0.5369504732296393 -0.3334519947617002 -0.21212353589339528 0.011480324060854918 0.08250272700821999 -0.25702812738705855 0.3347962677570095 -0.0716953144969561 0.025674601512297723 0.006008653869829887 0.27482862171220496 0.04206903980184334 -0.012003065460446327 0.12744044686834385 -0.2901461066387838 0.09018828749952697 
-0.31195933420397814 -0.3075587466885139 -0.14100560367641446 0.4588461147606151 0.3365458196394324 0.3312114641380992 0.49345697491779017 -0.6167599718378173 -0.12946158547786124 -0.17345334402412055 0.25693569994305276 -0.12000300299271813 -0.6482330080685433 0.42063092482776937 0.1852558118769195 0.10426637567606074 0.2019770900385348 0.10714965945707715 -0.027696148588083336 0.11660123440055714 0.01948182855859737 -0.15994384460498676 -0.05304727849315757 0.1166919972815688 
0.12232206776739041 0.3239125798197291 0.08306453668810221 -0.1851250014655541 -0.19230432520391272 -0.28342709050035175 -0.313031608370943 0.5281922651472085 -0.07695999826494293 0.06274696311033356 -0.04592783464457717 0.21480051437532316 -0.8033999993849384 -0.024254332935009486 0.2648501828685699 0.18468962367547684 0.7221291078406162 0.564830309212633 0.15347763237635403 -0.017123474321410093 0.360743258957904 -0.26631040952794655 -0.026499326817666907 0.017560520489727702 
1.225359497243792 -0.5635669323791115 0.16801196808912344 -0.4646410912183998 -0.519235945593429 0.023015937926283314 -0.04855400860520831 -0.1497803871739723 -0.030083110875816388 0.29243254187879847 -0.1666459451507078 0.037608570685469356 -2.2620388112665677 0.09418897042133197 0.08454761260251258 -0.3520233574551768 0.682284631895989 0.007575641783995057 0.07774028327361526 -0.28862356131570216 0.1730819113589889 0.08146884250005426 -0.08887129367765982 0.09107170936938065 
0.76120744153123 0.5086390235795326 -0.46260111319715147 -0.135634266642934 -1.3059887289613066 -0.8507222492548301 -0.2832635552030793 -0.37250103047978167 -0.5949685409450951 0.23253629087067987 0.07916526710648572 -0.12000702424742193 0.3531610347209548 -0.09074313879062057 0.15253938143522694 -0.2672515830598852 -0.28236775546125803 -0.2874279294506976 -0.08304053212440878 0.13732710482878782 0.034483089772464205 0.32905465837867554 -0.25208422730945995 0.21526301066328601 
6.154714412713805 -0.6824888798324116 -0.12181561654132533 1.4901708197148356 -1.1534658741698376 0.5921321181633532 0.24535209851301248 0.6994573599227843 -0.3897030482147519 -0.5027545354044565 0.4610030301005007 -0.2258143617894876 3.017763335499508 -0.8945939931414184 -0.07139440151837191 -0.07996297959685943 -1.231162254052172 0.29660776085417895 0.4671968628866549 0.17199306604205544 -0.21016321453840334 0.06634384109558994 -0.11726229089134853 -0.05776965490770101 
-3.4018384941304802 0.6556029699182409 -0.22963981530235422 -0.36077620775251606 0.9719139054680657 0.29429860773320615 -0.2108630655568271 -0.30840792288753327 -5.992989128678072E-4 -0.5268234733840655 0.3965003596581984 -0.2992770513770564 4.099109138060679 -0.2863657197141241 -0.2156225817489726 0.14554899114610578 -1.447475250509297 -0.291912622563637 0.015112467807731844 0.142716333592775 -0.3853275527214482 -0.1515292626673881 0.20221975697699157 -0.09387622674038454 
-5.746407541423879 2.0467330738757896 0.26571452369684057 -0.1121811818730305 2.035299499348401 -1.4393177731302715 -1.486344842088299 -0.6978061390962628 0.30322191172327995 0.47308090071940134 0.026473381247481415 0.3005525489733896 -0.3534058861833141 1.3542818052506602 0.17317832442506345 0.9871997296210164 0.41425729703344505 0.27039505780909995 -0.2310904803874596 -0.09421822173863859 -0.16737734167130677 -0.002746523986706865 0.3183498897613732 -0.2554745544170296 
-5.585558995581964 0.0031252058678044037 -0.009498438069316606 0.22889476071268167 1.4420543358074653 1.0407405640828933 0.5372475116743809 -0.10201828174858302 0.21455163725023363 0.19920636081091514 -0.31022917939797934 -0.1015617994077069 -1.4780696963255988 1.4294360306104295 -0.14868167456108625 -0.02446848201842322 0.46303397881841213 -0.3494477437927758 -0.4774376953063904 -0.4067691389520589 -0.11004912454060949 -0.027038090080591954 0.12508940429410612 0.01123216471407884 
8.306792321989489 -4.419095413559173 -0.7514212784330345 -1.7662638533808124 -2.6313079804398725 -0.5922740334387903 0.5645682510597873 0.8789172045692251 0.004853508717617694 -0.8575298805418262 -0.14068186965552992 0.4417516754769265 -2.49928868018069 0.0020056411901759517 0.19175870506219575 -0.30063943164074414 0.856109273338848 -0.3719291156779088 -0.41568876069002836 -0.3458214552222863 -0.02409601852749166 0.22841752993745656 -0.11875206217824641 0.10038950442560396 
-5.994229336860367 -0.39979087819556547 0.724973109445842 0.5396705740566445 1.916115708906966 0.9191199692657928 0.19599347378830095 0.12353782213589931 0.47873227621179176 0.2195961874883241 0.10480977222738572 -0.4035731087710614 -1.5092753558644365 -1.3154219885874916 0.6295499983408951 -0.21897808690516588 0.5329141795559293 0.583184793443927 0.2863150072543643 0.36895233461005783 0.18239758049518762 0.05246381005513606 -0.14824775057035003 -0.010255182973232496 
1.9557936697573925 2.2421741923369467 -0.676797365247326 0.6343492063772205 -0.7700590072178932 -0.2627201286879947 -0.06865154107517402 0.22688017462835486 0.24341964782497588 -0.22236660243167283 0.17521009196953813 0.150389690378255 0.5360975219177586 -1.5773197906789906 0.5973285859725256 -0.39260435365122487 -0.5115873243338466 0.18931010486177005 0.29602619234095034 0.5137275177487636 0.20910885190564546 -0.2483990522293343 -0.011223171272472687 0.004410581526824424 
2.1177663981273938 0.6187563686822193 -1.935460389684856 -0.3144775084508371 -1.0873126894713123 -0.8735907686242856 -0.00508761402123141 -0.8828567706083216 -0.45192417378900823 -0.27576670840956974 -0.023431908499463264 0.07488474206132634 -2.869760740001952 0.16787297815469268 0.5817696609525033 0.33012419606532833 0.5463258103161334 0.2818357236831375 0.1408914757041115 0.14869724444035987 0.06449755108655587 -0.16714242083129602 0.06629234362502966 -0.16247883312101913 
2.6425018887423324 -0.19640966496109336 -1.2131902867852622 -0.161376751173397 0.40516819175080654 -0.26384897907906124 -0.22296978205829765 -0.15906805230495502 -0.15714482199891874 0.13534872409512366 -0.04289151547468738 0.18929100548025934 0.44039125362972786 0.3362032068736413 -0.24542779463185835 0.2627164199243535 -0.3569802344021143 0.11087545775717313 0.05713042971109967 -0.12290994018734443 -0.30579894803016844 -0.3549099130199207 0.16999180865874974 0.043729155530737716 
2.2716987736530196 0.31588211598937654 -0.7521394126426995 -0.05283903536403178 -0.31047532152578405 0.07417722341191363 -0.14952183283247175 -0.12957979771852535 0.4855218578640714 0.5421657867188139 0.014983545074409493 0.06441273304099382 0.782436462142317 -0.19905420706226837 -0.7401138609662361 -0.07567109748497795 -0.006955759139802027 -0.14622877828809056 0.04161335034678858 -0.39523942841344467 -0.2954951286845942 -0.03096254010450981 -0.03205830088092042 -0.039214042022150675 
0.557653721105396 1.3850016980624442 -0.5321744698728292 -0.2846192899392428 -0.08753698798431442 -1.0692304979776137 -0.16782572080285285 0.21897150874548998 0.6920934760889416 0.4333968890638974 -0.35397306079364754 0.02443822829620812 1.3388656784009143 -0.2433888423216762 -0.9396223153963751 0.015943018606743742 0.18438105695063345 -0.8376050701106849 -0.06075834338895286 0.053313027275113535 0.11581773860273421 0.36623222941177586 -0.11103534312493353 0.14190084299472017 
0.812881095518911 0.42521330835725557 -0.05562671524236429 -0.025842946612980366 -0.8200928221843458 -0.03221367431073774 -0.15749969568931954 0.11384173410679 0.009942063220844288 -0.3319031705804272 0.22828376680277807 0.274953256719804 1.3629034521188983 0.181604067827009 -0.6756064648307992 0.2543898746868292 -0.2717398264511693 -1.0969628339621507 -0.5915871958968159 -0.23989254414058062 0.3612671515060164 0.554157285410298 0.1501573824545415 0.20700144860847056 
-0.6446863073933562 0.4790912658199957 1.2574203107036954 -0.22270385136915394 0.10683377122818705 2.302161680114319 -0.03670582046301518 -0.4407179000429533 -0.2668081404855078 -0.5263134854905833 0.1835644030359289 -0.34168178534330623 1.587432530780136 0.4307023482116484 -0.606276519716907 -0.1701662273523835 -0.5026037417900332 -0.47235028497593695 -0.2752282454502147 -0.09078291591008102 0.3308833675685023 0.07705125978515248 0.011082081357697856 0.09974574459813217 
-1.2158415684542994 0.2240251286295738 0.3798825915614361 -0.8469663787095639 0.40755877822147313 1.679369636252399 1.5596798046880571 0.9199425390974382 -0.11882878836675306 -0.6404508822348398 -0.7042573342040033 -0.3735316059646606 1.748331644302039 0.39213692321541 -0.0875568508961095 -0.11805205649439139 -0.6204337843749266 0.9003002982470024 0.14045905634979636 0.005849230308283294 0.10416282268533238 -0.3917172172174493 0.12492810364776279 6.670897409476462E-4 
-3.190282539248407 0.19348874329133992 1.0689004358759915 0.6364411081661994 0.8064484371828755 -0.5079712983313713 -0.20073073464089702 0.08826985398040896 -0.2361712008227666 0.35651696553564627 0.07905124563664956 0.04944342584404393 0.12147450234036856 0.23494704137490588 -0.12075379054303907 -0.05484359538425082 0.3142034226655936 1.418360439724026 0.6134750653266736 0.022543872644729752 -0.1960098513623727 -0.2963165508894105 -0.09668460404612352 0.014754901907191309 
-3.15931572145968 -0.6083962000246466 0.3013037748598162 -0.10125925689748283 0.6914011979630896 -1.3280480798288994 -0.4968644076497676 -0.16819983382974102 -0.3178648746665234 0.401833255558806 -0.0942439654408706 0.07738938190328593 -1.1504946641977003 1.025863488993735 -0.23668436799839046 -0.25280303629794926 0.4544511741542731 0.9588127397311075 0.6085904332800178 0.23131452021145912 -0.2834303465667586 -0.25875038475445356 -0.47210363643611936 0.015128242209307937 
-0.03737273791177162 0.19046080602238824 1.6589710906836226 -0.431026626122442 -0.9776977066394019 -0.44921078101710915 -0.8488589102741235 0.035721668486447034 0.4207394567514955 -0.15850590171917478 0.16861153079273317 -0.6114069849988535 -2.058681592200698 0.43732489651047524 0.729563651614503 0.09723143295337522 0.020021076850686364 -0.271838230001991 -0.20299440125688673 0.05498663522485381 -0.26341365250969767 0.16473601256718176 -0.10821984225869659 -0.03270979236548771 
0.6591875234704839 -2.8520513697171554 0.794900368152792 0.4451765973286046 -0.06372167233020737 -1.2264488415980543 0.057972592664616907 0.2522730712100418 0.4030069225463917 0.3933117056559314 0.6672734325263131 -0.08849112717113569 0.28738128857459877 1.0485599762662203 1.1632298425433134 -0.35550888609569836 -0.46383748787829293 -1.0407012491408796 -0.49913029373094125 -0.04314671435502454 -0.14174234224117918 0.06334758397894645 -0.08932002317703464 -0.3158685077957707 
1.0765106148886054 0.003341638606168651 -1.3665888156140054 0.07152888219303 1.1239466417774648 0.256743772559179 0.13083396897257094 -0.28692650421404386 0.19363385809986888 -0.13343029721446176 0.022952073429147513 0.2305130574777179 1.979247470498798 -0.14556499618398155 0.7189237163492109 0.06687855855147262 -0.7331416996348766 -0.256769418530646 -0.3789273726851355 -0.24806406483233756 0.26477969257974726 -0.07292686706305289 0.27826883920560547 -0.33957471192080674 
-4.578401263583665 -3.6605165451151978 -1.67560579962131 0.7139896472318762 1.0320914873895348 1.441078390805595 0.5106800339197088 0.12256439558557806 0.22091495138282746 0.19925270136961015 0.24654583277202613 0.6040348840523124 -0.28742011758597835 -2.20925452982117 -0.3699310067113844 0.4376679450163626 0.6687618026952414 -0.40822707628960636 -0.11622473781808246 0.1380514354960031 0.3285235900938764 0.06709198432874153 0.3079481001218463 0.07053018531025095 
-3.3563207558810904 1.031388382273354 0.7374530255230405 -0.7660688267284956 0.6738208124053573 -1.0126661416269958 0.061569487153737 0.8447682007956916 -0.2825536354059641 0.1573042016131445 -0.45583118694693986 0.0610541451518426 -2.43795972499887 -1.770775177995362 -0.5867303212994797 0.21323348547294363 1.205557610976481 0.2631689697568577 0.27449776930525915 0.33350372589371263 0.22895116482771619 0.09058413001657795 0.04120760427287378 0.17700513935891182 
3.737863561613267 3.2616888479127617 0.8526724677184223 -0.4490283832597203 -1.8449441657298777 0.6329373443638522 0.44127904702828125 -0.7277285877828352 -0.3444701009823209 0.04666850325590366 -0.017179237651182178 -0.2153522269389509 -3.425482211882558 -1.6087438673593797 -0.12565520816414918 0.15348053791611804 0.8787707904030455 0.38354321222289184 0.3818204513529882 0.5170006531365637 0.20235821264398338 0.1729119822688028 -0.07492530324872071 0.10030307690169354 
4.23225737728675 1.8545644760782753 -0.8705369853854327 0.013337441019997287 -1.054208364592272 -0.12869261349052263 -0.6579588454974927 -0.8622911902109751 -0.21052711020070558 -0.32889058820734235 0.03119179582213033 0.10919119489661411 -1.0907628248793368 0.7933503213500209 0.5702004480052657 -0.320589816382705 -0.013557619615967612 -0.4554864689940368 0.02598700953662562 0.18285288078480946 -0.027448712108714246 0.09741557149799336 -0.04905807092863499 0.12392916924596802 
1.9037563054800888 0.7541270100604809 -0.4946451696746259 -0.13615510039072443 -0.7402062953207871 -0.15153800993131705 -0.275017153813641 -0.5749078683207802 -0.42217294915175196 -0.07638585052655489 0.22781025113365316 0.27905712847484604 1.9637138020081908 1.8169350941160491 0.44881518697594247 7.049818833002227E-4 -0.7912668058813831 -0.1375305767119812 -0.20928530441984394 -0.6494690896842058 -0.25968282632653067 -0.25087136267840304 0.02165067333178679 0.08768549815488931 
0.833021346823509 -0.0948816628505682 -0.29948949979623274 0.039263980985121516 0.1621247360487148 0.7460309425026992 0.34175655896482127 0.21979919871023568 -0.16135607499510585 -0.07341533598960631 -0.4311517185534525 -0.5579380402929599 2.433506845018701 1.7898085574731166 0.25419164782102016 0.32800331815728634 -0.5109304311403168 -0.514676913119293 -0.7276004181287381 -0.7066895146562772 -0.27507923187196587 -0.36980291937070575 -0.06920620271906082 0.039770433590169324 
-0.45365982917968495 -1.214393364970964 -0.7792968360040051 -0.4641065988921831 -0.07931029840622195 0.608167296503185 0.5692772580566561 0.6796334868091767 0.40999286039447125 0.6715449651822448 0.14904049954124887 -0.14484410380883186 0.9935152635317296 0.6035608342638198 -0.18498223855778165 0.010983288922876625 -0.12748676521305372 -0.14994668515400397 -0.13436536462912987 -0.03325392311487537 0.08850156516125651 -0.01462836172111053 0.029406015402468223 0.037489476868225964 
-1.8895550904394671 -2.5306010088253528 -1.4907860956838035 -0.8066967642011325 0.1481349303713957 1.0354854726501053 1.102695202953573 0.6305066761928777 0.19862768064208036 0.40655276205037494 0.27819527977551495 0.20183051026794507 -0.3227472362829866 -1.0389791048528196 -0.6738041490989871 -0.3557436624544669 0.26311372331100874 0.6287665355946115 0.42930032620925607 0.49585438820861943 0.13673545597512107 0.19073079958721015 -0.17940937982934513 -0.2015788326177338 
0.2844987335163882 0.1613041802564137 0.6559498439425044 0.2538754054337727 -0.35075109684296635 0.1535747804569918 -0.25239038192062724 -0.6804998377174751 -0.8676695224541147 -0.2724848143832139 -0.21508129423823524 -0.21329557741028435 -1.4268486694558005 -1.5133047801907715 -0.686524203061288 -0.4871687613282001 -0.035015374067660865 0.7094700366163872 0.7058822953955745 0.530962217502888 -0.03755803547504374 0.37400729088971807 0.15103245100039678 -0.07599854465259619 
1.4321837743244323 2.334206879094202 1.004299607527474 0.7475039661855445 -0.49149603466593916 -0.9129724062580387 -0.5353105996743052 -0.5876973036522966 0.06726874850382394 -0.17359284496850735 0.28913731782432495 0.08102419436096771 -1.4853853623505364 -0.9537854599900708 -0.20320808288669043 -0.2761960198745783 -0.04365920498236542 0.6455578163536627 0.6213081555799082 0.07435404836479605 -0.2779621010744451 0.1907131680146398 0.1350935159806574 -0.08847115316414383 
2.1660167468057665 0.8931170316415731 0.03273292157422003 0.2202993198990786 0.3455513063154281 -0.5460138738919043 -0.7293667268161281 -0.3041511757769002 0.5883464328887307 -0.1604041039774683 -0.3095278724843465 0.14355468810244537 -0.9215482420275357 0.2528693840109823 0.8867201636029645 0.1693564122103289 -0.03520233740023467 0.10692989512829547 0.2210672711898579 -0.43477881938715274 -0.3014697252508461 0.039787939066491695 -0.06624114733656317 -0.046057013403152026 
1.6258419899674532 -0.03515105454772005 -0.56955338583959 0.03867933818994958 -0.06903865626070527 -0.5513936492364349 -0.522741091338401 0.2192702001282021 0.3045060061939928 -0.22162709719641738 -0.07986197904340164 0.2888188370040117 1.2439977045676969 0.8566495855975127 0.586390592880675 0.6994771669666444 -0.12731274694338865 -0.30626426204861307 -0.31299245985691243 -0.6295878563659839 -0.06214402925711326 0.03657781637141191 0.10297195266377353 0.14212369650047704 
2.952314351777485 0.5873749950444278 -1.217284150182857 0.10021848280058354 -0.4563727738448793 -0.3480042834386965 -0.921876949658153 0.22035286855373393 -0.08187897554666076 -0.367831505468734 0.16814179620531755 -0.17902185852235025 2.84383408272742 0.4755290649096464 -0.7775116775179871 -0.08719177990025777 -0.44973947451761537 -0.23513324599667054 -0.4624117694826046 -0.12971079143913652 0.33019043227613915 -0.1317587245123275 -0.03276984064333677 0.11764518882308204 
-2.6929581418645174 -0.08287085939976357 -0.12986363523601252 -1.2908871161651412 0.29140424624438044 -0.09318441533880334 0.4999218913174446 1.0388142432803382 0.5888135404928594 -0.17961259333711022 -0.2586133745118277 -0.18405862182806568 2.5568886283034673 0.3496282419059882 -0.9348760116811804 -0.20520423350039307 -0.5111774259425302 -0.27510454231024245 -0.3954549450049287 0.2804613786097091 0.43693534195684247 -0.1342768207626422 0.01912535706303713 -0.0380268083839399 
-4.206085435460509 -0.5096102606613444 2.1454230788263926 1.1466578867773973 1.5145482786157314 -0.06971875285070836 0.14653709030376283 -0.32479082303555873 -0.5443786310891201 0.21386481762986065 -0.12184265282012315 0.027057851049237913 2.0393588155094906 0.4117260740774887 -0.6044042685532222 -0.2888328643088765 -0.5408224016955743 0.019023387112590995 -0.22674837948431703 0.47649396050430504 0.17539133035908347 -0.28959923031038043 0.03664022287769798 -0.23697480312209426 
-2.465624001323952 -0.5355431524127985 0.5537210346993264 0.131072336702722 0.47903309533658023 0.13477721240029839 0.12941672369542723 -0.3495420899062789 -0.7750501919053051 -0.10964479645778813 0.007754174280207304 0.29985940737003736 -0.8633524627842588 -0.22496072970564138 0.19733398556409817 -0.28258089031933636 0.1485290543450264 0.1641005831445123 0.13891317396641015 0.12783536951261656 0.04477801130872139 -0.15456766892521948 -0.1613692458446681 0.018657668351517886 
-3.279429165021269 -0.42146708068152083 0.25413632050914003 0.2557373492932815 1.0722800066957436 -0.5190552586460203 -0.05637922739419321 -0.5149508463658725 0.07387889957517102 0.4659822870227462 -0.07496264682379389 0.2899435362448809 -2.113041361948012 0.3448936202663114 0.5706163143347108 0.32728299162725943 0.881234398460076 -0.19289300009224586 -0.012578220334414969 -0.2468587001319177 -0.539031537294259 -0.007532242837866447 0.015920442872739467 0.12188996102811724 
-0.566228888731361 0.5479397397272487 0.22377778723031927 0.002315823534925876 0.06695121916929514 -0.3608179118746843 0.18464052826719213 0.7503881464076454 0.14535074123454966 0.15803167874210544 0.202054360024012 -0.3714744694804408 -2.1923518508332047 0.07012330017302171 -0.2806404608308333 -0.17445662407273235 0.6763758045617911 0.11401668449946668 0.4931705632424121 -0.0780834637026925 -0.15281654057199312 0.14462032405162892 -0.17887621174122922 0.21548147110998706 
1.1833410940872309 -2.086032567530302 0.5985457595567638 0.22918716847951703 -0.9231139786808542 0.7567578095635206 0.15665984902112529 -0.1341798407967677 0.6125155142237296 0.1026233085435132 -0.2667540743102439 -0.002945093609874716 -2.040894205415866 0.3158448502480357 -0.31760109201240566 -0.1289085842378573 0.540013619924137 -0.13669699806156524 0.23763422714145097 -0.12217052279799427 0.06000409003887209 0.3019957273886952 -0.357427049802451 0.10150883417989143 
1.8800464216214108 0.08636969049252707 1.2234376976680146 0.6677172993278013 -0.5523973256604944 -0.8451793752028721 -1.4566145042394685 -0.3056772015827538 -0.585918877513605 -0.36182627937305833 0.64027852324712 -0.20014069103254606 0.19232851018187017 0.43896828117309145 0.49522339961242884 0.09691626789846246 0.023877502298723874 0.06541539078399518 0.019413091653915766 0.1947665954768164 0.30471395086028474 0.1014606494014715 -0.07257188632305907 0.1901209872376488 
1.620115796049943 -1.138216606808267 0.7071096413275093 0.3097623641104157 -0.23808658066177268 0.1332164672027693 0.051345607434784224 0.3795933960233099 0.2595014388326321 -0.18007591608575746 0.7782064209720052 -0.10024985551874077 3.1132567809547136 0.18127086346431268 0.9087337675298404 0.575559652296701 -0.9581644685674912 -0.30805580402144445 -0.19292955965123557 -0.014854229746049366 -0.15165858176811098 -0.14426668142961188 0.20498246051953453 -0.13068507187939193 
-1.3616017702583276 -1.242873084153043 -1.31617435249234 -0.3287205779759108 -0.34719498673641724 -0.24529341304629426 0.17905837409861536 -0.09079825843284262 -0.5922840736507557 -0.005000657147673726 -0.10271022864793533 -0.8931850502389542 0.8941209153737265 -0.20265163069687786 0.5220738697620709 -0.1304350153142797 -0.10889415200421819 -0.5213418452648484 -0.7314516864634747 -0.21650042903184388 -0.041536105782428744 -0.07243579171799153 0.39130892421701047 -0.053124766257671374 
-6.535605152837039 -1.9652237706004552 -0.8578495179525802 -0.99927284975873 1.8487782575595806 1.3809822405495649 -0.08238791119420996 -0.1970566231335752 1.070673857596638 0.3570105417196565 -0.5102070799213199 0.7356323016315052 -0.9160620232294057 -1.2811525792025862 -0.06294766682720339 -0.5034824760794109 0.38601660820465383 0.22839420537983365 -0.48814480878576755 0.017055050669579908 0.3172089387514471 0.0315202982190362 0.1737836593629812 -0.14343620868309045 
3.2755441499437223 1.1078281644792547 0.4396956680218467 1.7135399522052133 -1.2691472887585165 0.09496327391827541 0.8046073144654524 0.6321490950912205 -0.8668967695483217 -0.41306213312179074 0.110558501042751 -0.4587074708346549 -2.5499662162889725 -1.5525184608147586 -0.44346295715066936 -0.4511508659526083 0.2378743674259741 0.48511532273015173 0.021690779856634684 0.04425434884683582 -0.16656320067207864 0.009652687804688012 -0.0081567549776006 -0.3545319176583705 
2.049728905637135 1.5298905064833423 0.01801763155202618 0.7990795272580864 -0.9351602542646846 -0.7220944924190165 1.2030055636086683 -0.03304543274746141 -0.5548190294729263 -0.07060607275580755 0.1502210780377184 0.11281998082838088 -2.441922903535007 -1.2157261771069787 0.20375493655281973 0.20098103255097066 0.29692268512859316 0.6824591546002617 0.3134197094782544 0.16501848512862552 -0.2029496165360055 -0.00586982408323002 0.1781903229846423 0.0339471118447355 
1.9956298493715021 1.6671251597493342 -0.423719055792635 0.1255558313735059 0.3311511668977931 -0.6491010147524588 -0.5287107028727278 -0.305566900166407 0.7201519719002623 0.17984958667599427 -0.4084540426946527 0.48181686313771926 0.7771259128117318 0.1463051162549084 0.4455274545706929 1.12493097445991 -0.5360085790344352 -0.24493636373419006 0.5894999248252487 0.3150480561847147 -0.5375598106058271 -0.14457584756140887 0.15253281611495642 -0.19935009159168074 
1.4301207080540923 1.4023062630854408 -1.0374069657037985 -0.8082238869957883 0.15786097434564628 -0.29436307891585334 -0.3559880309598832 -0.22325408089063803 0.8859983364803623 0.07816415407045407 -0.7852717770065449 0.16352879911111162 0.5058191385458795 0.49639691663348656 0.013686378606358305 0.5666992712476319 -0.10501245349982875 -0.6432368225793914 0.3985922581682608 0.013879461370459811 -0.05077680407647154 0.011024578697730306 -0.1810951984717298 0.15410677596346908 
1.2539705103000482 0.7327049374134802 -0.36917439706231986 -0.8576012640475793 -0.20763216596037637 0.6159066583692641 -0.18439566272601793 -0.21789074939133535 0.025373979292515392 -0.05371970385069491 0.12070648022001335 0.11398839479902201 0.444308652310817 0.5774498122341084 -0.1745104891527873 0.10448088614977298 0.25443728767183055 -0.43468104787104195 -0.14155181867711883 0.05359884275980953 0.42083633855449065 0.046950797677689005 -0.3409098624321065 0.16052712609027248 
0.9031011595352236 0.5079098677508096 -0.05031383363220632 -0.4094397387742666 -0.3507312273361136 0.5751121387582964 -0.16492873096946914 -0.11852189224637666 -0.055099620939638216 0.013104836414346122 0.42892641199557485 -0.16558611289267777 -0.22397222394524027 0.5876079031028244 -0.18483111336275446 -0.33611088045473886 0.3926698998438673 0.09292287253791842 0.06808849266035111 0.011610616532460835 0.4235500137565418 -0.030034609721230232 -0.2424960894078517 -0.010773562803004622 
0.9262136666984855 0.3819739207143247 -0.39373415437006926 -0.38727890118657393 -0.17786459527681853 0.22020452002359228 -0.19958489683657832 -0.5187295227679662 -0.07180806505320936 0.07152685247098123 0.007176450100606947 0.16479294086879653 0.5612923241936792 0.3634331769399803 0.04295229329276492 -0.22604855169941518 -0.10548134799322728 0.3390605481054269 -0.24900754885522416 -0.02246430739951466 0.15384987915855575 -0.05273477230767892 0.061917035711109035 -0.13089220990774997 
2.2659158016905945 -0.18515193787345474 -0.4706337469616605 -0.03505242706207423 -1.0350325105277345 -0.3752806273567727 -0.5526588918856563 -0.10766654379970508 -0.33606068261640054 0.1056447050733067 -0.0010184937232867175 0.17044721448523822 1.2327902340571841 -0.1583558181561878 -0.490955276355108 -0.0041297503388151675 -0.5613017721853661 0.13614449787120456 -0.35649153387876537 -0.3064855856356236 -0.006209198464997133 0.036804990646611135 0.3206367039916315 0.138746816961455 
-1.1113137833586748 -0.011063690594328435 -0.2878713202758876 -0.36664926480543 0.4509625196151159 0.07392139711051807 0.7564920642977482 -0.15592550141612715 -0.2956951273447707 0.05821467874286157 0.14992782594611703 0.33864836083331395 1.5788800987114637 -0.212582650901273 -0.9753778481385785 -0.25180495685287074 -0.5990569725460253 -0.0069504136716623905 -0.41865802627025234 -0.5909001150173325 -0.10794126733125013 0.17185682218237375 0.2764314588797555 0.3332410034823186 
-1.7765058176077486 1.1794961278736995 1.369620578386027 -0.4073653059483931 1.0187605317740176 0.23982020660121983 0.42650739009966376 0.6195328539845746 0.07547150560113386 -0.09065404866142746 -0.6043593879020748 -0.6687542737593015 1.7114348212005863 0.391474835863729 -0.5209776700365937 -0.25607199050847956 -0.4679504379974994 0.0987165965501321 0.06949734600281206 -0.1259528577605308 -0.15408341799745018 -0.047602254265953735 -0.1146098314460196 0.013912139682554956 
-1.7892158197867347 0.33739784054456656 1.6122722273718226 0.5542924088151977 0.5924098012103813 -0.06649465594041681 0.5668060409815185 0.8903711233918917 0.046249642831773796 -0.3458942372087729 -0.5204474794492655 -0.4153293254558894 0.2751561934908828 0.8585975718615394 0.23478413260513142 -0.12440638585914927 0.3962863057508718 0.45219335296337065 0.7207011739418819 0.29360673577501145 0.090718537322637 0.032616243642713705 -0.09064994309777064 -0.03391335545872511 
-2.5294376436971344 -1.5338072110340892 0.14222748932426565 0.2726927076530507 0.2980951626671309 -0.6012223904817016 -0.6663079182359777 -0.25295628292212213 -0.04478281371232229 0.4505059258469851 0.6779986533124633 0.505699638582175 -0.34014188007220475 0.895243439949807 0.8823355929189933 0.0613587900547074 0.48859767839230034 0.20670754855724102 0.3345173283265022 0.37235551691098284 0.041576761611650116 -0.12163777499646289 -0.3369368328634687 -0.3448172405198829 
-1.5603164507866305 -1.2302047367250522 -0.3785271735604012 -0.33345911402870404 -0.3775637130840561 -0.8621373632381333 -0.8592038033600768 -0.6005011402878132 -0.5077235796559536 -0.31021403943948583 -0.21930136536784012 -0.146838528961249 -0.4915641217892816 0.3428340974372998 0.7078971138213964 0.16078944833248443 0.042207668574092826 -0.2974004423973256 -0.0890791390017982 0.07314725003913547 -0.16233453735976322 -0.21497757649622154 -0.21343291864061764 -0.16299903095004972 
-0.8705298618911863 -0.7224329033409123 -0.2819864999048409 -0.14756591469056446 0.0379542537443352 0.01751891457835497 0.13596032729095486 0.24790243509147858 0.2277278320100472 0.25641917744331766 0.25587805364761873 0.23145204955302695 -0.7577261026237195 -0.37815386608833923 0.08774393170244876 -0.06665315032016585 -0.2125950639161763 -0.5816794516645495 -0.5320914014617536 -0.2888729934654357 -0.17571345707511385 0.0017614278450196474 0.08466451099211998 0.07022667315785384 
-1.143977345321864 -1.0967916056139213 -0.2993121194778132 0.28205337498955196 0.5958572499495007 0.5163360187215318 0.4329093352234469 0.420500014267685 0.39699793204987877 0.39608186648172555 0.33091157630500967 0.21079156190883375 -0.3655985878066968 -0.20292725564451783 -0.013712934737849625 -0.13006439355904734 -0.22122715678679614 -0.398861146045198 -0.34113379837849434 -0.17519065784947851 -0.0839059247872508 0.021765655711434424 0.06997708225612438 0.1054731671576211 
-0.4644288885583592 -0.46605217832463697 -0.16061183282437463 0.16489591410442028 0.4491698728988814 0.45457927353211447 0.28390971685752114 0.10316212019643584 0.029996801660103017 0.09207368935132051 0.14889864949967846 0.11620457367357218 -0.15740630407882428 -0.04770590994746563 0.0831059043752969 0.10055855647082505 0.1328867422124121 0.07076997687687685 0.06483823750294751 0.08980185756241059 0.09743154829267682 0.13140727270405306 0.14091963538047184 0.1275434432099987 
-0.6665711740329536 -0.7496133322996363 -0.3980757028870855 -0.09949684774905437 0.08050994769905917 0.11591589542058092 0.09022289699212294 -0.002559009291856318 -0.1571402901192291 -0.29333826252779055 -0.37574291006224314 -0.4056342924943849 -0.39989172116739446 -0.39096745471410593 -0.12550912653279891 0.09032827523150104 0.24060178313788802 0.23671310794649303 0.1981977727576046 0.17746687905767058 0.17294790598440224 0.1936456254953387 0.1844819533684099 0.13658663605868693 
-0.6370140352991687 -0.752904310155658 -0.4819224213260954 -0.2584664727337364 -0.10303232176768029 0.005419045598199876 0.1127888338977743 0.19002637418401747 0.21250229821657063 0.2069074238359165 0.1864463906898296 0.15703464712464016 -0.2644180200745961 -0.2974608908372338 -0.1685588847689444 -0.031993676274894654 0.0837391253418585 0.09910206918675847 0.05789348358841532 0.012424856313486138 -0.002955670743377497 0.022288098427969777 0.04597176445709924 0.04125966155800829 
