0.0 0.0 0.0 0.0 0.0 0.0 0.0 0.0 0.0 0.0 0.0 0.0 0.0 0.0 0.0 0.0 0.0 0.0 0.0 0.0 0.0 0.0 0.0 0.0 
0.0 0.0 0.0 0.0 0.0 0.0 0.0 0.0 0.0 0.0 0.0 0.0 -0.11323046893185544 -0.15676801814692634 -0.1279791522399234 -0.05301881493103561 0.0349315865915061 0.08168617152299872 0.07185926048048615 0.044534239253196904 0.04395201130860496 0.053842746451093305 0.036072310229962996 -0.008346304770901944 
0.0 0.0 0.0 0.0 0.0 0.0 0.0 0.0 0.0 0.0 0.0 0.0 0.12690350623022528 0.152124258015545 0.08253692397139867 -0.0033002821319266886 -0.07470395817488361 -0.09012247378438727 -0.04263398087021286 -7.062155312710372E-4 -0.014159058455988874 -0.05077559676167084 -0.05374547652525685 -0.017031541550356605 
0.3396914067955663 0.47030405444077905 0.3839374567197702 0.15905644479310682 -0.1047947597745183 -0.24505851456899613 -0.21557778144145845 -0.1336027177595907 -0.13185603392581488 -0.16152823935327992 -0.108216930689889 0.02503891431270583 0.17476210673406975 0.2706741466996438 0.2910195617208362 0.22445030076802827 0.10855536610472204 0.005240129222169941 -0.05330112785709717 -0.053791311162792364 -0.04471341809647134 -0.04641430304514967 -0.03950970248905439 -0.012660120601587646 
-0.550556222088459 -0.6915248012670245 -0.4395795002740811 -0.06962737600077334 0.27650925441191 0.39289667863765987 0.2356908333313678 0.06892000547360846 0.10840519233087406 0.23309090996165246 0.21534489492071504 0.0385751674947169 -0.056857827006555915 -0.06678662072532064 -0.04804888326146874 -0.04941879697088424 -0.08242457833066899 -0.11224308024399188 -0.11862241701276353 -0.11082903327083789 -0.08248302191693624 -0.02997212356588629 0.029868515858663073 0.06895236352709093 
-0.24900820915797972 -0.46626003946541905 -0.653268935025468 -0.6385372143036981 -0.4639207255201211 -0.21216872698533976 0.04205796690560759 0.12691393075157287 0.079937658123977 0.022697454154622765 0.010856660006805643 0.01869277805740449 -0.07986934417091351 -0.10392526213363891 -0.10107414173334983 -0.1149045038341029 -0.10292306079702306 -0.06549597365053958 -0.04324198538893153 -0.04891957618673586 -0.05545453238830598 -0.023085726490825714 0.035178121212161934 0.08177837908535476 
0.46492328899644075 0.668641909129061 0.6627498456570253 0.5470532204610552 0.42683671786480837 0.32028434694014746 0.22704937686475757 0.20222877555693186 0.14155221972591278 -0.0021964760562924734 -0.14914234292433654 -0.2036840224536221 -0.25313036253461113 -0.32866927558943765 -0.23628295521099876 -0.07986142968856288 0.08507402391393139 0.18602563987990509 0.18022004882906684 0.13977562556387127 0.12258645201699858 0.09708083291621035 0.03856597857838772 -0.04256730565646269 
0.07155968376585697 0.10199648564365305 0.13599520895426642 0.19542965806450124 0.12881069089010166 -0.012264427768621189 -0.08153109704135875 -0.053498374241044824 0.017934049541583688 0.02537263312816969 -0.03150767540384901 -0.09916662796918896 0.043705194528441016 0.018763176739007514 -0.05979997332092594 -0.08098459715921354 -0.08468102253437415 -0.09004866531503886 -0.036175431573756765 0.030558916409257675 0.0613786453914163 0.056746813586725925 0.027509812426024724 0.0102974966897115 
0.0485509190534561 0.010354762946752416 -0.12536270663095195 -0.24702652311918438 -0.27507852553499557 -0.2651323906104146 -0.24317478118234948 -0.2602007187216965 -0.22835235942892507 -0.05948917827375206 0.12082912689087921 0.2252067874774017 0.18362123822767526 0.2246912099719397 0.1674159052362847 0.13459424239868148 0.14528832477031287 0.13947150057398297 0.09899769539234175 0.056381489765220554 0.010099341609613796 -0.062100476590928155 -0.1114539016311457 -0.10361892061338095 
-0.17193760777181044 -0.19340599659128732 -0.07981273891870155 0.0014564489640622735 0.1410799637829033 0.35068563773505784 0.3856963406504314 0.266451928663114 0.08075401152714703 -0.1188966354968252 -0.2066585121788764 -0.2266451169772419 0.1748954503069259 0.2357479362682565 0.21906658262106427 0.12160127778342657 -0.025264318373661842 -0.11526535156127406 -0.10377561581852818 -0.04375094530906637 -0.006229140867153181 5.539871000350081E-4 -0.019107621237716785 -0.05514719528364038 
0.03580822008224871 0.14226952033071205 0.26840610388465524 0.24025709781523025 -0.015162892892531088 -0.27960518753364094 -0.3035574281581628 -0.1268908451908092 0.07984421390428971 0.25623958802898944 0.27279478035661425 0.17091198389054718 -0.03787142937077892 -0.057783178093233335 -0.0934754748312268 -0.097866173512967 -0.07847005554740662 -0.02561811604639877 -0.0013722364365479078 -0.029214372289511126 -0.023198492215373196 0.029830042485530294 0.06204908185065389 0.0557276215567273 
-0.4467553176693171 -0.6712047018530962 -0.71808894416673 -0.4130159857529858 0.07464582968985495 0.34076802537681417 0.25998707390213244 0.01109952492071066 -0.11747681452356415 -0.13415371132330609 -0.05016763842356617 0.09342235967515942 0.6329207970407605 -0.33544716426267857 -0.1777127984551199 -0.19738782931544555 0.11475838280592639 0.2034568391370224 0.09038698944804933 -0.13090167511242307 -0.05206978751678163 -0.09077841971648305 -0.08209615389311307 -0.06057280162967762 
0.2995740621145462 0.4226036498573569 0.47420182048674264 0.25380821477824067 -0.006451291846251539 -0.18331923629209645 -0.17620343849855627 -0.04488139998196144 -0.05964146975744987 -0.1413507678171025 -0.14356355553873756 -0.10200981551898086 2.5222166937312167 0.3249073558305936 -0.3263955137018358 -0.03129588905335118 -0.1334703617759477 -0.16350704358540002 -0.08415797612183562 0.07720949875725354 0.04545936631205799 -0.06166020896290566 0.06425803373117141 0.16012724141200677 
-2.202582919910241 0.6727684314334259 0.3504277981456144 0.5868443784288937 -0.20755098515801565 -0.30782785529678164 0.05085837747648014 0.6181522313959593 0.3067062159083617 0.35223380157566997 0.24780911744813874 0.09153418761655496 -2.749459684070169 -0.12053140036471766 0.10085743546003505 0.3718492341299633 0.5881975353179861 0.14847842062869224 0.10076209306142574 0.2668250296864559 -0.05852949988692056 0.17231684018522045 -0.04232556142606241 -0.09100469282223744 
-6.6529280599909395 -1.5044391138043298 0.7133342738339905 -0.16578541711565598 0.5263465998592474 0.5352138835593571 0.0534808484201702 -0.6620456947001941 -0.2686254002478472 0.19802645846821837 -0.06896769877275244 -0.30852565431617085 -3.813420762157385 0.22166128283620434 0.885585339461285 0.5948985378039278 -0.32030381170998723 0.04214990690871401 -0.0219803179714415 0.33365459514848433 -0.06324957671699928 0.06682082586748188 0.142097450341283 -0.027535054306520035 
11.277874795593931 0.6539108810719001 -1.140227477220459 -1.3187668721959274 -1.9563457221168528 -0.46393379643498933 -0.15714134874150798 -0.4807934167795408 0.1626036503823962 -0.8207928450216279 0.0395111174716285 0.46969435754046673 -2.741753582216276 -0.2243297452997246 0.1862538433145731 -0.34540918788991815 -0.14693642543817922 0.17564800153010518 -0.036971185468050206 -0.22549408915438698 0.12984963427914084 0.03822328507509431 0.1632857409390528 0.05419882373404781 
4.999607490834615 -0.23295142347049325 -1.4372265602140757 -0.5780817733211319 1.8288575117631287 -0.2317159864491346 -0.006262621475237706 -0.4963723613396644 0.20215854315653076 0.24470007787910075 -0.4657069065743314 -0.20848473756137664 -0.22657229728305564 -0.5558527184290258 -0.018933756844592826 -0.1934625263143892 -0.256217455734513 -0.34464660286587306 0.2563468183626996 -0.3456586770548215 -0.03503706810432141 -0.1072193494586575 -0.22745825132450226 -0.07241286340365462 
0.19641005132581135 0.7100138221656813 0.8669466852259282 1.829220120201386 -0.4179971647954186 -0.4513069248828514 0.19164366882833472 1.2117978321788554 -0.3182346586312498 0.21422713664494586 -0.0436785014682301 -0.12108274196298557 3.841143671095059 0.08353136982500435 -0.4871548751169173 -0.059676676217708925 -0.10162292148389544 -0.28476294769968397 -0.16430097315190348 -0.31806226836814727 0.3310491111922281 -0.29595609092453806 0.01607303770266032 0.2223632001672086 
-0.4324787960077128 0.13506757093585708 -0.23345153685542464 -1.159391334371145 0.5258246884020692 1.5628402563809074 -0.88995211545285 -0.4713652880149277 0.07690495857194002 0.0021745160109039874 0.6550018646706837 0.20410148564651914 -0.7678674887783054 -0.35168026323405793 0.16370698524308325 0.1637919625929308 0.09053010500020602 0.17316803953825555 0.19909383416149887 -0.19252969097643594 3.693634319488585E-5 0.24398409850838107 -0.05215158411240337 0.030815788503378367 
2.4704869257299187 0.2193072743937119 -0.2806503635490325 -0.849082063017794 -0.9999605459846368 -0.5069230747509585 0.7776063177030086 0.4608898516625326 -0.7679168909019927 0.1883382086860847 -0.56906238125886 -0.4036883545651069 0.43738946038936327 0.5883526589635385 0.4247419385836269 0.18985005941190516 -0.5283490085246159 0.2693587202944563 0.21852253725782125 0.36018859081133786 -0.12930167881699553 0.08326741099979469 -0.0823411123734556 -0.12377972066413828 
6.166171519967477 1.0674426401176653 -1.354548991555845 0.26969343050966577 1.8482488873571197 -0.7234120301298477 -0.8965254483970713 0.4566707018478049 0.42688885026231754 -0.47430775366661193 -0.04656021434180635 -0.15962929677045112 2.9976533266143472 0.5477264694307244 -0.4560947000033675 -0.9598435179132979 -0.08682992031090316 0.05863924418506442 -0.13619256343063643 0.07431849656547174 -0.351032852311977 -0.07429087717783066 0.12274135858783468 0.11764328515852839 
-4.4150834878298735 -1.5212316893158384 0.1532695968252577 0.5451275595252651 0.5058377613009037 -0.11625694251084273 -0.46063727647301844 -0.33278593518652466 -0.10532156802545195 0.20266603848431974 0.5541258751583817 0.4321218112379144 2.667186254048042 -0.4282320359809426 -0.6408066066924064 -0.5435091001640467 0.20978885515212 -0.1686659431980305 0.015937476941061218 0.14299474904636966 -0.246524560558919 0.22931075064324122 -0.3106892355928879 -0.27808098184403623 
-5.982653569070858 -0.6378423555015411 0.9178725829675326 1.023034408097219 0.03341529569200841 1.191589457705656 0.13774737192707276 -0.29748288428681424 0.7987058540696008 0.21788323264527842 -0.2748163393014412 -0.5667334527305766 0.5805003970021406 -0.8736747960959285 -1.088530884274595 0.5093721066095928 1.404887533209319 -0.27644757527167174 -0.4342184614777984 -0.17228402182809957 0.2945449696349207 0.10858732419045736 0.027922544350725498 -0.2367370587482687 
0.5433407081049602 2.356645880146143 0.505558669266498 0.40477474868056973 -0.7219103156084411 -0.958425989074619 0.21265747671775292 0.4089823975907332 -0.21425171112887736 -0.8456895363995841 0.47713338799962124 0.6341066689470646 -3.051456254083852 -1.0663891534073853 -0.2840388392405398 0.7728360695815574 0.7071050168965818 -0.11637936759223318 -0.18803626200394788 -0.13856064397680198 0.2581326519843869 -0.10361491178801858 0.2390519881026064 0.03635919388404226 
1.9454582309936388 1.74952824367446 1.7348991250473202 -1.188246483896765 -1.7525396738161643 0.5270152189670556 0.06948255944093829 0.6026386009434748 -0.402280987090732 -0.27589193879603213 -0.09183160381460259 0.44958945061977995 -2.4017504227063387 0.06020930658243984 0.46275388960099706 0.5221083874651288 -0.17751246329400372 0.176332379804371 0.25258736224839873 -0.2296525473957894 0.15308085029264962 -0.12077848585168627 -0.1184330904040772 0.07230643894474857 
0.7752293743894345 0.4842504713183171 0.5968728435069832 -0.6677402032224151 -0.7224998046347553 0.565168279635157 0.13760391578189246 -0.36716474587126324 -0.2792261033984463 0.7603983595690308 -0.2545224568928568 -0.1851172220893907 0.051078405084100886 0.7092343242717393 1.182714563042249 0.0038148713584866454 -0.8762930504008479 0.0387094172987749 0.08569178363675678 0.30668952066699406 -0.3465781601444024 -0.2332890598644206 0.18655143576786246 0.2366845394445202 
1.1066533659059203 0.1177274291650523 -0.5160461729557013 -0.007033278346674887 0.5662474300871767 -0.09920481606234494 -0.5824879343501932 0.7795483296315522 0.3719504993264364 -0.22282525778397022 0.4463108543570294 -0.3740408240465948 0.43984953690442524 0.4703589456720098 0.9226771932685484 -0.33053685939322003 -0.7418243605263757 0.1831729816954529 0.09597353202865781 0.1795888841119929 -0.21160557546269906 0.002087395918140278 0.005218070185860883 0.1328499641088066 
0.8095079253965167 1.0448433145856288 -1.9171123708587383 -0.19727646816993527 0.7475752836424321 -0.7614442234562433 0.2815673727030483 -0.5995410287542877 0.4383670260957455 -0.17235569731235323 -0.35159214838978203 0.3358681879466914 0.3317986644219051 -0.028686802024168106 0.36101405060864716 -0.09631785129557328 -0.40327133448200164 0.35664018776555045 0.01385134657197118 -0.08123464696372258 -0.11651076452284699 0.27925786123568325 0.1166674896997667 -0.23354715673544554 
0.608770344776822 0.058154985024774675 0.22386015242453627 -0.4318677732433449 -0.2621041363756309 0.6408025254263972 -0.29041976510561307 0.18006009004900836 -0.12626082544973072 0.18422290189023904 -0.05895096862372262 -0.2094531467246809 0.06086341246668011 0.3360314515021132 -0.6076330783198197 -0.011297840543217585 0.33755085677002555 -0.364990194357812 -0.021908645939861415 0.06711663944319324 0.17323773396507816 -0.047025212355780686 0.1107545695539605 -0.11801205615862768 
0.02877489168826841 0.6000970994609602 -0.8561224710090771 -0.16636940188736027 0.9014899820426534 -0.8747559544058653 -0.04998420855631114 0.17628331481117643 0.3194118525581783 -0.2808993039751235 -0.35189401450178087 0.4332304094559891 -0.35860784094162845 0.5814510703855925 -0.2621075854411412 -0.1914022115589872 0.24496998099653025 -0.2550270832474828 0.15363870363768847 -0.20132747126887893 0.12456550930069062 0.013097651146130226 -0.19127652673454723 0.1755020378858332 
1.3144296453600042 -0.6679938177789531 0.7763581120789274 0.011406710141690368 -0.5233624894230107 1.0524216324859021 -0.3509862059009292 0.1902862395192404 -0.0882851158000145 -0.02747781738524302 0.11419807875114729 -0.06868576632536061 0.7326442459862132 -0.09791250358650465 0.16264125578526098 -0.10292849145778134 0.24954780139501417 0.2645262791658906 -0.44350797205835835 0.034635058113636465 0.21627558054634613 0.057350398439303917 -0.1481592891497674 -0.0034389955411635123 
1.532501797929811 -0.33643549516928495 -1.40703859436251 0.15529292481450874 0.1432945171765312 -0.20217252724354745 -0.149065517812359 -6.716896827669849E-4 0.045682643368815556 -0.10579829111300287 0.13566290812642468 -0.26102161591046846 0.5734416480582532 0.09660029695926149 -0.306445380080795 -0.018211274975812614 0.5110310878242403 -0.0958000512713405 -0.4086301065738677 0.15782589599495167 0.2379348608895798 -0.22706431576811922 -0.21888292483006566 0.21593437262116308 
-2.341025846302589 0.8201587930994112 0.011394446745469855 -0.2839134622209354 -0.6316498081276123 -0.48906802565243357 1.089644805697486 0.16463241795507066 -0.6382229624940878 -0.07537879985873303 0.1417484375114768 0.14798985258203842 0.5111013122462224 -0.22944644154046281 -0.21439415974732964 0.19047589953913602 0.0973276110032812 0.3200104131087301 -0.21930290631606222 0.10701305426994796 -0.08509152531783022 -0.12419286174651782 -0.047532168242025365 -0.014049928880657795 
0.13617769334480556 -0.4337800968560064 0.4456955019000367 0.035924509221390455 -0.5774596220777668 0.18338902847732402 0.45559060536608464 -0.2843674623915937 -0.11942380676352443 0.4242441345659791 0.29097958060825135 -0.3229105178611996 0.37074438177986924 -0.06579468102539791 -0.6679173922579277 0.03933544946885433 0.23439103277782056 -0.21793245032224348 0.10229029378783439 0.20656930254819392 -0.12792169876173068 -0.17461825027316794 0.05378733510855025 -0.043872933446196284 
0.47928776091383973 0.06901780768579613 0.4931735431896427 -0.5003367806791585 -0.4549682528057053 -0.10039038470072381 0.004594451458035609 0.01109496306380986 0.24954268521964618 0.08007955501481945 0.17913624723631005 0.004408471291978355 -0.6486859308736422 0.26408803648181706 -0.21683370002711086 -0.33724601268460447 -0.205542657512067 0.03550649184898421 0.44177170584041686 0.11613129141475702 -0.10392007059482311 -0.17162104054659974 0.17206519528430766 0.007794626561989588 
-0.9898881510180111 0.2365190406137163 0.3558240341891865 0.14549823563705733 -0.648219358817884 0.2572860032473281 0.086588777943863 -0.5436108698817183 -0.014435084202859438 0.34032728226972475 -0.044393002061642706 -0.057612124926849556 0.032045561685117484 -0.01152160268711396 0.06814376439286059 -0.5265763195890143 -0.1756381945964153 0.3507651001776471 0.06138869682459114 0.015077124836652337 0.013162203831992533 0.036786330128861865 0.15842814892590673 -0.03628200883837878 
0.1680648684997461 -0.3072548850809014 0.7068312806822274 0.6730377126250446 0.020358032778647228 -0.6325359885843882 -0.05116939811265375 -0.05413975254413811 -0.37895711198995097 0.4814427479291933 -0.2067608570064992 -0.008043223571105373 0.027462150210771696 0.006134346011458606 -0.0932077121825841 -0.25680831078219485 -0.2868381537787828 -0.045448251276266394 -0.10483791630742285 0.03144437917949022 0.07878665264552533 0.07152165884359957 0.21108780333694685 0.008474760128681516 
0.19565245449649993 -0.21107894241131575 0.13443533997516255 1.0289662213363318 -0.2882081810806971 -0.6028334701137852 0.2993064396776559 -0.2969814790975768 0.15533948034529654 0.11320354772220659 0.008643685951935792 -0.20783864391452142 -0.3175578071760201 0.11395576039302953 -0.06310776401786218 0.04564203805777015 -0.5031710008479985 -0.048295977594677 0.1791101974665725 -0.10756605610698354 0.012273669010703278 0.2725402555203263 0.03431945258641877 -0.01941874848810243 
-0.19586899247573086 0.27441376116393634 0.883491026844407 -0.17164584118221127 0.22554061966204975 0.466014105808632 0.21274936951340773 -0.20655286986673155 -0.07170455499100781 -0.02092355424222017 -0.4806455067813197 0.054097450399769736 0.44690762150410607 -0.08131380612280677 -0.14885924263562625 0.2322448971237284 0.02260634070647849 -0.29837273917356283 0.168242068893536 -0.011328833225420831 -0.08030337988514429 0.35640471436469606 0.022257881459804507 -0.05364291940458765 
0.14475220099778774 -0.39618256368779114 0.4568174531616833 0.4309138983673748 0.7587023502844104 -0.147101111165151 -0.5827011982688852 -0.14470614289947092 -0.20488236973444085 -0.2261103332055475 -0.01040903493348877 -0.030426216447979826 0.581086341463586 -0.305066021567006 -0.11712581658528916 0.3011593046235738 -0.08670678025302674 -0.10940081135823153 0.3049946842767853 -0.21781109260260134 0.018595375645661272 0.16670903120676614 -0.14463140036959088 -0.08816396326113206 
-1.147207869263216 0.029238343925756638 0.9922179519958458 0.27532918273833795 -0.570916255023342 0.034716049461983256 -0.11489178581999115 -0.09629092096692854 0.04206395270535057 -0.41811445470101805 -0.26400814094320046 0.06417932090938677 -0.05819505846217895 0.1000126004497816 0.12461871344792153 -0.2016437868708086 0.2036261638501724 0.06400327126682853 -0.1983794072046325 -0.03918566581401176 -0.24457697237114406 -0.1557609561613873 -0.1566615763404565 -0.19317618837889014 
-1.0719371315005155 0.8267068309087922 0.4314493271553106 -0.09799920449466426 0.37014059702107893 -0.05898200786576624 -0.4518570354860004 0.3013208242603257 0.04266909956013354 -0.18832809566869285 0.33421920414164885 0.05161231061406621 0.3156314763035371 0.012871207102688112 0.3553121119719626 0.04976761537015221 -0.2631938932776156 -0.20553190679926278 -0.3143506693566584 0.15897464984861423 -0.13486028050890161 -0.1569867175683272 -0.11013999343569876 0.04292485658909135 
0.5870608491599576 -0.6370687374837001 0.5223189495038287 0.6977420708612341 -0.19105699525680175 0.22994474035845403 0.7424655097358629 -0.31200935600459456 0.5382506274751372 0.42746819547351433 -0.18297489729751898 0.5926067520054171 -0.3594895623511228 0.5993830775482664 0.4986060253891478 -0.16471897171493452 -0.07137431662550386 0.052503749640123755 0.04292315835391356 0.049392658120840795 0.11785265651007498 -0.17649574068906307 0.10216418048932467 0.22058658508305914 
-1.6692765871244104 -0.10164264429112713 -0.3741693815081959 0.07040460819547012 1.3583544002339871 0.37188026378440187 -0.06832783797683706 -0.5137708749264805 -0.048394865592629316 -0.17794150558783214 0.27949432355076675 -0.42341450176326906 0.5418917809996087 0.5736451135627694 0.34272865154820176 0.06129962071224785 0.10680865948749214 -0.02703732551392889 -0.126712889303264 -0.09142052909038383 -0.011619045646905893 -0.1449563939143521 0.037670795489680005 0.06784184279556445 
0.2299305456020999 -1.3047361511190827 -0.10079076983984425 0.6852841915380743 -0.8509002067532845 -0.33822633528347207 -0.43542585963631353 0.1630769542639522 -0.26596203424849296 0.10617947232574082 -0.5431382421157334 -0.360067028151123 0.5492170591582489 0.19840205370528366 0.4582363625730677 0.3169176303460857 0.0865554054454647 -0.024264474208090914 0.02120069744743658 -0.3833729153739527 0.25220136568457874 0.1804137501583032 -0.02957363415587506 0.1171110991505697 
-2.5190473227204127 -0.5603948029618246 -0.2851817678174582 -0.2756691269698279 0.37963622430684385 0.3062155064969835 0.5172273171098798 0.3380392563972038 0.4796325673626663 0.40718544764825026 0.401288490081716 0.32442367230564295 -0.20798650209075217 -0.32546307052737955 0.025083828719124106 0.31379126807918317 0.29589850907406406 0.07592947215164896 -0.08661341661407873 -0.15202640279859658 0.058359690249754986 0.11823391884784588 -0.023396724619075843 -0.2744596947704054 
-0.6357049605167879 -1.0028988192642023 -0.8968839450607433 -0.07997395259437401 0.0386358763703758 0.33557054162643596 0.38608583985019473 0.41220432445542127 -0.48236718605624684 -0.40633653161943645 -0.15515107809536843 -0.13264563248074798 0.2161702049739831 -0.4037946788851099 0.10369518588583675 0.3219611952960548 -0.24633779066909192 0.0709805747731665 0.03596543092615967 0.2911745433747183 0.11954268527080976 0.2021318500046554 -0.05198022557373292 0.008569722935610683 
-0.61249932779271 0.7238279013635713 -0.05137428005511868 -0.48834012397585524 0.025890831449964846 -0.19280659112549903 -0.219243437877855 -0.18225535162642537 -0.11527136043801733 -0.2763852601587812 0.15569091539781182 0.28625388471275964 -0.22859591984451577 0.08219927187680735 -0.12809817031821832 -0.26213722087455366 -0.14704711847969973 0.09156671212298538 0.13566303415477685 0.06331626592676041 -0.12193936226074785 -0.06036444977016945 0.1195625211950041 0.21293693487943158 
-1.3718540667837007 -0.735463466626451 -0.5287800713785242 -0.17426389584707658 0.06498586168243076 -0.30165701079173035 -0.17508677492092511 -0.4502993718483882 -0.3271381261605804 -0.15843072378470963 -0.2643987780525825 -0.36669130316151344 0.03544169392577438 -0.03644405599743653 -0.11422775619239663 0.08776835748178752 0.03934531513224978 0.0886169621816744 0.01400738774276263 0.01690611647781735 -0.2884599903593555 -0.23509001754202052 -0.08993848434911063 -0.06544336889501229 
-1.4651850100534087 -0.9407102949111223 -0.08493919370391279 0.5578875072801843 0.8076025870899155 0.3501291463371105 0.39082452203110923 0.5793423067688273 0.7678361241970766 0.4643258930413952 0.09722477647531072 -0.19736429699226918 -0.18111660318726922 0.22962786506348842 -0.051884864823905495 -0.13912492543148788 -0.02389302137359679 -0.14784297330846444 -0.16023383463161725 -0.21384106662669047 -0.177063806068794 -0.1779161459757607 -0.09455783358167515 -0.07221942287754181 
-0.3156872011637617 -0.06129755313454588 -0.5374182196591564 -0.8663928406677563 -0.47025594684634886 -0.20174821364989204 0.03902969666742473 -0.01931285417565709 -0.058540957295727336 -0.07142205559346304 0.143897444413214 0.3054935650568033 -0.5913654171986978 -0.38256286563007863 -0.2228732357628798 -0.012991735157294793 0.05568787351359722 -0.12557545394061406 -0.05803182212655388 -0.08758367925297221 0.02182407651634573 0.07498111714541379 -0.037137612274155685 -0.1329019467051559 
-0.5972329510408718 -0.3021386505728465 0.10859938855691387 0.27509912472894826 0.365190799835145 0.20076793022897516 0.15439983022282178 0.24377458941728047 0.2816214733359381 0.21385884367287764 0.23521630490993906 0.16681971923622663 -0.5412830775888593 -0.33993120068542365 -0.052652316410808586 0.11652406152804841 0.20561400644471636 0.03551933707302544 0.060369217962791134 0.11307553103814227 0.17928572794080555 0.11633339102372146 0.058614653237843505 0.004306482879021772 
-0.031733844693875746 0.09293930809464701 0.04307034477970184 0.006105500900425831 0.11912813476902431 0.14974995908417954 0.11722103736288025 -0.01976447541369819 -0.14950303027904838 -0.2581405505366922 -0.22198170544742962 -0.15007747116029363 -0.0164789489011626 0.1122152337397578 -0.11603513509293872 -0.23891429253816096 -0.06809618305001273 0.054425347591548046 0.14291710508510358 0.1251153470195521 0.07844042973013911 0.03054076035333512 0.07243762935694563 0.1063055624079224 
0.01668754447822618 0.0019648765305522176 -0.21722652669091613 -0.227933848088052 -0.10393147305192013 0.0678220487509984 0.17062119779500806 0.24034152427342098 0.2754599768663204 0.2086849674418454 0.10432039169210201 0.017501772479213966 0.019670440021632984 0.13377645462688584 0.08049610270545682 -0.006196136598245731 -0.012786937589645922 0.029385777454472423 0.1176724437135509 0.15591743737781408 0.12098393352161234 0.07149217968144163 0.07880166549102952 0.03629766496534442 
-0.5732106022198229 -0.5499950179055186 -0.0263998567564252 0.10186652335522667 -0.031406261252778095 -0.2985513156855478 -0.39783230237397915 -0.3929423626623837 -0.2907814982513358 -0.16045739853795227 -0.007967487048704376 0.06123585121154246 -0.009031715195910875 0.012139965210683501 -0.041418248347172004 -0.035148499110352845 0.07805384532688803 0.17790309174770225 0.20719031269801358 0.14240521076319415 0.04640460582570721 -0.05209619700516895 -0.08310571261777995 -0.08786587054692614 
-0.3855058923427972 -0.3820008514534212 -0.09815381879139307 0.245807023296285 0.478818810614984 0.33676123525042156 0.05890916895059875 -0.03738877909181898 -0.010691093242755134 -0.04945927137081721 -0.10819580076251212 -0.047729936845724685 -0.009408561668222978 -0.004979539427920472 -0.030768062286066784 -0.019317007379968037 0.032758495032778945 0.0521206435659422 0.0412434323922127 0.026847481698821996 -0.009506920713201547 -0.08235177554383018 -0.10560505051668977 -0.051076800580063676 
0.19645801930436857 0.24850227645458323 0.10778873587145632 -0.12531943746068414 -0.40640854304509183 -0.5184289094086387 -0.44849388630895576 -0.3081149560206607 -0.14564131270163222 0.027220159885145923 0.13359352863321727 0.14613599514295417 -0.14052450121746615 -0.09581785113814105 0.08829485131333198 0.12244725219770254 0.058600338465783386 -0.07370025380719337 -0.16387339678819812 -0.18040645563719818 -0.11374214048344332 -0.04818832423681798 0.01969172488818287 0.07564398544900945 
