0.0 0.0 0.0 0.0 0.0 0.0 0.0 0.0 0.0 0.0 0.0 0.0 0.0 0.0 0.0 0.0 0.0 0.0 0.0 0.0 0.0 0.0 0.0 0.0 
0.0 0.0 0.0 0.0 0.0 0.0 0.0 0.0 0.0 0.0 0.0 0.0 0.13317869042591113 0.17978499510531387 0.14705961412106971 0.09069348910431864 0.024589008254891447 -0.034620609899968145 -0.043299738495191975 -0.010184415117168888 0.026507086338588365 0.05509465932761066 0.0723918001112465 0.07772771516254794 
0.0 0.0 0.0 0.0 0.0 0.0 0.0 0.0 0.0 0.0 0.0 0.0 -0.11647917943957668 -0.17210721356120948 -0.15603520456009792 -0.06902286790073378 0.04529669798593209 0.12287418083547992 0.11315685845592131 0.05331509306997545 -0.0037930291641435493 -0.053954624494924865 -0.1065071197912708 -0.149846041251138 
-0.3995360712777334 -0.5393549853159416 -0.44117884236320914 -0.27208046731295593 -0.07376702476467434 0.10386182969990443 0.12989921548557593 0.030553245351506664 -0.0795212590157651 -0.16528397798283198 -0.21717540033373953 -0.2331831454876438 -0.13620052980475914 -0.19072715551480635 -0.15729991848175162 -0.1011975338539547 -0.04010637551753609 0.015510650156278366 0.025947880045310522 0.0016936787170898128 -0.025184425166649742 -0.048192121405845556 -0.048480418021462225 -0.029811514315146254 
0.5492055739575967 0.7859991333415992 0.6886950348618983 0.3431088373586793 -0.09900658157545911 -0.420553457356392 -0.4044201831105519 -0.17522190188567968 0.051139717000313195 0.2445058624761906 0.4281090595406821 0.566129696497236 -0.07819839947110745 -0.0525214468318825 0.01789861651298939 -0.009808490904886774 -0.09243516702329824 -0.12787960834384673 -0.0925306231605336 -0.05335079493341316 -0.03528961457189168 -0.019183561632508884 0.006164328201045867 0.04237463587879665 
0.13399880243547901 0.17918189987361943 0.1275522380143057 0.13203818288252447 0.16982241734033782 0.1637447782093609 0.12436645141934438 0.0825299147915704 0.049983416999792626 0.02232343297944135 -0.06861327570595437 -0.19363030530317923 -0.005332563871299397 0.013187260331919082 0.03388122861014897 3.752312655846968E-5 -0.0393098819358093 -0.03951462219392413 -0.029219834683438427 -0.03644509666539928 -0.032876975763770876 -4.3379871820903304E-4 0.05855703418932196 0.11835808496208627 
-0.032172238443283874 -0.20170410209913303 -0.3380613897277256 -0.17263385238307988 0.1555107800173886 0.3536973507768119 0.2803582515147166 0.1340640500802076 0.041116505707896156 -0.03625302058361002 -0.09277404691703017 -0.14690032772862222 0.20699699539531746 0.24860094510901956 0.13448608362591338 -0.010269747778831531 -0.147681551572092 -0.2766183713042129 -0.27958504961287917 -0.13830560983636173 -0.0036182892671008126 0.07887866463378779 0.1230651146853874 0.12278268226415885 
-0.0928494734633949 -0.08506514859133274 -0.02944431589884411 -0.014321691821751747 -0.08309605975367029 -0.16471970778492512 -0.12483049777674304 -0.014754440635239119 0.02412127392175606 -0.02360314029830457 -0.13240494967284927 -0.23174238826097351 0.04521306220641389 0.057361217736100555 0.02543472587847828 0.020182769103102165 0.05958468689784285 0.12535794396644628 0.14327420675636984 0.09412346855019497 0.032658821512793514 -0.021182706858931522 -0.08306356734645749 -0.14426552104631593 
0.04163872572108129 0.17231982224701659 0.36373506094073305 0.447098018047312 0.47049731168782094 0.5735338995533897 0.5589334403261295 0.28833710533681023 0.07492565634063392 0.030833155213700197 0.09080955246796737 0.21683769118365653 -0.062479262172776696 -0.12791455241677788 -0.15369957138291773 -0.07028375634849669 0.07977415086495475 0.19226499976886194 0.16053332768872494 0.06293214791509293 0.0027346682471658113 -0.01922386220147714 -0.030700687513674694 -0.06999608226911573 
-0.03854586626594525 -0.17991371550775703 -0.29965016495535846 -0.23837605964197794 -0.1664249091884069 -0.3222473280782669 -0.44474376325547155 -0.2769770184873158 -0.06489762285495679 0.052328465657580814 0.08878562664091935 0.05729724837962917 -0.0022731835022479587 0.010452717791339347 0.06729462813944191 0.15740452978676353 0.20491502709394718 0.18669788457302405 0.1465197916571335 0.06622490008029423 -0.01392404349521851 -0.03939034303515711 -0.07096232424041221 -0.08902751106826041 
0.1281137444763214 0.22946383860941277 0.2581402489492848 0.15024460057252328 -0.04214724786010732 -0.14433383838310299 -0.041285098812093954 0.07637889526096718 0.07742194935475515 -0.016547236957121292 -0.1112672725328904 -0.08143189924157637 0.06683032584038247 0.08170543375981387 0.08604847440159841 0.12264863828440241 0.14618626081822553 0.14833565287845643 0.1479645838894706 0.13453345897101934 0.12452032226788994 0.11868582919829207 0.12159044550627492 0.13962768458827787 
-0.12926743233427107 -0.14499531014654887 -0.1785307943214457 -0.338108572444648 -0.4415188612615478 -0.365879492535751 -0.26428060317903185 -0.10745003583820031 0.06464525790035097 0.1182580848925775 0.18152043554881628 0.18447494015642418 0.023342500813882488 -0.01508692898173484 -0.09479144754679521 -0.12760499934139813 -0.13746360234570967 -0.1886234471012654 -0.19241736172151624 -0.10424707192129841 -0.05426669625979332 -0.07040491321480612 -0.06066622418394451 -0.03492093966113049 
-0.11349146876590321 -0.09025568171302911 0.045029952418981445 0.12901835959543978 0.16948550526971484 0.15034302314676246 0.02480810861949785 -0.2000267629008055 -0.36340675084068974 -0.35818914199867435 -0.32032918850480585 -0.26563420846957453 0.0671192249725417 0.0962714574551438 0.06189928568144639 -0.030101302106884886 -0.13298742957463142 -0.16557036397223585 -0.11334319209479493 -0.04137533615034413 0.011688290742390367 0.003907482359989278 -0.028019551704223742 0.0048438602084674804 
0.012229237913519597 0.025206831598668433 0.09127932595017885 0.15505205887075818 0.14014952128381106 0.0962845824605966 0.09946171819328128 0.17396702635746578 0.3183168160221456 0.4343641578227757 0.3753152571787106 0.25416122197701974 -0.12567684170701746 -0.11926368557307761 -0.05291426084704228 -0.10830627287051513 -0.1868039910769531 -0.17442245744784432 -0.1347599211255963 -0.0727791019452117 -0.0031195345901069657 0.02502655684197236 0.0563665419774686 0.07750348897156678 
-0.14399226556519906 -0.14445160462862727 -0.06246266823086666 -0.006031808764525137 0.06598084959110752 0.12129521603543075 0.11687331678613427 0.05979637261416651 -0.08447870193331328 -0.18632272050218823 -0.12410602823516634 -0.1308066207772766 -0.051452864565359725 -0.01867416047208814 0.10216469462484284 0.1943627911670994 0.20007881574249356 0.08096660103300092 -0.07190238772680542 -0.16355573894071915 -0.13241199398851203 -0.005367188294323348 0.056598447808548745 0.021422307673232572 
0.26301349118642925 0.23989370803048304 0.03395829854460519 0.05433533034687987 0.17064543980861516 0.17191178336344773 0.09396655611443877 -0.019024297760051212 -0.06546016278301636 -0.04275479638158265 -0.08569077051840927 -0.11544932060442512 0.044279193311158004 0.08496137911407202 0.10951026978342498 0.11981923654135374 0.13778878494773306 0.13099330562629538 0.11225184403132177 0.1044823162307759 0.09154354094120669 0.09400507865916276 0.06570610189149297 0.020861411439080695 
-0.08452500170627886 -0.141576638512672 -0.23280361775276026 -0.40371164964391926 -0.4459989012201679 -0.1303703804036659 0.24326285283933538 0.38713611598011044 0.2257177205274273 -0.10352810001352514 -0.25962151808189216 -0.1450958601985498 0.006133323568920564 -0.012746219293221653 -0.07010848003588747 -0.0553816548986951 0.04495585312926669 0.1572293934403106 0.2079930826830884 0.15812438841113943 0.04664055311389606 -0.04449895469715926 -0.06956200784630466 -0.08660076515365751 
-0.1503419739494145 -0.23111478880152525 -0.1520810086391493 -0.0055657303136059655 -0.017226958153750416 -0.17086253619874117 -0.30048858192728456 -0.3031497940178339 -0.11141201803184474 0.11095161160095586 0.2459546964275946 0.19872160737041425 -0.027040931278325964 -0.11253273067207532 -0.20077571691817017 -0.15051079247398255 -0.03728878690217832 0.08208564975709935 0.1397485055490477 0.10654909061520033 0.02443490625458451 -0.06438448540317364 -0.12310869279495192 -0.10738248076507383 
0.044285496295961124 0.12929130166704184 0.240882425468673 0.1900636862618031 0.025049489184490237 -0.17900580450440656 -0.30987836224226917 -0.27251404449036054 -0.2014244336505873 -0.12967906040197968 -0.08124273816925431 -0.02808978930372376 -0.11666651528019963 -0.1625354020896065 -0.15453524999450974 -0.20786213616797622 -0.2723595299542954 -0.19735475339744338 -0.06431587775081413 0.015957327960739565 0.024527838278206104 -0.015449008786727987 -0.002832522983307458 0.03937334212568581 
0.27973103602028715 0.4420579299568521 0.399442427688399 0.20898003981596636 0.04698760531282109 -0.050027453857479975 -0.04870835299190203 -0.008846489370416696 0.07480619554223741 0.1634741400221655 0.19444591791012755 0.14819508624338332 -0.05249324724538251 -0.052690848326684504 0.004689338843982334 0.02781680787445363 -0.06306819173053362 -0.1986050818106826 -0.2530615130787015 -0.19557034803284093 -0.07613444693133992 0.02655005686968391 0.05660792210120205 0.014116626425379095 
0.050438039149469205 0.00944320837695889 -0.0449595859330052 0.11260187379522324 0.33897240690943264 0.4012763386180337 0.3103203716240865 0.1921124797741832 0.05902509890576792 -0.083442337863946 -0.22536955987323626 -0.23795262601209177 0.1277470598776782 0.20132002081337882 0.20846965340059875 0.1390747267610066 0.05276737580263205 -0.022580520686300436 -0.06352471181971149 -0.04652399687532747 -0.017774669497699725 -0.002194643753827478 -0.009342957587032375 -0.008900466874150859 
0.004061496359978989 -0.013118197176430257 -0.02322801947025721 -0.05028524770367693 0.015016158175379213 0.13481163767208648 0.14859659037564218 0.051247987948417006 -0.013233443516002606 0.008183079722887288 0.14819434097597942 0.261303146448461 0.1423161168875069 0.17365374463593466 0.11691608516460818 0.08674975441063411 0.11250609712322075 0.12009931647436704 0.08948818857934104 0.053851315925199796 0.05038125411415589 0.02921106531697638 -0.004947062257894615 -0.006113668102684526 
-0.2011209135069194 -0.24708069720645343 -0.17319131115379516 -0.0975278502613951 -0.11726691465468497 -0.20368378821028849 -0.2179566984669068 -0.162989292523795 -0.10408060562836809 -0.04544959899085814 -0.03008807694108312 -0.05794241878381001 3.142711872555862 -0.10468959976764165 -0.49533525923400196 0.4325858762596842 -0.03896179656428359 0.05624654223355082 0.11443571374446675 -0.03055321130685859 -0.04211187911519607 -0.1860715051705808 -0.10216256468844592 0.04364211736485115 
-0.021437838314039226 0.04935864884075425 0.11281003480496943 0.05379563861237319 -0.06241102527478237 -0.10784533986642 -0.053034383684428525 0.007150449002973 0.005215285466837742 0.056844574634692446 0.11164636321773483 0.07653098693729601 -1.7232107713582516 0.16337517779271696 0.16923795318316945 -0.8396650521200112 0.003216835454891228 -0.08454296527794218 -0.20075025191894877 0.21282332318683927 -0.10563111059176261 0.13844920102295552 -0.05950796411611665 0.009858878356627484 
-9.364947911181106 0.2922735846712916 1.3730271646313876 -1.2371961981418544 0.49457138832736425 0.35386520068663446 0.06782871742072163 0.30582088316748096 0.17613637175993596 0.45044143019189387 0.09939212307122378 -0.2764928983510627 -3.6232612326743143 0.4126648729433999 0.5761831805638202 0.02334659271475754 0.653487242233504 0.33218373274511676 0.021268784747516516 0.16405647742142615 0.18713276462200415 0.009192456514217828 0.21788869695096383 -0.0605548374360221 
9.755607309271827 -0.7729208714934537 -1.304051116912357 3.0385440825965864 -0.3005534996803191 0.10966603905745154 0.6079546381886742 -0.8216270694577388 0.16355139956513326 -0.6551100379373552 0.26197813331817593 0.3410017511622049 -2.5480840953005317 0.34751890789964257 0.9016253639565136 0.4177761151515798 -0.10982999806382666 0.10454068711623991 0.32988199536172286 -0.24446748935266227 0.06470138184050543 -0.01530484947046499 0.0636557920838154 0.0945376943046891 
5.78014021072309 -1.0739355558695491 -1.1933102769865926 -1.6599418503977743 -1.9586574041524285 -1.3089906759075745 -0.6122575636460077 -0.24076996555771757 -0.7446469565435283 0.2829503377525122 -0.7589200528441952 -0.008513288588198165 -2.4791117181108153 -1.04084184159491 -0.03672590799413852 -0.28229342741321356 -0.24729826942207225 0.12016564082865595 0.08448095646244831 -0.3905027782483063 -0.04413586089159788 0.3192111405575325 0.18048614446445718 -0.03785444921507621 
0.05027038663545724 -0.3100935045877531 -1.3088973362555811 -0.9881598807144062 1.493693365156594 0.4099605370819647 -0.7026372292362323 1.013848341423559 0.2715028040970536 0.18650466926577824 0.34983507492399807 -0.3410719008582035 4.860213123082891 -0.6149953291581973 -0.5626485401446812 0.8780589848508064 -0.8033289449109363 -0.6955069036944531 -0.18370989373696425 -0.35502459776994355 -0.1799348933110728 -0.11415640784242269 0.14635618781951076 0.014760372730085161 
2.925055704469524 3.1833854260031718 1.4856279982854153 1.6230360657532825 0.3393427641751243 -0.15677897081158998 0.46968178174583 0.559591512471751 0.25456825216876944 -0.9279993450822703 -0.4859947811250588 0.1781072753043701 2.8067351480987015 -0.5450725848033601 -1.0629197908995625 -0.8005320248496716 -0.3446282547125145 -0.5217926078416176 -0.134440836895072 0.2790801179377919 -0.2927589498780752 -0.12880871277285597 -0.3080339331270223 -0.015472010745004233 
-3.3974898068500643 -1.0565953749552222 -0.9555746341143173 -1.2371218300313611 0.9604332508887137 1.6200808975928183 0.6181146467036481 -0.1567340151626424 0.20374847514220273 0.2928340270073041 -0.3135530659999246 0.20341035102566524 -0.3264200677618632 -0.5723559017064744 -0.5044080039970231 0.13989975732795704 0.5548596087594898 0.3007022042726196 0.13969853579081037 0.23801623790177887 0.3277696374588135 -0.030139466455562685 -0.08235634073379937 -0.1322436335783135 
-0.9161851368302543 0.9345331337242655 1.8187877446414624 0.8661351988097176 -0.6581425828809448 -0.3486730326381482 -0.8693109909307319 -0.49271914107799253 0.16750705756812265 0.6162117972003172 0.4968758169988331 -0.23433838229511983 -0.9763019268513684 0.11034627379682267 0.6559611283009422 0.764912185117649 0.32814139640482565 0.40531372621279554 0.19535538883106582 -0.0082016766802675 0.3119996928831566 -0.08403421731045113 -0.2635129940952218 -0.13605531067702722 
2.950151010570936 2.5314003466711235 0.037746802557464626 -1.029408719226495 0.3278572124061594 -0.396199044822615 -0.4522364502703824 0.8259549544930942 -0.6682755109790635 -0.49518250250882745 0.10546879806345022 0.261881828676482 -1.2227953666891163 -0.4755380751603351 -0.13070531468467392 -0.15456157707612608 0.38520758961825896 0.6177338128413982 0.09779668462863829 -0.11945098451782458 -0.041009908869042155 0.26841581783238855 -0.05726359062295263 0.10327654819024808 
2.680141076313129 1.058348743799531 -0.9789161049533022 -0.7755570450020977 -0.3287934057980755 -0.36458017824225986 0.41879116373964775 0.09285205768468519 -0.24541883342006734 -0.2818884283928511 0.0950332691289191 0.5570374685100434 0.4415093453751293 0.8978488527970901 0.37795374156421785 -0.06325343193820916 -0.13882532009923756 -0.18962969185565182 0.07734033661059299 -0.0815923494226245 -0.24612682836307812 0.08760534971950829 0.1842999973321077 0.08366337503371646 
-1.527266813354407 0.3081110454881504 0.8353932347370867 0.04740902310292472 -0.3598641065074979 -0.22516696812932058 -0.3193264845174566 -0.09116666099050752 0.5332411472434242 -0.06336331369327741 0.05915897980389029 -0.5021072189476606 1.111350905736023 1.0952069807165616 0.13455903758775092 -0.567503198418107 -0.15581374339856477 0.009530204977264941 0.023464804228531182 0.2993506106372633 -0.28106359344125637 -0.19430319947511002 -0.002998401259480296 0.1724095034591057 
-0.0020042609929706856 -0.6473687740755185 0.28610330385899774 0.5174866234596351 0.10219403687359652 0.13470000458216003 -1.1677869836389738 0.21061871493168183 0.3051292135461132 0.13748615363401728 -0.03286926586771005 -0.10333398358419787 0.5585028849151138 0.040371101212929084 0.21237908398913974 -0.23143452910534534 -0.18443995275563885 0.006667787754940295 -0.1692848554495773 0.07778493317308784 -0.022829036483985904 0.03682068476228214 0.011323251300432371 0.007718155985747248 
0.9571709620159172 0.09863816345896304 -0.9984400146119381 0.02657904179695958 0.5798047212660177 -0.6744297511666197 0.27065821073333485 -0.13098020604219407 -0.10035875413838458 -0.12196019509693157 0.17841526934020568 0.07483904434628563 -1.1123705275965596 -0.06463311435385026 0.36404053436754696 0.1566575965524402 0.18390338458896405 -0.3242006161183625 -0.32793635248063874 0.0281979271434248 0.22051274121240536 -0.04739431322989307 0.03315810217912408 -0.15353082732231824 
-0.23758646611737433 1.0419718811753373 -0.699136732246209 -0.07083846703307906 -0.24530796141791678 -0.15995214998843116 0.631653382462984 -0.12059596930873506 0.13986822672279475 -0.36305204197787044 0.0014353704594642913 0.24540986890582855 -0.5691491547261031 -0.16541152333628842 0.214138061122666 0.14272123859565636 0.3636331208997017 -0.4361053512221205 -0.20633923984170446 0.048240121822919736 0.05710552092335434 0.028250335165354874 -0.04175110318513836 0.04596928974770111 
1.9276358719974738 -0.3426599390757268 0.23589164968704912 -0.12840122130803877 -0.7378232611286334 0.8947609575110624 -0.23523761012651923 -0.010153100300573481 -0.04566658298213255 0.32908872380234566 -0.057467644897069126 -0.21588666322571914 0.11490739259210277 -0.026703858990866063 -0.2100209076251233 0.3418226692728243 0.011685828430524348 -0.23025217122707367 0.11952658421579065 -0.023124139251948967 -0.03267039867100491 -0.12412682160410869 0.07002461752562814 0.020359987343945035 
1.2202107481945603 0.06951484720069168 -0.9734767116584939 0.16681303922516522 -0.3298913346281829 0.6584207039096805 -0.29582135368393336 0.005484796592112318 0.10646656519792419 -0.17278931131168596 0.21032550080634244 -0.09587899904129882 0.025152822156154997 0.3065877443491581 -0.40539891380883564 0.37847916681117333 -0.24750385761241508 0.08294257453675612 0.1478260250457326 -0.04613853667605209 -0.029587650426561734 -0.039440263695294665 0.01961938521351947 0.01645209929992077 
-0.11644982291635841 0.6649782574188841 -0.23120730203042572 -1.1177147191506354 0.5870389225795777 -0.3928596644344545 0.37581582615942155 -0.12464817123677085 0.014353272637065428 0.15528890438230225 -0.1361036484101178 0.1844035162880142 0.7979802291216286 -0.04392859766102545 -0.3970347271786694 0.24901944812813329 -0.1340182439001152 0.4104703151604361 -0.23237841860042927 -0.00462599048325459 0.037007821578959925 -0.027423240766902446 0.04281727088156927 0.0046891299613555275 
0.7089979148710768 -0.3816104501194424 0.7506094850390354 -0.7116192185453007 -0.16522748043477709 0.235030437374059 -0.11735141081718425 0.0750671761875199 0.19862125019288096 -0.15783134118196473 -0.01810478342456978 -0.004091518750800452 0.7481509053311756 -0.21472848005156506 -0.4825705652060581 0.039674133739288 0.18119254922352504 0.297763745845439 -0.30398580408636766 0.02977376523859319 0.07725296426264719 -0.055686099499128706 -0.0696360623509152 0.15356019827508371 
-0.2106983987056701 0.014688502567416606 0.5649527328742926 -0.4362434368072057 -0.4181004565249906 -0.12495485470243511 0.372662674241394 -0.031066318648513502 -0.2027673902164907 0.4038794610381924 -0.07170431542632083 -0.2758477932550349 -0.12005032070763733 0.4181445250436952 0.07816530038931407 -0.9033670894704597 0.4592663997521845 -0.02136256381638359 -0.06739730417950396 0.08606683391245212 0.18356254947400583 -0.25556448808719295 -0.05465059087850623 0.117666112941936 
-0.9771176799043104 1.0388451647811205 0.07615496650732134 -0.29294500316441363 -0.3708992927464738 -0.3688229384926462 0.6177126345341833 -0.13062742541779593 -0.01673199616323931 -0.1300262911422449 0.38703402136718956 -0.3264339390950254 0.26734047801060673 0.15424150798479067 0.02543314474062038 -0.5684371772091712 0.05908343511767492 0.12834229999274818 0.055171480318918165 0.09372077183351192 0.13810153818148352 -0.05488612872867932 -0.03041468915369801 -0.18604969240284272 
1.0867589365942472 -1.299683125162483 -0.12847594393251094 1.3830494415703003 -0.6879243705211273 -0.026845285051951162 0.21047571602224963 -0.2800013721714693 -0.4286577526068919 0.9080798436240212 -0.17472127817047878 -0.0074236123656813285 0.08415937576148173 -0.07078345580620364 -0.048861317557675976 -0.21488244386891156 -0.18135094943755892 -0.010377252255675604 0.26038086230697943 0.029904600861109614 -0.10039738301646965 0.16793452563953473 0.008896248474556945 -0.0898153989572486 
-0.741752186810702 -0.18714916020886463 1.021024389220576 0.08404587389345997 -0.2075658287897335 -0.1990512474294276 -0.20177237266436654 -0.08162761255153797 -0.10273818315636901 -0.24527314628884117 0.12464776540860323 0.4198454680130509 -0.0035678722047946345 0.2821041178887773 -0.2685293552907596 -0.16094604623159056 -0.056582491892522103 -0.16215612450836095 0.1889581860785897 -0.12143366579592195 -4.5907127560696853E-4 0.15735280091987797 0.10796057047294567 -0.09480056474689667 
-0.5808592725369195 0.8400360324810201 0.23910197419069323 0.019908456270592234 0.04428565980931598 -0.1787089434670176 0.0012625909197305774 -0.1452800276649713 0.14142785232948307 -0.0423006883071137 0.0328000671293015 -0.3795412999373272 0.6687651490241135 -0.5582234186596962 -0.12592125334222848 0.34011826153356656 -0.4393897478393865 -0.114822141749037 0.0950336262097247 -0.014245230250918098 -0.1357985319632319 0.14879180289660024 0.06881903557823082 0.07836075224966617 
-0.1326049587243432 -0.8773267677069629 0.6979540733179981 0.8714636281802121 -0.5672568322341291 0.1935772642399699 0.15544463884967386 0.16631289971672092 -0.3003975848046059 -0.12689442793631134 -0.040608362701537615 0.14402659893148756 0.03587160101159833 0.17594706770274282 0.06947339439337503 -0.19723451098035386 -0.15643042042398383 -0.11855959364929747 -0.07463848410551353 -0.07007759736446063 0.13747784107504554 -0.11138905451188612 0.22842124462549565 0.1389167537225933 
-1.2241101245212729 0.7200759345656547 0.4108229740454634 -0.031014220173775503 0.8100903747192301 0.12130688436046111 -0.2532336683639447 -0.36123593755284444 0.07756754410692235 0.40251507575795553 -0.2985503208501008 -0.10459643457389817 0.05621252146245433 0.3119313300651818 -0.17893481942027467 0.01600966647681327 -0.14708979211184015 0.025356219250884254 -0.10867921524066487 0.05683741128582414 -0.03894456481758032 0.08062838713922517 0.1088058478068001 -0.11729941100621548 
-0.5277415638533203 -0.6550103143594104 0.7267437061130657 0.7012107450567054 -0.12117692497273902 0.006619619604725457 0.14939120929401167 0.2365831344857805 -0.4832415522702253 -0.13351386478571742 -0.39494077447818265 -0.13437722583644357 0.12191477806956226 -0.09749517825184177 0.07085898603877346 0.12434199440450033 -0.29667286218181754 0.26281948635732116 0.06885522506675833 0.07170631518380437 -0.16011919395365096 0.004285555463584889 0.010450259245707286 0.05082732640774327 
-0.5519285343597939 -0.20691618438830162 0.7615116160539834 0.05700589840190573 0.26251508251414135 -0.16129877890204813 0.33032695141955626 -0.3509273789069735 0.34968353051503376 -0.2808761313000862 -0.11645127040277625 0.11155884546528477 -0.2520699191138472 -0.008921354923013602 0.13357217592639095 0.15515924456653493 0.27790591194103365 0.04049810207882931 -0.0056832286513630315 -0.13306546320482832 -0.017344430186539184 0.0898512519878653 -0.15162814324898194 -0.024459100935034683 
-0.8344400880137695 -0.1213451734744595 0.3100327941974177 0.4544275856788704 0.5965494004138678 -0.4535783632007391 -0.3429013462423516 -0.05396032515762762 0.043902003852291316 0.20194450920195486 -0.16300866566232175 -0.11653302031133372 -0.27825497038919006 -0.3904234185815361 0.37007544546776233 0.17572007587945906 0.25719886103056533 -0.049341978171106214 0.197217857726485 -0.12394233415863716 -0.15408853275158255 -0.07065724183178675 -0.1448634086636183 0.05458172987799761 
-0.3145511050995067 0.48000742889222003 0.21846190222411455 -0.37310037418446274 -0.3824905237971743 0.22991156952670544 0.009962295358326045 0.18323218188334456 -0.1339709433947184 -0.0347678671994765 0.04036805448891456 -0.040141234531349046 -0.013116714869243337 -0.06676979607506854 0.26839651059932557 -0.14712852130155743 0.25921012296047163 0.0404967169765806 -0.14368780699500341 -0.026083469529166847 0.02788771422471814 0.05495019846916845 0.05174216347276639 -0.09620059713589467 
0.18833463268410622 0.17279813474493722 -0.11195777337528678 0.38910365371151245 -0.5702707049087772 -0.040959620096332694 -0.2820800358548282 0.34133035656653293 0.22085128293939843 -0.04459627134066205 -0.03876021093317317 -0.22227237547211945 -0.14287006807181313 0.5033895810976752 0.07444725839106366 0.016910513849350273 -0.06333592895033036 -0.3004805257889105 -0.058843638640790195 0.10608612712623854 -0.051295625045391945 -0.07316116851408781 -0.2481751302042802 -0.21183423791815606 
-1.0239657501010018 -0.15367845027279436 0.16731736804235897 0.531053428290257 0.06829476629404896 -0.48909830138399313 0.7309797172108048 -0.47032231118155327 0.1775457482973258 -0.32245633643628313 -0.3338019881856497 0.4530303144533616 0.6389736276219081 0.7202076114877691 0.28565600243763506 -0.12395497101038555 -0.4064067101013828 -0.0600052629075928 0.01341334015452759 0.10854985568358844 0.03187397754111377 -0.03096736679727645 -0.018600086421241762 0.06409947183919573 
-0.051122561297582525 -1.3146709771849778 0.1122632861151045 -0.048380857106540276 0.5611645422192473 0.8073681496213416 -0.5268791412462204 -0.04544146000389426 0.042030533142445065 0.5652722493626217 0.768601746287801 0.2723839189507792 0.6131415903229984 0.2997967294929292 0.2468900642021256 0.22413914891437 -0.329469943068431 -0.16686307390032815 -0.024875165378483454 0.04070467000823328 0.1722262772670611 0.02209877245228334 -0.06629635667258911 -0.01527567804097249 
-2.111743390974387 -0.9368808496061298 -0.7506166348339862 0.21750679425572028 0.27101198294296186 -0.014236526609353317 0.09212182759043935 0.05096852311779282 -0.14018250111958303 -0.246800027159289 -0.30751266485784723 -0.47976779726038554 0.09709759421623443 -0.2532449429121237 0.07030912494726509 -0.02263129537538089 -0.1064440554562502 -0.019184888668725364 0.2096053066070165 -0.10401437712153923 -0.013086156734599683 -0.13558183454817482 -0.18693369986716624 0.05156720455947413 
-1.1072013178481965 -0.33499085406718265 -0.393660964543491 -0.12654047601432916 0.3167805159720594 0.22219871421733184 0.11197440509080486 -0.04142907060783996 -0.1369634241533305 -0.1487207433360091 0.14698419742069294 0.2899537145076716 -0.14002306296121367 -0.606768710178537 0.052176156256320695 0.18492995444513707 0.24466518415955485 0.27344516222048226 -0.18198852783285227 -0.07935034434730391 -0.045228108012036576 0.16644655063412972 0.2183923361928585 0.07010362721559128 
-0.787219154474398 0.11621631690467904 0.20935211852986146 0.6380271238702941 0.5098189457863935 -0.13895891767581214 -0.21726297577875742 -0.16028537451496275 0.30630119714901266 0.4412856635575567 0.5378078858494031 0.289543802996493 -0.5286660776002686 -0.09061617800636101 -0.007709418586373158 0.2812054753270335 0.13665275535413124 -0.047794750625875015 -0.05009276997621021 -0.0344839904073068 0.010535002738381094 -0.019111390475056084 -0.07988128174483249 -0.14662817331748493 
-0.2933154906639359 -0.02091342990477152 -0.5242495593357814 -0.8134308852492385 -0.29223449168113314 0.04939385849312433 0.17377884393693482 0.29823652185439525 -0.04552699195574306 -0.2781102478981904 -0.30923553764439965 -0.32258276282443393 -0.13960193068158958 0.13973937013866475 -0.0300037943814991 0.027486298595801 0.16755620370111415 0.1715951850685892 0.11926182180384616 0.027460776053245515 0.010416319101832439 0.013900133939372153 0.10914032648652013 0.14604201906048328 
-0.9326880717657113 -0.8220710276682524 -0.6621940816787215 -0.2826644271079256 0.1655612207071644 0.21555015313037548 0.211497918096005 -0.015412301891404384 -0.21750572543352004 -0.12477110345303011 0.16024104790919652 0.26638496135812206 -0.0016706847142091696 0.3744770385366285 0.3397588993394016 0.35467370132225257 0.2128348794147691 -0.06357540724019199 -0.12830805696844386 -0.05936728723045859 0.029233984760574 0.03388431579048009 0.06752212526571973 0.0033517759169391925 
-0.6156610671577711 -0.2850652921967112 0.13212351870529782 0.2513464036873777 -0.013759232591668502 -0.4698413763915297 -0.46019150725811486 -0.19624793507935567 0.09369107983243855 0.09260723835116785 0.008346636931235829 -0.1365929218545928 -0.029475078063580778 0.12102277222250257 -0.061841165188259696 -0.24835839813620816 -0.19000168931715442 -0.1291140001331307 -0.05540438863154886 0.05463817396626319 -0.0012963060329980458 -0.011302285865260645 0.04856240243102641 0.06579580712041905 
-0.6210343120848529 -0.8751388675592366 -1.138111118508883 -0.9583826245647719 -0.26792332200264624 0.31138492148709085 0.484646370724099 0.2650587156432885 0.14899020697319987 0.1542739730614373 0.17645042276442618 0.18649355476075488 -0.4299568062825343 -0.34048683071543606 -0.178088534137831 -0.07006701097762792 -0.04669100126409879 -0.10812299438017466 -0.02827929956133048 0.029814784868878036 0.009975047715834998 0.00770587247753271 0.06222128509003096 0.07366851918536604 
-0.3607171363136228 -0.3574478266267871 -0.10076754535592158 0.2695034078878092 0.49451284762523534 0.38881847471415887 0.20341778351753437 -0.00591350881174077 -0.22488604006010887 -0.38372592855964216 -0.4630274323650937 -0.4800244808870075 -0.10704906283313376 -0.015347059643763114 1.504087933635693E-4 0.009781516010651636 -0.002829844585389966 -0.07362003913782267 -0.06406576156557918 -0.03939740068923727 0.038779644949377044 0.053590002300514056 0.00500622125126821 -0.06462602448608055 
0.2297103816598174 0.2355807316930938 -0.011482947234618845 -0.0815418962752576 0.05149818439100884 0.11058921071805516 -0.03546882860782816 -0.20002386963184593 -0.08814230863475134 0.09027786256977677 0.2092642272872684 0.21709518331823127 -0.11114990244184246 -0.2283811234988208 -0.4292295323372241 -0.36665064031911027 -0.025573607541824656 0.2446482644525021 0.2684849103289301 0.07895238220666549 -0.04421825066633045 -0.029737005843875713 0.03661472657116927 0.0767276390578905 
-0.719886225530705 -0.794383912891587 -0.431641793311925 -0.2164185084893343 -0.16498045203232614 -0.14858340359354383 -0.007936622895413761 0.15448555962592334 0.09591840278828301 -0.036164713304544044 -0.02307892908398991 0.041984337324910664 -0.06933820670323006 -0.06745037033905373 -0.011392359849224579 0.12390225525785692 0.2349860482254127 0.19873525073423068 0.09299844739243852 0.0019203582690257386 -0.04271893160183663 -0.08505381258709137 -0.14035665461731017 -0.18207723857018054 
-0.10800006015078445 0.028472546069625793 0.31501460248079094 0.38453025458113066 0.13854415045160848 -0.15385893271656415 -0.21513115705621727 -0.05199796519554002 0.1212427375479953 0.06970438296551539 -0.15336800858963354 -0.3046937715188757 -0.059553788921576256 -0.06856967326930012 -0.07647575118260443 -0.05523768719702965 -0.01836899952777522 -0.03937458309149674 -0.10382774290058687 -0.1236109219438582 -0.0383135981265571 0.05775477348283912 0.10150722151454222 0.07531692289525042 
0.016152704701368314 -0.0515426227978919 -0.22983924066595274 -0.33523943331395567 -0.2539682800813025 -0.07516320577122348 0.014253605564413352 -0.08568753583697095 -0.2014217683459723 -0.11827775099623736 0.1393586494252878 0.3271017122420876 -0.3066794727935527 -0.3604963036599891 -0.2375019274008208 -0.16600202517154758 -0.15590127005169607 -0.12794607393931134 -0.04537807960995157 0.015470537185620073 -0.01949950528946511 -0.07979058091134743 -0.07146100226613424 -0.03478600925061007 
0.040352283308509485 0.06986910645414657 0.11704302999020832 0.14358162772814204 0.15109909699882268 0.1920028610813852 0.2649192858640189 0.29089544393117583 0.17546857131204763 -0.04192993903289395 -0.17647622651099712 -0.15141427282610848 -0.036288610825652455 -0.012956100336540525 0.040272901674327344 0.023880332508487107 -0.061287371623625825 -0.1126912090183571 -0.0932065001573044 -0.0418389983131742 -0.013096840169071053 -0.03694362956976781 -0.07632612190969722 -0.07533229133509779 
0.12597602112030604 0.2664067178961198 0.37984977513582874 0.4020618804518027 0.296445884849155 0.06232392132541553 -0.11182760552567717 -0.0633727564942948 0.12730400177465218 0.2590241904287029 0.2028581866750946 0.06970261573035724 0.11052020067594359 0.14297446063203065 0.10152804660313108 0.07870305498983284 0.12633371902026 0.1839591030274049 0.17424425900742135 0.080533873917139 -0.029811127289806047 -0.05734065796524343 0.01453590784822005 0.07646538011992358 
-0.05404588588329595 -0.09163382326775849 -0.11064861044308183 -0.055761399827209845 0.04719918285725716 0.11547113079018764 0.12752894896074118 0.0623616400726445 -0.0038296270051037806 -0.008115699037651303 0.04386058851455474 0.05000265074228283 0.011012875440488568 0.03704545034496143 0.07209992822332136 0.09627243719596545 0.09118659380053325 0.04841466152398718 0.028934595138401548 0.04789254318350388 0.05030224314392082 0.007282067088969853 -0.024534498221900448 0.021670692794815438 
