0.0 0.0 0.0 0.0 0.0 0.0 0.0 0.0 0.0 0.0 0.0 0.0 0.0 0.0 0.0 0.0 0.0 0.0 0.0 0.0 0.0 0.0 0.0 0.0 
0.0 0.0 0.0 0.0 0.0 0.0 0.0 0.0 0.0 0.0 0.0 0.0 -0.05523269375057686 -0.06227597922800069 -0.015432926361540256 0.03528416984038879 0.06750404742214607 0.0666468506364412 0.034183579057344 -0.003742275948897792 -0.008923467262533347 0.006009526047974038 0.022287765260295356 0.04315660565078547 
0.0 0.0 0.0 0.0 0.0 0.0 0.0 0.0 0.0 0.0 0.0 0.0 0.04048487931638004 0.04748835930834564 0.007134616780109071 -0.03170308314492199 -0.032494663699325875 -0.009107842541926722 0.004767667087597738 -0.005900413817427804 -0.038204601624874705 -0.03954340826772407 -0.015470551879781183 -0.01968447336466668 
0.16569808125173058 0.18682793768400208 0.04629877908462077 -0.10585250952116637 -0.2025121422664382 -0.19994055190932358 -0.102550737172032 0.011226827846693377 0.02677040178760004 -0.018028578143922114 -0.06686329578088607 -0.1294698169523564 -0.04502890032343979 -0.05665508561662754 -0.045156599723971236 -0.07199280310593974 -0.1499184258717751 -0.16375505535334425 -0.06795093938345008 0.052039490410208826 0.09540703146929767 0.050171608675283086 -0.017487824230322285 -0.059513480598439424 
-0.20430367857500542 -0.23587904676703797 -0.044553239882637596 0.14803550419534917 0.19874006223119672 0.12729380358044196 0.03697236732322279 0.012087827528936723 0.10122860398082409 0.12764451387513326 0.07984330352978658 0.12378832857017824 0.12502786289813642 0.15558493528508896 0.09846770197185162 0.035178950883901335 0.0018090258188131942 -0.013682721701757458 -0.02135342566931821 -0.009770550400360742 1.7430666349103433E-4 -0.013549716104235096 -0.03673562343892566 -0.051320836050728603 
0.2372385402578221 0.2879047802334016 0.1577464191132325 0.14196065722014461 0.35038524649972697 0.42761826426981175 0.18536663448873886 -0.16216238499509483 -0.33683539639830506 -0.2143370829634159 0.01254182092607356 0.11664627751022916 0.10995164203237229 0.10862136826538371 0.014493568343711127 -0.029375220477772284 -0.04017416754915901 -0.10415864934579315 -0.16508533628992428 -0.14572969827176416 -0.05898736152749051 0.021144037976435655 0.05034205957553222 0.060129029369488114 
-0.41085381819745503 -0.5172932271299666 -0.3511269259298607 -0.2294434360223595 -0.28187577183952217 -0.2727312429842953 -0.0798984088224308 0.11600625762197633 0.18127997910247945 0.13880340072245217 0.07050431196329716 0.030904460920893023 0.00445137580612857 0.00738515827856064 0.02789135062823937 0.08111217489365115 0.15671731621580084 0.19692092121331758 0.17489960986965017 0.11518460798621395 0.06664024130129269 0.01463127362735329 -0.024969830030705853 0.004046289997919801 
-0.06088177503416148 0.0016709230693152666 0.15610491707709895 0.1710126220210048 0.15831827741639826 0.3125479194104245 0.4511406597705676 0.39645670761546603 0.1637067988092439 -0.08704013549688853 -0.213219978724238 -0.2634149712361782 0.015726050671460268 0.010365006406163965 0.009927349190220572 0.06808193985673498 0.17493044681628075 0.22448658313057482 0.15415188372218996 0.024202560356903362 -0.054243270327154196 -0.032027981736561156 0.017488668835201403 0.034082451416845336 
-0.06859764834739934 -0.11491759302067672 -0.12740654074928892 -0.10982700288603436 -0.17537840187454143 -0.40593378762981713 -0.6206134749266421 -0.6127755427349856 -0.34896321752682846 0.020102219259809713 0.26763369344705995 0.3016800829496225 -0.25432238278961944 -0.2977329737068352 -0.15050759516071208 -0.05517001306026193 -0.0763760388950016 -0.0627087807216385 0.03219169971103592 0.09728239343029377 0.07137605727770407 -0.00108395279713915 -0.052497478952163425 -0.09004541554399119 
0.018932303318413446 0.055621943960264764 0.016104178952284887 -0.12209337891822292 -0.22765477893160568 -0.1792402127991518 -0.006731483625725426 0.12962083411267605 0.09101601289781147 -0.058902547022411184 -0.13848887632141205 -0.12098888775467159 -0.0813443529202571 -0.06905721620586706 0.004274865751790498 0.01611958163850154 0.002003253320188969 -0.004748244999010387 -0.04788222410585933 -0.09480995570498978 -0.10056273845664891 -0.07154164038555581 -0.04567374436024951 -0.07395467541646723 
0.31220629099511576 0.3489301835450642 0.1703962286146825 0.08261960362804016 0.1402388730194846 0.16128916528540838 0.05246256374260794 -0.04242298591750998 0.0034972002250834577 0.12798646487663096 0.19063119761837444 0.22982766581211325 0.20404337554241594 0.24798206778753049 0.13950381067333362 0.027602451819259393 -0.06742662346219512 -0.1598456091057199 -0.21460285517239033 -0.18917914698715843 -0.09572330058346086 0.01818763565083379 0.0973701670064725 0.10711763798852386 
-0.007250685944647728 -0.023081316595954027 -0.0056210648602582625 0.026430573848462924 -0.005500119991181662 0.043181177949842914 0.25824931275352053 0.39571029632169746 0.2891648053032347 0.07364266285136824 -0.037697497729146726 -0.005624736418021858 0.01859681233168405 0.023843106357383514 -0.016969022028954877 -0.10063386098887457 -0.17288902473652737 -0.1499905038428079 -0.050573948276663366 0.02766434555550103 0.049090665740759744 0.04632986030780939 0.049504657922851636 0.07823728441472205 
-0.6676362803431166 -0.8195121661051588 -0.5350553508630181 -0.26689633472715546 -0.08417586095816809 -0.037607655687154795 -0.109295307599094 -0.17828283287802105 -0.16086771197915747 -0.10073329262958136 -0.07487249686849023 -0.07735490668427394 0.1360311452779026 0.14934824346446673 0.09406512317829042 0.0886213351999306 0.11467946045879485 0.10206748647949214 0.05215768015860613 0.02685558291328653 0.051073261995004 0.09324220986173441 0.1221686349566996 0.1667434946900369 
0.4530631519924775 0.5683137997132257 0.41973703477799984 0.3545661732259986 0.4032196622668028 0.37017970921555343 0.22586929687511564 0.11455772092642849 0.025926471777652713 -0.08353224919273321 -0.15425100284653462 -0.20210945475064418 -0.07906884771763527 -0.12580647465395448 -0.12882095120920253 -0.07575570526126586 -0.006372644781784518 0.0416447399282143 0.0986817201254468 0.130915947659026 0.07491065888995369 -0.03289604890897836 -0.10267028525151754 -0.10733658340755169 
-0.32604406380715467 -0.39481210500292585 -0.32447819073931783 -0.34731220166051946 -0.40815939948589214 -0.3084125597859233 -0.08782046879400801 0.01758655304026492 -0.01810341899713755 -0.07315270868652154 -0.11759795469303047 -0.17216045909168626 -0.23284062298559074 -0.2905274251452041 -0.21201216720805002 -0.12158837907600595 -0.027671505273815938 0.017491321753892286 -0.009158334781681857 -0.040720143839450336 -0.05155651674918758 -0.07447201139157807 -0.10907707252173586 -0.13653040207969283 
0.05915974894027709 0.14198807681479297 0.27555320870549915 0.2939056230989425 0.17560958361803392 0.053649410214584276 -0.0485332670253629 -0.09497223961452347 -0.00694931785763632 0.1585405176067734 0.29167608693767605 0.3637877900083394 0.1280743182459827 0.19093473052143553 0.18938539634596072 0.14865600112419647 0.10446350956836815 0.11398924925293426 0.15300550514313438 0.12608040618771696 0.012707567176043997 -0.09958988091373734 -0.14329357932632034 -0.16586526726184983 
0.22783729013975584 0.2652329707796699 0.1730730637973823 0.12819907756439042 0.11264369418766415 0.06818352855165292 0.05538097869619084 0.048642578910805936 0.010239733086049772 0.0016463581453995402 0.029395175804611984 0.04928767717531282 -0.1121506515675752 -0.13625720184688236 -0.11770743305414515 -0.13901718204279287 -0.14277300980203558 -0.07723633140734269 -0.005471152628454735 0.017922442576434394 0.029978404272479192 0.042342000744000914 0.035060743864583695 0.013266318730378599 
-0.20810047971892587 -0.3345129297423788 -0.3971947815282323 -0.32915746975904575 -0.17057241327507983 -0.16008608271203745 -0.30474794229938695 -0.27921151057199284 -0.026367805792072943 0.17783786013251826 0.2021331698836052 0.18476227890140573 0.22965293069162218 -0.0411786460712222 -0.20211240094330774 -0.1132773560405695 0.08780804018433204 0.05665696235688431 -0.046774825263517235 -0.09550475880671612 0.0032011655535551325 0.12958545470755334 0.17459339658467274 0.22045201889281496 
0.1440380052251724 0.2522100038163071 0.3650181035399833 0.38127089089685323 0.19325062836677145 0.03016418089941561 0.05670032672836822 0.055938860789696426 -0.09832938784735681 -0.20982738218139674 -0.17800872775974613 -0.12244665972935523 2.6611232652275314 0.23786493024255914 -0.04845039341801358 -0.040006733324822435 0.12903532344012505 -0.08253256383310893 0.07301261855883466 -0.08358103404490869 -0.0961015526606841 -0.15334797519032783 -0.13138333470424648 0.06307402102691655 
-0.5878994006772977 0.27203549851014097 0.7859178916641218 0.5072017845544197 -0.1281180040245159 -0.09731180302995002 0.09113153474910013 0.1878938958661796 0.03773174594840158 -0.12447897635248845 -0.12840215103416314 -0.21170109821777144 -1.8592665287741024 -0.05492454179074254 0.2166370054942726 0.40867815925960316 -0.02789371891946403 -0.028854107989977475 -0.5888294003672635 0.10609481806776734 -0.03699301203865372 0.03643730475546211 0.18337075333296382 0.08525962420922166 
-7.565633045063652 -0.7516360340742674 -0.273132092544754 -0.16996034961787498 -0.29568948075799295 0.28439408020993606 -0.3615966155045567 0.06583297782644573 0.26649461519786477 0.6128487019588864 0.5888128403762356 0.05829730265415178 -3.448992116774987 0.0902848693246255 0.38744109802297494 0.08365359820166135 -0.06453615012888674 0.2911862532375172 0.19054241521837803 0.0720094574154843 0.08776847269659045 0.05896051083686379 0.24598116030086117 -0.2172592845936974 
9.224534631747794 0.33218371457513607 -0.7280306999686814 -1.2795763272804912 0.15757879804569447 -0.20063870839736525 1.670888729918866 -0.6024430232936695 -0.09780077119872257 -0.34281209620400965 -0.7313898741832772 -0.16138857491801276 -3.0203369450509676 -0.32588155981039774 0.42169186368021244 0.7376775752215327 0.13324195597531888 -0.5383747306515603 0.07586026915465728 -0.27368059908297665 0.07405619465387052 0.29801271646467553 0.08559254258252619 0.09473594389192631 
5.584797339337589 -0.04871871219006696 -0.04033089471253981 1.0236991522093246 0.24401067771832652 -0.7917311261294283 -1.3048055165116488 0.2350789481231681 -0.2938685473635661 -0.27754235476622746 -0.6144583470877726 0.5041749324018576 -0.7980986854987702 -0.8520196472079311 0.39394269045544544 -0.1747200315780437 -0.4922569877442573 0.09399770088464428 0.1090766096278785 -0.020024055956303733 -0.04206844854978836 0.17223137706838884 -0.12628630668736562 -0.11486645627741071 
1.8978962422749852 0.898221516999234 -0.5955582982926226 -2.3026606920237778 -0.7976939511886323 2.055874992094413 0.3351551777886743 0.9243127079667484 0.09574474326750546 -0.5733215973839583 0.21645581495026242 -0.7188477447674033 5.3199426683112065 1.002467355098828 0.43330697960003817 -0.38049473656841415 -0.24827727459353185 0.2510435163748988 0.8171585373428724 0.0974245591204181 0.16193995846284223 -0.34738212730396417 -0.38569062699160056 0.023612516243678744 
-1.5080177938309371 1.5214040063374772 -1.5211963647491196 0.8657419274878994 1.6587178570919425 -1.125855872689886 -0.02095966832309637 -0.637472719934852 0.29592720361411584 0.21140932134369428 0.49374891587156267 0.6816262564110792 3.6833471559426028 0.3065703520652798 -0.7215053785956075 -0.14921811299791887 -0.13309238431127765 0.0722575713610979 -0.18538104283007972 0.23706188988953394 0.017957048300661416 -0.362628447500043 -0.15379784220047668 0.11791663808984487 
-3.1888858066015624 -3.4602797099851195 -1.287518903750506 -0.05911350521453618 0.1950570321394821 -0.7867068842418329 -1.4225098062040273 -0.45844086662591377 -0.8785185220760902 0.4548584476529222 -0.12842162468814294 -0.3209517856536598 -0.6690033146285996 -0.18193942872413169 -1.0267533227982057 -0.8573142209561744 0.3434697158428736 0.1077237144065976 0.22084658285865003 -0.04755639351310611 0.032046554362580186 0.08046006506162322 -0.021573696633656908 -0.16949746220915493 
-2.9218531040519453 1.2108208451062703 2.4701655438032244 0.34957989779846044 0.1469123389881022 0.41278709795540103 0.13017010397494122 0.21527006575089724 0.13939194040624747 0.2962529652154613 0.019373899332860156 -0.04852296142454879 -2.8455007382303896 -0.8913941059803915 -0.8520917869794685 0.04585790711964873 0.8920770086853601 -0.3331276191214083 -0.1265335735800784 -0.5725815879691732 -0.07779127893525029 0.2899647503460509 0.015738700417595657 0.20859193667509726 
4.611823841271288 1.5993313837872325 0.48902071582582235 0.527362985689465 -1.0722003396653328 0.9633823635519768 -0.4029494569362946 0.640610495663192 0.07787271178369909 -0.8571236145047114 0.5183644131205843 0.15471925077787546 -3.009894724013069 -1.3833640506914968 -0.014598999597025486 -0.16181551579388948 0.18894603071469082 -0.20173190194657878 -0.0645023691834657 -0.32181638699631404 -0.5640559325077725 0.5035253247705528 -0.12888095579280037 -0.15680014255935773 
3.128129596923806 1.6657807773924755 0.14680918640112184 0.43492996067695255 -0.3838844830617305 -1.0015176392225658 -0.15113912221672754 0.530746362828115 0.051105423489972046 -0.002493898615641532 0.12313979571441203 -0.18198507182998025 -0.7824219812142633 0.30066210525346015 0.7996794932393468 0.2840158075061168 0.09988359959236215 0.3115932206723315 0.005325412242322451 0.25383485334589967 -0.06241262907060648 -0.05804580486162029 0.17357205311524046 -0.0011977351065365811 
2.815807014949769 0.46233247594626903 -0.08204372625837819 0.3836580107278862 -0.10638264897967398 0.5256411901868869 -1.0883480855577958 0.3492701458244194 0.8577925339053651 -0.9063440947431849 0.20633829449948227 0.2161796972271291 2.4734612911247367 0.2553744928989892 -0.018363470072043364 0.7972791386614969 0.05588298868080802 0.08485973767289383 -0.5031180102620801 0.4778272862891826 0.2612650840728366 -0.5867726881283372 0.19022088914537236 -0.012618900628739299 
0.32342125275160427 0.8773339832663716 0.3566592851272844 -0.43061503723910066 -0.6356473051318137 -0.30312197737904856 0.4568931815587245 -0.40056431936741554 -0.06333008344276617 0.4950006199195589 -0.3453292007023102 -0.07565997932956586 1.4171826029010874 0.5606406569912146 0.0012241305190087148 0.4674812303222083 0.011620917777909115 -0.29440225388637076 -0.6285500394708277 0.2662253014547743 0.34974758423475727 -0.2094300475146441 0.09655029973447514 -0.040760524818176457 
-1.4062058600168204 1.2274313021533168 0.4391860766788711 -1.431701931336999 -1.1139678946727152 0.35960531961153674 0.8023884219622199 -0.3272160221065905 -0.6487047869684417 0.6544471906126998 0.18193624389282848 0.13941340641388617 0.6540307307194476 0.2613076001927208 0.2571927249268404 0.3076146192373257 -0.28074240466249956 -0.06870422390847442 -0.1754952790404681 -0.08487988307306382 0.11427146521268013 -0.1475713211112833 0.12139935012374131 -0.03603362090986256 
0.9875882257038384 -0.39869060668469203 -0.11747810662452896 -0.05983375925722978 0.08504538645106274 -0.035292942275778394 0.7891427424357476 0.0703135424292971 -0.2448886687773964 -0.15459939874965156 -0.15431007818568648 -0.02132035196882942 -0.3037695918744445 0.383472995111938 0.336053537648668 -0.09793862625061041 -0.6702478592500523 -0.12440870786990917 0.3574017933170579 -0.17208948209549169 -0.2451884240810199 0.16657170872263338 0.003149871716418303 0.023609297625936988 
0.5216313363153091 0.3164219703436384 -0.6165532051629927 -0.7245764859750263 0.3754982192163865 0.5978393443606751 -0.7279870288749031 0.36847086414525454 0.6057574309346399 -0.13883012207472978 -0.2533693171300535 0.2971107462763486 -0.44336326826325195 0.2242118851427725 0.2846078247420694 -0.37617113184101214 -0.6860756687495333 0.19688821044682578 0.5213130337950984 -0.11147559235002917 -0.3224707007866728 0.08549717257262889 0.13918503160357665 0.06182477442716806 
0.2708114302088731 0.18241966383539676 -0.12363168689778781 -0.49036188116825574 0.630363215673792 -0.04901286614389022 0.1498755270261123 -0.232139316206863 0.045004079848752765 0.39192415009537357 -0.13712603534012413 -0.22533654213860804 0.17636272237246864 -0.01658617384698413 0.004312501939562415 -0.04760113759813681 0.08217905740436544 0.020728437849622344 0.31495787449007806 -0.00530804037567667 -0.08010583637379327 0.020021117877878452 -0.08909174757690023 0.04171078435289886 
0.2822723425204181 0.26424051146495486 -0.41156060741070766 -0.08792447485844956 0.67160019696452 -0.22419934979488465 -0.44191707171825767 0.15843718426157705 0.17376094107850204 0.12469389847230061 -0.24421087234068262 0.0559471782172713 -0.08130536566659075 0.24604962205957412 0.031142092568409052 -0.40998167873375263 0.45460474792860944 0.2340159260867298 -0.3158366222126456 0.17423933440151942 0.16126783923043356 0.047153666752635694 -0.08613211657907933 0.11447272613503741 
0.578179555483878 -0.32284135570439787 -0.23291191131935873 -0.23535635202110772 -0.30954277463610036 0.31354109125313445 -0.2987658596128093 0.19125450349816586 0.21142708527205234 -0.3464247626568021 0.10838594215032873 -0.02587092099798735 0.06397686102048776 -0.02795393428877831 7.004615742588852E-4 -0.13266538219305626 0.27282314283807846 0.048856988211935216 -0.21423282268388347 0.12718306552198952 -0.04377338228539764 0.13794439613994325 -0.08213770470899884 -0.056930287861954754 
0.6118633706775789 -0.16909638606518662 -0.6553393706574344 0.3778657856526575 -0.5183630294144956 -0.2854854125980266 0.4438435310824944 -0.3659440489118182 0.038742410531689364 0.08888333404345095 -0.11772895613804193 -0.14604024269907404 -0.23727462968139493 0.199775009136828 -0.13080384313050458 -0.1687003381940221 0.17838536435225968 0.07088615826959428 -0.2953150718326722 0.005209384435580648 0.13302393143684627 -0.039692655848892054 -0.14481974557644714 0.0753320895721996 
-0.08591466693117056 0.48294991546680244 -0.003843689997201097 -0.32526086484464045 0.40687540034906444 -0.1649407993781249 0.3496936936773867 -0.3514978961861339 0.24383349197835202 -0.004003756110031342 0.04604612068555203 0.04644803190542887 0.6026216892722148 -0.2561881199817651 -0.5296269649225452 0.02554406640816098 0.10795811555584718 0.08437901372331215 -0.1284324960156463 -0.04118121724016619 0.20416043008836693 -0.11984409426559856 -0.24322348383176828 0.03653448354923558 
1.3261433427721272 -0.7379801515311293 -0.13368318868027274 0.46312879613538316 -0.22176498358484142 -0.19761687928803787 0.11979836713466097 0.414185230796985 -0.2415140565851866 0.07256136274559138 0.22141827512104717 -0.2062085669510356 0.8045620282334974 -0.20916586220467082 -0.6910290530340801 -0.019120793750524594 0.08173328186710231 0.22248597737758627 -0.039069213640314716 0.0755162152125759 0.053517898095016704 -0.12029802285439817 -0.16390648834640997 -0.04320403327799916 
-1.5868254983800405 0.7301648869738688 1.0951408924596961 -0.3546200564869535 -0.781716144218469 0.0164697834282036 0.24855421040804626 -0.07526648463573715 -0.2609259714346105 0.021268505788923336 0.668482778016089 -0.10539020951971333 0.2932409480158376 0.35702445265676336 -0.48433112197526973 -0.4007509490831423 0.3328242661366246 -0.08590811393501928 0.06928690929791521 -0.012594434020241149 0.2518706477162394 -0.008536093983935187 0.052202714775449556 -0.04639393855964837 
-1.0513672982984783 0.33479371479529263 0.8682554972163574 0.4499077627253878 -0.16926710273203582 -1.0436486361339496 0.6116209136381088 -0.7306084003247443 0.1305684479531205 0.4371412716571681 0.06277218023591946 0.05949097784749455 0.22033668406968823 0.13958390474152585 -0.422300637511956 0.0031476574246625164 -0.014319415185635917 -0.3405229116840056 0.20376921653973493 0.06021355656860208 0.07264904232844382 0.14843380913039297 0.2559945952830566 -0.06991468860699299 
0.2231178095566193 -1.1245103756666985 0.9481803329802929 0.8836024991097841 -0.6178463384872122 0.5157994208498888 -0.10407830746808289 0.25868222143545416 -0.6978197034395197 -0.16068542861401414 -0.031238976198232793 0.05278007518510891 -0.574668682652554 0.4945452154840468 0.244949194673956 -0.2570113591083613 -0.48360256869932033 -0.3357542973551843 0.46424508143206517 -0.1691484945155831 0.06748682606368449 0.14659505998405717 0.2763044487648292 -0.06861330046642831 
-0.23983836340526743 -0.22939423443542317 1.206699003595297 -0.16542545393697317 -0.2607416408935621 0.5742870370531363 -0.31519302354647927 0.06657020805558311 -0.24101431756806346 -0.28176309744411876 -0.19670463362096172 -0.07554964348246776 -0.18995994284703185 0.2723520029756772 0.05399824048868881 0.1678920955990558 -0.22723110759465434 -0.5118682564616109 0.3066137898770523 -0.2417374365166239 -0.06278782800460377 0.16776843615559445 0.1039463845051085 0.010886160903612774 
-0.26858391786898395 -0.47137678486291357 0.1910715552483584 0.7240806291693108 0.7148288309602551 0.21476483890021347 -0.6807740652958554 0.033589694720848384 -0.27759506686507196 -0.05906448961260469 -0.030692161349957905 0.16797000254455274 0.3603430225923739 -0.21494550584513514 0.09754360874395311 0.3257247487549754 -0.4307305360092703 0.11072787971556956 -0.054575330731218154 -0.020874547605531257 -0.3332180012330688 -0.09139142705915711 0.037994170296849594 0.08669916723280159 
-0.23563660604458114 -0.8088290895336314 1.0848151646162583 0.025992410898457108 -0.15391136467180644 0.6424734242257208 -0.0198725770791619 0.10715017258243031 0.10881961367970794 -0.11697450631031997 -0.24934038070354347 -0.03076246854306569 -0.06062899033937086 -0.11412669040490571 0.5252607426900923 -0.48382521268899925 -0.08549813652028708 0.33693818211801596 -0.45972719954832364 0.2775780838777547 -0.15548959082486055 -0.23338013874658392 0.05399705515265151 0.07612801999117823 
-0.8600121369008455 -0.18995643058218903 0.7164914262379529 -0.18928067957285744 0.6209301314297209 0.1495225881168879 -0.0880125385080871 0.30101588198862433 0.1269173346358009 0.031094556996557804 -0.11890361354749068 -0.22971101398299693 -0.3391693023400843 -0.46376975228325357 0.6589796952011326 -0.09180772807942823 0.19187568857207804 0.6249842072813668 -0.5223263921575282 0.14348425930815975 -0.07557985739640845 -0.31662743375669755 0.18535842761458757 0.18387725791638462 
0.23776271712877595 -0.0277243403610683 -0.631793159969777 1.7427308385011089 0.042702118432566216 -0.40390638390924877 0.7676078117046075 -0.8998771372115689 0.023198254156081788 0.3732977954910518 -0.31459007298014985 -0.1050931951922276 0.007323273824539456 -0.47115789972745387 0.5679085091625748 0.10293668472270717 0.31496016169446367 0.328696287337417 -0.17485678908480976 0.11756247300484222 0.2565207042705542 0.034862424817717765 -0.08999337642192927 -0.13284124451413387 
0.5122243275645904 0.5293800974005656 -0.9275633680620219 0.14113459960626962 0.04089502369183462 -1.1369978788764024 0.49246491678484444 0.1066505716933687 -0.008044814914033527 0.6456816607568021 -0.5541425980554174 -0.3464964078800202 0.5791683410663159 -0.0024187341443046386 -0.028710275312646694 0.2306494387018212 0.34488750454753236 0.1900747982070485 0.3163443824815722 -0.030303993365286868 -0.16037992137918422 0.1132934744684319 -0.26579850043618297 -0.15923344650048407 
-0.9437246597509175 0.24497634565735282 0.20311703427852112 -0.44802528285922794 -0.8087742958862543 0.29964479571011493 0.21445906252880154 -0.14835459128446854 -0.5932614243570373 -0.5288553326435954 0.2382592408162077 0.4261539619478475 0.6356318336880746 0.3451363959565916 -0.5245120206053911 0.4331237799691167 -0.030861884410969005 -0.39889305335989356 0.5598336722723679 -0.4825062909526603 -0.017695894632641263 0.1406688649958697 -0.316351777288337 -0.23362725377030244 
-2.0067734716599466 -0.3190505711584857 0.3851671550517439 0.21414906500184738 0.012005824946534016 -0.7724773963139394 -0.7604713113649008 0.01616658912093477 0.9162869380299131 0.14229069765858576 0.40206723086287954 -0.017634253051582227 0.8045655973799626 0.5980116799858939 -0.07654045966605431 -0.16217217266729497 -0.4805089915191713 -0.7167580364751062 0.01520327275365796 -0.03552150609443507 -0.08400191869180519 0.28107635370379147 -0.04600380788019742 -0.017357543466289205 
-0.4096338843231795 -0.6389181939513175 0.2853776402895134 0.4068522658959699 0.14973237103812354 0.6105125348892005 -0.2854250910376237 0.5928837269326289 -0.38587993841796775 0.20298668205255085 0.15636034442571273 0.4313574887044607 0.0507826237844499 0.08617276630614408 0.3347020542210805 -0.21296221735420207 -0.6888033408048733 -0.10529748504855774 -0.020770904188913197 0.20594066822825993 0.006156409485517174 -0.005905920765149693 0.2367545991706489 0.2567191839134897 
-2.1685178522891664 -0.8227076727527809 -0.7390722920693551 0.2002123432305556 1.0031686647871596 0.8578423609593735 0.6967971753070832 -0.15740406913187482 0.14027019819184727 -0.5634684077026454 -0.37518172621957774 -0.2970255408594592 -0.06879490944019089 -0.15018060210296177 0.38008165005483113 0.34581110922505953 0.07519861994402009 0.098930132044876 -0.3131816487452959 0.13562525623478092 0.0804527149674464 -0.06323537315223315 -0.018088774917305355 -0.011491527408934452 
-1.0152003407896575 0.23828659753606818 -0.23886940482417085 0.19782973008902416 0.7620543066080531 -0.1996226277808683 -0.45186246824045084 -0.6793912668428435 -0.22372228289455587 -0.15825801766753073 -0.08338007815451032 -0.2043079458886831 -0.06024867262518874 -0.19243278207761513 0.2907397158740528 0.33842684248165184 0.10485380450223059 0.37515696574594 -0.10426890659416622 0.1532717018622491 -0.10810776608056057 -0.02092717802366568 -0.050553427869682845 0.0022043986939349245 
-1.4976055151061347 -0.30711116059329324 -0.4929542725559073 -0.7187729947698585 -0.519751002670491 -0.6642002111135329 0.2622923234724005 0.24542831730432824 0.593849965365868 0.5126191669753261 0.5762037669049072 0.334673046471793 -0.5612173269627673 -0.07805868208578781 -0.13315719129013356 0.17399394711031266 0.3975079133428207 0.28126009776385946 0.0872428908886882 -0.23889830409344523 -0.03483740304867087 -0.20831680396164665 -0.14480626506071625 -0.17445397009842178 
-0.5643440350391291 -0.319418103798216 -0.7099005170893689 -0.14893559254877864 0.5966307912602571 0.24606292368783356 0.24463405466221633 -0.06834757187221986 -0.2883465237632964 -0.27227557121543783 -0.1676721185274812 0.10889499895702986 -0.2240158174455645 0.3044532912755629 0.025857177929999975 0.03340513048847379 0.161456714399476 -0.13583057994635805 -0.1432305482500722 -0.24047439671545331 -0.07584917799033493 -0.048233757999330724 0.03780260330040064 0.025980912727660815 
-0.7102940242761289 -0.30967927582827537 -0.10408516206635543 -0.14838683678148096 -0.10664331756740444 -0.2087807080665558 0.08682024118968498 0.253768995663149 0.27709452777223015 0.1184907809562481 0.10138308914905644 0.06973489701294971 -0.2558517158039118 0.13835925562845666 -0.06773658465432963 -0.16851804126466727 -0.10187786374861767 -0.13684337790936268 0.2117326756936233 0.18126989928227635 0.18174017382035038 0.10674378700702551 0.11143610382628515 0.09411158766570858 
-0.7368086338679669 -0.6737892186731296 -0.5108754938589467 -0.18757874037058597 0.07113032085808174 -0.019840639465282726 0.06556521765112351 0.03786158412410602 0.16220296987326782 0.18350744934000043 0.04062245082221311 -0.14978160934224388 -0.04362289215788747 0.0397154221519623 -0.19534832053791948 -0.09549398681099819 0.09096224542950228 -0.03600321846912689 0.004913060739836069 -0.014493285848902374 -0.014499013219898068 0.05631283968454722 0.1065590261565707 0.159930838130835 
-0.6438180682799803 -0.5450033700412065 -0.3892570302081294 -0.19389729706495296 0.04863282377644962 -0.1207182958088867 -0.283371285102923 -0.3514859585406638 -0.1766453029134653 -0.03550370432346961 0.13774817075120455 0.18167658762430416 -0.2436630984959495 -0.11050844033176029 -0.004182361754117292 0.06446113293632182 0.05974404731286786 -0.06818366429644925 -0.013593475947778969 0.05422259606586679 0.14534291226998694 0.148974191940004 0.10558372932869882 0.04483213101309177 
-0.46671333656354097 -0.32090232314763734 0.018730378595276598 0.16030159802595195 0.24610598429982322 0.3100413729663797 0.4149906355890121 0.27775976277639364 -0.01797956876075446 -0.36421684762922063 -0.5055317377982673 -0.42686836074115236 -0.3326795941830592 -0.2811654351479262 -0.16351186564705544 -0.02709811440985349 0.04792006041066978 -0.011627380651279532 0.02466294526741036 -0.01044050094310448 -0.03812480595917015 -0.1086764822355915 -0.17446913857929772 -0.20847955090893003 
-0.11435237744049331 -0.15459740259574062 -0.3563410130311152 -0.5157104047887153 -0.3733632912268788 -0.1691707213930393 -0.0471120399359224 -0.028847881860595198 -0.06884293972071953 -0.05456964637915335 0.057708995473200186 0.07378187967312866 -0.28784107981979296 -0.23850979154599047 -0.1256179819704739 -0.026782243780900727 0.06867214886300817 2.4206554977289813E-5 -0.08499491353039124 -0.13224179741294842 -0.07308889018498546 -0.032955385925629736 0.004116135120902753 -3.052797677473111E-4 
-0.0035026967385327623 -0.025495896952083985 -0.036797905506287476 0.054622156720855686 0.1383681971277366 0.039267715280632165 -0.12655324073460786 -0.09213595138661483 0.2226762061544054 0.5190698670746168 0.6040494541991085 0.529604397360134 -0.11788080402436323 -0.0898603327686136 -0.07134512901914282 -0.06835412533590074 0.03790692833936418 0.14594505636194788 0.1823439129733838 0.10355650940528462 -0.017651722042362858 -0.11455845460002527 -0.11858121730968561 -0.07019348486343806 
-0.011900148733105631 0.02282279149898825 0.01536105775407437 -0.060710845069702646 -0.10351472922653158 0.014595913369055191 0.24238539365006073 0.23018729077968575 -0.07770651981608885 -0.3782809038984991 -0.4293908306101916 -0.2956439521230971 -0.022299485146764237 -0.09424207668726803 -0.2606421327012464 -0.3306465722385991 -0.21282672955720763 -0.060565674911817836 0.01637492441278642 0.02049215828023977 0.013362299454310245 0.03423931513491985 0.09643549463970676 0.1284415644983615 
-0.16429703884414515 -0.14003142188916096 0.04691473026011028 0.1378641941741478 -0.002539081718442915 -0.2196771135005112 -0.2767898201241308 -0.16242735175960069 0.03940738741401877 0.14131414493052807 0.09376182717248542 -0.03157499025272534 0.0023713213264880593 0.03301013215934079 0.06682364294973764 0.0558118776627809 -0.005735614083425757 -0.054539126664594186 -0.0265438695467055 0.04268295028632659 0.12481638105811742 0.15890552582695736 0.14825367999291128 0.15266137231419163 
0.032943249052605594 0.18539658993460195 0.3837290671894251 0.4346082932004359 0.3355705368678339 0.1419987177329859 -0.021118523479520188 -0.05517865651482158 -0.017295428713456962 0.031590269288131446 0.023546325067391467 -0.030953120015526178 -0.12457971661893967 -0.13471089655137444 -0.08376552723072435 -0.05644253375419007 -0.05865287233198032 -0.027788078089806743 0.06587758690240682 0.08644219366392003 -0.003021069805383858 -0.0906967094100179 -0.10554036073499157 -0.07990673509405913 
-0.03303835961085255 -0.2058131926479132 -0.42145283907317577 -0.3604730454025563 -0.06396759366916888 0.13918369309244938 0.08483032647029912 -0.07750182859834095 -0.18197848257126278 -0.16258229699957058 -0.06718016361841692 -0.0607251356362264 -0.061861639960948324 -0.06964749357518991 -0.015971834896124193 0.05249583527725458 0.05021269217689479 -0.07624155620001281 -0.1989645577453417 -0.20181824780835808 -0.10542006351154555 -0.006055584365508858 0.016493347315234667 -0.03631895955167314 
