0.0 0.0 0.0 0.0 0.0 0.0 0.0 0.0 0.0 0.0 0.0 0.0 0.0 0.0 0.0 0.0 0.0 0.0 0.0 0.0 0.0 0.0 0.0 0.0 
0.0 0.0 0.0 0.0 0.0 0.0 0.0 0.0 0.0 0.0 0.0 0.0 -0.0903884379680185 -0.11404931807123238 -0.060439968915700394 0.02411069317062242 0.08903108394301736 0.07859451052346446 0.03377207547540082 0.014356038150235173 0.02583546196458328 0.04553404297118777 0.03269436547221708 0.008294634870878984 
0.0 0.0 0.0 0.0 0.0 0.0 0.0 0.0 0.0 0.0 0.0 0.0 0.06622186348196868 0.07950942356290014 0.02367891961360824 -0.066350228704603 -0.12422921701701395 -0.11063173436604605 -0.07881174227950401 -0.05854536488009648 -0.051338661264804596 -0.05920954311888204 -0.03886125853082867 -0.016796968152733665 
0.2711653139040555 0.34214795421369715 0.1813199067471012 -0.07233207951186726 -0.2670932518290521 -0.2357835315703934 -0.10131622642620247 -0.04306811445070552 -0.07750638589374984 -0.13660212891356333 -0.09808309641665125 -0.024883904612636953 0.014526504618616562 0.013628741493187713 -0.02089219665594222 -0.07412562706299584 -0.10333655153515259 -0.03556314705016295 0.06700418613254512 0.09141862804958172 0.04225358280425501 -0.004055807411526484 -0.007990142563888858 0.005613107284576151 
-0.3342482473979338 -0.409602247795549 -0.16169671221437532 0.23521672586974263 0.5062342769655679 0.4497869688833348 0.28709334005161324 0.19717015186564218 0.1927691767412887 0.24592969381342777 0.16562532380081163 0.06283285676451947 0.12084705125239219 0.16479753482790807 0.15199646047581128 0.12784028885000734 0.06266211440368825 -0.011009414262676862 -0.03455162619698086 -0.02751660548241137 -0.020094898568464994 -0.022792425332441583 -0.03408718789776256 -0.029277477322970587 
0.12354460984311721 0.16391489941821136 0.14352494607501431 0.1047685182541162 0.05689251612267382 -0.11820404329117853 -0.344559228423442 -0.3728409600815662 -0.22314533678340936 -0.11079742467213444 -0.05884223420873924 -0.04825575023598819 0.0788761631806798 0.09690889248224432 0.06972167124171275 0.04319428643157049 0.008550971790008743 -0.02060604189795265 -0.019976262655889837 -0.01710636434964996 -0.03661458666905225 -0.0403206399087111 -0.005676677445062242 0.0384768395190053 
-0.2887308017267074 -0.40527607708598135 -0.4370919010913904 -0.47207116543301375 -0.34997922718692775 -0.025761501351576843 0.22527637958956234 0.24743623926266445 0.13310417115022474 0.05547492387661031 0.08264113258933167 0.09951835478058738 0.03644987507170742 0.065864853249061 0.09161337155542977 0.14004916671669207 0.195780153441416 0.15423541736431576 0.031281306045782054 -0.031185877533723445 0.025085701701786627 0.10490933406347823 0.11089692453429534 0.07872665016656957 
0.011778101526402907 0.04925819141218035 0.1098524874604705 0.15172900684479945 0.1353605848771695 0.06380882924092038 -0.01047895822750751 -0.01688206510026677 0.062169876908938895 0.07958717578097871 -0.039560968475724545 -0.15865717217768682 -0.05939098354265271 -0.08390353948266364 -0.07764452490200774 -0.07946964578637801 -0.07111375620375843 -0.07684243603420986 -0.1008019261059352 -0.06399729827877078 0.0015365718075768808 0.0097184484545458 -0.012200748902295125 -0.03725300528895979 
-0.3877146184546989 -0.5498684535397165 -0.41970059757339273 -0.20841101857567523 -0.12034021773592793 -0.10392571947566191 0.026209286816299825 0.11274833697616281 -0.02514553521024529 -0.16399060860356346 -0.17670608266858173 -0.11814638276433992 -0.17686208540525575 -0.22797898924304164 -0.18601928471418913 -0.1377492252902721 -0.05631281285373745 0.06791217474544124 0.14338392708603453 0.11186906320155077 0.014385456976435515 -0.07617843151388091 -0.12011760854136481 -0.12019946682824885 
0.3512094688350711 0.48792170609306984 0.3677628690220387 0.211347382184581 0.1554142800084492 0.1514053738734936 0.0573800962809949 -0.11350511410200304 -0.14863019902590496 -0.030220003795684958 0.10743362012710284 0.17233563440335484 -0.052174827616504306 -0.05343980731340255 0.03447911754863272 0.17006886958452316 0.22236675490933536 0.14496483425916995 0.05772831591364517 -0.003441072810996456 -0.03604457093299993 -0.04227049613364886 -0.0707549666135039 -0.07273581202151898 
0.07213977083472578 0.059329133302698844 -0.007989237729607135 -0.08863267723208826 -0.19106763619135525 -0.2732962979041872 -0.23880492892279248 -0.039859425841119706 0.19534783818834012 0.3389138082065849 0.3694966639120124 0.29462035197481307 -0.03517714929046726 -0.041913703492363896 -0.02738909837546562 -0.03758291861595805 -0.06889704960063653 -0.05421000266696322 0.011255795600244853 0.024563987581694324 -0.01829805115519346 -0.017025486280279917 0.02074153688255151 0.015402714535361064 
-0.06162461026879651 -0.09502118006881966 -0.19944054510732045 -0.4183667725805636 -0.4963759706231229 -0.28640038432232684 -0.051156798098896866 0.06974503474136386 0.06005690300864597 -0.04505354422314889 -0.10039744192550992 -0.14683310348270637 0.17236548582388048 0.22122307076973347 0.13547886056690917 -0.0012297143343484862 -0.09176651364469872 -0.11799267311337887 -0.13742196188948588 -0.11972229339389888 -0.022905670990201032 0.11881326991805269 0.23873736169138118 0.27976752272122396 
-0.07576613103136332 -0.13265589998168004 -0.05393159538231629 0.2191948146547712 0.4122460563817677 0.277607167623138 0.04671034720551115 -0.05256870019060361 -0.07459493276194037 -0.10549737954899173 -0.13501516228992988 -0.004770157427392507 1.245309822450109 0.3192706040839095 -0.5929512921319258 -0.5366714791665407 -0.2252489836749535 -0.11167895185582022 -0.3557076392423921 -0.22122344921446735 -0.01560508271114519 0.027279476465397672 0.02668319501057957 0.006067938114451536 
-0.09193403770352582 -0.07975498957394112 -0.01570253385233422 0.061122779244196734 0.12905697465598387 0.22993166044996766 0.3268883438853007 0.25201640325443553 0.055058199419838375 -0.1644542196720547 -0.3565225518460695 -0.5172716790592142 1.6496946864497504 -0.22397215195751308 -0.031144855131358378 -0.10319112450225061 -0.272803241482088 -0.18371922540946464 0.03002298118073792 0.1408360924250137 0.052805949597511725 -0.03502069691857723 -0.19003935282406484 -0.15004839600169814 
-3.648634982798236 -0.9061157741964689 1.678995633038677 1.2816369843551534 0.17196284219395186 -0.1964254647228738 0.6392954178122849 0.5326752375457466 0.2446624381161795 0.3167757165348448 0.4175096338405535 0.4616358254197124 -3.9758835953315352 -0.46037003021476713 0.4176010049817555 0.5522919043713078 0.503455530676601 0.08732772715993871 0.27758906027251956 0.3186883637874294 0.1209400742903695 0.03185772113534048 -0.018226338168563044 -0.04076972791548939 
-3.224274243734611 0.963625212911114 -0.972469593923742 -0.6400144839240028 0.44217536091704907 0.501773608079073 -0.4375182769444975 -0.6453852114018523 -0.25798963122294916 -0.15112800150933547 0.19345821848144296 0.07010909309883556 -3.039774912270539 0.04813870833117958 0.4437613101789288 0.28846282691149727 0.24575044973462504 0.1489314169678849 0.5054982514934597 0.3004577345788798 0.01973613167094757 -0.17964112255404951 0.1460747732038241 0.01043617525014584 
13.418054757978787 0.7267640894200937 -0.828351080291879 -1.0871122668750521 -1.2546797287785678 -0.12029698767123082 -0.4038535231971485 -0.5599329842247479 -0.28089124031165513 -0.20773365203637278 -0.355326532947997 -0.17615135975994922 -1.3519743106586353 -0.9048234723814615 0.780613605273067 0.7077789284636461 -0.00442806833212292 0.08158800920062848 0.36782902655701694 0.20953496088039378 0.06457875455831821 0.2505746710137328 0.339686085013547 0.24951250073726938 
0.494045828719579 -1.0406110463757612 -0.09331310772384249 0.3801089241248077 0.10512691093836857 -0.2549268289795086 -0.6680319400903618 -0.10305268959695663 0.258626643620913 0.6367238322757026 -0.40832878806326656 -0.2296866122198209 1.4010613861907697 0.3691005524321757 -0.1555452083569724 0.0684943794581931 -0.1078517231466753 0.01502922449641079 -0.2706857620172888 -0.6650899148884879 -0.09260456094071716 0.11097034392280132 0.053211523009442395 -0.09358615348683953 
-1.4518720870494253 2.8104727725913534 -1.102423425880474 -1.3517615050601903 0.35377127217966087 -0.06283927379546841 -0.3489348302858337 -0.36709590599788255 -0.2073819629807062 -0.8288742133988728 -0.3006551179277328 -0.13700382413276754 4.790167677493713 -4.762948957464097E-4 0.14419985348429165 -0.6258287648813831 -0.9562606766199903 0.12454332861550767 -0.2982554956019687 -0.21972853389051528 -0.2366020009257578 0.005436555542009798 -0.23615500699380831 -0.15207989014506493 
0.0075050202071862415 -1.1855307859710429 -0.36879779605852736 -0.7131730032060131 -0.038494970122039396 0.42795707765195945 0.3470796626517114 1.2534659941501787 -0.01693058706627218 -0.17346875259648953 0.006487941942983688 0.33129378574576335 -1.9246154353612022 -0.3169769616106552 0.33762409081743855 0.08181116297449353 0.07564451238765817 0.11224971249957301 0.022514941716722747 -0.40148756510717326 0.17765721036886917 0.004539173635455011 -0.3888075577309098 0.04490160800742928 
-0.7091778702461564 0.8006528439049738 -1.1232082965774115 1.3370149914345073 1.6859132416116072 -0.8353689268334878 -0.01664283776227915 -0.5790067244267697 0.5666933778092109 0.1810529737736939 0.14573012303030286 -4.018883075466162E-4 -0.05645254253072348 0.9536022952166007 -0.3456833619503145 -0.48156566882730484 0.062445423678313385 -0.0824598767769347 -0.2388390972577705 -0.11328471242022779 0.06503650244522574 -0.09505826715479597 -0.16027725167149456 -0.0027902560911137373 
5.896545026401551 0.9152298027993941 -1.0957929448276893 -1.2097128130460217 -0.7878776109405791 -0.20541113995921786 -0.9017227615023073 1.207365414939007 -0.6613826578806531 0.1181427177830543 0.5349012646504451 -0.4326924041547192 0.8161338224276937 0.3148020854077 -0.8887527178294276 -0.5632059090677932 0.16324674424975205 -0.07343524169432965 0.39212318847169253 0.5341606168949161 -0.05207730978868009 -0.033906387676834404 -0.05266715138103683 0.01939946555937348 
-4.227034462554437 -1.1007144074436672 0.29812423435505053 0.34120540634172847 0.5411263215539905 0.5012244653409244 0.9919836735644871 -0.004191479131613329 -0.080265434909193 -0.6895051471242568 -0.08403002426697975 0.25336003909081495 0.861866711562449 -0.14524641939180252 -1.5358206958893765 -0.04807069767498118 0.7565708153596672 -0.15740775145521452 -0.08426128016100391 0.12367607801699561 -0.014743652610978838 0.07378231711216483 0.1266848765136511 -0.2168693195445284 
-0.6819681509217546 -1.1792534165198223 1.5867940919635244 1.474349516543756 0.04415825715751276 -0.020033893352257748 -1.3336031584267494 -0.636423479182148 0.46278074865897006 0.36352947088298904 0.2793694697347355 0.14621442536846213 1.0540016436588944 -0.9644947773046172 -0.7617808648449751 -0.3347169476327274 0.410832838778141 0.22518406199209215 -0.5918744025411006 0.4846349378591153 -0.18149383023153035 -0.03801386493631812 0.07085833292911277 -0.16851161445372773 
-0.005521416271850654 2.2836337117399896 2.1429602726951114 0.13919591966456202 -0.9998171385164405 -0.4558342957713244 0.4520812011829536 -0.028140511417178993 0.04884263237233588 -0.162987354112768 -0.10655860905279563 0.36075265556444797 -2.4438661010693075 -0.9620153947006612 0.4587186461340204 0.3849676865000773 0.6743472469643846 -0.027765716481286895 0.01844865474117933 -0.20629919588041903 0.13291674052021496 -0.15376566059722238 -0.0393521849688803 0.15174522271842988 
0.6237835722835747 2.116540075121417 0.26713163053720534 -0.10455722680925628 -1.2499043972397863 -0.40243394537936994 1.143851682311761 -0.2345648824955563 -0.18145520082682642 -0.031074583913735743 0.3335905582560147 0.019146130969647457 -1.4840185642928472 0.1374390900188566 0.9000694554837939 0.7446401016324691 -2.1704980036666802E-4 -0.6711844010114585 -0.03281384916317154 -0.3766816887447793 0.061180413606157134 -0.005966092679130934 0.19995095929934772 0.10466521354085247 
2.4516879790508206 0.13743503083769681 -0.41820047333385113 -0.0242442814819972 -0.8348840921405141 0.7757216407983412 -0.30208971102830606 0.41377681016634793 -0.15689768172693963 -0.03090613793422725 0.006915986379021549 -0.13834148186506737 -0.5749063076199589 1.1201222914498945 0.8642095355457551 0.21784571958180854 -0.6309217936635422 -0.34242415669709514 0.4133145861797694 -0.11848263065820062 -0.12756855520189753 -0.08811001903869815 0.041950363852027335 0.12806032460904038 
2.5414828442954516 -0.5184713461252457 0.16716609852662395 -0.6778506877803716 -0.03765711662935045 1.377741341397285 -0.8580761548316049 0.27266292626042654 0.3821096648901364 0.31538714083111147 -0.37722070587921624 0.0817658534606624 0.3771589950074503 0.5604625219216288 0.11054866982419682 0.23288232947580303 -0.6884476995415382 -0.05080724509706288 0.34941213868912296 0.04574363851584118 -0.17666064153533298 -0.1277507423097355 0.2051881346249691 0.022801849340635214 
0.7603478705820876 0.2407725480136378 -0.399685567936863 -0.22769450859530593 0.2868246021689682 -0.31864946906836655 0.2131013612153283 0.07369347617943145 0.14976586511954704 -0.07188815936909715 0.12299593145873783 -0.05473817950818061 1.2373859263783356 -0.3392447592887035 0.03488472610892109 0.029542539443129012 -0.3569812512974786 0.45759366228545223 -0.2906239864538378 0.2360118230558954 -0.02158250274534022 -0.012687250281315074 -0.008270799170386164 0.027287505325608936 
0.33797664149559026 0.3834837507685602 -0.07377183163387924 -0.701479101680011 0.25458435423008696 0.29717334484517255 -0.1619802698774251 -0.2017541310496216 0.19519495035592915 0.3726686537329057 -0.34001381815875076 -0.09106106823070156 0.770669303900382 -0.012477547235575296 0.018666281784483384 -0.03683980025842715 -0.044801227296036306 0.17987502385816798 0.040973507247023866 -0.023447665222841068 0.031470805289115646 0.1849256746998518 -0.09660898566158731 -0.024303550002069796 
-0.15871669868425542 0.7041917602569043 -0.4023856865803628 -0.10105769286156452 0.08993892632220302 -0.05677534778195925 0.22173430585611742 -0.05705013034631423 0.0013071837761846616 -0.02148514354117914 0.013124940029947296 -0.1337905369962122 -0.1596703402982668 0.42226791348704423 -0.033640002721304484 -0.09481072369206907 0.03393378793531476 0.18789848468793635 -0.21450727795099775 0.08295361771572125 0.11627424155996947 -0.01055398168271332 0.056912854238814044 -0.05417701720709387 
0.689007217227477 -0.7127483105401531 0.1125173124949237 -0.6306496948719609 0.19518940318214106 0.7071792091795774 -0.9853131488930711 0.4083777251918226 0.36192658969447067 -0.26459139118240294 -0.03245825318005907 0.1942026822108876 0.22332779946388115 -0.0014797522758236425 -0.0532423211784828 -0.2427909117257944 0.1414747884607576 0.18099466551394341 -0.10769660391542653 -0.15559515100449584 0.18595899858273035 0.11201017634259851 -0.16032295958436432 -0.05373365699684162 
1.0638436036109447 -0.4779151617931383 -0.391910131837351 0.021322959076876202 0.21472071388699687 -1.087347855299378 1.2682896345761445 -0.4802333050884544 -0.28242267922963216 0.27840380813669713 -0.20152041374705015 -0.034839003107693584 0.7136738355819711 -0.4520080960623248 -0.12246063854370126 -0.13728444546466356 0.31418251970252936 0.04998830232443968 -0.1659833605498292 0.12003422922907457 -0.0018045551026221556 -0.09690165279925274 -0.11553023478126906 0.109707479896847 
-0.9432869080436532 0.9789764686210525 0.08071735453006329 -0.03429669247184819 -0.23223090493458276 0.2694756020620517 -0.36216812249115904 0.476622909334936 -0.22081711388935343 -0.11330635113382798 0.24827773748284093 0.020664135815563978 0.7018326582400857 -0.4652482557273722 -0.2683481472530269 -0.08615117954807279 0.18847198330263484 0.3023832386393605 -0.3426981927221317 0.009189584323759529 0.24999937108319314 -0.05473007773437696 -0.16042265787636698 0.0214498900494073 
-1.4835911427946034 1.214353658863276 -0.019103791966828765 0.012619142332369826 -0.6388984787270231 0.012111548803484584 0.408111874304649 -0.45127541010509464 0.2980927008759632 0.19357729483229158 0.21934764904230453 -0.37614370348909143 0.12658570583316178 0.02454969513917001 -0.12548102004821182 -0.10388831438528749 0.026742885405975247 -0.024266333235865467 0.14218618315820306 -0.010292020313386885 -0.05987475686410191 0.1727474127698505 -0.16738893530609408 -0.12423364813241138 
-0.14277338429000608 -0.16313795368624362 0.7311585843187434 -0.3678442478554893 0.05658304958124649 -0.7497002087899355 0.47287030940907177 0.3663300247288641 -0.6783292136079064 -0.0579879013270693 0.23837568905436457 0.3005053622533646 -0.5424431808063449 0.6557086258068949 -0.25320611280696753 -0.15134361842672792 -0.04044316926517374 0.19861490006387364 -0.06423691651020784 0.1597493138082563 0.08618084330972166 -0.08593484052105978 0.03963606848222051 -0.008102099506169016 
0.2838297242346357 0.019492963942999708 -0.3406876865870556 0.4997616799245592 -0.009914919588843496 -0.5049609501657881 0.42421186915141995 -0.3942108018452578 0.12595764122195008 -0.26749765507623374 0.30559741638547033 0.1979413280706402 -0.566306634202542 0.4943891200689787 -0.13108861248328696 -0.2713867559832818 -0.21130565663471143 0.007355708346071355 0.1725196624420464 -0.04579907650089297 0.019463686259056312 -0.10016343659108377 0.1731112592837053 0.0045918920304730175 
-0.19966779913923816 -0.3907190613394942 1.0011276402610791 0.17616289401224083 -0.42539317670815135 -0.06783284864493289 -0.177507370383921 -0.031157336219751308 -0.39329211399151187 0.375035645383614 0.0862446483645965 -0.24207208144579478 0.060844445843049634 0.12806901677084692 -0.18583409454222086 -0.29847544096751366 -0.11276324386027066 -0.27838806960126955 0.19104815310969436 0.113053663397698 -0.033730775101512865 -0.09426731950031465 0.28418818319786804 0.09751161460939328 
0.24377596723763872 -0.15502314751703494 0.23917751751186422 0.5547758393483502 0.2360066043218101 -0.3508892563072308 0.21574172687500626 -0.11513450012810804 0.09718309229059696 0.2775558312502012 -0.2239206084639273 -0.11863065773093079 0.2656771251532228 0.15933054143571498 -0.44097093833580736 0.08984018972052599 -0.1722052416597478 -0.20406714512936475 0.2280204196845029 -0.10861824043946831 0.034233560937150964 0.017835087881211575 0.21398074050577806 0.08471720912632379 
-0.3052798433206565 -0.46008694826876706 0.998728265895946 0.5000749953351562 0.2719120192067317 0.008428153084594436 0.003960921218195579 -0.11236911632280472 -0.5627496138376913 -0.04771268598934281 -0.3494298481145407 0.16625651132597022 -0.1617391684655353 0.10058002236898596 0.30764875927672053 -0.03208191067638263 -0.0170486087951404 -0.1985630670597699 0.032731769766152184 0.06324967241041375 -0.0410610920817576 0.2037089438165854 -0.0019727832085231025 -0.09553236479695248 
-0.4603956291343234 -0.4238147168995088 0.983424815602933 0.06828506010152358 0.15804820743295833 0.06910998435754245 -0.35058353570314704 -0.027750190475326175 0.1079857083335869 -0.10962875303339006 -0.11850755689229525 -0.2603745956942137 0.06777632822565582 0.003909309606535534 0.217711020100392 -0.05000541016622321 0.05750243229927313 0.10617470441703547 0.10855839933176809 0.13117115597405998 -0.17679776753064477 0.0399327686381076 0.02008350808488742 0.08458962692770132 
0.6376355044433488 -0.5580633437552152 -0.29394228661461685 0.5156540156648021 -0.3352681518783043 0.3178567322019902 0.0074599516066991 -0.2645985082773835 -0.275510145767734 -0.04249889392434658 0.03945647220434978 0.11539698192670411 0.12938332789530863 -0.2546422035580334 0.4899461456901119 0.21392196490342644 0.019605892307824984 -0.06256021128152772 -0.03441508490804188 -0.06414339157911225 -0.3272076253405038 -0.0279774857779566 -0.07860673926065882 -0.01840093575942676 
-0.4310106913213314 -0.1177628785934175 0.23237973346596963 0.6970025596821969 0.36708939296650867 -0.8241276591170351 -0.11168298631454976 -0.4325332720729986 0.48395666084755257 0.1551506293033803 -0.4786142928780348 -0.3469697738144017 0.24522311396193608 -0.20446765713648704 0.03520868431245461 0.26516900801643295 0.16914672218740492 0.03823984126550978 -0.21094150507329032 -0.3958490140370761 0.019664390556984195 -0.03787424961508501 0.061165252762298505 -0.06179574990238724 
-0.7081222959130784 0.15081374325228758 -0.09558763010590798 -0.45604964916545976 0.10857374951648158 0.6427276086664664 -0.012244098751977406 0.28245259921336824 0.23088778592683734 -0.0961699198238582 0.06644373766030554 0.2647569076643445 0.7130287200537574 -0.010301881782193748 -0.44394396836294653 -0.3290194553350051 -0.08486415590388748 -0.071808648121594 0.07596781918714769 0.11926088502266474 0.13439181030156008 -0.00862754218279535 -0.11334794490471244 -0.19056035569181995 
-0.523186070841918 -0.16485028899379905 0.7786214344112148 -0.24137013153264442 -0.5713129098266494 -0.20804497767122498 0.29209300469606214 0.8862712978905263 -0.20420642918465137 0.030829508761620772 -0.31549694790716865 -0.14966730885587215 0.1972364066156839 -0.19717235154950843 0.07346274261441203 -0.12491931454976994 -0.021920009459870566 -0.25023855575318826 -0.12269579633661176 -0.11708786868238008 0.08299733941230097 0.0254701857789834 -0.3154717824522348 -0.12910912731231092 
-1.45536296595763 -0.5036139932084431 0.7647687680016002 1.971898727277238 0.3885254672299372 0.22524133584386719 -0.42233150146004994 -1.2817834483271402 -0.33460403165631225 0.045544292894919236 0.297941634433054 0.5884268165228992 0.33771195204927507 0.14320061475616633 0.32655047599223747 -0.07536957775905506 -0.26673301057745963 0.022075032202834872 -0.06634368131364078 -0.14258352319687587 -0.20235148853087967 -0.09438714454369834 -0.12143622641999006 0.12168266098031448 
-0.6490995761461074 0.8009680442854732 -0.41818669343102055 -0.1422136848898421 0.29287356248939256 0.13533114455382927 0.4614481040493218 0.7008483577443959 0.5177105514022244 0.007882965607041381 0.3520521060922954 -0.12147734630674634 0.5936795037681014 0.5678562662149096 0.8590329479124988 0.37175036006922096 -0.1015265341944271 0.08418011389003267 0.25972765796833747 0.32261918475256884 -0.08630863120812483 0.08242908342959604 -0.06211670696306584 0.04764352848510428 
-1.658301399408809 -0.7616972676558476 -0.47683499416150266 -0.27951913920969573 0.47667954509083943 0.40481445094543467 0.10210939551231513 0.8029146388770609 0.47698376122603847 0.19846478538452653 0.0969778899205437 -0.1143860565511618 0.0014022069779583795 0.3337639628833327 0.4293756801819466 0.7222790777708942 0.20517291290236453 0.2576108945388214 0.18810037614804184 -0.05294530847223067 0.14120941197053846 0.1186889213672875 0.16706962631737846 0.1954139634976705 
-2.2027553654206327 -1.7393774504148256 -1.1776755282447304 -0.23091227849684048 -0.3108103461738192 -0.5503718768921068 -0.7493104176951327 -1.1239352999692809 -0.3510744320014522 -0.292917987771971 -0.02866495476171596 0.05880854222584553 -0.22430099757770897 0.13345370312584892 -0.12394110151833278 -0.002777871461071798 0.10633259646544914 0.09079097745637227 0.09489584718350941 0.3961492724485396 0.290067570156923 0.05778048388202386 0.10010254002486291 -0.0787608258139906 
-0.6827416922542424 -0.23473313450829192 -0.14361385513738467 -0.15058920923194535 0.07484868285444946 -0.20473983704962906 -0.38125336903194806 -0.2105556940536097 -0.32383977586608925 -0.16012199451743708 -0.01290871409207578 -0.08795801823640828 -0.4226532990158371 -0.20766422852478175 -0.15920260499102512 -0.11915078371549222 -0.05013042172202875 -0.013094299577147361 -0.10851816797909956 0.12352936399550517 0.0620433260144669 -0.0798363120875684 -0.07191007205933005 -0.03868772705729113 
-0.4639764369902637 0.1371248683341486 -0.2129739583880812 -0.19834503549550192 0.17479120421124011 0.16773535618224433 0.41844194477092517 0.019135706864112395 0.04791960947751922 0.013834903911951642 0.10668778802401646 0.10159111197784872 -0.7855095251860584 -0.5708697706538551 -0.19003686818402532 0.11929834049860873 -0.08950558874391225 -0.35585825985576935 -0.6059183658998801 -0.6837114826784917 -0.2859422356238444 -0.049076319971095905 0.10591036141431613 0.033120550894937165 
-1.2597309665764822 -1.0769557414559894 -0.4815779641167519 0.06164959043611162 0.38427003506439605 0.0850437331397012 -0.15621228178341517 -0.13920895652615117 0.09135676244315205 0.28459727580527044 0.24503173470566764 -0.01971416025529 -0.26702213601803737 -0.021580673221532603 0.08397889440233082 0.04577141434698534 -0.008727971696020307 -0.2893852712272418 -0.4096488614312948 -0.24575817499084493 -0.11170568463728055 0.06389193436172068 0.13884593410092735 0.016190262346123207 
0.44226784729866253 0.3943431650205884 -0.43858286920297085 -0.6949266998266952 -0.19700425604705574 0.37231111758053625 0.9559241363802411 0.8915257793024649 0.2991540057154603 -0.368048663020037 -0.47536626340353605 -0.07467503944952511 -0.1040100294551413 0.10560200636998458 0.01111004474921238 0.02297217748008042 0.10060636690373133 -0.006113458078682826 -0.001284722721692777 -0.0985917706231979 -0.02862589369116189 0.021621567083559567 0.058017842797643444 0.008996343009187885 
-0.3347974263445934 -0.298600263186914 -0.28274608293693226 -0.03961262010730471 0.2869303280716583 0.5611280959329503 0.5789521194572782 0.09052379469974892 -0.11433992007321814 -0.16085601413660475 -0.13841949068108156 -0.04839572956109099 -0.2888782375938779 -0.2977030568568553 -0.28109165466883096 -0.12534580912162893 0.13951635635660045 0.23284849882127548 0.20154625093498624 0.10924565582324497 0.02579287605954277 -0.04086679936962939 -0.04704102305272373 -0.0027685467280896847 
-0.6144131187407842 -0.5688588899103428 -0.34572003322562816 -0.216630462664035 -0.07835804300358504 -0.051966450978331746 0.05471391231565681 0.2000446431207561 0.23664563180919 0.17169684763221055 0.12435987232446072 0.08894286760318557 0.2929481939770171 0.2291711506889665 -0.2593870964690404 -0.4433347891634906 -0.18360316320539094 0.22138293525401764 0.4868807133892708 0.3786457939086168 0.11565441391937038 -0.12232524972646464 -0.131152242484843 0.044133962205029166 
0.13524422922487478 0.29775445658004207 0.3152655819010697 0.19853889921966827 -0.09360214052714061 -0.4013629790446913 -0.31024592255608174 -0.12120535590503168 0.0452323212176589 0.1373249185880348 0.08629173599984047 -0.09321747359737628 0.06382885449210891 0.07389097999789034 -0.07274157658552453 -0.05565018876703761 0.09150598332416131 0.2625915682797597 0.3416017949900376 0.21009597674446143 0.10355649796764409 0.01738060645829979 -0.04594935529472125 -0.046290601109055605 
-0.6715975624171229 -0.5913476469297891 0.04057258778514938 0.5160019080002902 0.5440714678685165 0.18940784930730414 -0.060118982780891395 -0.13854702712099526 -0.12759535668808938 -0.1501633802029629 -0.1942651492894681 -0.18466605404647 -0.028804562162165908 -0.0035240195325156507 -0.024314219544693167 -0.04069136558975703 -0.05887781043355173 -0.11523069865498288 -0.09046860384121232 -0.02276480858766272 0.034822572893499826 0.05895005899629285 0.05195999568614493 0.022286910120809574 
-0.49769176798275083 -0.5090288246708619 -0.25766766368574745 -0.23897823913835448 -0.29880237733687637 -0.3473337590491467 -0.38843681796456064 -0.37046830041275963 -0.24288891972751073 -0.0520677195939174 0.1587410860100466 0.22728053459090358 0.01285801617523985 0.11703028584923507 0.22017351437922536 0.20742005161905538 0.0652508701115284 -0.09763821879680849 -0.08646589296391664 -0.04519123023391169 -0.04419831705188108 -0.059870772205506 -0.08215062305933331 -0.1474596594601868 
-0.21153143365047367 -0.15489519068734392 0.013689248201859905 0.12420220328424747 0.20087550670193804 0.26671103498884463 0.3652151715435332 0.3929705411376082 0.2762385336012753 0.08954298973430808 -0.06774478973907713 -0.13816686685338309 -0.5533316688344107 -0.5948462720749275 -0.2718042042956513 -0.04689005779485552 0.017021530370228393 -0.03334517361533932 -0.050534798706429955 -0.05651385052038249 -0.06497850425465507 -0.06519032423612715 -0.04564810682858877 -0.0267797763418819 
-0.13336288368416938 -0.27156262908888573 -0.33181329144496163 -0.22782140327947648 -0.11775677027843656 -0.1470999154950361 -0.2635153208265441 -0.25139044933259835 -0.024089672771380223 0.1970840502359173 0.2694834254026449 0.3259119111866407 -0.15769436449494142 -0.1511085562845651 -0.05875221485626538 -0.02880818375003774 -0.019432010198411953 -0.011295567782825774 0.001147889331521379 0.00734256304667676 -0.0010298987340867372 -0.02774741481302199 -0.03017801348812556 -0.012042276983847633 
0.8062330019368185 1.0744580715040053 0.8930580145517102 0.6510936634554179 0.4024840732286114 0.1893264483762668 0.029024664769390196 -0.028544401099928424 -0.042059467402189424 -0.0791682924094988 -0.11269199850000094 -0.15364241331869286 -0.11104170553811936 -0.12793619852511542 -0.06946601738923107 0.004080764864514447 0.05982635079226711 0.0941479220745905 0.11160496133032465 0.10008382789150005 0.0797699033422859 0.0607329425587342 0.06079726121716449 0.08152270452330068 
