0.0 0.0 0.0 0.0 0.0 0.0 0.0 0.0 0.0 0.0 0.0 0.0 0.0 0.0 0.0 0.0 0.0 0.0 0.0 0.0 0.0 0.0 0.0 0.0 
0.0 0.0 0.0 0.0 0.0 0.0 0.0 0.0 0.0 0.0 0.0 0.0 -0.050173043376423664 -0.060158248103488875 -0.04588312955726429 -0.05486716739715521 -0.0703431153494019 -0.07314275346661724 -0.05516311137726434 -0.011155063842814061 0.025317561808574824 0.03976699284154587 0.04466353377643647 0.04473389416660812 
0.0 0.0 0.0 0.0 0.0 0.0 0.0 0.0 0.0 0.0 0.0 0.0 0.06607604688458298 0.07683755341247978 0.04273623527290319 0.04603380714015748 0.08981437946928957 0.10955091990486827 0.08112122605015065 0.021127100107659225 -0.00795124742316608 0.003415103823140068 0.019914319771776916 0.009940423256402797 
0.15051913012927098 0.18047474431046662 0.13764938867179288 0.16460150219146563 0.21102934604820567 0.2194282603998517 0.165489334131793 0.033465191528442184 -0.07595268542572448 -0.11930097852463761 -0.1339906013293094 -0.13420168249982437 -0.06050542953150936 -0.07306525868949039 -0.00989570938216866 0.06203683209784571 0.05727556227815934 0.026028566375745188 0.003984084870426822 -0.015532303827571889 -0.041956509091838234 -0.07627902395727383 -0.0947386757434547 -0.06782868110921537 
-0.27348770571838443 -0.32075003239267263 -0.19703340015460602 -0.22040217251620525 -0.37495781143197154 -0.43836688991453066 -0.32610834521634846 -0.08011389608719877 0.06183008498236048 0.0494051777928986 0.007252341349323954 0.037279571480703794 0.16195555039960707 0.20120500720368031 0.1667746118317277 0.13992542730880939 0.07451383401603796 0.007771525862863439 -0.015624425080610294 -0.03647083727633188 -0.06748984368004834 -0.0826051214699516 -0.10398116861887947 -0.12875067932134343 
0.3182601414537203 0.3795707922648075 0.128203828223809 -0.0759094100354345 0.01565221888150775 0.14109774583002976 0.15110191799689376 0.08665385952631505 0.09495448478433446 0.2041344829753722 0.2805898565557021 0.18484625758729423 0.0013229110539776379 0.007719971809238557 -0.03454871056291229 -0.13218708720382244 -0.14325221506789795 -0.04649168298239731 0.059978013348963556 0.10048158046111033 0.0663339487009264 0.012569575855358811 -0.020566582259849902 -0.013612782966184497 
-0.5697371568610459 -0.7031630455882114 -0.49560105527119114 -0.29952082581297806 -0.12585293846476492 0.015850679696320646 0.0540669833092805 0.08281817783005921 0.11701594593511556 0.08609763365984988 0.10465327691413268 0.226728067920471 -0.02184155128505516 -0.030385868024931595 -0.08046542716419733 -0.1550653126168838 -0.17215530926913306 -0.17529080784426068 -0.1614858430455232 -0.06488911569603958 0.046479112894247575 0.07858924789413024 0.07805815742899243 0.08363390323539215 
0.2946751225386688 0.34852133548052033 0.3905793479188223 0.6007220904513193 0.5162335547682961 0.13179452454161794 -0.20453237017791215 -0.3494455868135178 -0.30254746200488125 -0.1753559340241897 -0.12099132233216406 -0.18808758182115448 -0.12278068854630646 -0.19164720809535019 -0.23626997017369789 -0.16847021682575195 0.01823599334088875 0.1327670523224546 0.1332157657576517 0.06910735111383755 0.029363925889570108 0.05741458960157784 0.09665049110230485 0.08506963874519662 
-0.1961705424056932 -0.21406769992573427 -0.0868248785095207 -0.09352198490893077 -0.10878255156796651 0.09215714426245736 0.336166328007624 0.3326031741708364 0.12114371969422563 0.0033826426102888316 -0.02613154149372024 -0.027155218521248248 -0.17878963952981364 -0.19088678434142928 -0.05258948840476576 0.058170936645448534 0.09648338137288809 0.11014569027639382 0.046734588634227435 -0.028225571109405646 -0.03277660623430246 -0.008629803138473988 0.03296511985567144 0.07590810089528104 
0.4998188998649633 0.7099647437196195 0.6326256503640675 0.32650181998979777 -0.0475909545895577 -0.2953566434204024 -0.3895950516252331 -0.2455606919855862 0.004798820236069104 0.0732482096954192 0.056030792452714 0.05657898457256405 0.2338332478536945 0.32862421931239644 0.3650393295401518 0.3838873731626929 0.2555852002552324 0.07785069649059108 -0.04267805687534643 -0.0962226197374182 -0.06568230620553854 0.006137839797445292 0.021846691420519027 -0.043941306154080546 
-0.13594012693475221 -0.3112243966834731 -0.45885574127951645 -0.3369235005185629 -0.1333908279045023 -0.10101080715185062 0.006394558130258687 0.11555244374431034 0.061672623517547764 -0.012315028784532611 -0.08275314004532067 -0.12332951796223135 0.022362806950790255 0.06220254846376002 0.12013603637621473 0.10545985364030426 0.04550108977940956 0.0452114663158869 0.10873974327360993 0.10843474034409843 0.017274470809834658 -0.06179699917453985 -0.09374335323600558 -0.048099252265447846 
-0.4369398287578852 -0.5887729740777996 -0.5185232093166352 -0.4292392712319434 -0.23821790782913319 -0.005173589223001318 0.08838768538680983 0.04774763761199989 -0.0757649952999267 -0.18592061771911486 -0.1582205973179209 -0.008176513638421284 0.10298116665946466 0.09632939322027612 0.021530098170986722 -0.0645097515968307 -0.17310477211710185 -0.2306807298831839 -0.18742220885906424 -0.09411062445085876 -0.0240207825662254 0.01135414553624356 0.034520926307004304 0.043023245949326154 
0.20512040105336027 0.24869351358169522 0.12834144220218646 -0.03203100021897298 -0.14997234428640743 -0.18856878178390388 -0.22904427031922725 -0.13935521166025194 0.10960221503271955 0.31835805384117544 0.36222421309961395 0.14952028738058798 -0.2374190034652187 -0.33398624313679887 -0.3260725827692289 -0.24948488977409422 -0.055633249091424176 0.10449650296973907 0.2007027148277453 0.23890718060691807 0.1482683613771595 0.00446094705569651 -0.09742960046190452 -0.15569527699158955 
0.020345135892513078 0.14101760892620696 0.27443676411025586 0.3675848246304949 0.4800141199527004 0.44046453354517595 0.29039098917670253 0.16422500906927123 0.05289637217715941 -0.1261507682261655 -0.2700206630407662 -0.20891565594682407 -0.11509893184406102 -0.1787635845349604 -0.21346656934337604 -0.2470597479993393 -0.21848156475229705 -0.12599727721948606 -0.04954366662859839 0.0053530260219765745 0.005150536831914678 -0.04370878430651276 -0.04457018201296323 0.014007974706476847 
0.3476744011357047 0.32583904122492036 0.12288202031472473 0.013119120872500667 -0.32560709452114656 -0.6373193774451565 -0.6967152382479236 -0.6594077838050795 -0.4474631443524738 -0.05558279469809682 0.2654356942018155 0.44412588416673865 0.2974872915518049 0.38591805026270937 0.30084498187086955 0.2268779330991246 0.16458913836631922 0.06613185607891241 -0.06594461441055167 -0.11361725741994218 -0.042624392217397784 0.04363330301398382 0.07231246265001956 0.022135624991002283 
-0.16292003326687432 -0.09105498429453096 0.1246062096572238 0.2893649122203377 0.5050441615451274 0.5971935402660832 0.47085416923695317 0.29171484561848393 0.18731607389692595 0.13217615947005956 0.023884208169868 -0.19750323615092716 2.4530126166254225 0.06571644627003193 -0.2553292927823689 -0.03424347387412432 -0.40673599137108307 -0.4092698333762736 -0.20196239093813353 -0.34891214674787324 0.034645479152198115 0.0687558677875335 -0.024079257965693674 0.0614642107821142 
-0.5957088890223607 -0.793024340596064 -0.6992782261839062 -0.6735548433112681 -0.6562547801815787 -0.46532885338109475 -0.12144201711769753 0.13775164232496828 0.17026554082502965 0.058294680951111455 -0.001665610455761829 0.07740720250963268 -0.8075405531849006 0.42670634252918177 0.23993101912620293 -0.07471562615854131 0.20625724420703054 -0.0747805252666567 -0.1888912545072152 0.03600657612248056 -0.40311134927631426 -0.1295062202051235 0.2529495657121871 0.2956215316313149 
-6.867001068904721 0.5032999610266033 1.451504765706678 0.8136522283447523 1.8655459368961655 1.5822787716419657 0.6086415514259902 0.8123817362478669 -0.35990440786818667 -0.3893571094133701 -0.06423223681489654 -0.20994894746461368 -4.720399721860176 -1.169154694674392 -0.36973150054004433 0.07053529884277755 0.7806271750302574 0.8220407392106216 -0.03482338083297193 0.19226709202445 0.28912274264476534 0.20609675975369582 0.02388148567516873 -0.23906925380720642 
6.12233657850933 -1.2514574590231922 -1.2603603150886111 -0.02487765871408265 -1.6246297148177573 -0.9055204173331277 -0.1989351658207965 -1.0277609574872126 1.0354811443590253 0.5937025003589885 -0.44935478044236343 -0.4365158550703627 -2.2451887825532424 -0.4665841573275411 0.22234872307438167 0.12592928891421526 0.23258797336608217 0.16967803452673846 0.24842815597658927 0.40233877599115564 0.2242377382435029 0.06573887283385844 0.1491883162423985 0.13689717020365016 
10.639256398547808 3.645625658942209 1.5143417557297092 -0.2465795766065877 -1.3526498962275555 -1.6488328953897653 0.6140708860874184 0.2976698694512244 -1.112659955804368 -0.7538180294949665 0.1760843361376626 0.7766660540606898 1.4435093211990642 0.7468392525052399 0.11095662484393139 0.06872147036374714 0.1933765380335267 0.02631791992688644 0.04212100018162777 0.11983342082405996 -0.12385102036295237 -0.3292619519229106 -0.22506955470339182 -0.2389864043796682 
-2.613271275088898 -0.9644347175712435 -1.397742890418567 -0.521226807578244 0.25507921628203534 0.6411928765545554 -0.8694411523781794 -0.8119087522501774 -0.12606989993738837 0.04330852249033429 -0.569388845659237 -0.8265918088639695 2.8845159854778184 -0.4383145227710936 0.27014927699047986 0.3461867693622959 -1.0885650273144403 -0.3411320144352989 0.4414968359864164 -0.38244509529189125 0.03901084256398132 0.12484428950121752 -0.1620869513021799 -0.13282610086347385 
-6.8297251057028 -1.8807291672150903 1.1873261788398617 0.8556623916855916 0.3455618572456892 0.7299683649174649 0.8175315441597983 0.34495537115716945 0.5924241753688773 0.8736257352896888 0.6709934599037157 0.7020482425711942 1.1530110918592562 0.47076925459083946 1.3390311443457288 -0.11903431035693761 -0.9163116170781893 -0.1776729529209519 0.900812466238012 -0.12435052790034846 -0.2966230848481412 0.02727273468991905 0.03739418316367532 0.2017979843268948 
6.20327937420118 2.8266635223687384 -1.907300357615127 -1.61455895094706 0.7919594903889409 -1.0715250041808462 -1.6251560028162357 0.09593157753548859 0.06590655108045872 -0.5945522505369917 -0.21054848841885032 -7.286467351933917E-4 -1.0165704764093448 0.6925329079992801 0.1113089166367196 0.1137470571798062 0.02032271720963021 -0.11394999402565849 -0.15886930257881937 -0.22975912946146212 0.1528596591982719 0.11332790771358386 -0.32057373827137003 -0.004347093305260952 
2.771947798325 0.3377687751996996 -2.2479729437091978 0.6571894261486331 1.1278448179535596 -0.2594550962592088 -1.7105090874075897 0.2168012882594368 -0.31877892676886793 -0.5167058470510606 -0.11551839197355668 -0.24165947998438275 -0.5997811800290552 -0.1403205347506661 -0.4661243584665525 -0.06921441427093296 0.3497911337270887 -0.3443151775922446 -0.35924922774730866 0.044817751998773185 0.0482671174513977 0.2085112906183911 0.14862065240170583 0.27260408372709194 
-4.364396297874763 -4.151282412776479 -0.014020079054196 -0.7632314963491833 -0.1970304157007905 1.4777545892198676 0.8711870711419727 -0.05855432241692471 -0.1290473264633315 0.3984905905199574 0.7855882950935094 -0.3416966676703982 2.033515860052639 -0.2723989960020246 -1.2344539809205426 -0.6216238984727863 0.3173499908113282 -0.246030230416587 -0.9378468115967907 -0.16907275224380283 -0.023705175727423936 -0.040938082471345415 -0.0626888948545843 -0.33299148510684284 
0.25345627042233687 2.0292054046095167 1.6390591149590534 0.6376419071994521 -0.2093165908907112 0.48827410099384183 0.6471076904226201 0.28774506513705655 0.5450997617865793 -0.24842955709395897 -0.2729368890575816 0.054720001857520795 -0.8679280981458728 -1.080810377417847 -1.0327925540994851 -0.03644388632138947 0.47238724389897624 0.399382549134496 -0.28150776785310166 -0.11305756249514487 -0.07703505628586996 -0.0797237531237495 0.08831336427558006 -0.27778043670832137 
1.361977557994594 2.7981421956699037 -0.14745444418762466 0.2600865039458893 0.5084902223770917 -0.7072989115576105 0.00957604305903148 0.5676779458280872 -0.2949172660149931 -0.6058761481015063 0.05622744468691504 0.8500560676643835 -1.771206913494663 -1.784863299057073 0.09226661018890936 -0.06430988861751674 -0.056276353356062715 0.8177067892885859 0.414983729835521 0.07706457691035169 -0.17579399825364753 0.14275057696514948 0.1812042187845774 -0.09465830110221239 
2.512545164827939 0.10548760323004913 0.9171219011559719 0.2548620849652652 -0.6420772327823102 -0.36507599327395784 -0.4351802698068141 0.24285784162236546 -0.004738788135427274 0.22464878163091972 -0.015778059596999683 -0.004194537526809539 -0.4796286191313503 0.9486404988817622 0.5820322633214389 0.2179588175244672 0.14597403682651092 0.0016384962136664443 0.17860212094388847 0.35723043863097387 0.06909891528817913 -0.34919171983125147 -0.04813617901598522 0.268195895954778 
-0.18032000459357533 2.165166385084474 0.07014869728061662 -0.3789119193795396 0.18817896531319717 -0.54869073151199 0.16737986175012676 -0.26730444139063425 0.6732539432586143 -0.2663003097379304 0.11339622400948612 -0.028264494671595863 0.5096050145721387 0.8812116510197973 -0.16794041005710647 0.3993638089589496 0.40394268476897316 -0.7397030552738576 0.33203989688638796 -0.1755066650177267 0.06598923867769656 -0.11966202655398422 -0.02427347131186115 0.1613373028116124 
2.4634909091104724 -0.5002281867430547 -0.21583924573938396 0.30326466628876503 -0.48708307283829666 0.40405452233003225 0.03239941824540704 -0.36645505714650417 -0.1462825887147618 0.6293576832180073 -0.1571127416709115 -0.3107074048388236 0.40877209369234596 0.672404741816497 0.1480275416622403 0.17895593629529882 0.06492952020052833 -0.24197159030865692 -0.3466589781204759 0.0630124948796524 0.2293974374408485 -0.09624538722846761 0.06754688008710108 -0.044328838879475085 
-0.14231035786308865 0.45736513759706376 0.9228473594313727 -0.9622062135927094 -0.7808349119018346 1.1272449964619677 -1.220333491626243 1.398854390265702 -0.42211308175841544 -0.4492445192330974 0.1997151996594544 0.5193005928855533 -0.21929846689292454 0.9635668871166331 -0.30023842575656734 0.30687728356942806 -0.13709230197387406 -0.10280392284811551 0.034664232667757124 -0.2076713812162941 0.22504769063891006 0.09400272699791472 -0.0628978541526306 0.05122224437243314 
1.267224060385658 -1.057825998475737 0.046689945093872975 0.009641423185953624 -0.3523588547763794 -0.47712908633496587 1.2986533412427985 -0.7792590588447599 -0.14524758794945786 0.604857048063906 -0.26157818768328706 -0.14499056466695887 0.38729947803364045 -0.11472025943879831 0.24638565351032074 0.11445223084454088 -0.3755962891127675 0.3578254139250155 -0.3286627856492579 0.21396549389982056 -0.21353513833519364 0.08247535063652166 0.043871856540536235 0.06797449805673955 
1.0757088204476055 -0.4467353703990842 0.8395993791336903 -1.1527321485364181 0.5320937622038607 0.2003128413648556 -0.5697397977518404 0.5621117031073759 -0.002406629040767827 -0.5360581731546239 0.3543225094735657 -0.2647896478748276 -0.019617437094285723 -0.353374590239941 0.8389710029387124 -0.6055600278641928 -0.03604633041731298 0.1242922041936781 -0.3115260199774957 0.4217329733658181 -0.11052570949707397 -0.24056249992956671 0.1282230775270329 0.21230417470211646 
0.692582885854204 0.2959828455714142 -0.913372216121505 0.05517094122699673 -0.016758542552841815 -0.2059556418964582 0.6930909282559794 -0.5899801952668029 0.2844695999319953 0.42533845826920563 -0.36603196619957584 -0.12258577862885184 0.5982559094401694 -0.6553627381298343 0.3558234091043962 0.031547039881943 -0.3524233076090501 -0.15722486159123936 0.5082580099381404 -0.2008240317244627 -0.21675743339602901 0.18484453234650536 -0.08422576826355077 -0.04454040869465143 
0.20386254068549547 0.8405844862933112 -1.1140345687770756 0.8317091109793475 -0.8404960767616645 0.6187816616616796 0.017025774799653615 0.03901603837926926 -0.30539454720792014 0.362202275452953 -0.13272714366349997 -0.12881432423984956 0.40103044660607345 -0.20241840960500154 0.19553021749249855 -0.1365818541394516 0.0234323601875146 0.0193800467625271 0.005112208406544916 0.030978923279008235 -0.07631364748255283 0.022055898008261132 0.054855681283385666 -0.16616138093431324 
-0.09162052805379517 0.264602287567568 -0.0439633082639328 -1.0772203262177582 1.3912059875335334 -0.21468891170965976 -0.5195034748473697 0.08476086869268151 0.6565186713222054 -0.3988067732793985 0.23462394367589812 -0.0793570004004936 0.0762192929999242 0.18642038211721226 -0.28295043442831574 0.01851887700771789 0.03148364987386617 0.12041702992891923 0.11060031932959864 -0.2453081628722189 0.08084168501921703 0.29667239263273815 -0.21609439077916245 -0.028897966187963683 
0.26471918758338475 0.17621013741784353 -0.18169572727259142 -0.17679095239568587 -0.24218558340187069 0.14653933598387509 0.02122077858019944 0.131804401290609 0.0405097777117856 -0.1901532514051052 -0.11057248931432828 0.21208010581393302 -0.382008777631133 0.6603961190096109 -0.1661122193789286 -0.3068857900512978 0.16200192088593987 0.3205789365662413 -0.12024495993948618 -0.06695359641362016 0.1191005061611952 -0.02768916802840878 -0.10835639552082034 0.010958785148895376 
0.43349668340548675 0.0689088736575112 -0.5306903335887998 0.5038643418913598 -0.4103647388543372 -0.3310855688443136 0.35919246837691055 0.09955011189418395 -0.13100761758550866 -0.18850095619997975 0.27117387896332557 -0.20633909509185208 -0.1782741578900898 0.38054770291679674 -0.16997504034558722 -0.47580136100692155 0.49497269258834703 0.05409384673555776 -0.05487755425544838 -0.12272617058819568 0.3344775119280476 -0.18309377783019695 -0.03594030764192757 -0.034224691330187816 
1.0873302678492536 -1.042757163780493 -0.3723343979778564 0.9618241470786819 -0.42571647622554876 -0.2847568194697174 -0.061587316994027974 0.23248220601937852 -0.2689329212376486 0.34011687099847 0.17406707525524734 -0.09819963234085645 0.6281285929954313 -0.4103004535620469 -0.09462277394431932 -0.0014827025534360772 -0.1656550270199205 0.21243060202932443 -0.18574980507795177 0.31186494555513533 -0.03193551509345225 -0.08141571003435048 0.028587156082077087 -0.10959805426842961 
0.03189640548353978 -0.2675571705836539 0.5612811481254614 -0.2191237929341776 -0.0019466438196684699 -0.16132237418953677 -0.31346676429391085 0.4026004780928838 -0.1921925149872202 -0.11466050099059522 0.20012508431689302 0.1784569426674646 0.7821009824105266 -0.3625289254784431 -0.6902177866258116 0.4537563593982779 -0.07508592159169658 -0.14824143819998506 0.01894509822963375 0.3349335080443403 0.04107895997165961 -0.2122640253621788 0.2022499754250855 -0.03832513036511274 
-1.4188664524419359 1.5753445202245668 -0.44381314629676405 0.18915122267739104 0.05057045014055639 -0.5756340674314866 0.9147998101494654 -0.9553156184741469 0.16690877169299811 0.017173651093253972 -0.16080956023734327 0.3484762497395635 0.3625716480171241 -0.011254623897984631 -0.7375658253337676 0.44778589270562463 -0.06838777273212375 -0.23135431230254175 0.03013543112679488 0.16210388181484764 -0.06794329521323432 0.1378232558969428 0.06281956626032316 0.008962379013970989 
-0.6597079036804985 -0.15255519190968947 1.5757024004480886 -0.4710682741028287 -0.42325043726230005 0.2590773697365261 -0.1858363898837374 -0.31135149999207423 -0.4721653439658109 0.6097627298391646 -0.16813772956563566 -0.3147016450367238 0.2189321808049467 0.23472949569254156 -0.5967202846091322 -0.030145774679501896 -7.609963729503141E-4 -0.17036097054741037 0.002922905741545597 0.06401282835319407 -0.04133416822684885 -0.04833076868933925 -0.02068775356974506 0.1723786113969651 
0.34541747837990044 -1.0664942814235214 1.3331524518621327 -0.25556129045386644 -0.00990126130786173 0.1991062454748763 -0.21580879757949933 0.10314654961731462 0.07488337889134966 -0.4355645121072383 0.1697397834155422 0.12149252446932479 -0.3776777813414931 0.7040769281063749 -0.41883668093594 -0.11507107601367754 -0.13143411895228954 -0.27602113144627666 0.32272837785048875 -0.30251447940368675 0.05266599961914901 0.10526779690435838 -0.027862283259765308 0.06780407217661939 
-1.5070421023422185 0.3491737431627655 1.4629592028734093 0.09366978766995682 0.030572201023391532 -0.03760961900048709 0.24306882234593474 -0.3186690910124292 -0.022177313905849427 0.25670088667766866 0.09691367319968547 -0.22518702888831135 -0.39748256696094825 0.17224072979121807 0.48635718074720646 -0.6730018001213555 0.18577727710406985 -0.07542742108291615 -0.29761381454782115 -0.02502546457497225 0.08914376510783402 0.046248619024669334 0.1718268721504482 -0.04310172110689203 
0.13783399091340343 -0.7877507316307852 0.8690684952983956 0.2519954198320309 0.21796148785457925 0.40077282127585007 -0.26783792951683694 -0.0441133847529091 -0.21608324219442965 -0.12209881803907319 -0.20974841184070792 0.10030672513549907 -0.5637896460080674 0.004964664176558979 0.8889395285268167 -0.5444206941182617 0.15292255560822246 0.20408970407975682 -0.17089131166790159 0.16592371994816837 0.0756048668307046 -0.2527573879963541 0.1995779400363872 0.010908421392523826 
0.6365315409355947 -0.8086491561797118 0.3486728364883378 1.2941587711182887 -1.09451364315573 0.3845263450847877 0.7330196197283949 -0.16264513908204561 -0.5941133287464233 0.31428402573107406 -0.4938742483888552 -0.17480358204913488 0.28987628320787745 -0.111195240910404 0.752449502978784 0.06890862195570348 -0.032702973324048555 0.2357141779746724 0.2765953054969002 -0.1047997515090759 -0.054590378722615886 -0.041549272987836006 0.07144137535300883 0.017581305669133934 
0.9649995947651959 -0.5024768242819597 -0.7765229505257816 0.7774563001767528 0.09387399395703167 -0.6242308488070316 0.05188973873297531 -0.4726365861923823 0.13403678581952283 0.29391608235512134 -0.13360007589934908 0.06357553687216508 1.2220266964258075 -0.8716949681996867 0.34198409261457635 0.5780911207426277 -0.0504832216160751 0.1446418440477918 -0.04984500610115953 -0.3507037371855759 -0.3086146680389749 0.1412850356190578 -0.19825456247342887 -0.003982506680453894 
-2.790253753891747 0.5401225122195648 0.0284064168491458 -0.3757865183695146 0.19072486794431098 -0.23225031788306336 -0.746580928269672 0.20999176423453517 -0.033466191744978 0.1733412554440794 -0.15548462083002046 -0.25956535176404616 1.033221706597898 -0.6149069133625256 -0.26878039219974353 0.14409269337500805 -0.5008952369466214 0.021593804494344022 0.2181948222489666 0.16857852001249704 -0.24364432790571078 0.2715771347169162 -0.2312799594022422 -0.2998890906416564 
-1.8148534509503484 1.1529483387686366 0.003249427274262473 -0.6473052976519507 -0.273208102847216 0.2752356206164003 0.6214973627856751 0.821679375145528 0.42943719342177233 -0.4754825397527493 0.21582046180016132 0.1546351300343164 0.7998343057771811 0.3172017613052723 -0.24240283797153417 -0.2604695653953443 -0.3814924148092534 -0.4494517790899731 -0.20170822738650399 -0.02266551576484177 -0.10597693940304596 0.06129951367597577 -0.03522250248235257 0.015640962355750142 
-1.0732070560003266 0.20835900238256677 0.7651278241875463 1.5742614899076162 0.5917131160862581 -0.1299883031099603 -0.2063686590448548 -1.3155386797884918 -0.010880548830415782 -0.11574806736573928 0.025255360968116203 0.6793338932947587 -0.5253586706462657 0.5330914898549789 0.12872820465768195 -0.2992951984647428 -0.16646948531527891 -0.004227876896593014 -0.13060734245954606 0.2217750307258849 -0.016464786657933984 -0.09011596413494312 -0.15174554966718298 -0.07970678352444563 
-2.2930266715120577 -1.2882003532792776 -0.41767514028037933 0.5838409922242205 1.0378571143138182 0.6729934810763363 0.3869082862800787 0.3581251831136565 0.4406747825713796 0.2545622027321034 -0.11830255935135969 -0.45279697272448777 -0.0945170016044971 0.6623826642138838 0.41028489695462295 0.2593152559207889 -0.06476523856419154 0.12384204259809502 0.11261443991395774 0.012216690442199715 0.15005268600719043 -0.16968234589895717 -0.03577548742311005 0.050569104346440595 
-0.9750911316720954 0.16142238867858527 -0.14731591334657912 -0.09347406791337187 0.0346007153096306 -0.4184456174232523 -0.23746436263823562 -0.22355623192718374 0.01030937365402032 0.07866677660648247 0.466813538747289 0.2832710501886928 -0.3522700037145521 -0.01618866163832659 0.42845080537846697 0.9012712760359914 0.5079724442799828 0.2541927586305197 0.0289751828535062 -0.47473160358192784 0.014134101361416759 0.06292918202713749 0.07773869402677218 0.27130847268658537 
-1.5803604083009726 -0.810731347021024 -0.7713833948225437 -0.5913832865038233 0.19964381323367242 0.047938149978761224 0.2992018948404923 0.23903807988827486 -0.031315825842017 -0.06364292404198865 0.10236783517990511 0.20095923854802752 -0.6025058996743826 -0.25456427529331904 0.0056445023902016445 0.2984501731030788 0.37750820419026504 0.29133062200889076 0.16105691512911793 0.09074550241819636 0.14843644492191357 0.1293345054750209 0.08368541458138141 -0.022135041649937997 
-0.37273017646221307 0.01819048416841973 -0.34337046467677235 -0.5419401988363362 -0.5130975662136174 -0.5800389134527318 -0.2494410118855802 0.16819968256998263 0.18271245129203223 -0.1454330500601057 -0.3182959183778327 -0.4614696304012551 -0.11082635314528493 0.3496827616850615 0.17794196614708105 0.0594618204742022 0.021104168357914416 -0.14022109801218682 -0.04382458768425659 0.014518657339750857 0.06856607982122007 0.07343597434293919 0.23224178257883732 0.18627577233710013 
-0.786689450093851 -0.4528915751442377 -0.33658137178588765 -0.0872764616235337 0.1791816425046472 -0.12020173693559622 -0.09027413448360289 -0.1099892813895158 -0.09083609101336712 -0.02139140035966524 0.023195925467056934 -0.014021507479699838 -0.36973234152333473 -0.14435804846969366 -0.2994103408674877 -0.3633257871132596 -0.14030889001833344 -0.10608196755225413 0.075523993385246 0.19400427273937582 0.1019643322641215 -0.02579548496302894 -0.08577863356993658 -0.12054634547628229 
-1.0394475513398014 -1.0665457823149924 -0.8985428233061503 -0.5239129417761232 -0.018480704399600034 0.08628762007048685 0.08874741507658174 -0.09259852330754098 -0.16562873322396482 -0.1627669082634968 -0.19032585413279887 -0.16806589380874393 0.0019499147190004489 0.15026762395607599 -0.10572794580906086 -0.24216025519848064 -0.22627263458758815 -0.28616562423832825 -0.20733397699456443 -0.07386187850472502 -0.0583993859624364 -0.13421126404909547 -0.15660379214729048 -0.17489419917357427 
-0.13780469629217418 0.16471093162976302 0.4044338070946083 0.48958044630584907 0.37326205238166404 0.03302078587391427 -0.09646429879632668 -0.2125756353910908 -0.16303823037638293 0.022410459948793704 0.2957187037671979 0.41589640668061884 -0.2970762845418444 -0.20197613359088518 -0.20059832331948887 -0.11967264618822972 -0.004642629855495979 -0.08900415696184821 -0.07208684343096788 -0.0968232152186587 -0.09844471513648174 -0.062347771126872065 -0.024229733998959956 -0.01360194044488218 
-0.7030222975200529 -0.7414136410868086 -0.39669421668983773 -0.10388788720558556 0.06868013261063857 0.2018466978574977 0.3756560012544749 0.4410784950849452 0.3940116788608493 0.23529981193295124 0.015254068913968216 -0.1517459899606917 -0.20135784535356546 -0.148615888760702 -0.13520986022804263 -0.09547953690194365 -0.03854309798610353 -0.09656905175247232 -0.09726591196663749 -0.1406866442308902 -0.1279192096615481 -0.03182025391987304 0.06717928071203062 0.13929580454480026 
-0.06367322337819203 -0.00952924498567409 0.014289294864422653 0.0617289496558866 0.14952911356601584 0.089031195056443 -0.017467897279645817 -0.08635814492978279 -0.07532215164632897 -0.033381447077273085 -0.006904834059446738 0.018624361930920583 -0.1823901243385405 -0.08126857014904558 0.12315597568152455 0.2393213893898446 0.2232215150524559 0.12413095078149046 0.09596047541542496 0.06080532970569023 0.06784203614530561 0.09492186064241202 0.1154212129308867 0.10218733923205404 
-0.4724397517360961 -0.5335780277251678 -0.2978409865069296 -0.023548582745311075 0.20901505896653463 0.34798957073663944 0.3410469502181538 0.2663526641544756 0.17427085639565243 -0.03941019299084428 -0.24055192735556843 -0.3873172850682955 -0.24341732572187805 -0.2563491560078981 -0.14332312918545817 -0.04292898533335012 0.03435520364369166 0.1027345470364535 0.16747099862584444 0.1777120435572075 0.13314806450555483 0.028185928170236834 -0.09346936555594025 -0.16181662295332935 
0.2940744038314689 0.30459883539607935 -0.014460735041419426 -0.26855337409382196 -0.3665699559536517 -0.412443502910128 -0.36704119952444103 -0.3076287090429267 -0.25669392757970133 -0.12500011951654458 0.07735806310930615 0.22712003653825857 0.01715569524777501 0.03163451157251548 0.031781820057805464 0.05872368712009667 0.06693271761026827 0.03479559087237455 -0.0016690664748024626 -0.030761085664282404 -0.040562555431626256 -0.0858465854018825 -0.12548754451214308 -0.11492746916768964 
-0.15164413395924914 -0.12943021325399107 0.04765018581945779 0.19004023066931908 0.22366405643939735 0.1443804057314227 0.04802965649933925 0.018577646469894717 0.08525337331087103 0.1965513636418765 0.2535307169974125 0.22945604159562744 -0.033312866558172484 -0.02716396362450672 -0.04036560221937274 -0.005207128340238842 0.1073315131953864 0.1603458354836413 0.11950698128925269 0.04713481342794257 0.0027737523484060445 -0.001241418425798867 0.029692123717218456 -0.00706169229541533 
-0.27553811800994055 -0.3065066869388089 -0.2538017514721874 -0.22123651841171849 -0.05859353800122036 0.08644900494192773 0.13404794900416883 0.12981262090535486 0.0908742561909405 0.10617753081201403 0.12251647730049203 0.05502010610202804 0.12772432264518838 0.18315463894382744 0.1360647459979127 0.07305542469948421 -0.008221992854731852 -0.12391690283706143 -0.16210959692402285 -0.11631624697543215 -0.04883949107431527 0.018379284322617567 0.06038591742666966 0.07094135213937303 
