0.0 0.0 0.0 0.0 0.0 0.0 0.0 0.0 0.0 0.0 0.0 0.0 0.0 0.0 0.0 0.0 0.0 0.0 0.0 0.0 0.0 0.0 0.0 0.0 
0.0 0.0 0.0 0.0 0.0 0.0 0.0 0.0 0.0 0.0 0.0 0.0 0.06088100854863102 0.08745917463336084 0.06365832164914327 0.007846219622162939 -0.04346704807991808 -0.06288948574747148 -0.04119452656595945 -0.018172951198370313 -0.013199274703901328 -0.015945225646313833 -0.013242727141184444 0.003995574235108258 
0.0 0.0 0.0 0.0 0.0 0.0 0.0 0.0 0.0 0.0 0.0 0.0 0.04340902589196786 0.04875576593980557 0.03912632304242911 0.04949567103661348 0.06868435531895455 0.08593230154276653 0.08572442408586688 0.06439214754609195 0.03240027566735124 0.0221276010139087 0.017848082298147282 -0.010615366802623155 
-0.18264302564589308 -0.2623775239000825 -0.19097496494742983 -0.023538658866488815 0.13040114423975424 0.18866845724241443 0.12358357969787834 0.05451885359511094 0.03959782411170398 0.0478356769389415 0.03972818142355333 -0.011986722705324776 -0.13301186737587134 -0.18050020886823268 -0.1408997121716922 -0.06429631114576864 0.015939801556083728 0.048211886676245756 0.014741857429172939 0.0027193225510662535 0.03681051666118625 0.056628479113946716 0.05905420730257659 0.04509409615685365 
-0.03890556485295704 -0.015078535869375465 -0.021891486653572434 -0.13671768367659604 -0.27125363807674074 -0.3521311332495068 -0.3189650621065398 -0.22043586943583132 -0.11699973905790573 -0.09030064151119685 -0.07340833760621851 0.03783946176053185 -0.2340448213899428 -0.3166508860023289 -0.24473329773267638 -0.1518046104203203 -0.1071314941941491 -0.08506031952136035 -0.08096372657602224 -0.07985871017425326 -0.06513074614008764 -0.06271853666531028 -0.06171348929178975 -0.030759640397199226 
0.41848838455409254 0.5490398945393857 0.43364487984186284 0.26124777527560394 0.08780741437011919 0.03142990659601613 0.11525695876575108 0.1020599670647169 -0.05193168045460589 -0.1247351165862417 -0.14045845310462052 -0.1542020193508269 0.10151668706386967 0.13220639300463147 0.09505256172871468 0.06978184430621061 0.05922811176773357 0.0055500692899328 -0.04670356261303315 -0.0354276195433643 -0.008450029191298553 -0.010096934044349104 -0.04437521206021534 -0.0667612951635861 
0.4015687590698356 0.5442439487872526 0.42188997080338275 0.3130206141899145 0.3426913475172648 0.3338002338872802 0.2470544901941304 0.21580557378795684 0.24115699070341787 0.27444100675852245 0.2752337851394562 0.16338656951434874 0.06461868269047318 0.11549014977568006 0.13965963239699117 0.14365829619357878 0.11459991019758912 0.06274704789599829 0.024809550385211415 -0.032725056066359524 -0.07312550908218536 -0.06063307069337447 -0.03148684434332618 0.0017037978860919383 
-0.7074302487988984 -0.938657945242291 -0.6980233788620515 -0.4577533407183759 -0.35425568386044926 -0.17094743419577746 -0.01931550861335732 -0.057319009386690246 -0.11413045319506215 -0.10424434506287084 -0.0014672437686379936 0.1255236089085251 0.11178922489661784 0.15959753539199076 0.1466763873890559 0.09055696642221989 0.050715129891123235 0.08183203405156625 0.14066205398705492 0.12930495604312686 0.05662713939972691 0.017093235149494207 0.017895673476518437 0.004604836236407173 
0.3301977037521189 0.3822999346944227 0.12496374550741118 -0.20819201426034245 -0.3940218195542238 -0.4391836065416048 -0.3261074795726199 -0.04257121301104917 0.1334761745588785 0.08135318480724113 -0.04844340924423124 -0.10713474602741996 0.08146340936335565 0.08518237128088935 0.005988656024144168 -0.05641779937810987 -0.040287495169572085 0.01388277670779455 0.040846038654173536 0.020402778147802076 0.0065037545303469795 0.026731445497355417 0.06328945039972617 0.05302879431099289 
0.11880623752309738 0.15121929540982837 0.14207883032268098 0.25018319023407276 0.30401860823249377 0.1724257246557599 -0.020148218312038557 -0.15666650766516071 -0.16797269058151695 -0.07947091105908366 -0.03230687634233212 -0.032755870289164074 0.734664163754108 -0.03760105794235421 -0.506089092696182 -0.4527356238770868 -0.09130734669410534 -0.10204040971175161 -0.2703987341202532 -0.07683393991896802 0.02071287264640319 0.11637936350062168 0.11500812103717974 0.13124324584822733 
-0.25593971218122924 -0.25624178538147513 -0.01612710186141597 0.12830574684801974 0.13441668697950956 0.12046532433812784 0.1249327290809504 0.20427098848378583 0.24856684580560434 0.1818599532645626 0.10078525022712476 0.08343992618021465 2.4596815280396727 0.38966076357985213 0.15289530998485812 -0.02820387633436126 -0.4237458555751674 -0.5108468308430615 -0.15909249623266794 -0.09718865982482194 -0.23189148645390376 -0.19739497929675962 -0.16204626082163823 -0.09771961706317016 
-2.6183540320945484 -0.5065839113772794 0.8907893229109081 0.7322046503587034 -0.3445528970449999 -0.14465067050038893 0.5663605894206172 0.0497617096227963 -0.23381440675763465 -0.5036358197933967 -0.4211059366158552 -0.36349346473997424 -3.1081228659192024 -0.5131416947175651 0.09462759294419587 0.6180000219598415 0.4424585236980411 0.2808963210378444 0.0609562404707922 0.07438331662861618 0.23274680473640127 0.013567448420573705 -0.11174732893861967 -0.0754773217672509 
-5.680266745558076 -0.4577807526515798 -0.7080774307412767 -0.364591115319574 1.2015014998100253 1.2518950835656542 -0.14208439474094392 0.14578065781943814 0.8620714920086486 0.8856205770646766 0.632094903357445 0.3513929023874956 -4.34567361432975 -0.5639697716003699 0.4719673639346584 0.4713030016042889 0.5618267740527364 0.4933945872625321 0.20406804539689716 0.10667321860469471 0.24623912280042 0.14028597921240524 0.15630131725358845 -0.08037012354277519 
12.155338351969126 1.791413863197576 0.20417121593002374 -1.3573684445616547 -1.5568993692768873 -1.2359781180715366 -0.06950837781346797 -0.3505712922188354 -1.172965427892243 -0.47205356822086175 0.03728028390836685 0.059699606908948176 -2.443898877643939 -0.4139828143127236 1.067172883291682 0.30012445258804554 -0.5895093802906538 -0.06598693609139072 0.5784802905937773 0.03515703206837995 0.017190699663059156 -0.0047751608622915165 0.24638913624122938 0.0525111034465631 
5.394234938776185 0.28666864213220666 -1.088720140174949 -0.2408167105046679 -0.944890399062756 -0.8140547136638946 -0.16933692349269847 0.08441783359051752 -0.020575012028351408 -0.25478911015892053 -0.5973118117957515 0.11295376098407903 0.9654908835593957 0.4708155910746766 -0.22772252602853627 -0.636530879899557 -0.31692419977010006 0.13582741967335876 -0.015347023744390861 -0.05576230319675674 0.05949302588183958 0.2206155114970015 0.09688754728002269 0.15250778547120455 
-0.8239082413298622 0.3631398341689982 -2.1204079722473015 -0.23005590981288626 2.4971711932633522 1.0862850363885577 -1.1554540179848374 -0.02502797446788324 0.1559367462716879 0.08089450640527643 -0.5455699877629452 -0.40180720437795525 5.5223312841627 0.46237614121809273 -0.32832883569291565 -0.580020781380274 -0.6686532511914575 -0.37124364888597317 0.23520075141643496 0.07357542161030238 -0.5759718502004446 -0.3494190852659486 -0.20740609416713554 0.19926738776199715 
-2.0871160995867686 -1.1560905113613207 1.1373797414329947 0.9813452570047128 0.12523881785020574 -0.31671875268446925 0.44692949657791337 0.1502959085342323 0.019141327281164466 -0.05269999473939707 0.6328573973530329 0.12462295161733367 2.417006793759501 0.4231710196236538 -0.33662790122623437 0.4646565753766873 0.36501675585708876 -0.23695987605714833 -0.1679581508010247 -0.1894190346380055 0.021940115906912545 0.0033027957536528874 -0.41550761996996366 -0.05548622602185287 
-0.6709799813374961 1.1256650162900614 0.07610778220479886 -0.22838708417552311 -0.08600422415899583 -0.3709151519033298 -1.0832438420980788 -0.6042365945216 0.5350919530543327 0.4751591298672223 0.044413961835381266 -0.5439371516936706 -0.8446471859285234 0.1073979983981826 -0.5695564902766603 -0.13787394539731465 0.9248347767756021 0.09762207089208104 -0.5215958378810402 -0.2878127982345589 0.22221450957648847 0.08987536399404537 -0.10117389044269555 -0.20786126609394137 
-1.933249572498502 -1.3641070077992863 -1.177094313722296 -1.6356208494534115 -0.7483529579228482 0.6254250086534942 0.2984324409669963 0.9422792475313924 -0.2759729631404114 -0.46182980915085214 0.3542190733149764 0.35047741270749533 -1.2767093702885843 -0.7478185729417746 -0.3318191761701141 -0.15352844499269777 0.1471304555640894 -0.06519962925670397 0.07101778355391386 -0.09868477551684801 0.12175298129962227 0.20648754313546003 0.12273195077476119 -0.15490579909534044 
1.6331000529115745 0.14495408719343317 0.7454985261603249 1.4920489796081198 0.15946275082307293 0.3223469430433328 0.4835820234637418 0.4424187507372135 -0.3631496372469896 0.015833321628867858 -0.10272915441583025 0.10884936335878798 -1.1572275496245037 -0.43614483410412896 -0.7828326280120205 -0.6175079051944429 0.06411715056530727 0.212120094930079 -0.027047366977349736 -0.038875915612036294 -0.14091520134202293 0.2577638025673645 0.05078625131433875 -0.0349406905580101 
0.5909719941544491 1.5777206720123171 1.7981418979655739 0.5817125600909847 -0.43888603633309686 -0.4677509123876886 -0.5495367868647385 -0.07697743754463038 0.10300317853295882 -0.4424997200265999 0.33823310315435506 0.2629470913771257 -0.8921591157801423 -1.1804921480976576 -0.43682628609071844 -0.1981747112999234 -0.1676184353805875 0.43239418303881233 0.12016592079136723 0.4625250242313017 -0.3516264030579457 -0.2187752753502971 0.29557349256460613 0.05524787999027513 
1.5385918842095396 0.9631856786966466 0.9369875603969255 0.5154699266356073 -0.4330891366497933 -0.46068747617297534 -0.5781171272501622 0.022019494852520305 0.7683494862437164 -0.3077973223969973 -0.09995180702732431 -0.3953499193544555 0.4044921538804432 -0.2662278117079661 0.5665049019510691 0.9938070303097325 0.05296382606036668 0.1999717519226862 -0.2601344139921313 0.06468255123661537 0.19277352230398978 -0.16060203803148407 0.10732357285761103 -0.09080666223392385 
0.7904818591929423 1.7682536407420795 0.03764002743155903 -0.5528071890673849 0.05077829195534744 -0.28024033085478894 0.4687842539498466 -0.23509619722016617 0.21315668428807255 0.35631133891297173 -0.5338900780730949 0.4368334140932917 0.2118625243320483 0.40285813957778355 0.8633186805033389 0.40911189846984414 -0.004787980180743852 -0.3230428392854153 -0.5530536342529588 -0.052162852224508637 0.22401127212404348 -0.12966902408002376 0.06872045876101589 -0.022634095763948908 
0.31986865875099824 0.8483710379524503 -0.07376524442587495 -0.922112236741893 -0.24426089150224928 -0.37132360349117566 0.7548247450328431 0.32743047686513527 -0.9965469570365159 0.09823390625353423 0.011361717625061607 0.2943261887024765 0.005048801133438492 0.6177208414935725 0.6898812282761742 0.011860973951775877 -0.18253515784698146 -0.48114739311629906 -0.01890288041402403 -0.002083973751322706 0.11123376485866403 0.027375322416121117 -0.21101998690815152 0.04782128660140802 
0.5647460338875749 0.4265535736510646 -0.2864377411330425 0.07316794637020241 -0.5189362183646373 0.45669566912765736 0.44315317975263535 -0.07319437187741196 0.31341758380094453 -0.25650826211179434 0.07641496454511443 -0.013988675359493608 -0.04627567760798653 0.6900816666034272 0.26288186641310357 -0.3645948988075319 -0.09210178855377867 -0.3173748187358989 0.4659595046642808 -0.02199912770807788 -0.13941303539203043 0.07632784329758473 -0.2243591136711018 0.2374506497956983 
1.6363133934619079 -0.21912681223856367 -0.9706172401492963 0.16689943706148602 0.3993735920511434 0.6142867031846986 -0.5085929489094845 -0.052679496564888684 0.3845177419112883 -0.08351348913297763 0.22795563238802563 -0.3134027344322869 0.042830198142395894 0.213973062803429 0.2072616551750276 -0.2685778060704109 -0.2600517004558311 0.045882099619683925 0.2608972011354062 0.13672349791508406 -0.2700150317827055 -0.027340344291284752 0.004990282170703113 0.04521212355411957 
0.2710865246614471 0.23175756602730502 -0.30257957394604107 -0.003528329546478748 0.005266415839987104 0.17907897201497064 -0.2973854130718321 0.02095617261907945 -0.05913655900973824 0.2182015067134735 0.030890305558728515 0.02834592627357846 0.5616071838338484 -0.026035551715340038 -0.47055942641283166 0.34754275623611397 0.03219652018601571 0.12902867256675646 -0.045009140281449166 0.03229502202177056 0.2347273352816359 -0.09801122454274765 0.04395451236897555 -0.10225874601980368 
0.33820781893687446 0.303849853354043 -0.6874792935444585 -0.07803068057231988 0.27379289276293184 -0.37016155379388405 0.34240243803885817 -0.1298152891283626 -2.247902830579962E-4 -0.057099945285245424 0.019153200606145226 0.13752251722358177 0.67872031774015 -0.2978956904740997 -0.4312743721117392 0.43074760170843135 0.10207826280773458 0.048623636437291506 -0.18133715881005866 0.03765201611755823 0.07627253018500503 -0.007589068436036943 0.08426853852640655 -0.023369576836533013 
-0.4710227303514536 0.24317189600078137 0.9836715648030334 -0.8469952635212366 -0.5527354292785787 0.5618337799166793 0.15268290712281152 -0.13151154166098666 -0.19839315594678997 0.024318639592582514 0.048952643329127965 0.06732493687198313 -0.186147415410398 -0.08413140640686152 0.2740906116761265 -0.09701249944621256 -0.15839824367185806 0.24670789980056043 -0.1620873163960289 0.00979301436989973 -0.07565110609251248 -0.03465000464190424 0.10667075813854532 0.08418316358088428 
-0.028792932252091674 0.6688530941969972 -0.3199196931886159 -0.7036099010764292 0.3721397261872226 0.27703838992196966 -0.18961563257663028 -0.08940168777753033 0.22532844982479905 0.03619514973557869 -0.03388115207639375 -0.2627835092218902 -0.20406685779031916 0.18816795666281236 -0.12512667751514295 -0.19476305355736626 0.1641236200483479 -0.010565365855936945 0.16101768234575703 -0.25754475513928865 0.035800279989291216 -0.044237026384672924 -0.02493658743482337 0.13628776105211007 
1.0130291464871242 0.3016501648264125 -1.308631209152342 0.6002987790442136 0.4312877301434159 -0.8846446992446376 0.4548855714239989 -0.028629671166035875 0.05504013921387066 0.27550397312877417 -0.26260479251563795 -0.024050551246338363 -0.13480940455619125 0.20751541889637318 0.04159351193612815 -0.36394473704615843 0.0031402602103638433 0.3376605905865196 -0.03892185137363069 -0.13704205613723386 0.05447482210238449 0.05823725772815117 -0.13981484223862367 -0.061538712895351795 
0.20838245388854304 -0.2898931510472096 0.8340521259786581 -0.21738854118294615 -0.7105895470931092 0.38477378335458523 -0.2917519411490066 0.591378041042028 -0.23434227783126194 -0.04998153289932247 0.2497416808329983 -0.22565302187358774 -0.22404742234846373 0.6859943227210247 -0.6201941897831411 -0.20717215378956708 0.27674211087856077 0.08733238069779588 -0.03561702413228587 0.010583699505264907 0.2856841155422743 -0.031982873599935825 -0.13233049376813152 -0.09273795308305623 
-0.1851822097531972 0.09999876193376522 0.28190511941101204 0.0017282676704972744 -0.020791573269504315 -0.5050156885591872 0.32051661552989175 -0.06077523765906423 -0.13198225842591293 -0.10730479227442044 0.32658575359030295 0.23337583188388727 0.018828965043901153 0.40955500222330193 -0.5366229564718716 0.07743006214582808 0.17079489843207077 -0.3079072398952916 0.2044038885571217 0.19060949302687077 0.02319561139319869 -0.009138827291510424 -0.0011164518849832716 -0.038112000334414475 
1.2424550129134602 -1.2883041725197533 0.7453947118791304 0.21719181597913018 -0.23204695474199966 -0.1747732575141432 -0.015580082232719117 -0.10508000304681087 -0.538212697982132 0.3235481532369835 0.0685150561750304 -0.11328284153783433 -0.05535368697997178 0.3303637135603621 -0.2757391548476186 -0.10452210045969186 -0.16863330383743716 0.013589606927198314 -0.04838357727308803 0.27922201243976785 -0.12764530809688546 -0.0775531855249841 0.1041057297948625 0.05299120158789619 
0.43950597184296214 -0.4278093311072215 0.3455663673130367 0.1507184140256912 -0.32036826132835117 0.31885054087560144 -0.2964120237055099 -0.2522291282022288 0.13738851510970962 0.11615561193515245 -0.16864212453170419 0.03410035958902835 0.20817731357265443 0.05179223004727973 -0.16544323662868043 -0.126247999724383 0.052622826203545525 -0.4240927961599059 0.009710082083812077 0.037045690351081316 0.07730671562602316 -0.00941418279943837 0.25472373212112337 0.048805061021923134 
0.062099424030378714 -1.0170802452078025 1.6294389665705014 0.021682687018532487 -0.05490129155137424 -0.06792815214440406 0.1618631102879583 -0.15056105100569328 0.013908259691583158 0.07094782157084334 0.18503843050941438 -0.2849888904898469 0.8489788087778729 -0.4917645283949635 0.1652540874527273 -0.25212703515853147 -0.12261671759580366 -6.958971200712779E-4 -0.1169101118875547 0.020560378936721902 -0.04723384883896412 0.028799141468782725 0.19298681782931934 0.008566870884642641 
-0.21953635602961974 -0.19098989186404935 0.3362127019513679 0.4782268313239451 -0.2672328834754536 0.713840147235661 0.2026647730181168 -0.14917178473286696 -0.63996288414084 0.047237921956964746 -0.49584712994025926 0.17281367329412417 0.3594482537954189 -0.38403083449663633 0.5381999222579146 -0.2445571583828873 -0.03600373256798132 0.19101197913909776 -0.17146321797538255 -0.022972082690537226 0.04995693266892868 0.16184412862185815 0.03772295408004021 -0.08515537299333359 
-0.9749602494838676 0.06857969304355116 0.25430928220178295 0.8098187128055976 0.10923550911896251 -0.37018036933395915 0.08561185506813163 -0.2182898115916575 -0.007835451839964813 0.27160957381972917 -0.3468428946086501 -0.20834011104431016 -0.04236351064888518 -0.2621092661379449 0.5351368645425754 0.00979574104989834 -0.11813026174568371 0.2971933682069526 0.09511254725417743 0.027071043645702637 -0.15718578207761502 -0.03478690990926562 -0.019009232925542685 0.08348985327218787 
-0.12030895278617137 0.18145320325701064 -0.5814685572763478 0.4903218762808206 -0.2944254639595756 -0.10305928794691432 0.25610325783055105 -0.14944849983763503 -0.0016104271313024388 -0.4697076500548649 -0.015870324212792553 0.25124208884626076 0.3205888940406452 -0.13393623930404708 -0.07575713410871081 0.5622900155867534 -0.37193151117631995 0.0714777387346913 0.28250467951925823 -0.21879467301825783 -0.18937363801327278 0.05392912018031188 -0.10513597398772241 0.00954638960241431 
0.13957625435531007 -0.4169739943544979 0.4828690025566331 -0.01375205860960027 0.3130857839277379 -0.5510585391739741 -0.15019377388079114 -0.23163582439041716 0.16628937741965943 0.43378133730455504 0.0020777264223090786 -0.5746726580824788 0.24341312134653817 -0.11420416574081038 -0.1835796350927592 0.2158388999934103 0.1355123493852487 -0.14886679530400024 -0.017561770046182507 -0.1670885057158754 -0.1431860062832699 0.18560795793420595 -0.04970788721550808 -0.13377514534463544 
-1.7385712900711443 0.4535956697471164 0.4492042441000752 -0.7968578297287162 0.7466365126491186 0.5898460159515946 -0.5269464510651964 0.5138852407212864 -0.1589043847308338 -0.19563532032638384 -0.3548995184925716 0.32734077800596556 0.45672245294938474 -0.04888295708805224 -0.2083394760476295 -0.1949989916603152 0.016550490921999377 -0.019865482976173226 0.02493491212842554 0.10182484571223031 -0.011801890389892414 -0.13942910911855044 -0.16793914226082754 -0.10181380433659008 
-0.8960684448809957 0.2751209570209294 0.28971178679184906 0.8058918658301351 -0.8178325273411307 -0.2700326353712129 0.5298220196545529 -0.04869116472349194 0.5003695458096106 -0.42225046484712925 -0.028204635822236312 0.15493598040974377 0.5345581340405214 0.05121392788003002 0.15888927790678734 -0.4195648625282575 -0.18071214254669943 -0.2197868754904353 -0.02827153738271393 -0.01101020045764057 -0.044464218915853414 0.016859375087576067 -0.11135535688573846 -0.08942994821673138 
-0.9726539620161727 -0.017945401166546304 0.14012847874893275 0.6654968890418984 0.22138221890886056 -0.18397579091977523 -0.1587093753223976 -0.5463953668077886 -0.13324484015660076 0.37659557837662855 0.5030882836919628 0.19187918260991974 -0.2427666227943012 0.1754903672165448 0.2895263923338039 -0.08096260811017279 0.044050723178678086 0.14078825892250277 -0.06281615073031117 0.12242417882709312 -0.049229873522097546 -0.12968658321917928 -0.15630180307247152 0.07495166626554776 
-1.8470568117937398 -0.3348452425377566 0.1607390515118423 0.5137651695898648 1.1178493584379652 0.4952129907330167 -0.24949769960404877 0.331535080747042 0.28685226188010315 0.0970877626903206 -0.09285010401274277 -0.2386520157342618 0.31325334244053016 0.38510319452663094 0.34600054157201093 0.4506094042810666 -0.24221948792295367 0.010991574547406754 0.15795721934063703 -0.10523351050669978 -0.0039522844405142825 -0.18457101113269658 -0.054875497316957365 0.03301251816870374 
-0.5347772382318687 0.23210766787682502 -0.35488856526133317 -0.40790665727806275 -0.3533565997764636 -0.21514157386802857 0.051161860755037925 -0.043500418495259985 0.09554387780021256 -0.06624468443757087 0.14632862482009612 0.29927977728132504 -0.11904314296185685 0.1435377420576168 0.2575581319425598 0.4291818495607383 0.2354636916164117 0.051429764034158554 -0.03760822509415732 0.0022359783960428 0.19891678304544727 0.3320676187715729 0.17729923111116574 0.002397226649438977 
-2.054766834094738 -1.005215161080649 -0.5007813159190508 -0.009234573853084127 0.19619534577039244 -0.2874244675393065 -0.04898525640607598 0.015561892640343133 0.39783204015274676 0.35288269995806026 0.3148016855645691 0.002198128567929891 -0.23063694865986917 0.2696287710805579 0.3232794012674843 0.3778313697402149 0.4599150698091554 0.19737430229104266 -0.1306751411826522 0.08173158229603317 0.14067121267401256 0.11843853905407124 0.054655960484922744 -0.040074716407171 
-0.5116695219801031 -0.11337366806795046 -0.30178573336330006 -0.36054878791884215 -0.0241818496065882 0.053053646113910724 -0.146140921638912 -0.3951167079425675 -0.7854850784292644 -0.74750474657196 -0.2326353044301904 0.06426243051050695 0.05852054316840394 0.4794294142470134 0.24501848682701968 0.07784374190236754 -0.10761079102283609 -0.18994019796828784 -0.09377275503430638 -0.033162448199870444 0.1260029656118272 0.10462469333439618 0.14525452514022344 0.1288427658468483 
-1.1666998239400153 -0.9709908878070426 -0.8356505682396271 -0.6434078743103903 -0.4264832260744388 -0.23100752613108094 0.2411791151408828 0.26214847858259627 0.30535310197280396 0.08240217659530143 -0.06733602084236771 -9.191931273397624E-4 -0.3093231397286898 0.08884528441739985 0.01805159677979658 -0.07219734721106544 -0.15073388266455665 -0.3053446062560737 -0.23786844177091762 -0.24686965448507592 -0.19752658832281514 -0.15845643387390343 -0.00878701878284599 0.03301074657184882 
-1.154372372814442 -1.2232927115010184 -0.922509399582104 -0.3243512327565123 0.28081505921446026 0.3264705493327221 0.18739794008447763 -0.06730636686677521 -0.2362255499452976 -0.24487850275938 -0.0983660973971058 -0.0856898594115851 -0.3997264941795353 -0.37999213285624744 -0.5420816663231625 -0.577848849275683 -0.3574266983404463 -0.14206699723644267 -0.06421244709407363 -0.13998966874653615 -0.25871109355548844 -0.221374764650105 -0.039927711948936954 0.038302854527958397 
-0.8054459894914991 -0.7167914926163146 -0.24457427314903857 0.18925869019894725 0.49589853935353806 0.4919008996195088 0.49785063804498203 0.5922656855576748 0.7157820408792088 0.5769388796734806 0.27402813839656476 -0.02185796618657053 -0.5344985006149628 -0.5058880211091737 -0.4158016513934564 -0.2680196089035693 -0.1577094144121111 -0.13368903327075474 -0.004820691664786529 0.015253403419524183 0.047090191347866184 0.0062452239477363515 0.005098549078609553 0.05768440226740524 
0.5068830433342448 0.8995030329054279 1.028921118060893 0.9566644776535383 0.5869073627007624 0.1178004249479439 -0.08183934180874075 -0.14020630519049826 -0.21456626721600147 -0.3306488041607345 -0.2835342482028458 -0.040176746543752855 -0.2243842588755598 -0.16389014387722955 -0.07197452301315743 0.10550051830737052 0.3070651603963077 0.33220961569008484 0.29573487093131284 0.20091242478875407 0.08719052293637629 -0.008865205740103762 -0.03160841175565097 -0.06491174482968882 
-0.3938320301694702 -0.5147246966827446 -0.5639608728807566 -0.4798569028047077 -0.10640113458125658 0.2743946358735724 0.3902598310818516 0.25283823748588524 0.15325288656455735 0.10655165545276962 0.009952407324673618 -0.1967289563634716 -0.02652509745011633 0.06119966759535781 0.11505168223637441 0.17906951574741606 0.26197565878879686 0.2827319544035257 0.2891559816507362 0.26028888088231533 0.19968602536609922 0.08480742145344482 0.00779470767544919 0.006192841850095855 
-0.687026575848777 -0.8326556778361147 -0.5468925306767727 -0.30629499117679637 -0.3392305850070656 -0.5614051658645641 -0.6460112692278958 -0.5003299171971427 -0.21653254159710073 0.016910726571286755 0.12849700340579268 0.1964808701659319 0.11730694804031883 0.24511276116830083 0.35414833596843504 0.38050312699750566 0.2543551287302687 0.05624496297675543 -0.07731133485788856 -0.11365435396503114 -0.09589496274172978 -0.10313070590817756 -0.11814398955910972 -0.11523392339145204 
-0.12891588754963923 -0.03431114003161673 0.19817750451067107 0.2835298773718664 0.1730405368410615 -0.016692168184814365 -0.08753134319764905 -0.008539151085949048 0.11770710197146084 0.1487368499471355 0.04462838956589796 -0.15876530009170048 -0.27964730843025815 -0.3855913311419173 -0.38654458617971943 -0.3236466963038317 -0.21508206449818815 -0.14956751529466694 -0.11154104048325919 -0.09998906570615783 -0.01677035706534526 0.07063448697389452 0.06264268595682375 0.002431244733004286 
