0.0 0.0 0.0 0.0 0.0 0.0 0.0 0.0 0.0 0.0 0.0 0.0 0.0 0.0 0.0 0.0 0.0 0.0 0.0 0.0 0.0 0.0 0.0 0.0 
0.0 0.0 0.0 0.0 0.0 0.0 0.0 0.0 0.0 0.0 0.0 0.0 0.014774498368704888 0.0232449580930341 0.023999960146981563 0.020171154604772906 0.017810324390812943 0.017818752349445965 0.015770638128041137 0.010937670583776723 0.007471932329064179 0.005777174584429399 0.0035660778249164506 0.0016463795684990752 
0.0 0.0 0.0 0.0 0.0 0.0 0.0 0.0 0.0 0.0 0.0 0.0 -0.011122373358561847 -0.01614681644687388 -0.01686601592210186 -0.01722347594236894 -0.017584803021331512 -0.019150376754263954 -0.019763374372365528 -0.017506612510320364 -0.015760053314994787 -0.014138261025306478 -0.011670574112958807 -0.009979773631431424 
-0.04432349510611466 -0.0697348742791023 -0.07199988044094469 -0.06051346381431871 -0.053430973172438834 -0.053456257048337896 -0.04731191438412341 -0.03281301175133017 -0.022415796987192538 -0.017331523753288197 -0.010698233474749352 -0.004939138705497226 -0.02240826923029271 -0.03565066316229181 -0.0359160654136923 -0.02713414131390997 -0.02031670915439368 -0.016837120729748346 -0.010379841241006715 -0.0019233546665049412 0.003183987094119952 0.0036747133863673184 0.005068094528514126 0.007858623976033324 
0.05552886762874287 0.08330788648017279 0.08659798798677792 0.08192715973426618 0.07946989565021395 0.08417925878696081 0.08294608030915829 0.06892634340662618 0.058488058438580626 0.051080544952563534 0.0403608390762511 0.03240889024704288 0.10785288112428819 0.09409183675425363 0.03515783138850188 0.010560782525423598 0.0012947710549866358 -7.133817815242379E-4 0.002436019542096953 0.008694848250707987 0.012847445559386364 0.014505910268463573 0.013989984258653216 0.010931837615670606 
0.039460373876506694 0.06529804624678903 0.06444920224768794 0.04043884407459683 0.021215179638074066 0.008421732795764636 -0.010333516431558998 -0.028693107703798265 -0.03879599050165017 -0.03656441263538372 -0.03538470312366793 -0.03978031705162141 1.08656551636079 1.3723273229421447 0.9011538692685145 0.37768281546403276 0.04369262184336503 -0.054132079203496934 -0.04034222022013087 -0.028711138059756603 -0.04303118663031615 -0.05643857412775132 -0.04726173750487791 -0.033201362173358194 
-0.36545057786417523 -0.34979197052570654 -0.17369803550982194 -0.08215850152072857 -0.04120738957021636 -0.028798849577478552 -0.025797257602573065 -0.028144496775889913 -0.03035223992093028 -0.033901286364342954 -0.02962671795150036 -0.015374923673949728 -0.2570066148744902 -0.45817195335858685 -0.48889101812927566 -0.3707666895929389 -0.1559918081895943 0.040712383449589294 0.12062118798289993 0.09860185830123808 0.047339227232366714 0.026647501472223046 0.04166486475392432 0.060340757268145646 
-3.0935303214420253 -3.970166914602597 -2.6453134764981883 -1.1115190795789196 -0.12417019609231877 0.1654290347443726 0.12808641523213488 0.1018558225191977 0.15109791208351137 0.19447511428841902 0.1660807575537601 0.11855685477507366 -1.4168042749071954 -1.569094488772718 -0.8929675690550454 -0.3207332480110832 0.00439296459528718 0.05475501536643246 -0.020626427067449576 -0.06090044153693253 -0.016106422248495827 0.04053311176937056 0.03392911919178832 -0.007076443623975186 
2.3930440599114795 3.4755562269806264 2.908152381747543 1.770206190339841 0.6201380080841932 -0.11646154253611105 -0.3481274494713884 -0.29215369660858603 -0.17847657455110028 -0.14438172292600698 -0.18536648552423587 -0.2277819674707416 -0.7843166292508704 -1.9640646730595552 -1.0207984980490412 -0.20609775836374591 -0.15619551939640858 0.21359087511341732 -0.096395245717263 -0.04072843185913235 -0.0533582117619552 -0.00622884952669394 -0.010863161457950429 -0.11087672275933912 
2.910625879710265 2.8599074138117775 1.2024267007841418 0.07645624217756186 -0.32263641297499224 -0.11201196682421649 0.2127108607051974 0.2860128168233474 0.0835854435589223 -0.10292352966266338 -0.059302176912665136 0.08765253571870008 -1.2172818643658394 -1.2443871988699546 -0.5713099052521402 0.07876700178445432 0.30662759031737413 -0.1821115835102786 -0.12785892962063597 -0.1255548709826849 0.14032438330431368 -0.04807653709251839 0.009314369779270554 0.049528043858826414 
-1.0145787906877093 2.1273648844457718 0.9648273699961365 -0.057852887307731526 0.5266122770603461 -0.530850974133436 0.22107625681268464 0.0019623016494322854 0.16347862962722987 0.13348458419128006 0.11565423365556354 0.3327074041322544 0.5644868148401749 1.1433955170875698 1.0410759339694933 0.5937720776844433 0.3842300122460658 -0.14938119946768338 0.016375715846399352 -0.04143724655865729 -0.03126467695629621 -0.04556301570605018 0.015822764907979226 -0.034671014677819495 
2.2621266969550877 0.43709035327469437 0.0402787451339357 -0.4337905461084963 -0.9972901015325175 0.9189585010738708 0.2270613509520063 0.3314624363382432 -0.4408528399185948 0.19977157200733064 -0.012372711373951281 -0.3102719626029036 -0.06797126817162565 1.1345246538160756 0.3859285434857016 -0.0422860598293154 0.25932073256092975 -0.10086969478223595 0.21725575690109786 0.24722200400738004 0.024027415281518246 0.16869705469693383 -0.029643443041620712 0.19316080471002142 
1.0238332067685434 1.2567782059864587 0.36599855766416667 0.24401335142954017 -0.1952251843752415 -0.1838031780821045 -0.4044298421339909 -0.19056676669006206 0.1775365980565469 -0.15904022664285344 -0.2562995130175305 0.07519332572351872 -1.048197377902823 0.9289319805899586 0.31480931619721514 -0.21985419597892622 0.1762642983251518 0.05560297167608378 0.19713026777100653 0.09394821384454026 0.041426871698612144 0.22441682129813734 -0.032495493044939254 0.0902926333906058 
2.0953336854970157 -0.10837320840679254 0.34405547649302193 0.05238130229687221 -0.7396798799399877 0.017073219496825665 -0.12630336052475832 -0.3593886610290456 0.004474213499709057 -0.46275228833639814 0.21560502554874403 -0.3630728392069963 -0.003951251368466006 0.5460396867680141 0.1518111790818019 -0.23213892262939864 -0.435321049852071 0.43074248073845967 0.03474196246957062 0.1225228243500427 -0.15768246241302972 0.13898497064723916 -0.07527856690465388 -0.1512226264793243 
2.213409848749796 -0.3866992764833608 -0.13148894427505198 0.3586237764263629 -0.13098572871137426 -0.24671724837316478 -0.1936321907619527 0.06554320879945591 -0.1834655121777585 -0.2085039495312675 0.09915184432903362 0.08822994226248337 0.1914391495732192 0.5471952900300275 0.09408446279704696 0.13278076721984602 -0.2327231931848941 -0.03534454519924008 -0.1020302197746218 -0.08949231654666401 0.0564682606351126 -0.09688146356882969 -0.11119822760385929 -0.03721051283774699 
1.6791921300698593 -0.3792899657944382 -0.16641104114186067 0.20532100928128827 0.2765533201917618 -0.3418119059959781 0.01743663785727534 -0.16416102445664393 0.21269560243764707 -0.19245147849017985 0.035737310666728306 0.13687760856558706 0.7524402727641437 -0.10771329871653812 0.09890198170065083 0.10615773159670124 -0.20249341083869887 -0.10489310388469715 -0.010162944112751593 -0.07034579093620154 0.012963955756466375 -0.24024122496083308 0.04334277402486933 0.009097056982954821 
0.657586535762464 -0.24934928540980117 0.3389784280904671 -0.23079880372220596 -0.005172204886433995 0.10167302026201763 -0.17020918200114232 -0.01970363533627084 -0.09597887831775992 -0.003546240859473526 0.16722902723505523 -0.06315035964953197 0.6246067902887532 -0.21529541058065504 -0.011384504049191632 0.15142780853433865 0.010642336556178153 0.0026755621553378925 -0.09410562514977222 -0.05658910477105597 0.013853477308682444 -0.03147083613389027 0.08699172941129162 0.0383296792117399 
0.6159245236982507 0.146091692206042 -0.18788415479169007 0.02861939758105292 -0.19510640933636125 0.15755739683332592 -0.10752603256690874 -0.10572786615257762 -0.07816097069968936 0.1554925322102041 0.05153811202112524 -0.3146738591998531 0.2056631564908118 -0.03738125038226207 0.02296830449121634 0.009096087533558136 0.05781070460320947 -0.046206930363010656 -0.04092462538340441 -0.10722322465230937 0.07359385570209405 0.04433491975563264 0.07701036540881141 -0.04798150133026702 
0.8712232810693408 -0.0035038737416357435 -0.08659887530256238 -0.007308843326535364 0.07291712638415282 -0.5044285862538305 0.151166019899456 0.20609394396059066 -0.07959765753513762 -0.28806344647978865 -0.16972374458203968 0.19901663850998375 0.05875934701157467 0.04860914622368462 0.005789552296816769 -0.03382244197614703 -0.04036166076887826 0.03564578588207834 -0.025362214707993175 0.03825565996136248 -0.07629599532220695 0.04763470991770524 0.10754419549716847 -0.13479361120028907 
0.9553842879439856 -0.3900689204817347 -0.022527302918994963 0.06628776648277857 0.06407654074684 0.09985968835097792 -0.020477086942810585 0.044609859851853395 -0.01627657505994623 -0.1831976349469202 -0.02681739965115848 0.14973861347663023 0.11102712995388764 -0.1732271606201771 0.19685349192444881 -0.17506782598268708 0.0010543341798263661 0.08586420415421807 -0.05998009297168449 0.11110727699034754 -0.054970949187366 0.026065526911804526 -0.011596776140881915 -0.06218377089008686 
0.3115786126048725 -0.12709641773696667 0.23893134526366921 -0.14816566224462768 -0.013678697621399838 0.023584516856956617 -0.13764701068921187 -0.20963947822257378 0.10196690982898937 0.022894712965972897 -0.1162258034203083 0.1090242376130936 0.16450885535785295 -0.6633059427195495 0.19247301387885019 -0.30745208563704063 0.052638376949762956 -0.04777034332312454 0.0182575556977503 0.08985745060546446 -0.4056376172917329 -0.1516266232019263 0.12475983168958564 0.09260792980194998 
0.5626654680688219 0.7275694460642388 -0.9412097408481523 0.6242512849881603 -0.15497149987306402 -0.3640417671847218 0.21682076164247865 -0.23118298603203802 -0.00403040681965483 -0.07818312824809026 0.0595794698629053 -0.08312634608114744 0.8755683122008175 -0.45027782207443234 0.19218730325430902 0.030352759786993772 -0.23997274756460354 0.2279646676661056 -0.002350968197935399 0.019435811023245934 0.13971553354806707 0.10218554043776618 0.11324809291477998 0.044923332669538886 
0.5740561249333638 1.427594771144026 -0.20467669797453425 0.6360656543318957 0.02452601584481595 -0.129166828516607 -0.02225557148643953 0.07441801508614301 1.1311921102199154 0.11430916977657524 -0.5872016744078284 0.0376253288830226 1.81095712847718 0.5969981449890552 0.16578348958052982 0.4052228305658445 -0.24948001634038142 -0.1910648719016155 -0.2254835006060764 -0.4335115250802269 0.09298327337858593 -0.1324845825579425 -0.13508744276740808 0.052307788720798574 
-1.8025594048227127 0.183418951301066 -0.3772851910628203 -0.4168861711664644 0.7648924267075428 -0.5076586419605571 -0.07111990195039056 -0.1557263198722428 -0.9500357758996104 -0.5354614846655199 -0.13107374290173834 0.050668069833049056 2.345299302730415 0.7575123515436145 -0.551021381777144 0.4656131377459958 -0.5193624761086392 -0.5409807480965658 0.19081735902435337 -0.40865687955201957 0.15298020577406235 -0.3086433926747238 -0.28911691608640727 -0.0689449129482796 
-3.9386803363809 -1.646015605322546 -0.5403813983705863 -0.8432654258648489 0.2748293881094411 0.6685875699497208 0.6827738229254519 1.0531667639382092 0.29601977423320935 0.6489876388485152 0.38436313126423777 -0.11479633650640036 1.5480019052270702 0.10505583094816373 -0.6468311274338051 0.14585416537700616 -0.013864927700370696 0.0688500946564206 0.12399643961863988 0.2965511697441767 0.278708111995952 -0.18170798490459653 -0.07291783158979097 0.10149728539422509 
-4.2168642094652915 -0.00816242033331882 0.8797067546813055 -0.03292258815145477 1.2779642423205408 0.8600232778718117 -0.7081460126365272 0.5054132781979876 -0.04538485614848886 0.5804078152401111 0.4411478152860939 0.19991922545840285 -1.1004905743947966 0.4371456490820839 -0.29630070926734636 -0.6216134268437089 0.5620888776295975 0.016639339027676375 -0.08200790726206157 0.4208390529687675 -0.32414546298303254 -0.13228742390003792 0.03183317483683019 -0.08353282676538358 
-2.8627971884265566 1.2082179641167272 1.1073207114548183 0.0065213666933723324 -0.190415108860571 -1.0195580724020532 -0.07573183499929081 -1.1458052931815024 -0.1572576856435014 0.10149847453754934 -0.6545589587323717 -0.3414921051123295 -3.7793719302633044 0.3962475076792413 -0.21287962021607512 -0.7082829087871545 0.8111446797215244 0.18691104196309208 -0.2206873926685251 0.5273009068272133 0.051063740185932495 0.2197531643828319 0.17293279645809326 -0.04232577746023827 
0.9609707443845057 -2.5551347806648224 -0.31223411817348357 1.0230607130855516 -0.6887519576962435 0.2864961621323008 0.5541566487981655 -0.3187574502186894 0.2490393429878425 0.13514536919007675 0.2928877775860758 0.4146144344321644 -3.272283185987824 -0.038518450144040095 0.5681117613761719 -0.3165302411809709 0.8767529394561467 0.1524636981840154 -0.4826310490310675 0.024391701646964987 0.06398458240369202 0.3696941100877771 -0.0018265881097468035 0.07434281692192336 
4.810517977484116 -1.561271948194518 0.6942278987050337 0.7535916498781114 -1.1752465510467398 0.3946180019301999 0.7136846702136808 -0.11665059233509223 -0.004383545892753804 0.21235936872503658 -0.06030523926003298 -0.09516660861256632 -1.6021706412292602 -0.599196008481889 0.4260294784863235 0.40374064552849137 -0.09797942795065288 -0.06831595558480086 0.07356364436212759 -0.3899735662283292 0.2059489289496871 0.14218847031137036 -0.21021739896427669 0.11250706682221594 
1.7633277655428454 1.4921378862544241 -0.6180821230723179 0.5431329937990883 -0.8598788549548151 -0.3044558538463611 0.34503888185018977 -0.08233917716611239 -0.3137756732349387 -0.5841049621169638 0.14950071987916497 -0.14627197355724886 0.3666282112332843 -1.2802077120406843 0.03513508041438218 0.965847869008635 -0.6752341700915307 0.27736105460297705 0.6178950374581712 -0.10839417344680356 0.08585009041427653 0.11267365005256509 0.07210812339059071 0.23371164236795963 
1.5425362246820544 0.9821696561027711 -0.017843721554735126 -0.9647367102488702 0.1890866236206734 -0.5191341976583197 -0.1918638846116857 -0.0940937310228035 -0.49369696438117205 0.03455822925695862 0.04778676701391382 -0.39857010158427075 1.6727171993103098 -0.3173324820353895 -0.06920966971050883 0.7272357829969023 -0.5736857762739439 0.04578798846606839 0.5486475639010888 -0.136294254485287 -0.09679080087269108 -0.0045051261510421865 -0.07934256184464378 -0.01691327152914927 
1.4950769870856835 0.013767553308586145 -0.06160354928674572 -1.0153187138768625 0.6547839652446419 -0.08871090188237063 -0.846754186163665 -0.00485336053442309 0.236145780989222 -0.11397501123357956 0.02251740427733029 -0.13481874618586231 0.6181409714252831 0.7462140570437743 -0.0606971029818603 0.12110698886455366 -0.11017865339009984 -0.28963754801390734 0.27163978361729774 -0.12338017266347827 -0.2562462959666712 -0.29668159628935026 -0.0016979671052038496 -0.19706239172571946 
-0.07350823121823247 0.12991066438456933 0.623617620943774 -0.6488898452746201 -0.2115206323246368 0.14938156054999951 -0.33636148748265815 0.2534892628049241 0.011028129613239068 -0.009190228263528999 0.2412141040748157 -0.05015340771081178 0.45636971454458664 0.2791493446418259 0.08254563335332395 -0.25987130941226166 0.2839961609630034 -0.1663481966258001 0.015772401537508345 -0.22565465100089777 -0.06569434902544946 0.12616177671295034 -0.19764155778499673 -0.1762092557425952 
0.7169270792171396 -0.3203747890177979 -0.7567214853759916 0.02188859471830229 -0.32903926681186046 0.23019891109120127 -0.39763166756621726 0.11400984391045862 0.20260066766786933 0.3278140555113307 0.05788095266432558 0.27070685468318 1.3731240305936279 -0.29365582759471803 0.12549549150786468 -0.496150365028691 0.013412032171016497 -0.051481955307565476 -0.5702548382779036 -0.07978960556023466 0.1985295260062272 0.016992071325979314 0.028319226036026362 -0.12050463501483723 
0.5625020349825665 0.3117927933404854 0.08207834642991596 -0.7037264363096676 -0.1709902432400856 -0.17954451426770535 -0.4637423485229346 0.5234386197574489 -0.27984136064414733 -0.5648216342543475 0.6230296661754064 -0.07270513479100632 1.1023272550819294 -0.3089948540745331 0.06556973426238837 -0.39478197523974856 -0.2745080711901344 -0.030691547497420035 -0.37126745328946215 0.12307371722613618 0.07115438825498437 0.00293167877295993 0.2196931736101777 -0.04529645959204295 
-2.9423002377955996 0.8037939716147822 -0.16732038655341075 0.5005506767267343 0.5942826741893168 0.23019800144917824 0.9277007591901839 0.09954077767001851 -0.21400805190076633 0.11286447778389175 -0.25334805488104417 0.23797102239874665 1.187777441266167 -0.2590760202008718 -0.28288539969592863 -0.05623784377451141 -0.21766156430616004 -0.02072287187201083 -0.39438481316967344 0.12178386985051566 -0.05798145612207848 -0.07862007136856526 0.24369324031186337 -0.031287549058422716 
-1.550876337957651 0.49481084629187855 0.13220786874531854 0.2961250394404097 0.15034261074517774 0.24145665786327114 0.11477465900752765 -0.10849735575326436 0.005869324632603812 0.08948952428131068 -0.2622509129830325 0.10210388720753372 0.3086823450153228 0.32671692004331526 0.037052474615444066 -0.03394917235776832 -0.009338723931059723 -0.15146923342960114 -0.05682940066349623 0.12233168018659824 -0.24945526476166732 -0.3021167329316619 0.13200241015670497 -0.05858489522690994 
-1.789716058111253 0.3653442451091209 0.066869952554093 -0.3093236118332021 0.16327899911398802 0.08186694064174552 0.49626426817757185 0.06462622211426822 0.2336896933957292 0.23651869034919737 -0.2305584786920451 0.2771649908591781 -1.0890550260480898 0.27273920991404726 -0.13269095254660343 0.30160352961448744 0.2567771113117041 -0.052234640225866213 0.41211654636951467 0.040223355177432765 -0.025433967187528977 0.0010679792330136977 -0.20130161959513784 0.13565077143674104 
-0.9398370899055752 -0.4491331035366297 -0.14617424697016812 -0.19694177495639442 0.07252776609075795 0.3490287164248145 -0.07753590102613989 0.1739008569755293 0.2446755609926068 0.27970145825798537 0.215627647610792 0.08345256665950779 -0.9245172221036361 0.19402318209633643 -0.05633383730159439 -0.06817160728185867 0.0865728194536552 0.08755290818265087 0.253751391665134 -0.002215412400672847 0.041920584510012675 0.10345872371339125 -0.11204694936421022 0.10897147919938821 
0.019345216322632197 0.45754831678689456 0.36994352894414284 -0.15772650491832607 -0.13714123741858564 0.3331158928460052 -0.2124935999015265 -0.1623283942266766 -0.2571092685181809 0.014554573096513312 0.11161752360745714 -0.1596556316374635 -0.5383480375231876 0.018200719336305404 -0.13260205753352614 -0.22239446468079693 0.011711336769088828 0.07984067978954915 0.13626448530524427 0.07650543330403979 0.15550586987381682 0.17364680215607686 0.006644486162895276 0.0880009542200364 
0.3181446911363146 -0.1333607358360176 0.1496725924550768 0.4248413078285477 0.04083427065049894 -0.1468265427868113 -0.29210058194832517 0.011626189619226596 0.12550705205952084 -0.10990458823252103 -0.09719806604015296 -0.006400239142310138 -0.2218295363679177 -0.04711999547266199 0.10986923744476525 -0.07598938259595799 -0.11094745804761545 0.14941564422843215 -0.16719277993901774 0.07126480093147702 0.07765126581933392 0.12146332087043436 0.16150893407972564 -0.015220733695553637 
-0.8036628360626352 0.15285590324989862 0.3167527054420489 0.04696824081671769 0.14399173652685104 0.09027253087891096 0.1947531527229317 -0.0837527441196998 -0.17324366175917827 -0.08961869287377999 -0.09407908035525847 0.05808853109997786 0.00322853263149551 0.1667683985027789 0.29090874751180723 0.05349060389993578 -0.10837074470294521 0.12087815519011037 -0.1563463579835539 -0.06114536374541246 -0.09692735514602335 -0.05532521913053632 0.05158995274033391 -0.06199105366198194 
0.13715554539081154 -0.15542691035014577 -0.4491865475534169 -0.07132100003604236 0.26480365326088595 0.022203464723065114 0.22041906247868426 -0.07918137087239019 -0.03021103984489626 -0.032601871368171054 -0.16605085264702713 0.020242686377448027 0.04434808934305331 -0.041176039733603176 0.08744510221074275 0.24179554345590581 0.12761295090761726 -0.07691616543368791 -0.08174682827740347 -0.03353769500638313 0.024370205263106792 -0.047599331750218986 -0.08651254142446313 0.014696234144029874 
0.1001541913008972 -0.03172379146437798 -0.20335314358703194 -0.0701171626858384 0.07598630538505646 -0.11403357647926415 2.856518356304516E-4 0.06651147725536918 0.11153184287209772 0.1418788720559473 -0.00872594131010751 0.01299606658860325 -0.3329816996486788 0.05275389460841732 0.08500083861478898 0.07384832487420906 0.15180764886381706 -0.013277872745751337 0.07642640880819083 -0.11522062797121009 -0.10045700115043972 -0.03338710784669474 -0.0538466474825676 0.0632135401433672 
-0.2668080905746115 0.08245723072193023 0.14739021033738897 -0.2420026207878918 -0.30800186650145556 0.18607500719334003 0.05037365332753585 0.03710716395084149 -0.08999131604543753 -0.08285537544672772 0.11966298871066094 -0.027942709318712455 -0.005974599032536165 -0.17660884667831164 -0.11096816126396132 0.008508212868456608 0.04300177776434116 0.010050263951088193 0.01934123147938414 0.08351536061995192 0.05389525547080293 0.010125075668005653 -0.06989354426983538 -0.0759891776414338 
0.39726408086611276 -0.12434785111139135 -0.23653818934772097 -0.08923592342998476 -0.025028450183429418 0.048170377881027515 0.05049663087393341 0.20376487238231467 0.15801747979241154 0.035669382705582564 -0.0753960585863997 -0.10745939148204353 -0.10612477631650108 -0.19797634641150186 -0.22634271544936993 -0.07394484307401815 0.020175550322943613 -0.013872867974493627 0.09259188347956308 0.12958193477928434 0.16168402929209102 0.0630577247638179 -0.06405304843875818 -0.07700169542706507 
0.006524397705812257 0.4207116595082958 -0.09968954088118842 -0.087286258269339 0.18630569775210543 -0.0890493043103453 0.13728987852138036 -0.3983541502957187 -0.21513962471746195 -0.009872353697005648 0.0769648388006251 0.30843794833707283 0.09490462580166759 0.21346537797748866 -0.1508609786905355 -0.3697858422779172 -0.21260822668260793 0.08942870637456017 0.21889262171778054 0.04874069489846706 -0.010827845208596865 -0.025749100253975216 0.06691429940115402 0.09852618195582934 
0.28186227611018855 0.3930780333769448 0.5992148783703666 0.07435918527693963 -0.23169412771055486 0.06514718319605939 -0.320948111199981 -0.1045036699592038 -0.31094609066816314 -0.08378581311036741 0.20478227896118495 0.07581082404190584 1.013929320166216 0.921328187425197 0.13838684048251926 -0.3038309022765368 -0.3015538734735656 -0.15012540627263607 -0.08094941846128227 -0.17981208583645045 -0.21788213696254236 -0.14375927876132222 -0.044986362941406594 0.008550367124698643 
-0.4938210656016522 -0.8166518454547038 0.1820966125499517 0.7855573516923977 0.4331556523099309 -0.09069951458785641 -0.4205818407888485 0.045019350426199534 0.1769740048106404 0.05411952322317293 -0.22116907826659343 -0.41515636294817515 0.9081460485425232 1.0475792268697675 0.4486523765235248 -0.04192650306200182 -0.1551170195348566 -0.11102096685936803 -0.15654092249471413 -0.2635787881939911 -0.283899235546253 -0.11467070810195272 0.04560605363120742 0.07865339977081819 
-2.394351147978803 -2.2696506609054823 -0.7925917875108488 0.38583497841875736 0.7562081929583546 0.4993717018376913 0.5722807459128947 0.5215143795307069 0.6156070759159875 0.4349512805294599 0.20862998877142935 0.22868666278648453 0.4590442575688951 0.42515433399792363 0.4290582692312625 0.13499881311171605 -0.11078324143282592 -0.029695407111681282 -0.22872002796033641 -0.029184645679541748 -0.08597643149233503 0.020821052221245858 0.12326961009918676 0.02225970783929601 
-1.3798070358772616 -1.390661673959793 -0.7497433375111551 -0.11724464565424242 0.15770559602222045 0.026901336946942855 0.1602982174490849 0.07937318954129924 0.17328149862922176 0.07477122378893891 -0.061777176998119354 -0.0039601703476710715 -0.40230285198982524 -0.5248480133305081 -0.04597064211907657 0.27219602222889894 0.21346491001135134 0.05855359380934825 -0.039468992671426895 0.13277156403336407 0.1854620566248567 0.14337386819350784 0.04787361485255639 -0.02409650259596356 
-0.6522775114586921 -0.5953800543642815 -0.2220399542928675 0.12076374461511152 0.23838062473177812 0.0954329787637036 0.07477194356206152 -0.034126652478128405 -0.05117054310044872 -0.15657482005698797 -0.24472250197061232 -0.19656639577623425 -0.8887624430415912 -0.8534308816272688 -0.3219984448078976 0.12028775445233342 0.26855396088114597 0.16709516932527757 0.19199079401911923 0.1621155713427418 0.19660285886446635 0.12446704550602805 0.03786996470662292 0.05378054845097227 
-0.15794932789223193 -0.07924310873377971 0.03473262229819074 0.10150490190752381 0.05167470638916516 -0.06439093447890731 -0.05342046159915126 -0.07547482566947505 -0.046023355555711576 -0.08023903106412661 -0.13811367745324174 -0.13024032587892506 -0.4213671796012723 -0.39486627375900446 -0.16971636860110909 0.048067144240449555 0.12536759900520708 0.04768482987154219 0.07148805606896563 0.017244707750446397 0.028940695564991275 -0.02857651506911753 -0.09440142918707561 -0.07837588230175098 
-0.338992672846544 -0.3650672986366825 -0.21883443299182903 -0.08440305871912601 0.0035617551314444107 0.04373232957478368 0.10316770337965508 0.11259167310786866 0.13545092641505513 0.1390552714379085 0.1331883448791218 0.1304850951991947 -0.08371360658330455 -0.006868405240147572 0.10876986860365039 0.20582585888574245 0.21142167355795669 0.12090588758901162 0.08142287575822822 0.010455459365725978 -0.019897893409323613 -0.07417972076480732 -0.1145683535544113 -0.09770479454047439 
-0.27234791637951883 -0.3212192305465793 -0.24219699235834702 -0.15886267670847232 -0.10098776619323391 -0.09030282807322376 -0.06836383066660878 -0.04572009650303849 -0.00685132282350398 0.01268572324884329 0.032471687138240446 0.0676417310698674 0.033264602675973975 0.10049146961242665 0.14175786286472838 0.16208998729089052 0.1356501080131643 0.08076144537772002 0.07119299512838874 0.04888569750539581 0.047292333368215644 0.02533908354823894 -0.0030725677398974194 -0.006830144405464399 
