0.0 0.0 0.0 0.0 0.0 0.0 0.0 0.0 0.0 0.0 0.0 0.0 0.0 0.0 0.0 0.0 0.0 0.0 0.0 0.0 0.0 0.0 0.0 0.0 
0.0 0.0 0.0 0.0 0.0 0.0 0.0 0.0 0.0 0.0 0.0 0.0 0.0055513288961008085 0.006159128073044991 0.005586513921547613 0.005845042960158735 0.004404771136588641 0.003566197165809489 0.002944981049620765 0.0013369525384881082 -0.0036979177332429427 -0.008320206260856241 -0.008012119620945418 -0.006296409533463322 
0.0 0.0 0.0 0.0 0.0 0.0 0.0 0.0 0.0 0.0 0.0 0.0 -0.02242818468302084 -0.029446236182308783 -0.028349410058165613 -0.027593488064264676 -0.023002343391737946 -0.01653809083378051 -0.009625461597648608 -0.0036597370693681832 0.003812755579088445 0.008849853568489108 0.007298489533983678 0.004871225868356537 
-0.016653986688302425 -0.018477384219134974 -0.016759541764642838 -0.017535128880476203 -0.013214313409765921 -0.010698591497428467 -0.008834943148862295 -0.004010857615464325 0.011093753199728829 0.024960618782568722 0.024036358862836255 0.018889228600389968 0.0022603235302876 0.004457895660307243 0.005678276965552315 0.005783376273886097 0.004445363186525747 7.365576576709998E-4 -0.002028323858903188 -0.0010971857693105231 0.0034657028957629787 0.007287439787002535 0.007453427142417733 0.005794473955429059 
0.07561154739321374 0.09757740065649384 0.09342800105681826 0.09154802863303213 0.0756141868800968 0.05496356825005577 0.03329385636737697 0.012984640015836713 -0.01698514333712975 -0.039029870096751684 -0.03391364803336916 -0.024058291905264595 0.020452953509845884 0.02984760443430313 0.02916765193866867 0.026715613617023137 0.024761294981124365 0.01999708721346664 0.011795959056629779 0.0036002826698256127 -1.406853040611574E-4 0.0011499059284788005 0.003101226507499754 0.004088103834626863 
-0.04458674428746967 -0.06216238730916865 -0.06374883142506607 -0.06312414313817435 -0.05114318299962564 -0.029691457098040885 -0.010561956606978923 -0.0032007626999867866 -0.0019045370187240618 -0.0023473843126317617 -0.005403457410568621 -0.0053542759136548795 0.02192288807688107 0.025296470250083154 0.015924170284892732 0.012064382268075597 0.011721161528592034 0.008832861928484944 0.004002948306909278 0.0020131063016383447 0.0018538733449755633 6.87942781718275E-4 -4.4159801486998396E-4 6.614648503317846E-4 
-0.04739248172995403 -0.06770031175789255 -0.06400831098579439 -0.05735233372222033 -0.055319450148443236 -0.05049482884009371 -0.03452437044083102 -0.011205895467215607 0.006921201021409917 0.01020428376216384 0.0054162286142031765 -1.425592468581663E-4 0.05892654858872485 0.0837242274568528 0.08940297800121201 0.08824329353438515 0.07219456144984461 0.05495444804331525 0.04052938007519726 0.023577917908005393 0.002546039932075056 -0.00960219097795735 -0.009667680236656198 -0.010496187490113428 
-0.020920636357361744 -0.011727938762191248 0.01418610340198529 0.020721905492923236 0.017089020518727994 0.015532021262191442 0.01306532533451387 0.002045091221146801 -0.006421039014467694 -0.0017202864920438654 0.0056962145836600385 0.0049469677201914 -0.07738112817089811 -0.10543320799115392 -0.098334386486299 -0.09178045636482035 -0.08031082321923187 -0.06134997512227208 -0.04232956436528377 -0.0270061089372164 -0.012705593884320526 -0.0025078524920166545 0.004042026352330779 0.008299210524539453 
-0.11300115233801478 -0.17881250598755327 -0.21374840036034345 -0.2151048762856721 -0.1750855992286139 -0.13251151506000614 -0.10010792482896122 -0.060372040668746255 -0.0223650121354831 -0.01053684607317358 -0.010460443320514894 0.002279648748152549 -0.03908996920278499 -0.05452319184634421 -0.05303470434948221 -0.04943044407149202 -0.0440687355042352 -0.039027647516209664 -0.030445451177787467 -0.016369610073649787 -0.004073794737771412 -0.001730817477336409 -0.004831046489770545 -0.0046523045865796255 
0.22036097552925504 0.30969333377912345 0.3061243727211055 0.2910934972380126 0.2496723611981553 0.19536681137873158 0.14921851368293748 0.10240063671242772 0.05085535121268402 0.015546738081086912 -0.009591200500201923 -0.0314630114847786 0.05610810356385798 0.07258281345157465 0.060739910412358954 0.05000910746585571 0.04728003854736506 0.046889461462029346 0.043100667838368335 0.03618522312913758 0.029494665003724663 0.02445705222868925 0.017870625950111328 0.010135416577109082 
-0.05076338006490744 -0.06484137248951727 -0.05087333259690785 -0.04424679738028897 -0.03940491397545132 -0.023329281349734776 -0.01126461108168042 -0.012274837991906706 -0.009495609878851705 0.006763223907607679 0.027553075625445792 0.03201934411536571 1.2694323195526882 1.1562906094840195 0.66810842196641 0.3014849810283996 -0.18514063435707706 0.06763531640023551 0.001806370698191719 -0.12475897334047543 -0.010246050386858736 -0.10104501041804903 -0.07038134701576908 -0.014117934222649236 
-0.22036383318548936 -0.2864619458659332 -0.2494711617168094 -0.21473445635733546 -0.19259143774994847 -0.17972747997903227 -0.16065833505423155 -0.1305591795046857 -0.10133973515395737 -0.08374147816850225 -0.06692242273965429 -0.04032912969474243 -0.3381479183284764 -0.5182085124819755 -0.37043171205569053 -0.1126278744516425 0.021134893869727694 0.07674333995133344 0.03396124677251905 -0.009634833621511194 0.021631269598885793 0.11414877864016094 0.08917838606839718 0.03736546268577325 
-3.700935706638707 -3.3496066946170835 -1.940275899040616 -0.8666458425731968 0.6014682033166692 -0.14787031858183075 0.04941138744504814 0.43038478746123676 0.0844706822084138 0.3422422933057681 0.22934920884651855 0.04906651052108217 -1.1120682984099184 -1.1612395188939908 -0.8793137611339591 -0.6069773397035302 -0.09074288892909861 -0.23338129746415895 -0.10082220257783493 0.010720104458260946 -0.12376665841366398 0.019872434436288364 0.030057018729291576 -0.008980921633500833 
3.059890893801584 3.506701532288833 2.362120792110031 1.040176643189394 -0.13416887905708802 0.02740731014077924 0.016996774102016055 -0.09002467514961043 -0.061021603627606114 -0.4946391325384762 -0.3780244253159298 -0.15208298274495657 -1.898966708203733 -1.5822299228271792 -0.7990596760269918 -0.4117140720969557 0.23404405543568754 -0.4276180615581526 -0.19983162293656911 0.19313996816394327 0.01268939869404466 -0.07032891764124964 -0.06466368608994326 0.016194117812590333 
1.645314151671311 1.5222954451150716 1.281271973891549 1.1492296719569368 0.20361247346541433 0.5732472159828363 0.2023744420737006 -0.06470240354422718 0.3416452995989646 0.15259474778372956 0.0929330207257088 0.11483903554097528 -2.0329415509551017 -1.012839521431413 -0.35344049976415876 -0.33695179472553355 0.2631626781869527 -0.14588849232931578 -0.011876455258068574 0.28620581953789986 0.015434835192426074 0.048049444154397276 0.029031860964735718 -0.10783939231737788 
2.8034113622707 2.024276752749527 0.5369339298980833 0.012470002668464986 -0.6957957391313837 0.7425679374130918 0.3623550064411496 -0.46243548849378346 -0.26799523993136676 0.222069047516266 0.19527672959058034 -0.12179774564245999 1.6120397532289639 1.1625827145108982 0.5533030334162228 0.452764944468101 -0.19298290545633004 0.0536896787297955 0.26232206668697394 -0.010848201250588755 0.07673178484983167 -0.26634733738364247 -0.17527171762104976 0.005800513382663759 
2.5261287119920404 0.4301242594468082 0.03263903135783419 0.6580628618638684 0.0927935987929589 -0.0677851552300397 -0.08763836295031291 -0.24202726448037626 0.1416529947830159 -0.16026012918479482 -0.14439695150094367 0.3574420689219675 1.0901271224628029 0.36334401096267666 0.4031158923541227 0.6459022832362705 0.3912078866839391 0.0731977233693503 -9.440910775089979E-5 -0.2457560949751264 0.09653763275371807 0.08569482442443005 0.12315933395804647 0.1272607334073598 
-2.216635646045672 0.5650389815902699 1.32652816312822 -0.07253478516837486 0.5001892746481298 0.18685445955783075 -0.624963023446899 0.03118235907023037 -0.19122080576912676 0.4608303180967134 0.26645571366054577 -0.29078603958344396 0.5713595370352899 0.257822311806982 0.1297193614245923 0.3175700101059386 -0.0801572696322251 0.5404618520250885 -0.11436417274485611 -0.22284770837873724 -0.03246115031183691 0.42528347298784136 0.09035551172234163 -0.2130648663206748 
0.8849562884410886 1.1618822978066703 -0.32287281978588744 -0.745974783833455 -1.5680036934761596 0.631510784802416 0.6963166843409776 0.4257569575991451 0.013645184256690368 -0.22387036077978428 -0.31213447318341336 -0.18244901771061217 -0.32545295314447653 0.024040205127196106 0.24950599047778832 -0.08043171550468171 0.20426352220269053 0.4500332580988366 -0.2538231905969123 0.13248995598834545 -0.01593864308253909 0.26410575994657076 -0.07136976302898312 -0.07077484544364336 
1.9099189629403064 0.88493079814865 0.32553177119616716 -0.2382212048006891 0.37507471589985086 -1.2284655886784015 0.3134700010300726 -0.12778447439733243 -0.10660788373269325 -1.0219762556497631 0.0080789552647903 0.7873423966358544 -1.5066047409858339 0.48920867358447734 0.6379956037083675 -0.4497829633720439 -0.07028951913434194 0.40171830438155665 0.031265455246244654 0.21863014855900742 -0.1924808828194007 0.17800903078943797 0.04617043156526063 -0.1727914623031668 
1.4392102669324807 0.1980577357860298 -0.21538074410950436 0.9822012181940707 -0.45743968844097327 -0.7102249054084333 0.2046146966019381 -0.5600137157116312 0.14716246301241642 -0.21117412215126885 0.19890071678388344 0.030702387143248355 -0.039024206212536626 0.5512909724188235 0.18563376666470033 -0.33588985574212465 -0.4394197247310035 0.0022415268568792466 0.34985545164958703 0.048023404253787594 0.0031991530797692382 -0.20520305668277714 -0.022056581507055268 -0.00404036794544127 
2.0260515876661334 -0.42067475815284183 -0.6412046858350742 0.412726103933994 0.1557758295335624 -0.34743260848141455 -0.4729083953161133 -0.13182274995140375 0.31946320331121236 -0.07954489358585826 -0.12757317601888452 0.12101264489912622 0.34175601146748075 0.6293971675381318 0.07348858113737237 0.20503958714565687 -0.31210290773778254 -0.3375514075862342 0.17724149467163045 -0.18664192338307026 -0.025428720449620745 -0.45878149710958693 0.063145385201667 0.29462998741685004 
0.943962594715785 0.16081215870094567 -0.39640589126436776 -0.06377887097442247 -0.14009507610000482 0.18426971413328475 0.039939527565309496 0.283705882614818 -0.20898781850457016 -0.07947687176340534 -0.17813866302041015 0.1628369619940757 0.4356491614820331 0.17289122868411186 0.08495273548932152 0.2212399483993225 -0.2938653410508652 -0.1543482314020299 0.1376278199387518 -0.28025885292551705 0.08263701893019892 -0.19257838970826743 0.013974982223063129 0.09894694446937813 
1.132274764646212 -0.9846379159232033 0.19557860136148175 -0.33034992165341315 1.1527111329427142 -0.6630586756905581 -0.1359168984665045 0.010281496588653738 0.14775341837466227 0.2885196104850658 0.007162489561936103 -0.16261485304010947 0.687917383929852 0.020830578329458522 -0.10441875920527736 -0.13448934455145642 0.12004228865186439 -0.09683837730911193 -0.20011770883596722 0.06481644244494096 -0.005635117676731379 -0.0662708981477274 -0.0043831810033946135 0.03773653413743636 
0.5791511939963421 -0.03863437138112502 -0.8886305941757469 0.6900193857898067 -0.07431131699295346 -0.0893671775977718 -0.37676451163912167 0.2097107197948913 -0.014893701309905305 0.1825287949380714 0.08960793732428374 -0.12432469729526818 0.7329847182577902 -0.2665761909148661 -0.10151556859423623 0.15746766405352317 -0.19660865002133554 -0.14776849656269286 0.16179625015648444 -0.010379480345143077 0.05991938668108382 0.042978740608621245 -0.04586672787809196 -0.06477500226553042 
0.14470513623629877 -0.38344322810018205 -0.08183605676355254 0.43929500920624864 -0.23724291597555647 0.07990096931144952 0.3357967507940039 -0.2892744958762633 0.23932149774407407 -0.011735032493414455 -0.24829693318104762 0.15138387213148907 0.3639241397375444 -0.5125994532881443 -0.06047460450359073 0.14994419299079223 0.10703666615366163 -0.2785798824720288 -0.17773716922813812 0.20687231015571172 0.1023786744788557 0.14895572984903493 0.05492805135467901 -0.06115957850158003 
-0.761206745852629 0.6599433875340335 0.04684814358085809 -0.9210043285648228 1.1447078984231371 0.2560953813203596 -0.6813060475343979 0.46462231988270575 -0.4345300182325275 -0.05828577210002894 0.08719123198535761 0.2001626062048677 -0.1028318219806336 -0.6173976898452302 -0.04774686111191858 0.3773975626770278 -0.434464143119707 -0.3415142154669135 -0.3669066760973152 -0.07864258339390556 -0.05545383625376125 0.04838560342846817 0.26387063679344713 0.341843776369656 
0.7106813153580642 0.2038715644836504 -0.09073695400604853 0.025329356551524906 0.22209152677368404 -5.0307733537341415E-5 0.549565377165548 -0.7377912339223887 0.05043555339940631 -0.03794029554298883 -0.15641331183263785 -0.14137976928543733 0.060962206239295234 -0.4042323305377282 -0.11351321925547879 0.11111337260996253 -0.07585401117430816 -0.18484996025915781 0.2006023137919092 -0.08891345149167684 -0.12968212211678265 -0.11473986280791619 0.07742737629236507 0.2579488334574805 
0.6046585703773601 1.5199013018626495 -0.7409395622187431 -0.23519047591391473 0.9994138909915473 0.9751511073254622 0.6170712034670518 0.6698968389996707 0.24591077962371233 0.05047461617745408 -0.7479457837302625 -1.003474205695773 2.350743792480671 0.3501185394472657 -0.31472519259419135 -0.06399851255593221 0.18148453660217764 0.4088715835857295 0.2840742055615338 -0.17048902664977153 -0.03520737113932539 -0.1274873861359688 -0.13760009521847646 -0.05788441564378399 
-0.7211141405965815 0.3992748063486946 0.6525974539026844 -0.236952034949093 0.06296612126316292 0.27492298708637164 -0.9151988160824487 -0.12517140095971524 0.2881474651663021 0.2781043617915926 -0.06301055420033275 -0.02064422229063209 2.1729187523963938 1.578559620287168 -0.23485578960353082 -0.21773968229482143 0.624464063122702 -0.07591943058642944 0.4021835855397684 -0.18851034715921555 -0.0664830399762331 -0.14571382156290041 -0.38348834552225347 -0.22621138455477677 
-7.097540395317319 -0.48811385174028565 0.6193565174090656 -0.5978680951467172 0.6798169913718648 -1.1080060168467836 -0.8011465675950011 0.6697794833506837 -0.4477638606979992 0.16615405764058677 0.4532901388246344 0.31344807963881705 0.28438337941396546 0.869405027028189 -0.48071767227401513 -0.4074994416638358 0.7635818676733662 0.12486305468272374 -0.22952388770663315 0.25297678226428405 0.10096604473495192 0.04909240768035924 -0.2865861220549059 -0.19053705187562353 
-1.9569754589837771 -3.527799719576386 -0.06631762500936045 0.8598872130523905 -1.4915022127845807 1.2692865461118739 0.05212350607726923 -0.17220151462024846 0.5967219934889614 0.34136144841414606 0.393433763456674 -0.12120675828840194 -2.6810044819112764 -0.13323315464062713 0.02265859005810948 -0.5509264311897307 0.4968821370400836 0.08307657928805308 -0.9996542912453856 0.2149227911062973 0.2215237296384002 0.21455412529735055 0.05431811456588866 0.07937399504753431 
0.3694390913290615 0.8752234837406228 1.0606709940593246 0.4388882250768509 -0.5140975450046794 0.10338016376453979 0.8219817055070924 -0.06551845096291475 -0.2112746187424731 -0.12843115017490037 -0.11640957639404825 -0.3815817820700175 -4.354131948823048 -0.6237057701550409 0.34785102295850273 0.008271203625179968 0.18751889319984083 0.1440947792562172 -0.512274891459087 0.3162011767796583 0.24033970504305543 0.07756827283857669 0.286674226696568 -0.18155389730711355 
3.588409561814057 0.11730560253012179 0.3639644454032265 0.8974490985083152 -0.830723021668816 -0.5799998410834493 1.2721999211026613 -0.40229080712180787 -0.49466834472666155 -0.21826541019271556 0.05888495971134261 0.08874872342118223 -1.7357554080362574 -1.2641493310730423 0.2925949841102727 0.4373819800962912 -0.5296817150022497 0.6989589682977851 0.38929441990179026 0.30077788395110067 0.2854988290304839 0.11639459416591824 0.027486106170037067 -0.1695712632467344 
3.192162940752908 -0.43954920232841665 -0.639337586672736 -0.6414626487502195 -0.21312928378554008 -0.6156471610177736 0.12563989926956376 -0.16377940073751152 -0.6230878067193542 0.2132626684282875 -0.23945813939240396 0.7531320307053655 -0.08469072938123705 0.402731716654064 0.46638865414743974 0.23633163367097612 0.047190950260277566 -0.16481323740880835 0.8021944858510154 -0.04855902334604356 -0.19046827799921806 0.07515140312182222 -0.29933896847323377 0.042142953328516884 
1.8389288404130717 0.9220346166772604 -0.09409828697414824 0.08791670967705212 -0.0529411983874013 -0.4680766963903249 -0.7675888505093373 -1.0254046915862522 -0.05386789961404981 -0.17866924338520263 0.3724997264457407 -0.1798498749358902 1.4059366087646186 0.12708029524443898 0.32403795692940135 0.2359458720520574 -0.242976871162068 -0.20212805227432318 0.4186163640020271 -0.4244449872432183 -0.10649310769532193 -0.15228669520407775 -0.06268296662659252 0.14441675447119115 
1.4982516401732653 -0.7353361732951385 -0.10946360219430717 0.13465951847955404 -1.0445613074262194 0.5418583036444027 -0.5647073662399544 0.3917155613074381 0.1397299926988752 -0.3736834429441235 0.624799945658454 -0.3737113428770319 1.335775600700929 -0.09204136869073694 -0.013188381918151748 0.11069374717505036 -0.13745975072930663 -0.402197465848313 0.019485935494871598 -0.41546732648713913 -0.31094245620435396 -0.04263003355237873 -0.10335823567227387 0.22385678812527668 
0.21755538581002298 -0.11604179771983425 -0.8730864176241919 -0.1984496012627437 0.31392360363772776 -0.5523684165915679 0.36152446185133913 0.593296673585372 -0.5565979213498105 0.5320677311057231 -0.1851951829343088 0.21892014679880753 0.5826305536213704 0.1684947086113023 0.13669858957503167 0.09402551628411053 -0.052478367364729696 0.02770062603847649 -0.3134804860899664 -0.26883618701412887 -0.32402639175344355 -0.1544501626741223 0.22083403531638482 -0.15513430197341535 
-0.004477134048354259 0.3556131109423415 -0.2102783755932589 -0.8303607348054727 0.015817567389815324 0.633091096627787 -0.49737456339538927 0.27327189613809366 0.5611045727615881 -0.014215718160039206 0.3494640223144424 -0.1178233445378134 0.3355463536456889 -0.26821583972183394 -0.27246775542148977 0.18471766994505048 -0.334849622997157 0.47196648844852024 -0.14339256308948412 0.057133032365311164 0.005250007502043574 -0.20152897030842362 0.2223141814370134 -0.019975833952793825 
0.8424015666597704 -0.12892415127538648 -0.4537866689997674 0.2883502874672339 -0.4256955337012296 -0.5967949709974465 0.1391862063382793 -0.15967429795919347 0.7075239856149244 0.10494738224512212 -0.152334417831408 0.15760903181474653 -0.013603475785755492 -0.2668411907640446 -0.33061762686187146 0.16296860897848955 0.10370670910596114 0.25409966517234456 -0.0495867762152471 0.2414434287569728 -0.11104369337780147 0.18160169094869746 -0.037862735021852945 0.07669914962902925 
0.1791894888113248 0.07575252264813948 0.4982897897579499 -0.6628934357205862 0.32979713023473023 -0.8518278844982188 -0.02336054921497216 0.5968019499837873 -0.5080809832896229 0.44446364241144787 -0.058572981204036534 -0.2831282835266199 -0.010209202219832866 -0.4159932750211211 -0.022709631779834354 -0.16582487862247045 -0.05759789728399308 0.5833572021482758 0.042494889892084296 -0.011896861106865941 0.14372568441096603 0.22345820373335426 0.08002295369896152 -0.22665379086793583 
0.16653250173744993 0.8244120687194005 -0.23551761971418195 -0.7710890777406556 -0.1541863051026131 -0.5722079215455986 0.27327778340687187 -0.29279863960839325 0.3111259368091995 -0.2420770220261128 0.1324115238904895 0.07147516740612303 1.4674360991989974 -0.17479323305349345 -0.10802327088846912 -0.05108609332965264 -0.17169007877699646 -0.7231637950300205 -0.07949607296537549 0.07230443338155407 0.13626686567007504 0.09591064063101916 -0.052886705772247876 0.00675373808620099 
0.36408500507230457 1.1269248260083113 -0.25128400489654856 0.19683358366588344 0.05285664494248632 -1.1292740345429644 -0.6919050216059384 0.37552465028329135 0.3281265439315525 -0.5110781272244845 -0.03297780964339092 0.6052049602703058 0.944880136572003 0.10797121456569236 0.11254240002697813 -0.5225904956640667 -0.13077918238974306 -1.0570824522146378 -0.02018852521406962 0.3176845196108477 0.005760850710950042 0.24805863678786153 0.11498018500868852 -0.11209702107900683 
-3.6523544890677115 -0.13013060379499208 0.2450700409928892 0.011745057762956979 0.22784494527588173 1.7114194891149879 0.7119466614298888 -0.2659489482536077 -0.1193803750058885 0.29498634517003086 -0.006471886294987184 -0.3068188043423193 -0.23210622703609415 0.3059156617837984 -0.05565473521039577 -0.24087450440759853 -0.04626683301187273 -0.9981930718989016 0.04972535395370555 0.07875171315378952 0.26360888379431613 -0.17843180324834762 0.06628844513082956 0.14302715783657718 
-0.7460074255021034 0.2291102152082587 -0.07963124067652005 0.5134609835198076 0.531119052214712 1.177605766815401 -0.1821294125842718 -0.3696764545261486 -0.3101103795149291 -0.5682439515502085 -0.3340718311373638 0.24230976558462175 -0.4666117886235884 0.33616037469969307 0.05083233431845091 0.01130286200595195 0.4343082663099514 -0.3502337861305255 -0.07256811702354327 0.08046734555846186 0.08610599445618505 -0.12196620497790069 -0.19166939126597368 0.29630823937099016 
1.4178973981329364 0.35557238876803154 -0.1543797961930089 -0.2067792644448221 -0.25451700970310775 1.2689313934719233 -0.13078608296507807 -0.1564532266650418 -0.16058225285050814 0.32180129988179207 0.08409319924498726 -0.17615870876076647 0.3927830453858334 0.2239529317540132 -0.3832428097089566 -0.17942771339554184 -0.4792376591678286 0.7529431395641182 0.2596676711978669 -0.0805720460485848 -0.008766679032267863 0.052486126218170004 -0.020998588245610007 0.029065772052839722 
-0.7712055726572542 -0.12440779437227967 -0.20405608925895224 0.2721871587519171 -1.0088871764978733 0.14267137167014443 -0.0528342983378251 0.07937475281362283 0.09040949948530719 -0.15858698964666307 0.496747821384543 -0.3490498056334411 0.533556243595017 1.0512114437544138 -0.47278501070491386 0.41366206171090525 0.17779558225835343 0.5549796354827976 -0.053734156079098226 -0.30866576867271683 0.019194564737433844 -0.25962479330863203 -0.0037277307061498455 0.005641222016748104 
-4.818104551647636 -0.6252303942667625 1.457010894410975 0.6706651103335277 2.43556103713566 -0.029942732004738293 -0.1317039092869352 -0.24875841377773905 -0.29334027740920304 -0.06730051443625185 -0.35888594781911054 -0.09833633489180699 0.1937795252813944 0.6544301155971347 0.2636412144838139 0.05162819624552328 -0.1043942834031868 0.31091983389100003 -0.2026210580923147 -0.1579900704548761 -0.23621164955095453 0.1530696100048393 0.2646936914276263 -0.17428759417281955 
0.7713248186031318 -2.434122724537586 0.5330284461362296 -1.166247389002083 -1.3473067179797322 0.16210392310533894 -0.020468031186048563 0.6024734450483504 -0.30131506144788317 0.4051813355347096 -0.10139906548686531 0.18647491259989768 -1.2751989111235982 -0.03850223945389312 0.6158982679035754 0.20385049793289578 0.6161710431941702 0.4794067199300022 -0.1576802706729703 8.039080840202643E-4 -0.16543961674032814 -0.014676687901767608 0.0652432378941618 -0.299710502049639 
0.0652936266585602 -0.4528604929407196 -1.3138457073420415 0.35755342069560814 0.2278756112473821 0.3264556160813259 0.46089395773597774 0.055967638582222645 0.7439149762689508 -0.41929169272341216 -0.41091443160218744 0.07894171464102273 -1.3120592650163527 -0.5028901581152742 0.7977385321493334 -0.06738564969239158 0.8307950181543463 0.4634818538528512 -0.06273572134617694 -0.06892702372341403 -0.026453521785252464 0.0714943468170881 -0.30499298104206407 0.026045256913949117 
0.612692071560442 -0.09508602667362176 -0.6663225920931701 -0.18280849022781043 -1.7535575931362448 -1.4737479621628942 0.12390758016962933 -0.07539999761841881 0.06810072286721469 0.06143866320221991 0.32703234959359606 0.46144267574906106 0.7305113299629203 -0.827010778195008 0.07861018086966705 -0.22791653805164713 -0.3627802324247849 0.23136355499166336 0.06499186301134051 0.28825458906394613 0.0724850751300587 -0.05680200555387238 -0.31069254175507216 -0.10405127540274169 
-0.8026103830772331 -0.286078268852922 -0.3365291829223256 0.38110261002356616 0.14630142025087745 -0.6024623509291753 -0.015684550926243324 0.2969593787258877 -0.3986876042109946 -0.10991221872127133 0.341877287766851 -0.31395598720823603 0.6940525289199497 -0.05126276295879961 -0.39499022524514427 0.5846460178723448 0.04236279917387531 -0.13667068656838013 0.14719223355903696 0.1002836796441305 0.24129678031224844 -0.01712543257661166 0.09873534991083159 0.08395142741806982 
-0.9862571664177323 -0.03648150199646061 -0.19146035868262956 -0.49427236951112064 -0.21817892520712512 -0.0675277583644005 0.022845634111040458 -0.3827861922153205 0.052531003401913356 0.4208976151952563 0.454282700093832 0.6950775897327521 0.5902727983529746 -0.24976304446734407 -0.5460500982941391 0.1338662404471934 -0.8264336473185866 -0.7386162382564541 -0.005511898392823511 -0.06602924547450213 -0.05239227483328468 0.06972631257112845 0.3809789477015502 0.24173344327224852 
-1.2173893411122019 -0.32837446640290135 -0.366306148311879 -1.2406526932797712 -0.6669021202388037 0.033357573887219494 0.06984823008816132 -0.09119030305171805 0.027809495064856138 -0.5476448709900954 -0.7707456565848001 -0.2897300246050323 -0.058153562206700427 -0.406121271720249 -0.7059201221389316 -0.2545464432245394 -0.4884575795210651 -0.21361743962555368 0.2293235790317202 0.06583305452630266 -0.14713319261745178 -0.12238500163871553 0.16690207893703635 0.12059257319758214 
-0.9507368444809976 0.6753512055034001 0.9867161854840236 0.22647044008227812 1.1323451190643556 0.42419079019827044 0.09767688484089754 0.31676257969389043 0.012028997729143356 0.07112605162324662 -0.2595930213352291 -0.2758706353692863 0.0020111937402817657 0.1346249759849667 -0.2662977037700105 -0.5354536714306225 -0.5219839048491612 -0.03341806863447926 0.18002342644968874 -0.10919813663384324 -0.004487609017328115 -0.07242240536135197 -0.019967264481952962 0.24497888005117466 
-0.6459098574254991 0.5763691925578946 1.1921429114111426 0.7843705349004848 0.9364121366783323 -0.20746930633384977 -0.7410709133863325 -0.25031417080762575 0.06296297647774576 0.4321285679808802 0.19810891167027245 -0.19025959424996325 -0.028822053839527628 0.43604161241843337 0.18917987104034428 -0.3699246328449198 -0.21980321219227775 -0.0031148233445724705 0.030108340596168227 -0.03222180377819365 -0.048013017895698 -0.2661854189723585 -0.3675951657807788 -0.18190615681773892 
-1.278030489481929 -0.8927282594317587 -0.17179177723410888 0.09957703069061896 0.5461156608817905 0.15313988764957193 -0.11176507350077897 0.024370151564163056 0.04841708974745289 0.14827811179382439 0.02975720941215465 -0.08959426559830641 0.0643860236209745 0.8267536739624379 0.8223382817524554 0.33887677606054595 0.4882931959982095 0.05964618234502648 -0.11927377537648526 0.02670497741965716 0.00588376957772301 0.09192505521338064 -0.04023355640095342 -0.10670917692953492 
-0.9672763570931533 -0.852459571190622 -0.3545917800738456 -0.06743209004918227 0.28562224542931214 0.17822749519528613 0.08424418747049489 0.1516713223477266 0.15365450274279535 0.21233535584169114 0.1873647253838443 0.1628502609626946 -0.21752653799934452 0.23995444262653787 0.4425759404378531 0.2520492902081292 0.27664328325771126 -0.16635372663602632 -0.35825316728415624 -0.1457981732646966 0.005255976933468916 0.16742696369956245 0.08919626409502757 -0.057817712370505446 
-0.983211665510094 -1.0904954345096551 -0.7069313140308482 -0.3642585756245261 -0.007139523305762618 0.05240384239862306 0.042840660541939635 0.035654900857242766 -0.05096807413655047 -0.09475250794730078 -0.13352025898915476 -0.13229803218701042 -0.45763340612831466 -0.31369870086522633 -0.06691742433087633 0.010383648930399484 0.159138909379295 0.005574997786990554 -0.08280696023110636 -0.012783246074971772 0.016629492773666293 0.07308928130442746 0.04371496135614005 0.0045966708181421345 
-0.14073965541338307 -0.04461054778277074 0.1319848584959531 0.2601404674336698 0.3831098789989751 0.3419598961997037 0.2563857214447769 0.1814379743399242 0.0968876276193407 0.05136298675275544 0.012158853585844454 0.004545426155905072 -0.45215640165892107 -0.4468201689359734 -0.2553535195120345 -0.13386743585554456 0.014863261906954953 -0.006252769061024381 -0.01758297754516409 0.032115305573132934 0.054507056530579606 0.0945529261472346 0.09775237827759091 0.09555919821003163 
-0.3183986219368702 -0.35555666854000534 -0.21432782352637925 -0.09536019484200553 0.019955115959074066 0.05454869378639149 0.05058504020539911 0.04783656379297957 0.026912048988181336 0.00949645242500985 -0.013784738757265574 -0.02423186064933805 -0.43939562071099275 -0.5016400889581805 -0.34486818673588693 -0.2017478386664201 -0.04711218523175772 -5.214179708905031E-4 0.018668991533492146 0.03554820149753754 0.020870174294246032 0.016270940726710315 0.005336928556081412 0.0027518800347800243 
