0.0 0.0 0.0 0.0 0.0 0.0 0.0 0.0 0.0 0.0 0.0 0.0 0.0 0.0 0.0 0.0 0.0 0.0 0.0 0.0 0.0 0.0 0.0 0.0 
0.0 0.0 0.0 0.0 0.0 0.0 0.0 0.0 0.0 0.0 0.0 0.0 -0.1767441418555983 -0.14851812487812555 -0.07653537780340723 -0.0857709135479811 -0.07455903071298493 -0.011189839293783291 0.022023320468655776 -0.00985645700720176 -0.013989223221686295 0.010377901987378979 0.04033657708756078 0.05219619543266258 
0.0 0.0 0.0 0.0 0.0 0.0 0.0 0.0 0.0 0.0 0.0 0.0 0.15495542477779253 0.16855609513915007 0.11354243497236145 0.10390590102661108 0.05032089254565838 -0.016394858694581144 0.008705942389042745 0.008830903562301632 -0.021482021308147848 -0.05610840686506436 -0.11228258124679517 -0.1216918277485629 
0.530232425566795 0.44555437463437664 0.22960613341022168 0.25731274064394327 0.22367709213895481 0.033569517881349875 -0.06606996140596733 0.029569371021605284 0.04196766966505888 -0.031133705962136937 -0.12100973126268233 -0.15658858629798775 0.22711701036627088 0.22112896039887733 0.1609681022896636 0.1575671094400964 0.16543177384827656 0.08576839271689475 -0.028038596540779354 0.022525282046276518 0.04200113197097912 0.025392402053379667 0.05698086260794927 0.06748047863870175 
-0.729982487116775 -0.7284454727346386 -0.4554303716221952 -0.4403740734018049 -0.26280122370645254 0.0323998171430685 0.006917153535855425 -0.04127739619770754 0.043462229091914106 0.18389207357626156 0.3973526093717267 0.44336977639468256 -0.045801182966233846 -0.1998222814774352 -0.22018740179180127 -0.09910439746794393 -0.019677386894690025 -0.029633181688887993 -0.04967007313604754 0.02782226163148101 0.08749713269699622 0.050929084759836374 -0.003731693207269645 -0.03186932456491646 
-0.31635978754042515 -0.29916414482931275 -0.25518912105789315 -0.2525142916193867 -0.3648947096916034 -0.2735050867222185 0.08065721285441035 -0.046937148039975785 -0.1477345104588944 -0.16812324294826977 -0.36961889250971114 -0.42412632411344653 0.4264152804241375 0.49243911005156166 0.33957410145217154 0.17035794048933176 0.11427860197547209 0.11516374848718368 0.010209143816525745 -0.05645365568890861 0.007018073236428547 0.1385590571643015 0.15947491538169709 0.082192589223594 
0.5606996554523116 0.9718261041641503 0.9029598326094612 0.5522267085354968 0.3533180615993492 0.24243684736844817 0.07564663227795379 -0.0452135253636525 -0.16764030802901203 -0.0842924857864427 0.13549966024532334 0.22937684260247876 0.5290768733902858 0.5552312229501764 0.1873830013101474 -0.18911441831050743 -0.37197210163979416 -0.25702277698338455 -0.12841458569090106 -0.11056407130170287 -0.23040865059890347 -0.1942381977297861 -0.0015659216561060656 0.11857813168263853 
-1.394354486990161 -1.8818987439697026 -1.4683112730621213 -0.7500614717927029 -0.4272183564403623 -0.416940242692891 -0.13106213222659374 0.2008984026713036 0.1264647185162363 -0.3127185977736893 -0.46850800284457195 -0.2961698870726679 -0.5723219395896654 -0.6004611491643517 -0.45164167523802545 -0.34525023372706926 -0.23981714321828249 -0.1329773171961549 -0.020147205116680444 0.02389103973046183 -0.09149399778797322 -0.18745479093717157 -0.24952363360348598 -0.24534898295987462 
-1.7782157575627644 -1.602771842014973 -0.4110182995505234 0.3757427716163755 0.8842769045873096 0.8751857260785585 0.4980205831490606 0.16649704235176133 0.5975885664010591 0.8389043441783296 0.4514949295074753 0.023657162826377642 -1.1486051975992764 -1.3549288414535556 -0.6223336102018339 -0.1485882288437507 -0.019868875037946914 0.12102735772706585 0.15263017643031443 0.11422988096316007 0.13514299090985177 0.057239143714151154 -0.09114123885783203 -0.1417976883011271 
2.570063737736109 2.789518275753304 1.7567249707361756 0.8714783780213817 0.08907729846926382 -0.19094757448880895 -0.07008814723110174 -0.22446555108906818 -0.2558669543100103 -0.06735728511914119 0.2209543736696709 0.4147804646542279 -1.475962590660138 -1.7112891504914236 -0.9338913382137345 -0.1695839338607418 0.13379094427603777 0.18360209324508633 0.16241769527948083 0.04209739473640533 0.3565640021632137 0.26950134505021706 -0.010154331300879763 -0.058937268979078174 
2.024306135887006 2.7009041186633134 1.157442541315814 0.18722147015970658 0.15477685925837686 -0.2336415599147904 -0.41273088951073555 -0.17522119137294684 -0.381903444345444 -0.3786905732561702 0.06419218856169795 0.29929473164241216 -0.7316586694746556 -0.4318999722228902 -0.16365055434755837 0.34155218730186804 0.6979407853380817 0.25628443742434376 0.14857380506696563 0.09477957334877196 0.2072953716782807 0.31943616261461166 0.23360394302305432 0.1986683974415703 
1.132272338265368 1.1001307271654248 0.5491323211459136 -0.147049019482143 -0.46384116660400926 -0.41333287943147545 -0.16293948173513817 0.2454653353244417 -0.4534812826001532 -0.5124251742070904 -0.244393638469044 -0.2571768645434506 0.8069659552075327 1.1713416327170307 0.5760741047115919 0.2841017942459498 0.20357588642843652 -0.19080978561659745 -0.0171874756294223 0.0489389444974041 -0.1783788205335379 -0.20728827976049893 0.09200953715028526 0.3241766671173161 
1.1356559505965729 0.5376218489476372 0.6837296882872828 -0.1396500915374661 -0.9330862188902986 0.2175250662768604 0.09872483520018194 -0.3528071209013095 0.07450961551128843 0.10312980087846924 -0.016642893492330224 -0.23636936489949406 0.8693281406018208 1.1752222039949214 0.27666805677822737 -0.23944547417836706 -0.15904762992680938 -0.1256372811399853 -0.16442750984984286 0.050666450993136325 -0.25780701997821387 -0.4480013355313621 -0.10770465131442179 0.12266687149696254 
0.5934909647587272 0.3571345124600498 0.2653590831156656 0.18260877613211868 0.02228117825829201 0.155898469265158 -0.2742535826982936 -0.28248941981709913 0.051062977362237194 0.3135973670950359 -0.014656696754170778 -0.28991748842676723 0.17662738761617428 0.301073499866854 0.5279337961158653 -0.0457901684997258 -0.3214924859468897 -0.19317905015807948 -0.09934528351154585 -0.34935199246027154 -0.2265076789408893 -0.0033681693077879014 0.03934144905601058 -0.2952521782331885 
-0.3142875991651364 -0.4532643859687635 0.46932498999625594 0.740728994887677 0.3888585766076543 -0.14134539084315123 0.13620869052037077 -0.06324316678158537 0.13924548560800248 0.5523021626868531 0.27243767164752675 -0.05233557090681712 0.07066392823659395 0.051542524297555715 0.40181102674688346 0.237246508308636 -0.16697374734582673 0.023255849723557404 -0.11876201376944862 -0.31180875977931416 0.20668471685223888 0.3076850027333779 0.007951180588859774 -0.31737424821809285 
1.3273619502976999 0.6923533450230632 -0.9274667180561691 -0.44986805719553713 -0.16033610651231683 0.34563949960276885 0.11635444113940496 1.1487393356453945 0.1936738191741576 -0.7269068471879186 -0.5069582682070042 0.5365627731597765 0.0763006214049969 0.010495695115000814 0.24744367300679007 0.41805739938942105 0.03281142500476623 -0.053729917750125124 -0.0189760636763245 0.20629918780838433 0.05702658412131007 0.20210881978574458 0.027303434713872102 -0.13568508686389777 
0.5567286731173047 0.21538485977346333 0.07470950863254977 -0.5351511997995462 -0.34085633446751407 0.05288700193738277 0.2597068645896785 -0.1329952192946139 -0.6168499559513885 -0.29967310018018734 0.20565435046750716 0.3025132489615126 0.06222528095912209 -0.11305865184674364 -0.00439057802717165 0.01384570543446558 0.046944279554725105 0.29207002636966545 0.1391526311360036 0.2310812812315964 -0.03213716928181576 0.0458971118356199 -0.04380693694127685 0.21370362707923296 
-0.07091903559748403 -0.00867719575606607 -0.2796641952228516 -0.43362332469253295 0.2887043587815775 0.2199720261252664 -0.27907447870397395 -0.8665109569857378 0.25803094577800245 0.13325853917132235 -0.06317534030577729 -0.060286637769238816 0.05581639813988041 0.12401491159777815 -0.16069695299080466 -0.39307974008418056 -0.06481823366936464 0.312797316908349 0.15015981524642422 0.24469011245159367 0.021593856344014044 -0.3054091086696552 -0.1917799598394104 0.2813016485678683 
0.1981770509050893 0.2364268399610321 0.15859546266111213 0.6910695123327781 0.023505505296531837 -0.9547217332133965 -0.08353474296595054 0.25113813583919165 0.20347843015152733 -0.015471865999627132 0.18196701852074387 -0.39502174668000845 -0.1859302218304816 0.04273509290065647 -0.11267832905103974 -0.1735616552441698 0.04519256684855538 0.14324357321628187 0.06974250483870342 -0.16666210086669098 -0.05927473987050674 0.013711308248628281 0.1427869691844321 0.04101940193768422 
1.3391885669841663 0.3097876201359444 -0.4873188360980363 0.1162608069908424 -0.14806232538624586 -0.08894808354688849 -0.1625042008220532 0.22260232072371083 -0.28127194290934243 0.047219861730766866 0.08022527728460863 0.0414253252769321 -0.2670941023300939 0.1798695729805564 -0.31469280972631236 0.06549878076329733 0.22121197307861842 -0.17273117068141786 -0.1553008471347399 -0.04580598142691261 0.21933765935762403 0.07537752711088523 0.06883697821454968 -0.11521875573260726 
0.40946553731792434 -0.07205282687451131 0.5165718162232613 -0.2894082999087244 -0.2580506929292685 -0.22238366287538539 -0.007805788867392138 -0.17756555554926523 -0.1693742919961958 -0.29778768620579443 -0.2944068658809821 0.1285990616253745 0.03320340481665044 0.2583890039691606 -0.1615563671798134 0.26510152610233706 0.11306759734649607 -0.46086247440105366 0.009255446676357951 0.04041792846463354 0.08581341090671886 -0.01724259592725171 0.03262293694234011 -0.07585736241396589 
0.6247190281863801 -0.39404608127996354 0.48542605717501086 -0.13988076086167367 -0.2341534613413776 0.37199650300051446 0.14896358565096657 -0.5147411670107714 -0.21355567122100805 0.048283867941750325 -0.03149933274856338 0.023559225275891493 0.47281797412171284 0.20831668498392908 -0.2082742660410788 -0.1453591748651132 -0.31672330854919956 -0.01858353532029554 0.04466201995517686 -0.033147210137183636 0.08528423964533265 0.025619378249555996 -0.08994833830551115 -0.10968413245110609 
0.45580160585403107 -0.18682332123849577 0.15689211756402877 0.023835717952024993 -0.2726517187653905 0.19739339671606304 -0.26703497623153427 0.49855609431253217 -0.08781993841279645 0.03572391867663627 0.13996051271030954 -0.1585166094375905 -0.1399420840238763 -0.4693567942032842 0.21132703343989157 0.023714263410192116 -0.2730262366298304 -0.30750617935654295 0.0851520335386035 -0.11277950392801721 0.0727969912297571 -0.1742470983104494 -0.1966013723165255 0.010046676767726914 
-0.10243338964902549 -0.2577771876338506 0.3173438113548164 0.39571632265580736 0.8094081131794139 -0.2430860073817261 -0.1668756670055127 -0.016016873795636988 -0.57790183863704 -0.19639407545911647 0.13288660290549628 0.5140355581617329 0.5869822134522741 -0.5519835125455362 0.07116075504654384 -0.23980142776949978 -0.3624913172113968 0.15504334085629468 -0.030748496929500102 -0.05868592393275266 -0.1498371993815766 0.09030186488584217 0.16642761822456767 0.06807552944518747 
1.192867998307256 1.2678831089122848 -0.033368161186316136 -0.6283496318980413 0.03924722969982686 1.0076761303853639 -0.10534226315496298 -0.08858919037278085 -0.2055921819774511 0.3472925804259872 0.21320428324156454 -0.14677913512072693 1.1401778428544906 0.017338291109391335 0.24107655099299027 0.06183366110132049 0.08538616858950425 0.12842477599716495 -0.26834625853091615 0.06981201631276392 -0.4101670682643684 -0.028027277435143216 0.11161669850480212 0.010667826103585215 
-1.5047608083970547 0.534551241281255 0.3670739314105518 0.9056161973718588 0.6973710160602042 -0.49827488640302 0.16036271990118123 -0.04511075286985694 0.29484204870604913 -0.37840605759045165 -0.5674040726878938 -0.18653610021810269 1.5736695280804067 0.6088228535800587 0.36855061655222876 0.32443303991407596 0.5890508021982445 0.5064057376557979 0.1031598056276694 0.10033413098120332 -0.4091497577119279 -0.12919537470210166 0.07129975102280546 0.18104048422349686 
-2.263568213335426 -0.6350024090242226 -0.5912025954428097 -0.4166152027099622 -0.4727916759742984 -0.060286491764784844 0.37438460590786715 0.30366698491135036 0.7063093227087642 0.2108117420477335 0.15525575499259828 0.15976574144157163 2.4263604765486826 1.9874007170992372 0.6763903888812187 -0.1990522492402044 -0.202324099179881 0.20526569217921042 -0.30833847803192976 -0.05697249753240314 -0.143603944792794 0.08975327728112896 -0.25615282415077956 -0.0058341536834796886 
-3.095223868068904 -1.1328029894057732 -0.5093908211736231 -0.68345001168046 -0.701724840578257 -1.2283219092740454 -0.716218518419936 -0.5131473543813125 0.19359668215563597 0.2594324678363154 -0.052038386038436996 -0.1823583327899071 -0.9849727914987239 -0.060981013410262484 -0.16700568396854631 0.10019514622503094 0.1178246668926647 -0.19329618195492806 0.057730464063767785 -0.010569776716216598 0.1746318374036756 -0.22781821015829387 -0.14073889828622507 -0.07229880862151095 
-5.2909819015028665 -3.860641927041913 -1.6243069515378847 0.7633402203487314 1.3457674555587005 0.7569025652832453 1.257963790101385 0.3163466029801564 0.2758423356761375 -0.2408865141307832 0.7239799123691748 -0.13136555778438566 -3.235931261099005 -1.0427298915993355 -0.6393630440397184 -0.23671633006706425 0.007065325116006808 -0.2325984198291331 0.42671000435428236 0.21707161837166974 0.5296141374304778 0.016005551728174333 0.20303010514175 -0.039740984704393155 
2.963864410182837 2.3303140405208875 1.3846431613637282 0.015053047167419176 -0.5653825503842893 -0.3269808690622509 -0.454618264386881 -0.019741231755610156 -0.013819969988664305 0.5308977009736884 -0.42954945651750687 0.17592597525940878 -3.492860540277841 -1.2922698134561557 -0.45814917911267733 0.06313159232438854 0.3186383323548682 -0.40819925646145716 -0.02018832707936406 -0.07880418325145917 0.1347855574585714 0.0014078463179035088 0.20792178939081865 -0.020870533544593336 
4.414681430835719 0.7616287508104538 0.37986954540766993 -0.05571774193270915 -0.5621587964193027 0.1868382476167172 -1.0365455341715073 -0.59425093151651 -0.7788247635105191 0.02706247029452402 -0.26507902519311677 0.09984654153009313 -2.4304970823722414 -0.8597504876939256 0.0972816833027778 0.42089224673961745 0.7123746028917903 0.11310218155015313 0.09755372680312553 -0.149299429362777 -0.009989515323341525 -0.14344558491170686 0.21245838090898514 0.2749634746097989 
2.5305260865953265 0.4328711120365103 -0.1370315323083684 -0.4633158075129054 -0.70367671165386 0.2813080189435901 0.4916011249546023 0.17856396262139815 0.31657355937325005 0.12123443666995126 -0.18127428542974722 -0.2353527818133665 0.8340229087594668 0.8396866067540175 0.9891159337676138 0.1256074146683148 0.035870529755612855 -0.14504649224835986 -0.5647202018939417 -0.27728008484627026 -0.25293232534775906 0.06807295846752683 -0.14844978323871086 0.16049509742908583 
2.2171785074076134 -0.3326689997179475 -1.1553146546101698 -0.26015209252995863 -0.7222092724818854 0.11345157662986541 0.49219291502126666 0.6650922938799833 0.14061411696520487 0.3942818727562059 -0.037532815901660466 -0.7506166030773946 1.0358010498825152 0.41661960007719995 0.31727154089657245 0.5739882155247914 -0.38709747333197164 0.3484790772206808 -0.6866787415958812 -0.1897499331067091 -0.4082306954408801 0.037808092781558604 -0.07903500863740871 -0.091196844541383 
1.5605471456184894 0.35840309552303573 -0.8151125399301931 -0.25955202153890045 -0.5929689016198365 0.14485194317625458 0.4751731166985571 0.18242741008495406 0.2852575658167509 0.14306912434026692 -0.09797321144710242 0.11967225527589515 1.6393242140592088 0.16965643643709102 -0.4567957292015374 -0.23937393324353728 -0.6203585442561678 0.08555090383256685 0.401095476248688 0.23564443963374812 0.3140123519536216 0.3729670845416086 -0.20348429897743206 -0.3332845826550468 
1.792267751676592 -0.4509960411644087 -0.23290457347113502 -1.8795642814940856 0.5437797185596005 -0.7903709461616574 1.0317046947441586 -0.02693285592816058 0.4615253195903708 -0.09727915188530961 -0.06962453627221304 0.1959245566096113 2.0250722846885645 -0.13223325363739166 -0.87657086554653 -0.5513855221831768 -0.3806169815626581 -0.08941218985534298 0.3672136569142925 0.26545212374863225 0.4821193422662351 0.14549489366769244 -0.13533611539913823 -0.3314736334214054 
-2.174991177716789 -0.016934676551532135 0.7721506147267263 1.06451208669977 0.5244044255939004 0.47656656884165094 -0.9814411936529077 -0.1823567813757743 -0.7859190978001978 -0.7518863046341169 0.4452244716878252 0.29123038630827097 1.2799089180670222 -0.18500115412102622 -0.6003382808664953 -0.293116359010352 -0.0803060698274709 -0.23197369644513174 0.47685848223185584 0.011191449353484354 0.27177674891847264 0.05828979641135217 -0.07521396642355598 0.08151459689576059 
-1.9902691849904404 0.2516996472315114 0.6807663647009603 0.7319724199002366 -0.13904499140077942 0.2158308333631962 0.11885909945412176 0.051128018364450745 -0.7701555780250262 0.4052749062403205 0.09687668872829044 0.15802523167063365 0.4061433570126942 -0.13443238821566408 -0.23149123304149555 -0.7058125926168092 0.23834607671874752 -0.033656356761983454 0.33946050955664003 -0.08593398141384072 -0.04079842501574885 -0.04011409183374082 0.1901034224700484 0.11194049634666885 
-0.38791114024906115 0.5620587136881543 0.5290668335832454 -0.6859712952050057 -0.010638337157233835 0.33767214274922297 -0.49897953235199205 0.10982262487819533 0.0857677678690314 -0.28307729395660464 0.044418075323313766 -0.10592187294189781 -0.7470233894044175 0.23629879870565298 0.13467634541191695 0.18773025294707554 -0.01557450520912207 0.03276139854529342 -0.1626259083204425 0.020967687577607086 -0.4097549216785999 -0.0639877491330388 0.02346910068572076 0.07012985086550429 
-0.31970233809535475 -0.33719557163725966 0.5831110162250921 1.1131151873087295 0.09626286977892506 -0.6199546628294931 -0.22790766457621936 0.08477938518637676 0.1480771618030028 -0.21134138172284328 -0.4395316055001025 0.05867919719468917 -0.9577801013785451 0.0887417775505653 0.018221819559454715 0.18191879830358318 -0.12824419427063927 0.34787783882685824 -0.09681257658861353 0.14511874864056834 -0.3792803893682502 0.09168552709292334 -0.009416261009315335 -0.030323275395179428 
-0.7692044329510797 -0.4313834632341056 0.4169492527289096 0.3107499441542969 0.4534740106314144 0.7961751213021153 -0.3201800866764097 -0.26208552751955855 -0.015770702678412518 -0.2516149132534186 0.6430213167448594 0.13051385094973034 0.2918711303379029 0.31762836292212765 0.5509896383764237 0.00227467460106053 -0.43461673059544176 -0.23351948335047992 -0.7500459313177673 -0.13325531427507525 -0.15576567288671953 -0.32305465658038285 -0.25394288997531184 -0.17774417054469607 
1.073717765496204 0.48219540304094544 0.682159696449764 -0.3121445946901642 0.013631417516814293 -1.0570541723938247 0.31989710638217117 -0.1982741513583774 0.41845482535344647 0.11448713460995744 -0.17417614895453637 0.13077719591035786 0.4521039625473522 -0.29560271366981433 0.3821299692270405 0.3785222498124976 -0.007611873971668505 -0.11217086487715422 -0.13639774261941714 0.11054155984332975 -0.023066991577803092 -0.207333961626754 -0.043272646753119294 0.06294664681700136 
-1.9602345830585493 -0.8005218624173311 -1.1734264216583616 0.019834571991259597 1.3345275807601469 1.2567803475828285 1.4772558761221146 0.6511153359757982 0.4178759547539681 0.5231724176181436 0.6735690169764662 0.3912616393343561 0.3776572308319394 -0.2303757784401926 0.21905796992059892 0.011579052664984824 0.12732073749445566 0.22012344646093795 0.24977826499128133 0.04969904653049334 0.06735751451879958 0.0244312054728467 0.31127217054786754 0.04085398309083573 
-1.0804991506836767 0.7341817689637962 0.23190894573760623 0.12300612395275534 -0.32142829337043566 -0.513744681338387 -0.7174324181172301 -0.7034457260912909 4.5480782022175315E-4 0.02326683772163761 -0.324987515356548 -0.2605346374486278 0.5704562857728822 0.49327822055853005 0.4456891663487162 -0.09119330744854397 0.2327510002955334 -0.04164496689721087 0.22341804581236666 -0.20864340600649753 -0.0031718047078901357 0.036939999538008035 0.036096665416390526 0.229376735397969 
-0.8250676673569575 0.13375068912504684 -0.015099281676808296 0.05843742683788267 0.2390416535916724 -0.1358499636084174 -0.5508501194005531 -0.1585968797445818 -0.008843237468198928 -0.2792983812277988 -0.2153895116977373 0.20360781835671599 0.10339534276819684 0.7929609554320192 0.2859815039246527 0.152416680357582 0.4761328358414621 0.24959036148226213 0.16819452956349124 -0.0912499335260315 -0.0022181197838577194 0.10387476882421319 0.13728734418810892 0.14317112665618745 
-1.2052345496732384 -1.4647755344058337 -1.2340713725871613 -0.05786609976784385 -0.1368786197855486 -0.23580411610656915 0.6636959667064051 0.8325121745213051 0.6413298355882004 0.40490253541890453 0.16201311913339383 -0.46352609979472914 -0.04237837237142691 0.45325830155164915 0.12144262144407758 -0.04505120357875484 -0.1611136112215097 -0.33303459774853783 -0.3754265307939894 -0.24923544295463473 0.07665609913868815 0.09157400229626335 0.0321886778565779 0.07518635502733632 
-2.208052911868359 -2.0799260770285737 -1.298380774269936 -0.3469793572211868 -0.186145763556683 0.3690389805201332 0.28210809501982337 0.15688618624759476 0.10409280022155193 0.020730262296870583 0.018206667167168483 0.06324399053884441 -0.21854252740954708 -0.16808578957691514 -0.2500387167974254 -0.04351541130247081 0.03719001426208115 -0.0399057430180871 0.056736221650730036 0.22163517206033886 0.2224686862214977 0.006877917596939509 -0.05711104966241431 -0.07181110278523324 
-0.2618714113136953 0.481245247385659 0.5092218277019374 0.4608681267185546 0.3745062488682711 0.23291463984295113 -0.0076319329454502816 -0.11348093022347494 -0.2859815084407181 -0.40146949092948714 -0.5383516383587347 -0.415911788621701 -0.5770238979030787 -0.7873646520152041 -0.7263090099284063 -0.2630093315208989 -0.25270207970457154 -0.1209907377298719 0.24050739379367772 0.27727904867062564 0.18263210437927604 0.05172280914216212 -0.005283673148139194 -0.16582036811109935 
-0.6411216543080878 -0.3350023330399541 -0.1366297314290814 -0.07038345249790412 -0.1282208235214809 -0.25049211252891623 -0.38539483452681544 -0.35050584355320835 -0.21259362411823268 0.10325387915557847 0.3061260160355699 0.39523397112590164 -0.4527694555265878 -0.2939432074038913 -0.17137316121820945 0.022647384359220497 0.02054323992650235 0.18844543106753595 0.13578601229878692 0.06140392376682191 0.005177905526079903 -0.03546484037029568 -0.0214800716949075 0.03516806024863575 
-0.2576284847441377 0.024856549645468462 0.36398013577763044 0.5928639424332115 0.5922651493105651 0.43693364360757125 0.2759252500986913 0.25437104340982963 0.2517767346202646 0.20847229956306426 0.03390446414361073 -0.1320599857549597 0.09922783780455176 0.4881303883905672 0.5275037462387039 0.4724525748320598 0.3103714621650773 0.07766503355980005 -0.14154281557600426 -0.1968315639001388 -0.16225581001992417 -0.05476770485834645 0.006474032305302635 0.07886293482864755 
-0.8518660085733742 -0.9699021059468045 -0.7116404446531542 -0.4809194181561767 -0.356654933557337 -0.2983068145647847 -0.2670285333986082 -0.21125157186952326 -0.18032003788717915 -0.17784611183851806 -0.2034811689992817 -0.18418609164043348 -0.4822112464987692 -0.40394155931079695 -0.170108116579585 0.0213295450753548 0.10029735996704119 0.09033338838340954 0.04764919097882018 0.05474833107939662 0.062236444286755455 0.07946040011637284 0.04389861965592982 0.015133147471841801 
-0.45418274759470734 -0.6656960313326175 -0.7857840544021379 -0.7512216149484887 -0.4423910826090329 0.023826890181485205 0.35781336321845886 0.407386625635099 0.18464912850352763 -0.09661638085739951 -0.3029701427572168 -0.3627905617244761 -0.34332334352190896 -0.33867949730289776 -0.19241332708717293 -0.04878105567011378 0.04691197051665924 0.0943531019590307 0.09807099352305602 0.08866715985329364 0.03718235323670941 -0.03917601399620423 -0.1370697490382428 -0.1936111165004655 
