0.0 0.0 0.0 0.0 0.0 0.0 0.0 0.0 0.0 0.0 0.0 0.0 0.0 0.0 0.0 0.0 0.0 0.0 0.0 0.0 0.0 0.0 0.0 0.0 
0.0 0.0 0.0 0.0 0.0 0.0 0.0 0.0 0.0 0.0 0.0 0.0 0.08632259044503983 0.07472746570657877 -0.020677003667003053 -0.07064140803563394 -0.04668055120261174 -0.0015625108614952994 0.03049202576950083 0.03732435062892157 0.019586687093659738 -0.011808959209842615 -0.03951505241852027 -0.05161770569449159 
0.0 0.0 0.0 0.0 0.0 0.0 0.0 0.0 0.0 0.0 0.0 0.0 -0.06070618656389307 -0.03580588362068889 0.06630762757089444 0.1093607390434958 0.049792360187420566 -0.03789328596311176 -0.08211019923395309 -0.07682939893209766 -0.034672529148848295 0.018701305636197735 0.05109232753384216 0.05407994780562162 
-0.2589677713351195 -0.2241823971197363 0.06203101100100916 0.21192422410690182 0.14004165360783521 0.004687532584485898 -0.09147607730850249 -0.11197305188676471 -0.058760061280979214 0.03542687762952784 0.1185451572555608 0.15485311708347477 -0.05891754978427496 -0.05789434282994277 0.0064441294393625115 0.062270112116911636 0.0812466852598502 0.08217864899180514 0.05225714342448846 0.02068297722400116 3.96358807693481E-4 -0.014324779886459868 -0.011840465979521314 0.01703206078765548 
0.311602445359239 0.21950884942193483 -0.2299383882131879 -0.4340443291839383 -0.2193979073661793 0.11133609159709235 0.2920686363561105 0.28647472273967534 0.1333976180870345 -0.07381735572335713 -0.21254956122930688 -0.23966640195860225 -0.08655446825900166 -0.10175640640681627 -0.07735392285910063 -0.07115028716971737 -0.05604009479811037 -0.023101546528439366 0.010368405646935122 0.03388128792789682 0.03470752463139543 0.03183518625937683 0.048501553765561665 0.059390530141685584 
0.020951426673205376 0.06392860377886089 0.09563680578850642 0.03021182824123425 -0.13404110209646092 -0.3022039927739616 -0.30280574845152064 -0.20528629304184115 -0.06788788546659769 0.07988301752105817 0.14179617855321738 0.06873701861633469 -0.09021703446034597 -0.10635678232529149 -0.08191967394478078 -0.07083509081445104 -0.031014239836297492 0.01879422008151359 0.04383980946739085 0.025432826396782626 -0.0023823382281084327 0.0013346271275619197 0.012127900248536855 0.00484671950598901 
0.11970380577284256 0.1612137187711502 0.21525887118355325 0.3043070594419859 0.30516166224647917 0.22275040226454185 0.0745596186307037 -0.054987243206152225 -0.09955866180137707 -0.11773362872389564 -0.15713017194551326 -0.13511354119148672 0.1471495903604382 0.1476278595833885 0.023291810784080602 -0.0569268826394533 -0.07697405063015957 -0.09748442219111147 -0.12301678993290079 -0.13218632295077878 -0.10154917105645306 -0.04533786713665802 -0.014017332228142443 -0.026453855446744657 
0.10763265183911663 0.12403551518153044 0.08519140313698093 0.055253802237292815 -0.029195411689601547 -0.10740228299377963 -0.11424099684797162 -0.017540548104198805 0.06486509334755186 0.05338113274711134 0.05445176186805343 0.08803652818194996 0.06180068822255894 0.10612414205913663 0.15618419104637576 0.18237089955755081 0.135951086518692 0.06540691589200047 0.036985378393474065 0.056939110798303515 0.09267778827839962 0.08447063131948374 0.03238260991251257 -0.028584219516802605 
-0.1731869383050313 -0.25342818502956543 -0.29459111923966697 -0.2757846682636077 -0.040898600679130315 0.3063885032803358 0.5668366303530383 0.5891608191231905 0.37166864184931886 0.07544718807359035 -0.12682535620229757 -0.16995459040117591 -0.03775961346034581 -0.040615257258733196 0.021330914386306115 0.08997742169358647 0.08108814982062612 0.0302699170939766 -0.0074913048842948915 -0.039460972506486336 -0.07843060667529218 -0.11111113377690875 -0.12877403408454183 -0.10790829155305111 
-0.018005265955534533 -0.047122870498191194 -0.11799077213901077 -0.2268550065786214 -0.3688642301897322 -0.5402437909578599 -0.6599003894931101 -0.6981776566014231 -0.5815349021271445 -0.270119284836136 0.02949594094407182 0.17191020177158708 0.02854395087915747 -0.008543198508840444 -0.1052653467375177 -0.15469258997609706 -0.10061054646341548 9.321246104772493E-4 0.060328618001940115 0.08497543562376075 0.05916910580485118 -0.016583714746457635 -0.06807202422807743 -0.06196700479774042 
0.29580160505120556 0.3686386833872106 0.25285721566263075 0.17542919876918361 0.23173162203466613 0.3483614049646522 0.36986322960615764 0.4037142285619189 0.4589331559618477 0.37734998139845427 0.24166984077010306 0.14667449667284804 -0.029278798582516696 -0.03455254796850086 -0.050788721560136474 -0.0687243412522877 -0.019917856713460552 0.06497382557478121 0.12517762311826922 0.11213284565982219 0.056529237030003066 0.036223891258431305 0.06775359002481467 0.09199532177264158 
-0.2124934724764742 -0.16136832350033625 0.12726327589838515 0.2937246386491884 0.13632111634374666 -0.13118510766736957 -0.19674015048035165 -0.1797435596948453 -0.15627448112326608 -0.04781911967594771 0.07442023606608543 0.11562299903815923 -0.02505515976907195 -0.043527251715890225 -0.07950551127799226 -0.1355469566690691 -0.17797638712351097 -0.20588040281647726 -0.20763034653932888 -0.1783048467512077 -0.1378951761261492 -0.07216630222704298 0.011650847630656833 0.07384887743136172 
0.011893560702988637 -0.09264781462299032 -0.2648519785779555 -0.3299014671206495 -0.23373770380548808 -0.093062315089253 -0.040276358508148535 -0.006454766309564958 -0.010549279742629564 -0.1443745682817977 -0.35254827383774834 -0.41779695435238673 0.12348293421523875 0.15057973913213893 0.09556160799028501 0.04494609243252007 2.930044831802407E-4 -0.016263896916765996 0.028741864399972544 0.11796989277616532 0.18874448695507998 0.17644427677203264 0.11538751430837822 0.08244632127396555 
0.19911423552578977 0.31410213365457995 0.3793803588152591 0.4324511963735025 0.39779959410087784 0.29810927751852445 0.1680604441820296 0.04182138108794198 0.06689184410354175 0.20724189668511894 0.291652455356027 0.23259929499011933 -0.05824686172802155 -0.07622858874895799 -0.03975954620084147 0.012604647714889857 0.0068015208395288225 -0.003959927045055277 0.0290455741876298 0.02905719095446868 0.01940364557122376 0.02842458117501943 0.023552532943658385 0.023578058028196125 
-0.28045105159564265 -0.32083576258666424 -0.15988614976666127 -0.02877235739053363 0.10011336970655982 0.18250590312200315 0.10123733907504939 -0.060977920157970655 -0.21888346751679613 -0.27951335709817693 -0.21310881180000238 -0.15915261512502865 0.08221307838879281 0.09787450268881577 0.10141627542854485 0.13445695894007847 0.14470259715487574 0.10101118425782911 0.005105028168542525 -0.04073193927055995 -0.016798658212346156 -0.01472138768776995 -0.08216497173558218 -0.1572421574235117 
0.10841941885690609 0.18141141672837469 0.19405900009526245 0.1053461406394609 -0.051008982930863755 -0.2570894356378318 -0.35463372183484 -0.23965355563404847 -0.11031832394985408 -0.06552346879281637 -0.06595709378376272 -0.08443334466010818 0.07359837832425642 0.12129106509726757 0.12963725144805724 0.11881927978988721 0.12403942862084288 0.11876779594087228 0.06742182533023257 0.009520700447136357 0.010561728614548183 0.06046720573612513 0.09987017056979904 0.07739983258112673 
-0.18939826612894795 -0.319925964226335 -0.4764401255035917 -0.5697198160738641 -0.4434412067542445 -0.11849651128456218 0.20575563999465868 0.2564785198631101 0.12845177892110682 0.0361722775204798 0.07275141593889306 0.2124458377432621 -0.0736651796835474 -0.09658308062365602 -0.05126278879374809 0.003485017610004424 0.04465363171766015 0.04908226104427643 -0.02378773609681234 -0.10270771382372097 -0.14046520961865283 -0.13725757161023283 -0.08752835021754768 -0.04451096441672355 
-0.06720729218032684 -0.050225960817387394 0.14874559233955265 0.3464670863455061 0.29745859646875134 0.09230709689919026 -0.08646418226847274 -0.14546894026400747 -0.13846096495905427 -0.1320025378325848 -0.1508881702228178 -0.18539942918740623 -0.06853169337397065 -0.07120517960668508 -0.076317035714021 -0.1424235128263803 -0.16840681702348462 -0.14105518887447013 -0.05752988020694746 0.0221625868072861 0.00978841515123019 -0.03734578787801738 -0.03890147647595101 -0.00397088682652776 
0.028357842973615988 0.08473216805718486 0.0165589204924379 -0.1597878830735695 -0.20808131514622819 -0.13943914627933718 0.03851577758230279 0.2000529136281718 0.21658348184376242 0.1654988922524058 0.09194177707216819 0.02486332038879102 -0.059508448432885164 -0.06818514853795399 -0.032414282998592836 0.013688494761831538 0.03813619136196589 0.041616076938328576 0.05427135198447517 0.04207933311462339 0.00544382293879125 -0.0014372573994060566 0.026747591686085495 0.051410810240903985 
0.2051364444275361 0.19269788940667 0.17651058423931065 0.32765071261845446 0.336531522335582 0.17654744848296605 -0.09842415000781968 -0.2779285129384376 -0.18374942086487245 -0.01814941252472724 0.04115215507745276 0.02127057449671063 -0.248104324100867 -0.28086705090458913 -0.10867914911928023 0.018798081219803087 0.002235392862134311 -0.07344971795990808 -0.09990724001780464 -0.06396540019046952 -0.018727319189397667 0.0012513417222663192 -0.02424895061030732 -0.03454255666620786 
-0.14704478913422392 -0.23683244372450174 -0.3930797724576922 -0.6013771134958329 -0.5773862437735575 -0.2854649178914358 0.04892156791090663 0.196470306856455 0.13476453805764216 -0.016442512935230816 -0.10351152176949871 -0.04512159482150829 0.1326539589959106 0.16670200154511858 0.07964544080332249 -0.004317957039358962 -0.02327284448627882 -0.025660363888734116 -0.04449199096434153 -0.039827737743834725 0.0077228584780724046 0.022115532739199695 -0.019890742555812996 -0.06050125650033228 
0.7648069961761941 0.9531574977872233 0.6796023861724584 0.5108674578972285 0.47540488219601307 0.3856691365849638 0.20805464262063922 0.0482185636932595 -0.041369535497801146 -0.044785860405565446 0.0195853310289376 -0.046779301583633 0.23144249373168377 0.2433891365061768 0.09502274386783272 -0.011701438228825856 -0.05254658448118634 -0.008106009947843495 0.032996864262093036 0.011265425954613384 -0.011817903024074067 -0.0018183297152433268 0.02292806948520106 0.02305239586474762 
-0.6494393098884448 -0.7956036407684475 -0.47392330288410345 -0.23844238459487965 -0.20769946161760727 -0.16701889866413372 0.01875235416109794 0.1564625885438274 0.12222496372600955 0.11247051797522582 0.16239741676386474 0.24039202792995967 -0.013484386729363104 -0.037990830630370565 -0.08943909387799996 -0.1444862544113563 -0.11982973627475753 -0.01470138739382885 0.08384464144745872 0.10803544308154907 0.054188008799968566 -0.01496361159878531 -0.03214743436062225 -0.014637428771219554 
-0.23799377639040475 -0.2580839215898876 -0.06813588215098187 0.1812876628544554 0.30932788470116585 0.1416424687128455 -0.18233013591919445 -0.29172093164596397 -0.14202592462683394 -0.07715093883422558 -0.16058652264483214 -0.1906434244732662 0.3176479390390436 0.40185024845760314 0.3140715398730128 0.2754395253597974 0.26669857904304034 0.21021978980082454 0.1435777744507735 0.08849539716978481 0.027113189487178526 -0.008310047517751886 0.002755251726723885 0.010330352634221723 
0.3948087573371648 0.48276075785516537 0.2491066433380278 -0.00312845274037743 -0.13485853620186128 -0.11934742177389007 -0.007419967161552687 0.04233372528141954 0.022528706222252864 0.04463086107545518 0.08301670814925291 0.07072275293696698 -0.04877810413835393 -0.053656787474068546 0.03351203240324855 0.1439917497479193 0.18397760865542537 0.1305563862318487 0.09549901021554826 0.1029663791425377 0.11317775844706095 0.1256160255332627 0.1217473271177989 0.13139963547004763 
-0.7102608545537414 -0.8915754468973924 -0.6241272065576455 -0.4331080841094147 -0.3611113176409809 -0.2688259712626315 -0.209592520070356 -0.16020319618489098 -0.07286097520745838 0.014064110597575535 0.05100993015607186 0.007064278010198183 0.10214484534173336 0.06650620420559332 0.03673861395952497 0.07156405369830086 0.06050833864736823 -0.05145982478614533 -0.2205430454966292 -0.28349604272940576 -0.2247738552243792 -0.17617659465793303 -0.1637488871667602 -0.1631816789316597 
-0.26697145839171466 -0.3178875156924894 -0.2964637378905173 -0.36321976035670256 -0.42441268641281005 -0.35345383737194136 -0.25411348440996606 -0.21819541661432218 -0.25189078632486106 -0.30998508334046276 -0.30864279098998393 -0.2526607297219154 0.1791300008155443 0.21050209263642516 -0.06288509131733204 -0.34840911707887484 -0.45210912005844595 -0.45769139573656736 -0.37910545129084433 -0.3036094573845988 -0.2162301165921459 -0.10356667945922304 -0.0184935623105959 -0.002937137247903366 
-0.21353820455116512 -0.057278397432840134 0.09443346658471574 0.1466411555677154 0.27257994386453555 0.4130751508703071 0.6026457591948999 0.6890317674901243 0.6695053873198606 0.6286868173475325 0.5264898884250668 0.46059335365115406 -0.7769288915690483 -1.0029537339370929 -0.6431172180928949 -0.48304687741942365 -0.3620354406543451 -0.31864646051925805 -0.1043034478228793 0.03571304284458915 0.11545280676752613 0.06303881412666096 -0.02100194261780725 -0.09251476215993366 
-0.3909425701107563 -0.5658940447863863 0.07848158071884326 0.752224278657682 0.9046231932207183 0.9127762043693427 0.7237772470783523 0.5285446155977083 0.300035874735031 0.048019546078145764 -0.09924258405345687 -0.14723037313980086 -0.9625949574849422 -1.0662116027812514 -0.5456781394974998 -0.2018779771305087 -0.06992653359144445 0.12116938304801332 0.2719454151693684 0.1841813554440022 0.034568308980757724 0.018192351968507752 0.05656430524510377 0.04012551942146112 
1.6825113760129244 2.241289019460835 1.117751788416359 0.4583105286416638 0.06047706450529011 0.05399838942450058 -0.3856275423458773 -0.6407123408246737 -0.6951827260399828 -0.3540546464917116 0.009315654541230081 0.2318933861989419 -0.6397008675891934 -0.6420601814917556 -0.27874512586192385 0.16427901572498602 0.2650522449048351 0.48304532292438873 0.4548874281730611 0.4196382764355757 0.3252718572013565 0.2335301072956872 0.15994110732352632 0.16599189087771268 
1.672788623781067 1.7314635842044268 0.8289115196861605 0.08657948449784936 -0.108581645958854 -0.5374236057930781 -0.5758130791476825 -0.10586742878892974 0.32674834341278747 0.12680859267363606 -0.21974858978337686 -0.2586873042601927 -0.5160521812346479 -0.3465833320132769 -0.07085461062095193 0.3473511674599419 0.41071720704217807 0.5603747124021172 0.26695312985720276 0.12423495472765077 0.024416768066474175 0.02567208423423804 -0.11179172283265487 -0.08060333033783747 
0.6736988012705034 0.72022333254702 0.5554538746868287 -0.01337349452732628 -0.01597437126018364 -0.3109609128216485 -0.11222136221126588 -0.2526770396232838 -0.31966641862308715 -0.11129802783727422 0.10691956931944782 0.01834614657821193 0.6919056844551422 0.8527937101175009 0.4786970386590556 -0.14934595921548813 0.00469629875975186 0.01744115750762641 -0.13990851269807045 -0.1588981180370728 -0.1449504793466083 -0.1492114008284071 0.00818165948445288 0.11363118645356292 
1.6616202609643982 1.2343887947103518 0.5721943694464642 -0.053987212137648566 -0.28930271002307917 -0.5858682817139345 -0.21378523256056164 -0.038177899185938946 0.03902741682716068 -0.15037501595178704 0.18733062705539888 0.20135323768407654 0.9232163762621348 1.07605351011584 0.38234595985194436 0.030084523488087173 -0.1870920703366624 -0.3595954824080731 -0.3678106442845373 -0.09127717584976547 0.1128745597194289 0.08200381406683993 0.0498108380221746 -0.07403261532081275 
-0.38762149594416817 -0.06855471614463049 -0.18998075244095958 0.9766317546058771 0.13674870025814712 0.025897254862049524 -0.14691592754522642 -0.1978627515149507 -0.11647082470734454 0.23217136030622118 -0.21876893233151642 -0.3390204441338815 0.4461526333208547 0.6244099986679587 0.1377162325376998 0.17841169237397794 -0.14861897976386632 -0.29308452799265755 -0.13713877283838974 0.05133804644167308 -0.0734785036045421 -0.14676387190902926 -2.5780833182637947E-4 -0.04484492036893262 
-0.5662003563980016 -1.1023079217972676 0.05459095369422151 -0.4986767105330139 0.37633302929196777 0.3729337575892921 0.5449661363729097 0.1405569547062001 -0.11347313270337056 -0.29093754359863144 -0.20633685302441857 0.14209383705829226 0.3816127760529853 0.29178392843334916 0.09996635324844731 0.12695978721673473 -0.1214059567060446 -0.14459590025285335 0.0444044593884094 -0.01848989398966357 -0.06334022255743442 0.05589143004718807 -0.028521996088647122 -0.056713026444363955 
0.44915120998913927 0.015341694796953576 0.4011068849498507 -0.3262638224515775 0.09706469837389187 0.08889165150471079 -0.08018072816283228 -0.49605860589437256 -0.02298063304419526 0.39927485171323573 0.3045267343548357 0.18251060799790192 -0.3658252780032231 -0.6237386121490637 0.1801018987954346 0.07824331836135519 0.20480890490640866 0.15840149172020376 0.18017172357293698 -0.17275880770989063 -0.11249102264998208 0.09646601787227498 -0.06832505598695643 -0.028209356368089928 
0.09839557983878855 0.31708880393951233 -0.02324850899428288 0.21658121474087455 0.09475716103718224 -0.18357777927670504 -0.3803662104169869 0.1663897099727627 0.18230298866788927 -0.4016010517968585 0.011248781978164167 0.11072679095127669 -0.1336684400426684 -0.5166111704113364 -0.05285628950936975 -0.41026076069407796 0.1920518756033723 0.21192469613457407 0.3257203203785415 -0.0016905143763873791 -0.06641548365606385 -0.07924557008454353 -0.037161304474998026 0.07044339745110485 
0.37755636994710606 1.0929627574341705 -0.6913667174830112 0.38427283688486735 -0.33689008033368606 -0.17105145186556314 -0.22476492486908906 0.30749729398144 0.07311418255697179 -0.0018949392114901847 -0.12258658187193851 -0.23870885197610392 -0.0700513495397966 0.19278137184523203 -0.062335319144122124 0.006267456033164587 0.040100029325495834 0.019436282947208634 -0.181136312462732 -0.0063876952485427685 0.10940934817866062 0.03653710697673009 0.08319875775654274 0.025787235683706482 
-0.12939761624897983 -0.09128494188186664 0.7593966234387617 0.37683724188099754 0.017154791835639838 -0.13286877912929307 -0.3599027264095864 -0.25614945210254403 0.037725910464237455 0.1473840621173621 0.11870371851396261 0.14137337469198064 -0.09919955795699871 0.16549406950858922 -0.16647739739211062 0.1745120393541395 0.09901898541988415 -0.10418227046606064 -0.12546994357007782 0.09655832133505353 0.05649491555384744 -0.12071968787514686 0.04432290713621165 0.06919394464983061 
0.7732018566524133 -0.358815547828053 0.19679027616569478 -0.42519420412113273 0.015565794998175564 0.005228302589378897 0.45299646722166353 -0.2656259391110909 -0.2789201384783512 0.015170973825935172 0.0012029928173082072 0.0898256090764305 -0.6716432597851659 0.33078238568502477 -0.18683044972194227 0.22464759067517584 -0.087703208118714 0.10582571600867903 0.029650099301436843 0.027855485817775045 0.04570902127816919 -0.004323024849580299 0.016296182698083948 -0.13355253804093628 
0.1981715103571311 0.5464957480448565 0.03210518635769599 0.09777861718145608 -0.378527732888401 0.04082915489400585 -0.34283707575212974 0.16327636251386757 0.18883540252400843 -0.04797494469013058 -0.1836147267750941 -0.26112227352448236 -0.8049264252027092 -0.10486665551530609 0.21536620515382188 0.004202473227071124 -0.020670158997509125 0.17457638855636984 -0.20748650491488863 -0.07202855453714908 -0.23970316912443457 0.05031857138613105 0.11349718386860431 -0.007696142437182539 
2.2287015859995485 -0.21827474458426543 0.23277035022334847 -0.15014062279088947 0.12406080638447636 -0.5753775669032497 -0.3222480481021279 0.014217929219909053 -0.13956762730742128 0.10875363874099706 -0.020315907321661997 0.36319658625493645 0.7285801122440239 -0.014428540691888259 0.09785873750425189 -0.3665367961927754 -0.2541068042346768 -0.23505572562717567 -0.13256077394344037 -0.07900567039765659 0.006261213540673142 0.08831642051372092 0.01805424435345963 0.0718545733994435 
1.5576317946855802 0.15304462304215782 0.09530797094846921 0.22670303153466254 0.024917763135016813 -0.3662950100520883 0.6501790459969752 -0.17998572265659674 0.6871591622520763 -0.050362984498562 -0.21102838302236526 0.027776313414275278 1.0737155301545516 0.23589262433754646 0.30128940410602745 0.15981418901578195 0.08570843872423302 -0.11877965350111441 -0.0750527719599049 0.07540454963389544 0.13891083333406595 -0.04117455046882283 -0.15297296038403052 -0.047527966331302046 
-2.092268622243883 -0.11880436325103894 -0.1283873286424475 0.6099539772805902 0.576163459690497 0.913957561943953 0.35417072817743217 0.143022114667111 -0.5468656589644045 -0.24858426781101192 -0.0392529121194351 -0.2701874045912788 2.8217994728091598 -0.02453851273762823 0.09366508224254592 0.3018558401052465 -0.37098798299838204 -0.4460828733403515 -0.02041058092685849 -0.23819202838876727 0.11089448731808525 0.16956510684961965 -0.04431874283930196 0.1430951374339329 
-0.8624899759848077 -0.2109173156343962 -0.6911841865274884 -0.7617112499016296 -0.8617043757141104 -0.34749944902625224 -0.4558881480121951 -0.1273393791114197 -0.024248081649697786 0.2542176599923424 0.28477265677588404 0.1981536208925314 0.7671768982776951 0.3122128660449464 0.002681283002259486 -0.14957314557486057 0.12551098260171656 -0.1652648728299077 -0.19505015929333758 -0.2156987846040778 0.1029754856509492 -0.20676443502064837 -0.14861706606499914 -0.018363133249209077 
-5.026635947092737 0.037321762966896266 0.3450211822336895 -0.561501002388483 1.6803358248041862 0.7534732726048867 0.2920172916830327 0.7024708426136224 -0.11654746731078997 -0.5522320040533141 -0.13526019870288075 -0.1512774797859903 -1.9502460033354179 0.9927952081340113 1.0846625240591836 0.49521122963301534 0.780565424934711 -0.11858259068249181 0.2595518485358802 -0.026274676736126528 -0.37457358656523265 -0.11154995778289707 0.06182150412629239 0.14722127132312188 
0.7232847622769221 -0.8616570382016491 -0.14944013349637775 1.2611499580937808 -0.9037013672269775 0.20974175310716792 1.2664062421241875 0.18738626718238094 0.16307360947242144 0.7217541886845342 0.28282645846435495 0.023410750759258248 -0.8270770872803501 0.36483313278974344 -0.0650727499764927 -0.24983732772354084 0.07755676960181879 0.0023274423297121407 -0.08346933751892843 0.17760332945389112 -0.08901437119974982 -0.06203797845204941 0.1431630340119687 0.11381902598342687 
2.965582018631506 -2.7718201263694464 -3.6532469273355535 -1.887110315616161 -1.7445343193572027 0.9910847329247183 -1.2856320124983998 0.06448332172859028 0.48319425517023395 -0.1477026588084166 -0.22374432534254773 -0.6244797834940079 -1.7964539849449654 -0.3085083002182552 -0.667975843571556 -0.564533540591568 0.1891439936663831 0.4190580269704465 0.18832030535038888 0.4824110206538947 0.16969641745538921 -0.20897367674096065 0.011041690678710128 -0.0293394466506 
-2.3773676970058792 0.09915423066454476 1.5031681181866112 0.6506053898828319 0.6180603875611277 -0.47328750617530446 0.5833445166353064 -0.341155607030577 -0.05707582929096028 0.2380669227260419 -0.10047438194018861 0.0932976947962596 -0.38831279523506174 -0.8059883368724363 -1.046466046091995 -0.11753624287933584 -0.6195559475290228 0.5238105758550011 0.23501373039145412 0.1364161275769561 0.2693715194159059 0.29281069071917226 -0.003098296027062427 -0.1127494829501293 
1.9130522373835595 0.482441029188565 1.5226445871068632 1.4373719034916954 0.35202296641098435 -0.16218617866521656 0.06858723837630665 -0.4804912822415828 -0.5155620002952668 0.316532659148814 0.023265149463260637 -0.09820261185269097 -0.5508705667651556 -1.1510426471808144 -0.8974182083963552 -0.4726165479294763 -0.5008544881705698 0.8618366711326416 -0.17749907040185411 0.22119129242403623 0.38914565143179325 0.05728948233040476 -0.12531841696932652 -0.28808142046935836 
2.4144880386060805 -0.07082260536334584 0.4020122475583987 -0.04848242282213988 -0.09331216752400273 -0.7850545186628679 -0.11574457448752806 0.05062518643659919 -0.1456628210425459 -0.3887955424515978 0.168616609142638 0.09852061378898769 -0.6360156481686565 -0.7198387225319235 0.5090975355812167 1.1730656109576911 0.5032749346704376 -0.2947826682048712 0.42427162409679403 -0.10812025234302085 -0.18673971966596606 0.0692841090732566 0.055202840374687125 0.07968341546572814 
2.2222658511209925 0.7662962331869423 -0.41041436683238164 -0.11971676547524623 0.1137154226970718 -1.4385417742294249 -0.40359025573142016 -0.7949809522771065 -0.639949203249353 -0.006139873210810998 0.017665430024018547 0.23715301841770317 0.650269132868179 -0.09708648809484766 0.5487285214201291 0.49098899662675777 0.5694079508005974 -0.10151543759911145 0.024978248531088505 -0.3227916488360098 -0.4261719204684102 0.010576538827864265 -0.06988229542990854 0.008854240046704384 
-0.6239275593686262 2.1167427962611267 0.9424049884125836 -2.090047108506771 -0.7726106445932288 1.0492382962214133 -0.4533816086012121 0.1404499850162474 0.5653369311839811 0.1915508616860846 -0.26328304334462893 -0.3134303667361219 0.9355616900844345 0.052410796342875564 0.3461333630221393 -0.4841422747169694 0.010339628704333248 0.1038652135264649 -0.3099326089020549 -0.22775210157988104 0.003060419572731695 -0.1659384290644351 -0.14357089214475782 -0.14914059476774308 
1.4814526377663757 -0.3200822073391283 -0.3937373475806165 0.9851872564537376 -1.0165516474561946 -0.7747862733100228 0.16247100983988316 0.4429712649766224 0.40745388499670027 -0.005370159403619984 0.4488618619966197 0.08121015826975067 0.18380021324287288 0.8864339550436654 0.180246530818446 -0.3618371671668125 -0.05146140323406404 -0.684763956576233 -0.04381053271608509 -0.4463550365568651 0.021624433222185917 0.33456065660621315 -0.05540020134071658 0.1708114904668039 
-0.021790424969914568 0.31513422587106277 -0.6447263511339019 0.8514923903642764 0.44080248143963074 -1.4285279097019636 0.5310226194329849 0.11490538254937789 -0.6785456238837676 0.10863488783811195 0.3837310695906109 0.6239138281661931 0.5693434553669533 0.6277345143511059 0.08894864683908092 -0.3630393736613123 -0.4399998378718029 0.022591864874891104 0.1600555246501522 0.06237710434710598 0.09121735699342463 0.07257443332897949 -0.12827697851025555 -0.07001993236624153 
1.369796644193018 -0.992201346749022 -0.1575882895144769 -0.5049750134103324 -0.33860693061716585 1.8546331984609628 -0.7643607716002634 0.5568564586269233 -0.08288122538203646 -0.9683638561054643 -0.1396410224214516 -0.7439535504338661 1.9998350007102632 -0.0854244586902458 -0.4207737386703981 0.33932100163609674 -0.6840963341500523 -0.8056859484450339 -0.07855794582760979 0.14663524707720937 0.0729099690952207 0.06021286291527014 0.257630309677376 0.0613447548114257 
-2.276129928682807 0.5695988229127558 0.557484518862271 -0.255847852590799 0.20841651060266553 -0.3332470342887528 -0.4701322918315954 -0.10362392485022101 0.5368524153930756 0.4553244100500683 0.41579933439517336 0.30921128471441106 0.6692649257426079 -0.18513364760576825 -0.11153863187248107 0.2799218162311841 -0.14867942082342545 -0.4108422048865809 -0.22484731530372068 0.06867649119008408 -0.24139203330912942 -0.09529083071366458 0.3187877619124509 0.15184187466238705 
-3.390882612507968 -0.19104112978923737 0.26747843343249134 0.5208943730229851 1.151930340412445 1.0946311343184734 0.8987223029550027 0.11233017744479373 -0.41897504192738344 -0.3593535092554086 -0.34006319943778945 0.05452716556136461 0.4441426233842925 -0.04584582813240671 0.22667543086345265 -0.14776053555056615 -0.2597365598540092 0.37639635506910446 -0.4424044819951458 0.10110142163580126 -0.08767737932365931 -0.3837972833248912 0.01180282857467089 -0.2649785758835012 
0.35075442615275476 0.4699550602084752 -0.5226438169899428 -0.5012077515459348 0.1415721083951016 0.18399973702902384 0.3740230280665138 0.13113904957019046 0.21367738431629418 0.09000220655407784 -0.4724211276385729 -0.23085215381858337 -0.9409231962668377 -0.014369479616414141 0.07104279362393144 0.05978849565481329 0.3426471550309215 0.12796030158261007 -0.015180164628365392 -0.0704801712387711 0.015217867093813897 0.03420879260584586 0.09061964144766887 0.09957544675258571 
-1.2760734033776404 -0.8048419809996616 -0.29755041417872796 0.060986542718934 0.47402495004864376 0.4668207475947611 0.14077501443611962 0.13617070650931384 0.34173842812733213 0.3656890956172044 0.26906072287140886 0.3210138964831346 -1.1204389737968246 0.03684044037346501 0.07497610867202036 0.06307787910977465 0.3181246780625204 0.38188600410701207 0.3875464850371215 0.07448934699462566 -0.14005813287029953 -0.1251726625877643 -0.11030740913614678 0.0625591964763592 
-0.5107649444474576 0.9196076873672103 0.6268705617960864 -0.20525942440321332 -0.48057225930819836 -0.4032227456747268 -0.04561815368705768 0.09589632433383222 0.11084207908427612 -0.009823270203775825 -0.16062155110243242 -0.12275842100423104 0.21612623054530788 0.30923348774881526 -0.044062056266822136 -0.09995174404248301 -0.009473960276079644 -0.06995777428354787 -0.01766443891049681 -0.008482325859374215 0.10672814266424578 0.04726109922347355 -0.2277459329776289 -0.16853460874619267 
0.4011939941826119 -0.526388764489 -0.5322070819765843 0.18368657212230044 0.5086284900765337 0.24258436334931255 -0.05409656127957618 -0.09351650092090413 0.052617009299524176 0.06607721688681112 -0.16504076029741932 -0.18719729027488913 -0.33860822293802845 -0.15054600103101867 -0.11837542606322993 -0.08231565938514167 0.11196638139691674 0.1644188155193529 0.08610944426584927 0.12165481267928158 0.15473771201714778 0.10998352717308103 0.0017525555751784865 -0.07019210322186827 
-1.136257964263295 -0.5969720112933015 -0.2731293142905482 -0.262702534120169 0.15269221920939557 0.5059912520023917 0.5244521326558521 0.2714296308634221 0.03805366573746083 0.09802484824885382 0.42786741287872787 0.5288572657990065 0.03123139526517349 0.27341729602557735 0.15118963629361484 0.034033626392460326 0.03177258030975827 0.017983446818025828 0.023033811798751858 -0.007107167607787864 -0.02021501217200698 -0.047803737098688674 -0.09247840747606607 -0.07492481048777602 
0.05249777534436362 0.40508587142365027 0.5075758020542791 0.3366550757328368 -0.17850643340090344 -0.4810426978018568 -0.4025884615328831 -0.3165603847933258 -0.08608050125070354 -0.01818554512835352 -0.030441425844706715 0.20578236274712064 0.2095351034436732 -0.07899096847984192 -0.19348298614717474 -0.044375973945098256 0.04985461265102098 7.284529826353155E-5 -0.09965358213954588 -0.13533898861878682 -0.06056947166555132 0.02360731880853199 0.06759435691861937 0.1298204518481473 
-0.4301110208238539 -0.3663815186658468 -0.3465897891001899 -0.3838445553858625 -0.23232253849875462 -0.09535955555321962 0.05952636104334019 0.22873976909340665 0.24083587087541092 0.1757193220998725 0.04951400409940951 -0.09447381605190786 -0.12987379388860618 0.13418499156970265 0.1590227074497438 0.011772363773846828 -0.045468555493303864 0.06699635857341658 0.20361358823728457 0.20269483855524043 0.15531881600993483 0.16927860029526565 0.25004961862911695 0.27696249633883524 
-0.5804847878681283 -0.40471110536320154 0.08497211386976078 0.37738550459044196 0.5515720309775458 0.5430412312323276 0.47732707094531746 0.333845395820464 0.1329343217272031 -0.04359197646429419 -0.17864712666361823 -0.26499310489387384 0.2058411000185482 0.3686470769150863 0.3119997995180555 0.15026310647140162 -0.09676084038214361 -0.18938409167484171 -0.11527950231440641 -0.0514671230748297 0.02841199403528204 0.07097374288792146 0.04745890362427494 0.08099507809033572 
-0.4301453009912306 -0.5946284976089835 -0.5388955925475205 -0.318384839870512 -0.07594134649991746 -0.20703978823495028 -0.5263463982951019 -0.6618577751091942 -0.537410193781297 -0.3971077369689727 -0.2481785925991673 -0.06664248939700204 -0.1620949764967016 -0.10531680564201462 -0.008565278406767648 0.05206202891163333 0.12987893221252458 0.1433844129335926 0.1297383326878011 0.15142646747050656 0.10095166994870163 -6.213658101222411E-4 -0.08781767429674851 -0.14336450384509986 
-0.5650083846275926 -0.5867318698500403 -0.3322706947762222 -0.14686410143904327 0.03358549174610881 0.1429496935635336 0.23618642507955717 0.2831397565324637 0.21780654897180426 0.055306755742304696 -0.023971838368243147 -0.05111853485133944 -0.05883680923688939 0.023548101327637367 0.16041471779363117 0.2535314055523028 0.2837792859720421 0.19629609803338496 0.08391584655796043 -0.002957455560304134 -0.05674240101762603 -0.08750347587331499 -0.06560339521980814 -0.02385475119582886 
0.0484357070459831 0.04057928050361648 -0.11227254955689547 -0.27790583910601985 -0.36296606552060984 -0.3254670255196004 -0.20911831408718295 -0.20018681367411284 -0.10445525259299454 0.1281340534269398 0.23562938284196752 0.2286824104621245 -0.02801655200241049 -0.08163866081458959 -0.17193915917301286 -0.17991815231823058 -0.08946554055137505 -0.04993476032846573 -0.06166764143641398 -0.06824243283345181 -0.027858678149687194 -0.018912156030243526 -0.03298265966094361 -0.03383330903236909 
-0.643264864176067 -0.7929592984024136 -0.6095835610064453 -0.40344821244871254 -0.15625346742823432 0.013366555774497801 0.06696548916747669 0.11188228178383572 0.08668405418592995 -0.04370244404230546 -0.2237409287247612 -0.34109130123595055 -0.14616734596050338 -0.1695072078551537 -0.10421114197375998 -0.034271524109872296 0.040420682275310614 0.06115851055079141 0.02348776977052844 -0.020542511519076156 -0.01585752437797941 0.03441274297889019 0.0903930533664828 0.08803914748698134 
-0.30696740520976196 -0.24659880088902808 0.11557831808662966 0.34966167258901426 0.28737475474137925 0.007556061644964807 -0.2567330060298197 -0.3715017392345248 -0.3882729119392982 -0.29086666898593705 -0.04934606843807743 0.1798438208924108 -0.006008309011430679 0.02923937133643976 0.025487430343368978 -0.002389620985714621 -0.05209023734581131 -0.10121600981214703 -0.10620625023194076 -0.13288536527497047 -0.11458323265326048 -0.039989100811223914 -0.02347772918218295 -0.0012471041838689745 
0.05119520938179001 0.06537879441174299 -0.13356270267670478 -0.35783328495694344 -0.4128469652108176 -0.20703738167112323 0.18953046173929022 0.43042475386989815 0.4072879517788943 0.16156888801207256 -0.1526632728276691 -0.29081668252742665 -0.28314662114671635 -0.3429441062329168 -0.20332105282968857 -0.07671669443190628 0.0021730923339875843 0.03152109751378738 0.05883071427238774 0.08332804278010837 0.03107055165889532 -0.060884316247596125 -0.12342962466187397 -0.14682526106659344 
-0.28076940269865336 -0.4763078799127811 -0.42674526975187266 -0.29354443989476053 -0.07839860459188427 0.08838297263965125 0.04821795032273257 0.03919804610776739 0.07899249657030474 0.14546568983342253 0.27052374243997035 0.20728641365946948 -0.053488467825130094 0.025691585557837644 0.11007270097935384 0.08786275076117929 0.04530571484277405 0.03297912230989403 0.0382946572334148 0.053591773674566724 0.021451958697987567 -0.024639997511429163 -0.020260646688511727 0.007193580312087694 
0.1930759980085277 0.35072755980821335 0.2715413914018716 0.1483049270888937 0.020113935236434677 -0.12161019226420755 -0.26200213182596266 -0.34345173922763544 -0.24016030504555747 -0.07921567470919685 -0.01338696017816314 0.08566318558030045 -0.035446796755655686 -0.04622319295742542 -0.09745971515178198 -0.15078348845095055 -0.16161981647734205 -0.08663698822794423 0.024061570831588896 0.10516018495927497 0.14443136974605644 0.09810010935724954 0.008909059360090102 -0.06750342847715789 
-0.21744239604774052 -0.4663479402607762 -0.41719183189072007 -0.16699568571744217 -0.06502284001056904 -0.13409489998817511 -0.14585068094743764 -0.14533881370945814 -0.12890465962103503 -0.09655439509101486 -0.058202284697295215 -0.029976854097715833 -0.1271591245700249 -0.2151950153145392 -0.2064010139298442 -0.11836450054265579 3.6948109577410643E-4 0.035500161437816265 -0.03718966277600722 -0.10604677500357916 -0.10165693842028689 -0.03435576747809355 0.07458343176817153 0.1410473184456429 
0.12587209632330065 0.1990684034580168 0.15403972384806486 0.031242803307249045 0.06532460193055101 0.16411251932662263 0.21438006487960864 0.20721262890068604 0.0779424206363949 -0.011721397597457356 -0.015027437339306615 0.03032523678263968 0.0841097806160785 0.06533568031525845 -0.03155022589701952 -0.07874012323658479 -0.11064212251680179 -0.13833773521290652 -0.13657705302955506 -0.1277934216315814 -0.09621955171584173 -0.07452612651430317 -0.05405527806938563 0.016419898847385626 
0.1343099218540349 0.2451067442059347 0.2512086058145633 0.1200801236240292 -0.10211238122626476 -0.16097886746921264 -0.0784041597020314 0.08200618705434415 0.22491194899018924 0.21478585371183342 0.0475936857160275 -0.18818656727862884 0.023982616783364108 -0.024294960768940627 -0.02559152114992136 0.03030462888185707 0.07901016814585662 0.07679229051256584 0.07361555864274506 0.06164971881182212 0.027412642883540016 0.02967526185450413 0.03376708588133533 0.00409091939079403 
-0.23512950279059552 -0.20100682337091746 0.0319918502402885 0.24098739212791237 0.37058507339468794 0.3068449971150307 0.11400576663999945 -0.07374397471479247 -0.12840995420364437 -0.011307419567711502 0.0958808888233324 0.11550834562860007 0.12173082551641778 0.19880243440178277 0.19875936541069558 0.09724146144126024 -0.011989451572971635 -0.05884529337210662 -0.044190978138473336 0.03441918855820108 0.09007041458592013 0.09592425912620765 0.054655695103885245 0.00161381122898889 
-0.10888944684088475 -0.19342544453948718 -0.2793933316370678 -0.362781866773345 -0.4546835801802074 -0.43583801042007664 -0.31651020775586824 -0.18980966833718527 -0.10796640085163545 -0.18578716966940018 -0.21495770542262072 -0.08484116669307812 0.005515768582171769 -0.012034172777817523 -0.012614714986437922 0.007396492010908686 -0.030049384718124073 0.015653918461425904 0.07293079105665874 0.046108038038369825 0.033723077330353395 0.015705102628228284 -0.04942904068187809 -0.07764101724886723 
-0.11772069587849288 -0.17807280537462056 -0.17693740365820632 -0.01905058581784458 0.2775785561264372 0.4780779709183745 0.46600602332194707 0.2398629909218475 -0.025829648200453192 -0.09920766328546349 -0.04771882708163824 -0.02618889719710235 -0.2252540042792718 -0.2382374464525642 -0.17520010715274528 -0.13834894698492634 -0.046937551591020234 -0.032492425575558447 -0.04506925022883953 -0.027228639390180474 -0.04584862839236365 -0.03971992493766603 0.011129423803561134 0.03178357313748897 
0.05905821265146827 0.2697422535412388 0.39351737772312445 0.22790963656418162 0.034539031562232814 -0.29355710975516225 -0.47319666121298143 -0.21312140987908532 0.07245256399753347 0.21162066768602458 0.26768066571414706 0.11558510588082405 -0.022599249775717922 5.934814904259289E-4 -0.014820416591444396 -0.07749220539405559 -0.10124818021964672 -0.13406570185183106 -0.15112151882923622 -0.11033718782630315 -0.06962310861637674 -0.061213843239021404 -0.0236245015363602 -0.008232593427448693 
0.3566586803010434 0.28212166694641216 0.22113681701842824 0.36068848141392806 0.2667864222965286 0.33318182350924885 0.3275567440550746 0.019597814226698984 -0.08107355145113787 -0.09085156343242579 -0.1788265681557349 -0.0800555100708179 0.013774693831522336 0.011070328181570758 0.08433594205115257 0.20199864638535073 0.25387187986893306 0.18743703245212162 0.09132422797083066 0.02013121618240794 -0.009006377091074547 0.008363944843037633 0.015730743698946226 -0.009930298640503293 
-0.27828138560349913 -0.4253031251712813 -0.4339691922010519 -0.3201747842070646 -0.1455429726063129 0.03880716883997931 0.20607898836527666 0.2513344834892985 0.12852487662283713 -0.00632368987885483 -0.0785303302764918 -0.03321007997387426 0.10672879913395406 0.24140314831690748 0.3210747235376729 0.2735819292374863 0.18363969653347803 0.09199225234569756 -0.01744015096405042 -0.07128746081192161 -0.06099806309566266 -0.04375623271993479 -0.011644952440075573 0.003035842298993572 
0.009625021754423813 0.13623889943692724 -0.016201944849575822 -0.35100431458827364 -0.39399608139608916 -0.25041526573556117 -0.14760448537967397 -0.05275860430956822 -0.02684667323988138 -0.015327319032136688 0.07819443981684251 0.07799959165175668 -0.06914492967613232 -0.13158018848291744 -0.12300233149392115 -0.05767519858180089 -0.026989149896604725 0.113627588606197 0.20368386136013192 0.11991264943080747 0.037217622434341284 -0.012524048393032382 -0.04293514190862055 -0.010398946649005888 
-0.0876113554770841 -0.3815258076547412 -0.4510374119558923 -0.23698975314717646 -0.1859888061918924 -0.27773532216984986 -0.18329559360345585 0.03691918182481313 0.2283333141788932 0.30512724364568444 0.17410501904808512 0.027450028122556036 -0.03226741289376456 -0.09230515148003578 -0.18146197683222556 -0.19802152522444946 -0.142785561192319 -0.08187936040108851 -0.01093409141166656 0.0420872739591295 0.04104562280937171 0.017401296762601246 -0.016738006276553197 -0.03269332455963728 
