0.0 0.0 0.0 0.0 0.0 0.0 0.0 0.0 0.0 0.0 0.0 0.0 0.0 0.0 0.0 0.0 0.0 0.0 0.0 0.0 0.0 0.0 0.0 0.0 
0.0 0.0 0.0 0.0 0.0 0.0 0.0 0.0 0.0 0.0 0.0 0.0 -0.03346026580323702 -0.03413179367260044 0.0037664739101179734 0.046079626364175175 0.02985697467961379 0.024239845472721882 0.014531767066197446 -0.012939865584168098 -0.012215692571577397 0.033492830854717305 0.0741695171503104 0.09160154301527092 
0.0 0.0 0.0 0.0 0.0 0.0 0.0 0.0 0.0 0.0 0.0 0.0 0.2211799493687622 0.30646528533729717 0.18237733114660415 0.004660876382370301 -0.05991198871683375 -0.10378262690401963 -0.09580895255047313 -0.004941104512119737 0.04396829344545172 0.029628714810996954 0.004712088503178132 -0.04898887089432163 
0.10038079740971106 0.10239538101780132 -0.01129942173035392 -0.13823887909252552 -0.08957092403884137 -0.07271953641816564 -0.04359530119859234 0.03881959675250429 0.03664707771473219 -0.10047849256415192 -0.22250855145093118 -0.27480462904581276 -0.1600532425870759 -0.23912403223173348 -0.18859867457435522 -0.07691566268190149 0.039945616857976374 0.11443421313174673 0.12447132993866027 0.04348443971088206 -0.059610491679853224 -0.14088618119228444 -0.16672369175409538 -0.11115504270141226 
-0.7137302468111422 -0.9705935465207922 -0.5414822825746355 0.05513681039915186 0.22452142816992193 0.3477076489211417 0.30922450825071557 -0.004586484839892935 -0.15022841919372126 -0.038646898150914905 0.0971180102159312 0.28436892720587126 -0.15739324751310088 -0.27065095844610226 -0.25776240170236914 -0.16422167764830456 -0.07552534425102904 -0.0329663432656336 -0.020199905878932112 -0.004233204208056156 0.04527022152312882 0.024612264901345837 -0.045793963709969014 -0.07357979124689495 
0.8370248511667988 1.2026688699555965 0.8365371650103834 0.20317858284612855 -0.2320975646588901 -0.517156463855811 -0.5280262439413386 -0.12816007671269972 0.2539456846364203 0.44198199265231075 0.4516120701543205 0.19128066450130118 -0.002360525841476502 0.004519957027554995 0.004571337678848986 -0.06736356133948285 -0.100956844338831 -0.026101251187936048 0.10183315986433032 0.18271807160900644 0.11848226707544456 -0.03710814980814125 -0.1512251841355273 -0.1729379877653646 
0.10385771566075874 0.26181613086940914 0.3493689117367387 0.32195630197558667 0.2978393530631115 0.3211174935157235 0.30281518900816945 0.09618944935677047 -0.2444599680302305 -0.34506703731226884 -0.1996784196727188 -0.012303273032872125 -0.24096538377954632 -0.25017488270317506 0.0221181646305811 0.30705367997630395 0.3471334511448354 0.22510869785886833 0.0025948271730747985 -0.2061807564032072 -0.2174909925795728 -0.025508494440191088 0.16137554977713278 0.23421911803057024 
-0.3013316063018099 -0.5273693287599643 -0.47043903192258796 -0.06955794086229439 0.17664064653105682 0.018879294848351602 -0.3458901211703102 -0.5597225851728468 -0.27168394909334687 0.1640560264409488 0.37956521589997566 0.39234543436965275 0.38661949022111247 0.5463257420679714 0.37501219092418775 0.05710818897297661 -0.1938469525574472 -0.3282891274490405 -0.3120593265073171 -0.1276766309130555 0.0897868465908694 0.27612086193031654 0.3672294205303026 0.29888908851789325 
0.5783441332618011 0.6449502009465133 0.04565132200010691 -0.7296559676755485 -1.0212480308595577 -0.5956363240075446 0.21037196534597696 0.8297370385998022 0.7650593754098808 0.17684156827533937 -0.35098521198829474 -0.5188208118200153 0.18555279433447058 0.15756751127259774 -0.014667726371429213 -0.05229991968387271 0.01475308441661105 0.05282859665442927 -0.012324291577202329 -0.1446954586529897 -0.19588630995788484 -0.11447321434462332 -0.016074074999077 0.023672209181633902 
-0.5600768282970598 -0.6278753912868695 -0.13664061289386398 0.5576601507527663 1.0089869849747861 0.9260878272529445 0.45437334741170887 -0.11190397859504908 -0.5201745268562435 -0.647334895932443 -0.5744227952787992 -0.452127831658807 -0.014210469012517398 -0.06403082278798422 -0.06340026594988046 0.048974141822498075 0.15074433813011753 0.18982955215355604 0.17707099280280944 0.11734496395755985 0.04172085717588081 -0.09386503197146538 -0.2035242561791685 -0.1683904364375539 
-0.323428056345028 -0.16063337168493153 0.22647288133666432 0.16524701521967444 -0.16259306940858634 -0.29097256264986077 -0.06034367055123313 0.30636652202684067 0.4674442507248724 0.404048066908297 0.32553781091389966 0.33891673243645604 -0.10364962892380018 -0.12103638998139184 -0.08287494957544106 -0.08070659072086633 -0.1144244294276447 -0.109693387986647 -0.0013023448584059312 0.1382852902481299 0.13028197243778858 -0.07061937716249438 -0.28507922536906816 -0.32153885266706456 
0.19218589553915688 0.06751492591971076 -0.3706490137412253 -0.6639318577774 -0.7049198485847814 -0.7029412422911585 -0.7417452816301334 -0.6500722187590456 -0.2480389582784851 0.3320478730388661 0.6518764729863841 0.4686479715540787 -0.27330789419388984 -0.16492362763570348 0.2073846181625197 0.37293141958894055 0.31250219957171316 0.17313707910907827 0.04497373966249076 -0.0648113751693492 -0.1522747285295051 -0.15150417104830363 -0.08219109186799534 -0.06255609979281947 
0.5131616581150933 0.6603642122873987 0.41128037115011074 0.12325980875213366 0.17897867420316022 0.5479583747244479 0.8123383144421159 0.6839652879374107 0.2381456738076358 -0.10099168472283204 -0.10889717001368188 -0.014592155425264541 -0.20101530713655036 -0.0665691283592779 0.2070122513261082 0.12058050558192224 -0.12313460221150109 -0.11856122159136828 0.11996579192686786 0.2514605204102827 0.20189406749137037 0.22046167912943196 0.34105227167518387 0.3377470925589443 
-0.15844800294545092 -0.5436033003659242 -0.8511982122881463 -0.5401405047802849 -0.09930548554622656 -0.012788878761444633 -0.11688886407243793 -0.1062692360422865 0.051298947190890065 0.059697493028032456 -0.11063202921102247 -0.08770508834948826 -0.02109161075959265 -0.025987541870901094 -0.08078293732597552 -0.20839605818831208 -0.3054702485315141 -0.3144576247215887 -0.21965354931499345 -0.06748606031213665 0.06619498403405188 0.15086254447887854 0.15100116342751782 0.068491204516947 
0.45493481430692695 0.34463312653571965 -0.15428927336819975 -0.25839017802464986 -0.09599644429336048 -0.28036507964061286 -0.7326692551106845 -0.719916530562387 -0.2879069044839263 -0.12116178047458206 -0.31636475301294864 -0.39614801528859345 0.05933387378633004 -0.07832717307451527 -0.30929750216062635 -0.277956490804626 -0.01397633374742783 0.17970919535742635 0.15167350358207124 0.0478356790635448 -0.009756950613571866 -0.03902716831683463 -0.06329300891187777 -0.04172200541198509 
0.284574149722018 0.3033430944082536 0.15448462049585654 0.15208131017592796 0.34897845625802126 0.654593359056138 0.689719151091247 0.2543268714272632 -0.18359762123485968 -0.11045471252189445 0.30260677420346394 0.45395228793490217 0.31231127455424795 0.1212941096605431 -0.23844138062149892 -0.10568243795489562 0.11087909777681133 0.04100423063604467 -0.15141793436396375 -0.16795020817383274 -0.015816654439510646 0.0074369876725602635 -0.10238982032265502 -0.10860714155976488 
0.11364896042236872 0.47187253412385566 0.8363314612399884 0.6110183736879053 -0.003234295456680192 -0.3248603302566226 -0.045986203885940324 0.36016019701200147 0.38486480986122623 0.1011659230026353 -0.12563754498529178 -0.16025482733150448 0.21485843708693908 0.1885511982646085 0.0072509878848319165 -0.009434338309440035 0.10817464621992053 0.14220523093540852 -0.048792811343284836 -0.22522716527218015 -0.18613327443088087 -0.09354003760437823 -0.06761713229252841 -0.05181111038577485 
-0.9247388996659156 -0.9711053331416215 -0.6311844377277436 -0.6577974667718756 -0.4783238532950007 -0.11355394536157379 -0.005976586592918776 -0.14245697530798251 -0.23763694666315427 -0.07377732172825702 0.10117382774311418 0.12016974235126188 0.0911940507178824 0.21452064902997078 0.2774720243818672 0.22567844282051985 0.17569763264696756 0.16014507918992527 0.18112960097247321 0.16265809017415714 0.048398396758525274 0.00960687955662562 0.06078776956353499 0.0802447703428205 
0.4150160277400765 0.4162037455168317 0.21679229208910455 0.174852225377572 -0.006869228176611064 -0.32290712023798246 -0.238442952238747 0.15415688862177623 0.29751258152286364 0.14111963694173393 -0.012796882905188517 -0.07382341133944875 -0.07433028638394094 0.2357162032971963 0.4885342948428473 0.23959299058742708 -0.0339405469358088 -0.19084795174841077 -0.13690119669903836 0.007107707150029767 -0.026729952032548687 -0.0674490987173286 0.03770234409847193 0.1129158172945901 
-0.13969153609048313 -0.31238445837814677 -0.3681618680743032 -0.3068709441304649 -0.17629697532291588 0.1731815164770422 0.2425587223502308 -0.13064574490009562 -0.2851166973412542 -0.15925220816132063 0.06382313447280735 0.1700022689104128 -0.6316066192921553 -0.5155760457021933 -0.11133299567317312 -0.19608961855997065 -0.2762295894680507 -0.11279788317216173 0.05942188640107356 0.0717805074920539 0.03270423150058788 0.05804960024852498 0.10516939396290324 0.0925712055026694 
-0.055883862213524704 -0.5646365131494706 -0.7607827081152738 -0.2832238593950812 -0.05242609363529621 0.10431579406930175 0.24044973173959994 0.3329314603579687 0.48879454129792227 0.3462506623711529 -0.22006923064555417 -0.5239185424948503 0.09213947011754338 -0.019856690483252077 -0.1653238681405568 -0.1875327778394773 -0.2540497793469723 -0.2726367610321506 -0.1596440845194087 -0.013473876893895972 0.09571858960635478 0.10122241785152743 0.026425469207868434 -0.019101728883209945 
1.2055309031873511 1.0660429332981094 0.19160204939396497 0.15950943129436299 0.373143347838494 0.011228247001269342 -0.42368858778531293 -0.4471857836522405 -0.43139062105244724 -0.35049163518854143 -0.11069818027541273 0.06750369142095441 0.15642141215810113 -0.1053843886639867 -0.3663294122314067 -0.18974520608070797 0.009775197793258278 0.15979558968993102 0.13688076059021992 -0.019688076477881677 -0.03851708949941271 -0.007367096843268871 -0.029321112747782235 -0.0371703700374059 
-0.5340136022514708 -0.21343987887154015 0.43288193777664086 0.50426037118359 0.48055994828360094 0.5759797975963559 0.573612956387251 0.3528485386795366 0.08349377455939583 -0.06692790309923796 -0.004812633154683776 0.03473106405491028 0.15827790111309725 -0.13564724239703865 -0.39893655123890004 -0.11506311350769599 0.13778370483486438 0.1784638519421287 0.1369839649048248 0.1437083760286218 0.19568360945061503 0.13286530096473176 -0.07465227788565483 -0.21043120326026385 
-0.36989090254581347 -0.17182960952515192 0.13399404567395967 -0.1313774411776767 -0.4721155896621393 -0.5420372543562779 -0.3346651717442545 -0.08154005462723452 0.03308495452624713 0.0694383651036814 0.04415817397071886 0.0021885757477502765 0.3709077014180993 0.31348094439770113 0.047990339148937654 0.12014187397253774 0.3089259759582285 0.24307777010086154 0.01886233873502056 -0.14469224526899419 -0.23129236675957499 -0.18620380321332278 -0.046361413985397885 0.008704144159062501 
0.25699333731376584 0.46124148545327603 0.46483094746142894 0.2074089173640266 -0.04314773938957267 -0.15444301107831074 -0.2150138709954037 -0.28101653224039963 -0.33049407484327004 -0.2623102406691538 -0.07354057411165549 0.14003262512254333 -0.1725407521923097 -0.04331390400493129 0.18817322366419265 0.18009572305224286 0.08884346592672356 0.03397852222227408 0.016827059687454755 0.016181984367424757 0.025781383213549905 0.033267811237656826 0.05125230899464128 0.056105031752527706 
-0.30269567084956517 -0.2117405820574021 0.03165652710475797 -0.05249046371346855 -0.29178073619960476 -0.352793658963982 -0.08596219029904728 0.30382348761471023 0.4694804039276106 0.30581094323638486 0.06275003215926678 -0.011259521590049615 -0.1875116042741123 -0.07859068768536688 0.11884549538773803 0.020817688636189057 -0.1827945604905797 -0.2579317662887091 -0.13903692599837075 -6.431838610972129E-4 0.007555842114787843 -0.04506555125168376 -0.07307451571318672 -0.05287819128156593 
-0.04998896152266585 -0.06354268059062118 -0.08046897393133623 -0.07547028670524258 0.12386212377216299 0.37942243323338565 0.39878028660228304 0.11162081445628991 -0.21204809978193562 -0.2849176258785602 -0.16786548923288158 -0.1268599825337729 0.32313325389781083 0.39250002225269637 0.18093925883251324 -0.12468663012967753 -0.32767398963052724 -0.2791992727933591 -0.09985164679431464 0.015350470614472164 0.022079008404301197 -0.007127827835282356 0.020575779514643816 0.1169971308294903 
0.34613505969473923 0.32633453655289735 0.050107520207128164 -0.05239090505160926 -0.007236839771268072 -0.03517467764599874 -0.2244514725479856 -0.27592917639228765 -0.04880555934878361 0.21593871146343585 0.31054417867089207 0.2942694534206062 -0.1267028040001883 -0.09750998721021675 -0.019790545655671583 -0.06046802226055507 -0.09242054107902674 -0.014685542809362684 0.11513419613336447 0.15095231617696536 0.07213522913092896 0.007045318419434177 0.041076985138395965 0.08384100661822098 
-1.0368217896518188 -0.9852961406099627 -0.08721232558729586 0.5814190284221294 0.7976022812878408 0.524345316642775 0.1537857105120094 -0.03719161208031718 -0.13758811841797652 -0.19599064127683224 -0.2591649859113996 -0.36372325487125545 -0.0656561324352259 -2.3282035816659294E-4 0.10564938500065561 0.0903180979961175 0.12554771710400542 0.16749712819905457 0.03560530830534736 -0.12848780050244588 -0.12829818242841784 -0.043850486083811195 -0.06025549966734799 -0.14753258786475187 
0.5708291552155762 0.5416661095829189 0.09439983989975254 -0.19953105449548936 -0.3513891917203635 -0.3811984722405886 -0.3088674906540039 -0.07462724764788231 0.2158447258528442 0.24021149567721833 -0.01483117491666211 -0.14435090527597125 -0.2351490198389139 -0.3169212339116618 -0.10984533877438456 0.2332154759019828 0.33204089679157284 0.1378928928132578 -0.11051076272397233 -0.19402053117705406 -0.1227912605929764 -0.04038706033984316 -0.043672857500053786 -0.08668080804618694 
0.034632388022593386 -0.1705100060311322 -0.41956328877961524 -0.272854505971655 -0.08070485156530557 0.04994294593351695 0.3341723707392501 0.39643325159142484 0.040521304902503996 -0.16550255973401784 0.17558868656293947 0.5350479604087715 -0.1628610739071498 0.13079648672816013 0.5398682117096647 0.5068661015771956 0.3196551214043929 0.04825709667280712 -0.11279376118122754 -0.009808805668009032 0.09022181267712702 0.02747882902889955 -0.03962469041880784 0.005425535250887663 
0.5158550303742748 0.8697051709984676 0.5458190181264415 -0.32490056556066543 -0.5642059637194133 -0.21165217073114317 0.01688748551031105 0.08931998530300356 0.2305135107699053 0.32185585171155817 0.2241859149338839 0.10492626991915355 0.2826132017254454 0.18573111325812267 -0.13502537436772585 -0.2940408829727725 -0.27051280888332374 -0.09426570057990606 0.025323538456877626 0.08869440580509048 0.13372066863016013 0.09556726793167587 0.03994285751623781 0.045647415372961346 
-0.5207515055097187 -1.5417051315022174 -1.9325265498296345 -0.8764945207768693 -0.054954696925812896 0.29480087586963083 0.32928950597353457 -0.08973881155173302 -0.41558794890788814 -0.3192493063807008 -0.2597994595802491 -0.5046384482214809 -0.13125600809093166 -0.35587406141554734 -0.6308464557165845 -0.589950125112359 -0.2667519388347332 0.013936689067332234 0.20809904966398132 0.20396492716269043 0.025372000314667822 -0.03773160751352771 0.07678984000308912 0.16412822162358812 
6.814968053960868E-4 0.6700703325440935 1.2559575935279397 0.9844116018254352 0.44727415760986133 -0.22083033546892739 -0.382396673641779 -0.09762443349157485 0.04273734686755987 0.030383065205532182 0.08303432560621873 0.23855005292027087 -0.02164061448200331 -0.11023654325368826 -0.3290226011564301 -0.4684267455411005 -0.3695431715594622 -0.14955017193869624 0.027507201089908246 0.06842924101174706 0.014789628757260179 -0.01779719155522863 -0.05463407370265091 -0.1516301690476655 
0.6859871790798278 0.9969295974426968 1.1179067906693891 0.8423397856723716 0.21381090427425664 0.012721961100412349 -0.09048269867664882 -0.12198932049935729 0.058293385909673257 0.09342865605957827 0.015794961217504705 -0.02414859596255156 -0.035488121869286106 -0.3620425252451199 -0.5238213463613313 -0.21004864601976891 -0.08619085707398595 -0.06877669225885873 0.02471423041123481 -0.07388916214295362 -0.12438432499162133 -0.08879921279063595 -0.0989014968723621 -0.13138257074349882 
-0.02259246847448848 -0.0689025637129248 0.0076701513462200666 0.22096251783801568 0.4100407503589385 0.37803780246955476 0.144251984565678 -0.09984248325842549 -0.050796042910655925 0.16890844515710451 0.25029092564295974 0.3195718509326855 -0.10919319515796551 0.26680243922173624 0.5324014074847566 0.3450314515453719 0.13337086944380358 -0.14544111442816468 -0.20910191742240095 -0.10419575103584233 8.469620241386144E-4 0.12735229063756215 0.1332341777015534 0.13880594880027602 
-0.4026501572619181 -0.0860911076383486 0.26308121034521914 0.1353759592761472 0.2222345779216064 0.20169688367696592 -0.008177514363898353 0.13303769976055313 0.004331720956083751 -0.12211435798457915 -0.04672326898153329 -0.15100163499719169 0.09855160395639755 0.22391779470841344 0.30345102437369986 0.20058730355169105 0.04557369992234306 0.06380534201091777 0.04333669699339434 -0.018100495961700658 -0.02142667302031005 0.02355379004469489 0.05191521699281985 0.04110829939792346 
0.8725797504501656 0.4111733674194076 0.08616616123575493 0.3027991603874316 0.042949712454775746 0.1210055465272899 0.20375648646904865 0.08744930948599694 0.06717729327193878 -0.24390229968507554 -0.2854090923989225 -0.11444127396323717 0.2840112845386706 0.25412518616682833 0.09156722160801323 0.03500723602434319 0.10677208052744391 0.10672826856704014 -0.0467160236480032 -0.13396639033792235 -0.14053200109696298 -0.08309432767033346 -0.007378385696558132 0.03795984452703468 
-0.057253742251691886 0.08513824775129031 0.16830571260352212 0.19965955374259048 0.26063532345930884 -0.050177936961208536 -0.25024504060851716 -0.16133372898646653 0.06358673687930605 0.22917265834658362 0.12789931925998627 0.06953306829163938 0.5707356965708769 0.30491162391319504 -0.02648418528116266 -0.009950265190839636 0.011236876951569608 -0.20162486113095066 -0.20399171291373686 0.13703203599282357 0.12953993819239992 -0.1774732059456893 -0.09463625960428966 -0.08888885308558292 
-1.0473245295956133 -0.9168927999082293 -0.2196437646069711 0.08379901253176447 0.07052413600775553 0.1837904070875216 0.405433818631997 0.4492424021288514 0.3411724524186218 0.2425479200025235 0.18511478861187436 0.0954249657071659 0.018326720355523036 -0.3416157650994342 -0.1432746112853255 0.18478996667157288 0.08528025538868589 0.22115301000770315 0.25537360939299275 0.22653348113947572 0.10759712130151076 -0.07750569156077178 -0.03101912629820619 -0.07413406484137192 
-1.1549051069516592 -0.3367928957141153 0.49543872911007014 0.2747268287764997 0.17473673529040767 0.775179036789702 0.502958958295838 -0.4589549545393449 -0.5212856731944575 0.1670801500086893 0.0019235693259372355 0.010731804424355507 -0.9303275728236123 -0.618986160231375 0.06272124021708987 0.2250255157057285 0.18796389172635228 0.2534394140805365 0.31087348921918095 0.05538500097485688 -0.05271665819176006 0.29969560769414855 0.15230567330552378 0.06123435568357032 
1.36642527173358 1.646986234450413 0.3524234868384575 -0.28910437714424164 -0.16994175962683133 -0.9551319703712748 -0.9389663411621072 -0.44334052115599104 0.036822134404288276 0.01966102916618695 -0.1293638385372794 0.13736155249452053 -1.352378242038828 -0.6820646022435707 0.2962745752081222 -0.008291889626021934 0.06021808402765209 0.517708586435263 0.4098599154868294 -0.13634524420830701 0.01913348890867478 0.34967815887080783 0.04607721279167115 0.14822023345518015 
1.5268540755545486 0.6601572112660943 -0.3058916337704618 -0.28896529853659203 -0.18302340390245453 -0.2410349904734198 -0.510665428369008 0.11880272973138406 0.373911870461753 -0.5584707193176937 -0.17177838708200815 -0.1351382921527489 -0.8203537258153956 0.043907218201206355 0.18460391328804082 0.13359403022587255 0.1971128142220108 0.27565941399764765 -0.05028722437562679 -0.3802322374071793 -0.16959166209251786 0.25090166502335975 0.03191986689078497 0.021957652757383105 
1.6689306052677662 0.6308259533323781 -0.7078023087910719 0.39052074506637613 0.06874995352123037 -0.8612283385867066 -0.31733373449606805 0.5693992926184079 -0.16382678613550777 -0.4437111219467085 0.1337341284408336 -0.27630068636982236 0.4289354677424388 0.6364547367679828 0.23934415878296558 -0.43950452667269024 -0.13898155774195553 -0.236143084637068 -0.19416674880244153 -0.03487095469632575 0.08591114924280957 -0.19760533483977713 -0.1737535196211246 -0.002216977240019143 
1.1549034037274346 0.03956559024128303 0.47173988706071235 -0.4658678230064268 -0.5359475639496556 -0.09875102109552514 0.34300432808969883 0.17537185079499346 0.08781377335299412 -0.3539387695049423 -0.22538501483547418 0.15168996558437764 0.3198677981749272 0.39992759621391843 -0.028574078686667576 -0.013143397212243299 -0.17512901556095062 -0.30246394511531133 -0.10698662997785206 0.3314207036101324 0.21831539144160375 -0.4733373600662281 -0.11660187964509376 -0.06630498305438803 
0.26559420441982073 0.04791783465887001 -0.7544247499260264 1.1178604651087465 0.4234649936226358 -0.3178447011490182 -0.783300972984136 -0.3670122175988185 -0.07786226476976099 0.5102110587791426 0.4187000342028273 5.983553460147117E-4 0.3396899773882082 0.4959057145572506 -0.4654697229325822 0.18419584604250608 -0.0759873694085043 -0.2017303427749738 -0.11500195490324956 0.13260142351069318 -0.026174254486231254 -0.1975033923156427 0.18233119577326465 -0.1465762810407297 
1.2689188814537395 -0.24817151803890702 -0.19685817714298182 -0.6132049669210473 0.16500612272969462 0.39466502615366994 0.0432780808085822 -0.40725362599039994 -0.32401656454593164 0.3845802705180652 0.035544298972276234 -0.07467286384750332 0.6792735835974567 -0.26035632049732804 -0.05849300134061819 -0.1043045186182258 0.01543805154211575 -0.07756038732500747 -0.011712443295260333 0.007851231314899676 0.020784497399366896 -0.017577721999917955 -0.03799480295186386 0.042140714488387736 
0.5928529342399891 -0.7130226361992786 1.022905892108522 -0.08839822110383189 -0.053764781592931854 -0.5027453338863828 0.17753525385423896 0.46290776047902504 0.12061114627264886 -0.22046046501128408 -0.5437241157828355 0.27660957146830717 0.6652539589798642 -0.3631432508480798 -0.347905783223482 0.22883376308783232 0.2978314158333053 -0.06126155892650594 -0.29907114205375485 -0.17891796607235735 -0.04524630739267017 0.26263003257867323 0.030893146554146916 0.01210434402503476 
-1.0465467119750196 1.2011047871623415 -0.24144642993470722 0.45017507595453976 -0.343646830968219 0.22638045724817957 -0.10227645544370767 -0.26314183218862736 -0.0737764243663115 0.0641301583900249 0.3698114690129488 -0.11273778594193179 0.3480215694803211 0.1624148026592088 -0.30833802179045006 -0.1040691540746234 -0.06725928991460377 0.19189100602961007 -0.04853641392899718 -0.08887773312777796 -0.07844113413315516 0.1287828377525405 0.05581383832161024 -0.09802169023120348 
-0.5724348758053921 0.4127094346024851 0.31158672614028227 -0.10033084559254402 -0.2157027770283233 -0.04991773991675519 0.18668972130327344 0.09768578371736733 -0.06724341268156056 -0.11745398289285688 0.1588870095200503 -0.016682215681875334 -0.8141706420989867 0.3596425119230857 0.07852400356251159 0.5664343281644899 -0.2382990393376175 -0.15089020341256845 -0.046584016205252064 0.23166011942059372 0.13045362487566417 -0.1644373832368507 0.0323385054311233 -0.024035151879425565 
0.8074980780354668 -1.2982819614174153 1.0838154712124881 -0.29503119245282106 0.4477529901912016 -0.40742178891997405 0.1843100888710565 0.04199056177376276 0.005234117330638541 -0.05327148379876992 -0.4832027786439974 0.36603810042119833 -1.1243778162913431 0.6815831327631979 -0.18084200303966824 -0.3264037337807382 0.10254931058963805 0.6055094485034896 -0.19962741879844595 0.05267068131643565 -0.21038504791446613 -0.08489808469485093 0.2976200600837043 -0.1663490594678495 
2.108342465531706 -0.5422567976786574 0.12470293084738948 -1.4150980713936212 0.2654324258402103 0.26682639943539943 0.17399403031261307 -0.38463879476395124 -0.3102549992028187 0.3315525057936654 -0.21423250824773232 0.10932708392501878 -0.42225711589880116 -0.19426879846900494 0.6652727331445577 -0.2970876455706594 0.0926812425060542 -0.34119602167445023 -0.0695368707824779 0.006407567052016838 -0.11691402329903806 -0.037756179748519005 -0.07417113621788551 0.1268145113848013 
0.986198066230461 -0.36616149498668094 0.3945214768307439 2.086769890197293 -0.8918623641714 -1.7485199579383668 0.5029536464469604 -0.179991586897275 0.678884512637716 0.0943211681313165 -0.3364889523542727 0.32330474265816966 1.5523483453179268 -0.8234817816155919 0.3917448583372581 -0.4329235613841156 0.10003447386341331 -0.5398270089725299 0.05485675245341857 -0.014132161152749076 0.03571298978212752 0.09787838027597702 -0.21999285487218737 0.3275461770296247 
0.6049864777935143 0.5294555967941328 -1.3395844761025186 -0.3999684502056229 0.1760611726348149 1.6442194096157918 0.2359785548627552 0.1894541568968357 -0.053326540437985126 -0.07798176961234307 0.3080435050288445 -0.3757590709547649 2.345639504507371 -0.1517268159290793 0.20704259986436582 0.06173241267693541 -0.04375788814704797 -0.3459404303260116 0.27365454597287137 -0.21676418447031565 0.0642536573927699 0.1529774286523134 -0.27992455142756895 0.08774880320167357 
-3.0978689640492183 0.6363071861929654 0.6407245996756679 0.49617468110552654 0.19233519520365938 0.5233627329074194 -0.011252430764270294 -0.20265943059838348 -0.2303690813981608 -0.1421394869236967 -0.08436222066572374 -0.3740573532277839 2.401913430895659 -0.07775107279915838 -0.31986121967369047 0.7150860809089888 -0.6346638634875781 -0.2867623115504206 0.45456082303459105 -0.13688339707416183 0.36729915768384874 0.08285481627555087 -0.12573040094324597 0.0025418256213973014 
-2.8865425328505667 -0.5883106904812427 -0.61952643016817 -0.8049977048785442 -0.14539268940617545 0.1687063449905412 -0.38986656900038563 0.27698768049754996 -0.04838917436319007 -0.009149452635768177 0.49947778019070005 0.19476172226297483 0.3510116567918457 0.46532008857576274 0.30595744985926626 0.10700507848440048 0.20221720698885695 0.2573754246251639 0.11957159292054342 -0.004157357107596136 -0.1609789607013887 -0.023435206107872877 0.05701934745138023 -0.009452742200047418 
-4.473777721134477 0.425974867048482 0.9940761128846409 0.1440262748067873 1.1728561573118297 -0.1504764909744798 -0.5478062607252425 0.18689184252485336 -0.42548164345122774 -0.18865943918362357 -0.05501488710546254 0.03041886918510789 -2.136287966486478 0.11711940173877385 0.7177422654712338 0.15115018587401732 0.3057734822917698 -0.008048769119447482 -0.605891262095964 0.22818756431696974 -0.2767756167128295 -0.3263590952735616 0.18785802779384944 0.028944841406376525 
0.23990588596060647 -0.7613385093609137 -2.434132582284804 -0.5449094825094547 -0.9208509293858411 1.2090127476812496 0.14554069108161105 0.007150591658005689 0.5271666226927144 0.015583824841238991 0.1223117958945732 -0.5496389555610686 -3.370540771538596 0.3601319810743653 -0.4467387630697199 -0.6106437840441874 0.2745860477969578 0.11308128425373538 -0.48653742040601405 0.27481399833355497 -0.03315752261986632 -0.12456621857629123 0.22785624844220256 0.09034367821035054 
1.747770726004628 0.3714628904164794 -0.6051991206797167 -0.08731998770107019 -0.33725613168181723 0.027355838920407716 1.5387177254826234 -0.7523035791295205 0.3121798702123756 0.8245711601584844 -0.45935331189920864 -0.08869153853489176 -3.3686526048830268 1.1215943920853235 -0.7337407941143151 -0.3731741514137558 0.49759990442126867 0.5219047443656547 -0.2718569890581073 0.008529567366154104 0.2525162143102852 -0.03453569637229371 -0.055019728913320305 -0.23133390014764998 
4.114305558195669 -1.6414506453883373 1.5203274758231684 1.1426067785079468 -0.21409468830022527 -0.2594536727181087 0.026483699113723613 -0.07785660367592806 -0.3177473633353928 -0.1420660965779485 0.018078247260965408 -0.016714108508076947 -0.30682170835591666 -0.36036812930341133 -1.269685671924936 -0.19699440880267952 -0.123369621585533 0.7576361649166544 0.6522363441354463 0.02171863126470619 0.4296809293316743 0.3169449974706878 -0.11446457070332287 -0.29774019167056137 
3.6949802573970736 -2.4987522411937766 1.2180684661735999 0.41979059853935397 -0.6733216764947842 -0.9819575138717647 0.32729320243302307 0.20380673809335792 -0.7605732933680298 -0.006227389357148699 0.16216107395130228 0.45795814610156205 1.215435794689271 -0.9740083988432314 0.20755329909420941 0.3935279685677208 0.040005685490865216 0.15216082180515778 0.9172458637904425 -0.3336810745558208 -0.028677230039043284 0.3375752846096652 -0.23369572436889383 0.11189070029343186 
0.1867662453321337 1.7548734443544483 0.4632906400633461 -0.2074815492216282 -0.3827092922227586 -0.5592390706726276 -1.2054560797999276 -0.5360604607475521 -0.2254995835121058 -0.5198518928130077 0.1549483150792863 0.07025677713238859 2.0282767877431667 -1.522450851856874 1.0281351112450021 0.5992517683487081 -0.1923309853118985 -0.10915315056836465 0.34115891208323074 -0.05598784754999575 -0.42884189739589523 -0.14211601865728482 -0.19292197679082165 0.07758234681966487 
0.06523299836858243 1.595326042074781 -0.6993406000824338 -0.5928597295394451 -0.3729658861931462 -0.2792339275178062 -0.597049976431878 0.47784157307375397 0.352087670417862 7.382044470184146E-4 0.17329882729831236 -0.4678490822354201 1.2818195575084994 -0.6316750420202334 0.7557306759501604 0.04353179488394739 -0.20279505548007748 -0.4527816190274361 0.11254624989019317 0.026015161225274086 -0.5469254427896009 -0.11009279968378698 -0.04980344031337019 0.27858852780242227 
-0.1556511755195853 0.8788627685480055 -0.6053733247838213 -0.1488233624987778 0.21272037248465114 -0.283356014189994 -0.534821447703518 -0.04691047851613883 0.41244784695934705 0.28079916249182235 0.5912753009599252 0.21344246520141952 -0.02375900818108878 0.9633520888315191 0.21449958641733216 0.08960317176585826 -0.2362759183675092 -0.4293937552089693 -0.5561553158334663 -0.10609884175709867 -0.15904801482960215 -0.12267110259071369 0.09994302582447284 0.0019953104532192865 
0.020730295297434864 -0.16572177722985515 -0.5147915792532975 0.2598661205260866 -0.3626513424082567 0.2384458149692268 -0.34566286328576123 -0.11881373669817097 0.5612293197650462 -0.07627451795820278 0.09340790195109339 -0.44940028134022025 0.006002709065434431 0.2648962644699937 -0.6094699234074947 0.26230364932867745 0.16151790971824775 -0.019118794117383153 -0.459944913204356 -0.02784973355682115 0.38123974479744366 0.17932756281217532 0.15715128996898636 -0.08020000943632333 
0.28029462141097383 -0.25465891248779116 -0.27248262960321856 -0.9026539895519688 0.32096119098732423 0.47010232371076377 0.3373163111274128 0.08056371940970641 0.1470736363031086 -0.11333222383825603 -0.10493529972052273 0.05504644532513081 0.624176810173186 -0.08188966879019481 -0.3872917004856478 0.14991114198011987 0.030492041422839716 0.007894319298980601 -0.2030652573706857 -0.034412682579083635 0.4564731747704451 0.1364623066563218 0.2729716852406821 -0.1694482883822911 
-0.17074802729300043 1.3673980891826982 0.962623822549749 -1.002855363998882 -0.911640024599226 -0.5986067141160356 0.3467158837657246 0.4976536747812948 -0.6589444586463499 -0.34017879082446834 0.04995025773157724 -0.14805104398830576 1.099508388469504 0.19749751086203737 -0.0036322201104557195 -0.2201028564138514 -0.5001891469009977 -0.1484325940106533 -0.19981660120526565 -0.09775152831592171 0.195391428287069 -0.13437280469285579 0.06969968592714049 -0.2510120678538974 
-1.9324424447439257 0.3579718417123132 -0.1822059242284011 0.03280395382334689 0.39573858931161665 0.11148729245569539 -0.27181504911720383 -0.2519061365186208 -0.3468847881462902 0.0033643789559897053 -0.20591093265236315 0.5711127116723356 0.9845591681691559 0.2942794000298103 0.0678709802152991 -0.6488000207618679 -0.41118069040790006 -0.20312244521491105 -0.004497502659966309 0.04075014028969875 -0.13871918344267817 -0.2196199361597266 -0.003333782168528245 -0.003772176035266981 
-2.1714263370336275 -1.0645296869160195 -0.5490332716093391 0.452445718079983 1.1005273991325903 0.8630511126287209 0.558352620452344 0.3406757762137578 0.22203424712853853 0.2684955947232417 -0.06520333936440786 0.04560278904786956 -0.028661943697700993 0.45323531337246575 0.15206739176417403 -0.4485428098654436 -0.39693027718638113 -0.35650269434847237 0.06064221394817093 0.1333895695926123 -0.2571779113654016 -0.09253853511945574 0.058703945280909574 0.09201216563914001 
-1.6730437282261803 0.07846677547213687 0.2797329768304282 0.3160955316942027 0.5484195503451161 0.34864074598311867 0.24499045076400197 0.03680224782437869 0.12274183374369896 0.2411903918670687 -0.03735715466694545 -0.030463943087155915 -0.8428636148200996 0.09727091062682665 -0.10294946417056454 0.02791463166928591 0.1876025203981604 0.07915035359836979 0.025773238065496862 -0.03202213402308394 -0.09762940554844986 7.247940426829876E-4 -0.12273389319940813 0.16424063399425518 
-0.21446155445877024 0.1474446821853892 0.2754521967278123 0.2011272766620209 0.20281032644316754 0.35232464216566983 -0.09361350801939111 -0.04686922616804187 -0.12222403549513972 -0.18147619192164063 -0.21043846710386033 -0.12329921352598006 -0.7775196730559935 -0.31828728977061055 -0.18145611360903136 0.17063630870663427 0.4258408992435749 0.3367547019960961 0.23310275975216868 0.11705139103488223 0.10173444233010524 0.1679402446534688 -0.02145886203135636 -0.051788307754841 
-0.3823339915710553 -0.5398280747188711 -0.2856002658852832 0.07471927952447022 0.2817895644618469 0.12939946689211157 -0.02315169907782688 0.03793276674153083 0.11813256981089854 0.22617589015038192 0.23490831081558747 0.16284181097649483 -0.38712412934014323 0.09120426495909258 0.11397329008591466 0.07660427061890866 0.046927244790987456 0.04450952122641538 -0.008684716633365406 0.04996090247484993 0.1029229503950377 0.16688529252324125 0.05205913027720755 -0.027668093061154597 
-0.4842221861932098 0.1994796074913161 0.27800169057561064 0.06122491804494645 -0.04368030565649961 -0.03759235381406367 -0.006884583883247641 -0.011043656349465004 -0.080864447895377 -0.22781788837882125 -0.13695948601160524 0.10431483528056718 -0.1845151566851688 -0.09057144392802179 -0.0339871293505268 0.010343781737203036 0.07601537887541483 0.07958873228548093 -0.11932258557524449 -0.05433940999110201 -0.01379401007439951 0.04267347687811674 0.12917749409126275 0.12890102519278757 
-0.37679102433853107 -0.22116348205810432 -0.06346164035121493 0.15623389914601393 0.5308831320219873 0.4100706802937393 0.22768013859602643 -0.13099324450945954 -0.20670681124129547 -0.23629463747406476 -0.23027403604469565 -0.061266688306965744 -0.24112036979597504 -0.12850375425838623 0.05677048250742267 0.1712589488244042 0.15193322698803688 0.0037371050641840466 -0.054651980277649004 -0.06156334789878579 -0.06624571844007111 -0.10594287755992794 -0.04435029536745095 0.07773841279706643 
0.336312431980474 0.25982671763907117 0.26634427201235855 0.12933862163963994 -0.1497825939631472 -0.026777161391586812 0.13893832986941568 0.20061200943075935 0.08157768525415582 -0.0782613587437675 -0.36537977594750704 -0.3979480394626125 0.04605866299763669 0.22452370987239778 0.17608716269343364 0.06038358979392037 0.10454015803587387 0.11895073815971091 0.016583087259681772 -0.09063173900662296 -0.17075147798501447 -0.24431908291103174 -0.2260264400682821 -0.14013725389764972 
-0.06924019126997205 -0.18449036701758992 -0.45008300412592517 -0.47311441874608917 -0.12095897234893993 0.112780555488321 0.06789278487878847 0.11679497754777601 0.23564865855634548 0.4692262580126389 0.4821693418858912 0.18075800995688537 0.008027505478890307 0.053630064410921406 0.04020918184778618 0.07446896556030198 0.19281656101150135 0.1560095991671852 0.03301966571202423 -0.09094911867519573 -0.08594063589233618 -0.04240794156946015 -0.07028458216229631 -0.0693613728519104 
-0.7761735917203993 -0.49242807964613444 -0.05694911561733518 0.1947483076092369 -0.03137972757865759 -0.24579950589048727 0.02325983119632602 0.13695744964178602 0.21021225116084588 0.1523789126109221 0.18489814522794765 0.4037142478415907 0.117118291445561 0.0794669205035931 0.028015169406605683 -0.03919335663503857 -0.13093866064020745 -0.043870221818265866 0.0394092967459733 0.06927202591437631 0.03653953763356557 0.05393443015119779 0.002116938956850556 -0.039617122408159566 
0.1553694710752347 -0.005926276648265727 -0.022442492079726595 -0.09987784051969051 -0.10676798420476152 0.05155305504163388 0.18646039079649857 0.17368139141061434 -0.013202186517631997 -0.2243909484430291 -0.2945592501455341 -0.25401371340333617 0.3366933296224677 0.31882431611148415 0.012854565712718813 -0.1301516199285635 -0.123647183487727 -0.030807823269676737 0.05418549969155523 0.09641861797505381 0.12994652045523994 0.2021627731351325 0.2194826246033332 0.16423172880264017 
-0.12734727352881237 -0.0678560890563702 -0.03152149223055778 0.06030040243155632 0.235937893885386 0.13544725428655435 -0.03857336332735928 -0.035647275243788745 0.09638449489044784 0.10674395403047311 0.01663370319765395 -0.061710810558022994 0.21026462228316523 0.3072992819617561 0.27202811102030017 0.23356059263435683 0.0853558569958592 -4.79304222014217E-4 0.07071217899819311 0.101361459410798 0.13226404027760802 0.12144819464087275 0.11914287380595719 0.17656700812873793 
-1.4037333392331686 -1.3532493106469246 -0.5013605129574703 -0.015435606371558386 0.11632376738221928 0.0145806452088304 -0.06374711693403456 -0.08615851393459806 -0.09727702467417532 -0.11444458210253414 -0.0921463109089615 -0.07922464725122835 0.20104467827782826 0.24289370508060645 0.2930748324370462 0.24427075233853746 0.15171015248589606 0.08362754059134227 0.02155775956709847 -0.04209816548586367 -0.12540191559235814 -0.19011832874682097 -0.19763804020228035 -0.1657733338330063 
-0.6274160534156934 -0.7406644085320733 -0.6335744382393638 -0.5481545873678997 -0.3989931743597256 -0.22587538830804288 -0.06377295193298677 -0.03720697591800176 -0.14454245059370652 -0.26693885448194365 -0.2737369458082102 -0.21338130962067706 -0.22191100193466587 -0.19575012321748866 -0.06601674532409663 0.03817889647869779 0.13845708950511423 0.12133961403262143 0.06665579255882943 0.057711221570669415 0.046907311647122335 -0.029246187546403842 -0.09715637928420073 -0.13000608641244757 
-0.19773017381480962 -0.3982032321522335 -0.6006405163864621 -0.5284626026355749 -0.24443290753989388 -0.01866824543509432 0.1343869063980169 0.3007557382053118 0.4834670330015196 0.5328054420536422 0.44354019496423897 0.31914153762700975 -0.5055877947897222 -0.5302648939279647 -0.27540688237903593 -0.06047064356209111 0.11027533943821623 0.1876405371744726 0.2009479245669488 0.1435385575559981 0.03863509647688581 -0.07923691608640178 -0.14614137451254808 -0.17037913327287071 
-0.0646158504339942 0.04187124134875031 0.216168745456228 0.2022772111274712 9.449628310998492E-4 -0.21194714248934754 -0.3376077526698733 -0.40223806602575196 -0.3347094688887666 -0.12914249540840353 0.0402595881136559 0.1291243562402006 -0.19974018479303313 -0.26123198204177744 -0.2837747092852481 -0.2694877484687359 -0.20145173317932188 -0.12040340409155259 -0.022012276727597604 0.03233281954878439 0.04847808730100219 0.06914114496780477 0.09033521570819476 0.09547584208050013 
-0.1683700563548518 -0.15372245380344207 -0.10001145766815833 -0.20923957493297052 -0.4144713195278421 -0.5553050892239351 -0.5296734902664377 -0.3342586415487172 -0.1180988049573027 0.05436798661990115 0.18927954566774968 0.26065991963694496 -0.10134937732660172 -0.16492916736077726 -0.20524036288537892 -0.18577645164270926 -0.14183430892103735 -0.11822880856828318 -0.06939762987734469 0.030671197715665493 0.1523000010260673 0.2342400717854636 0.24611216497402447 0.220122289668461 
-0.042875557766572925 -0.07920885158113666 -0.032564839742771357 0.10069714418700593 0.29038123117221415 0.40365324586103524 0.33429407658203336 0.18330175531265958 0.010806206482698096 -0.2351435616684874 -0.4176122682845498 -0.47056802686714505 0.04713477418677595 0.07638715163701648 0.06654045664765518 0.011033150308274694 -0.06060595298526955 -0.10487772478891054 -0.1464223270962277 -0.17600374529327825 -0.1544040057085493 -0.08637141690838405 -0.01736024200630833 0.03345666588680211 
0.09544781183128492 0.15712431639504176 0.1394473648691743 0.07965678576278556 0.03635188505266107 0.02821798609456383 0.006628881404097592 -0.08402776561089043 -0.1461908077624147 -0.1169142401727067 -0.06586037175873159 -0.0413791398247004 -0.07244602334815446 -0.07387276572027231 -0.045619143674411666 -0.08336829629669229 -0.14416561511161094 -0.1815953159452873 -0.19854587297460227 -0.13922944036330911 -0.058592218510320836 -0.03941501085311878 -0.045472679952090346 -0.03216835666091513 
-0.33792910708739043 -0.34271359866154105 -0.10318203575540386 0.02472957985476909 -0.04264878050334309 -0.18907550578186538 -0.16649195721645782 6.577318851694186E-4 0.1425485496394373 0.21561286871305257 0.21991027284582154 0.17977388831061697 0.055227005009124586 0.09658489811205917 0.12225444649852779 0.13283524865129828 0.1293487257378603 0.10183678040448713 0.08121730318013348 0.032432465320838044 -0.0469695617519296 -0.13541892572881206 -0.1845529495561062 -0.1660730108657165 
0.19649478835002032 0.19964821689757706 0.07215457136139292 0.07884909612322477 0.18454053164476936 0.28584523443337717 0.31635714555661465 0.17475169125495527 -0.008193321004709792 -0.052765196011512513 0.006936314958835076 0.03199403203080936 -0.03501329652143722 -0.044025721341206525 -0.05699486466316058 -0.0796874739644205 -0.0797871702667225 -0.045435751727583545 0.020822076089269236 0.06322581843803467 0.06389540108594911 0.05515116695823937 0.05012364633147474 0.05033483347663581 
-0.2590800610533144 -0.3902254961685818 -0.36568178248446404 -0.29740475694710855 -0.17175926933742092 -0.030670719521832812 -0.06422196503462563 -0.0433853690827774 0.08271614835963446 0.13903869343735165 0.09964823702498551 -0.009035580197750415 -0.22650974461370957 -0.23673249464440027 -0.05425112277667391 0.10239159589130369 0.1232315743816234 0.028755921120963184 -0.057853081667039584 -0.08199763338139038 -0.026160881326880603 0.09206142336148589 0.1708270569322262 0.13725851684136636 
0.16106317837855855 0.3129574291721817 0.44168183222318613 0.4797863760569859 0.3402686402698675 0.08532284814729818 -0.10697234295462621 -0.251683670441021 -0.3079608103803606 -0.24408065340957433 -0.1561002928427378 -0.09797890600042414 0.030094950871505006 0.03463694336063897 0.046896761711912704 0.0889928332378257 0.11611739406337997 0.10789045552607483 0.05794846441904742 -0.022554860686167688 -0.07809047429979944 -0.06702430719449831 -0.035027764337456295 -0.0583131231585202 
0.3593159317394692 0.31082927913435743 -0.12519229785627872 -0.48291384778602253 -0.4902075579607623 -0.17508207600171544 0.21873203204028135 0.4598683128773287 0.3709149383079045 0.0350863273276258 -0.2110525940500706 -0.16701519319786537 0.12101438269061597 0.11175110009456805 -0.001591206921980189 -0.07675643855737929 -0.06398733295716506 -0.009208705656586066 -0.01657816286400371 -0.015488280459542952 0.0017643701302101217 -0.031245054510199755 -0.06844653452315261 -0.06044993208787286 
-0.20298806066088648 -0.2547900008358095 -0.18878045608843785 -0.09537485817079533 -0.004587506233699856 0.03437954609509403 0.0010347537620188918 -0.009210567666594727 0.08197870692055348 0.20028390862684534 0.267370023508732 0.28592320800642745 0.05624856381380535 0.07845693964990248 0.0673278213389823 0.03319483665473353 -0.009577691913855954 -0.016162957635533604 0.016376017165250018 0.04807801012545291 0.044532779100987595 0.005415949622888615 -0.03201486486952818 -0.03703308262377901 
-0.44009758960543977 -0.44160508144829036 -0.045677017562711475 0.22044517583891993 0.19263080278585792 0.02242704847402746 -0.06849102480093705 -0.1181570790913617 -0.11754672068145294 0.010591575949741083 0.09325268241870843 -0.01963684093755763 0.004719390299281774 -0.021156117878015152 -0.053445565650556026 -0.018460148289019835 0.05818775297609191 0.09434799102216147 0.09167093915365805 0.08102569701977688 0.06919724893599331 0.05223362527666422 0.04967630524898795 0.07069795278271532 
0.392024247609597 0.45380379051379816 0.19994072805945562 0.028522354280314077 0.02758253563812521 0.035057158816027556 -0.012488866029767065 -0.10690500483303456 -0.1973283181886447 -0.2480811265892978 -0.21220833646854276 -0.06056883425924098 -0.07479685849055058 -0.0601160005795159 0.02085040919254466 0.03933213107915622 -0.01443240118487594 -0.05991400087189921 -0.05421968516884065 -0.0319236750046176 0.025221946813403933 0.10941087718662101 0.14641281183966925 0.10977895808186622 
0.04765160670638213 0.020000737093599064 -0.15921619297855738 -0.4894820091445178 -0.6808558378249505 -0.45846485542866666 -0.049518975524799835 0.265638440401218 0.30297670405452365 0.10256796910570473 -0.12029232980839705 -0.2058630304131771 -0.02948137364896312 -0.024091346675785125 0.006076997347201611 0.00484475041698576 -0.03620772201063186 -0.07783705690194077 -0.0861578871313722 -0.090548603827236 -0.1031965118433189 -0.09368265730318738 -0.0638821164543868 -0.0342558264030015 
-0.22247208334514568 -0.3052449083682065 -0.19456209595814888 0.14159234108345486 0.4754530176263322 0.4545675006621387 0.15420778463047224 -0.10533730239903177 -0.2039488458876466 -0.1739369195109995 -0.06509590589672304 0.049699428498638565 0.07456064493849561 0.05145491947397751 -0.08901548319378916 -0.19272543546783397 -0.15897139225353799 -0.024654673468843813 0.0792064176747758 0.061036775916594954 -0.04418422165583998 -0.12456220335130556 -0.11243713483569252 -0.036262770649890495 
-0.04440530318117908 0.010193308020067349 0.13334340240448594 0.14937593118639225 0.07731872782365001 0.0461830482567942 0.10663431126305989 0.15270488117334485 0.19535307869800472 0.2545674443201541 0.21134281649595893 0.0279965068925071 0.05922255362000136 0.0713417787697781 0.0052251853173398794 -0.12212337707136657 -0.1827117565677495 -0.09508878624593597 0.036885919212153305 0.13966824620479693 0.1544568224803598 0.06585988661122454 -0.053751041757386514 -0.1061621855782 
0.21437076773789077 0.3043427466286315 0.32070737994930143 0.28726969051836104 0.12540942957443885 -0.14330277262017144 -0.3281847624480243 -0.23354855296888283 -0.01096384054286531 0.04960574585739416 -0.04071450511364316 -0.0687102909624116 -0.18294915862741426 -0.23233492220272609 -0.13082885977145206 0.04421713414568008 0.18998026912279473 0.17749251755781584 0.049182173423622154 -0.024087982843569288 0.006819918587782183 0.06443552894996292 0.08218843693402383 0.052959836241494966 
-0.34843747969514016 -0.4988184267141542 -0.4325264868843022 -0.19595055264787115 0.04230122590424462 0.12573663995029633 0.08101954037798853 -0.08926067292824724 -0.2568862660589464 -0.2067830234121657 0.028770095072222557 0.17182838605194795 -0.08766193858643205 -0.05969596050903688 0.06998041369542778 0.13332391300501797 0.07229946404735053 -0.04135203252941603 -0.07941969480698746 -0.044733283236194 0.003598944244715241 0.037846648393118666 0.036642467137742336 3.265194966385193E-4 
0.4783914807940777 0.6462657256070825 0.48085942800060133 0.18160418056354632 -0.07697903878234924 -0.11768684785805994 0.01946864980214147 0.08790942318247214 0.0017110707274823889 -0.13656827249472836 -0.22037485598692638 -0.18109601980556675 0.10794692725561668 0.16078317933960737 0.18959040172208871 0.21905545621840464 0.16698776365065826 0.03081846219331259 -0.07839354659187861 -0.11562848952439113 -0.1183298069838269 -0.1190890773764085 -0.09318373609950954 -0.02143064460232379 
0.0865701560500236 0.01831970005795247 -0.15667386270744732 -0.19776305285125434 -0.03838543014000753 0.15743118346398655 0.1710666895589394 0.12617574280624938 0.17821879032868515 0.23411450831685937 0.19124559051937354 0.08320981282416912 0.10296996294267806 0.11260111626448015 0.05359868814024408 0.03464855583515055 0.034985001590115174 0.031388565574048476 0.011800489808332038 -0.037422165548911646 -0.050246474814718 0.00897261219442628 0.07746536272299707 0.07962665968782275 
-0.32697383190154117 -0.43657585477624394 -0.3859901373053921 -0.36899042803516124 -0.33521053335540996 -0.2516054309569543 -0.1380276972628639 0.005618707737042261 0.12647305221479963 0.1864242121221072 0.15759895546130998 0.03989092945844919 0.14598899346967661 0.1542073112466753 0.01563358891159361 -0.11195609627283236 -0.12921155426405773 -0.04841506246948393 0.044848716593082476 0.0824648547426397 0.04921316150267311 -0.00884400922602945 -0.05656076254053327 -0.07508017476635832 
-0.2546647121753649 -0.2952009853159314 -0.15989776865203775 -0.024598915853969006 0.06646196842042945 0.09853023477759809 0.1243662444854951 0.06415118144120263 -0.16852783235845098 -0.3951971023038623 -0.39261289882088685 -0.1775450676435283 -0.044028755116205374 -0.1168243822740358 -0.22063342067958414 -0.2718491397139231 -0.18075027693941936 -0.004795529768711976 0.11731854803947168 0.17510096603300282 0.18047830276858426 0.12538632060278065 0.03982917753598164 -0.020366094173475152 
