0.0 0.0 0.0 0.0 0.0 0.0 0.0 0.0 0.0 0.0 0.0 0.0 0.0 0.0 0.0 0.0 0.0 0.0 0.0 0.0 0.0 0.0 0.0 0.0 
0.0 0.0 0.0 0.0 0.0 0.0 0.0 0.0 0.0 0.0 0.0 0.0 0.019805205171229485 0.010793325363801879 -0.024496217074944388 -0.0358282815457683 0.002693088576217454 0.06432845354633922 0.10907805770214374 0.10346282783187503 0.06280709216754814 0.05308568802411053 0.06627300361904219 0.052998500466045796 
0.0 0.0 0.0 0.0 0.0 0.0 0.0 0.0 0.0 0.0 0.0 0.0 -0.054999189427913965 -0.04549686133224062 0.03718164627891666 0.09129133633650267 0.048352572218109256 -0.03628048801320191 -0.09617923235058252 -0.10171964761389346 -0.07690754118184641 -0.06906081260882348 -0.07292846040009089 -0.061934694207132074 
-0.05941561551368846 -0.03237997609140564 0.07348865122483317 0.1074848446373049 -0.008079265728652363 -0.19298536063901767 -0.3272341731064312 -0.3103884834956251 -0.1884212765026444 -0.1592570640723316 -0.19881901085712658 -0.1589955013981374 -0.0018421552367617149 0.028030342193143154 0.04064122594106939 -0.012439381187244072 -0.0720097410095102 -0.11966381012035136 -0.13905285662375236 -0.09706336376726249 -0.030773081150092346 -0.024062292819426345 -0.05146537203279037 -0.03973068855263239 
0.19470537604058613 0.1526805720424247 -0.14828926444916657 -0.3276164313281605 -0.14101808379000158 0.20533414435911457 0.4521547836049632 0.4603531845894929 0.32493326179686144 0.2868109698626362 0.318194886628836 0.2653018333204649 0.04212249175441155 0.052163594395894096 0.02833826883742378 0.008447771232389545 0.002430637021807125 -0.021606442938286185 -0.06464031258134169 -0.08748063857667061 -0.06709078153062774 -0.04838563404817617 -0.037036646786403456 -0.019328714654742674 
-0.09182622231000792 -0.1604313126006418 -0.04777904559862489 0.20112635922581246 0.2865382649235314 0.2563243581814968 0.19108117806877545 0.061013499007041005 -0.07014738744815369 -0.07121860647303907 -0.00470132721604688 -0.013458851002335293 0.08199870308136796 0.03231503831071721 -0.09923401890722995 -0.1678289723199199 -0.12686269955293714 -0.008713944709124557 0.09060562424316958 0.1293354766468733 0.11802355486672526 0.07381241499647011 0.017662984971642436 -0.009447300895930877 
-0.11016217186507493 -0.0924651149330642 -0.024380958100542305 -0.07216407099142241 -0.15460067639151326 -0.15983553059539868 -0.06523673784357825 0.07674092447867878 0.14213540006463785 0.10113767334488225 0.014051098538670509 -0.01478218123367303 -0.010164738153113658 -0.055192669332942236 -0.08845851320975688 -0.01034006863721095 0.09737387460016833 0.14471478607971422 0.1323874510823029 0.054706537149713165 0.0034747201657631863 0.057881968694460044 0.1261334293478886 0.11723044834877515 
-0.1529779508049618 -0.0067522475358128276 0.3092365547722109 0.4832455814286955 0.37930012923091494 0.015741310965612626 -0.3403552851116691 -0.5065887833808379 -0.45109301023670845 -0.2878576608028649 -0.09973607172697113 0.00938840856672421 -0.16491736816096023 -0.19620850464288445 -0.07290067563585341 0.08417478531693973 0.10944376018549891 0.0725097871252724 0.06618352689973364 0.044387212526782814 0.008874063002400118 -0.0027093967056260374 0.007041370878403628 0.010027554156369467 
0.25577545474740404 0.24141904750883691 -0.06142152500531384 -0.43765583651796913 -0.47952063974419834 -0.108518690272086 0.3207106619482768 0.5800347143342929 0.5049819126938493 0.221484590944169 -0.012688029159367648 -0.09781314151039028 0.06591066203475988 0.1450775067000528 0.18725290649165405 0.1374707581195563 0.02343535703194231 -0.07288041949220316 -0.09442748083175394 -0.06760182324784038 -0.04628214910576329 -0.05029092704465046 -0.06168038052540866 -0.04358093983820598 
0.21995706886663324 0.261252120107061 0.18944326476132112 0.13134788603826664 0.1206669660433772 0.013136576644023262 -0.200443102526353 -0.3237950335011145 -0.27819283276995976 -0.12326387515580434 -0.012455876002238686 -0.00202603333308507 0.04278136443083502 0.09688077712397825 0.12030052924706576 0.09376266799693718 0.0705945577785506 0.04163474309423651 -0.010423310493293462 -0.04780460788661406 -0.07683682965428353 -0.09195398181603089 -0.06024403753430647 -0.0060449732396359685 
-0.4943616678051521 -0.6616998188546594 -0.5262430325700596 -0.30862749765487685 -0.09559016589357133 0.06010809504200548 0.14808961335902548 0.1881495192823382 0.19453175864855338 0.16971356165530338 0.15545214225253026 0.12166785923084955 0.024785482620762373 -0.012480675213647263 -0.08883221915363367 -0.15779246188902793 -0.11370970373891293 0.004970187040817166 0.08984766282137517 0.1430502408758454 0.11944256901113863 0.04433079259956826 -0.012081913970122668 -0.036045196511041565 
0.09374651717881122 0.15416485427400062 0.18074572081338647 0.1374434080063378 -0.02444878103005038 -0.19347631097414264 -0.22277482933716308 -0.16723236219501839 -0.06535744425120993 0.013889799289660588 -0.0030740448300006773 -0.0822171720849878 -0.021990839743869284 -0.0852726380239905 -0.1649973648555827 -0.20188677322901527 -0.15617702553462287 -0.07321704287005658 -0.03811151721402162 -0.024222185087765025 0.005861565829792877 0.043128728770852574 0.05413445217526444 0.019975097627910526 
0.24452428272902793 0.3324047060663089 0.2094239044295545 0.03267378816507904 -0.06583365499074578 -0.02012280758545454 0.06233353688955634 0.07260265605370868 0.04023651140105852 0.019915375922731793 0.01886679716488135 0.05041801739868579 -0.11026756829976743 -0.14505077402728497 -0.11371425594726048 -0.0806673824389344 -0.059150527269860025 -0.03702116876268611 -0.011266604478490797 0.0034905049738267655 0.02828762839469058 0.05694471620306208 0.07015032374269672 0.06973019312909609 
-0.08351338716884893 0.02001777171854835 0.3166018908282622 0.5663575628153344 0.574319787195833 0.27290315656792297 -0.043230512649553576 -0.19335504662350467 -0.21862990663559093 -0.17775096860207626 -0.10656655998420755 -0.026326405300734768 0.0032812794714757545 0.05124302813912466 0.13564528882249785 0.15910340013900234 0.07300679049140175 -0.05244701937137707 -0.09407913500011429 -0.05011069998734854 0.02214193540709425 0.05886204332296671 0.04237803916952073 -0.0049352720861641315 
-0.07492901073201974 -0.15947395549507837 -0.253028349735716 -0.28108242774257197 -0.21752286819693295 -0.06201813244096899 0.09211726845069312 0.19073934657510105 0.18630510465667213 0.09469979699198555 -0.003252571398456472 -0.11546810354856524 -0.03403375047571785 0.009098331098742992 0.11283620548756186 0.19804278701539246 0.2101558655701888 0.11577509001055403 -0.024453988444294316 -0.0999138166965922 -0.07397582306289367 -0.011545076380682135 0.019584782296530132 0.0413825742822286 
0.2436293254949078 0.24637510063732027 0.005035981428528125 -0.1829886844568437 -0.16762454590116205 -0.015187590432254205 0.044570709882611415 -0.07596860749366896 -0.20481754710029948 -0.20008854121386643 -0.11914847805689396 0.015531704647130107 0.015194817182713797 0.023204986144697237 -0.00683560208550793 -0.06505121004611303 -0.1048181035252097 -0.11217131399902207 -0.09587031303470567 -0.09576941399530897 -0.1195297172399521 -0.13458911903120907 -0.12450761633175121 -0.10251873632074048 
0.1830541778243031 0.19193104831069396 0.026698242666735927 -0.18678144924500928 -0.32532908515281467 -0.223402704117028 0.09179489095635679 0.31365088657856743 0.2552578008220938 0.06571939137067329 -0.033596590688365846 -0.09465876042193244 0.09486119378672771 0.11319261285499331 0.05586867255632003 0.004071747834958099 -0.005489637883292486 0.05823572678874916 0.14044098842127764 0.14274016460771508 0.0650233147533202 0.00354088654488303 -0.012252482650061425 -0.038017570452982104 
-0.25808943299515175 -0.22529968861842953 0.19724540088356002 0.7143607037048922 0.942677206249403 0.6901093844030186 0.24454161520173162 0.03249742536068906 0.10548289700155454 0.24050659130220708 0.28212829865600075 0.2708251320981703 0.17967964101572775 0.18297481869292964 0.05639110713314114 -0.03525036784581801 -0.048255579539210225 0.015027558083921514 0.06869935435987061 0.05241914112868081 0.009189541559227049 -0.007324555177981547 -0.008439266455428293 -0.0028293615429588193 
-0.10865321284717311 -0.2632143994321834 -0.516739077132192 -0.7419723653283142 -0.756204830622338 -0.5893738002248529 -0.4291911494727 -0.2917141636752232 -0.16391506165421546 -0.1362204289007003 -0.16713351180471955 -0.129062105915139 0.08533020496552579 0.08269989669078526 -8.034216336054353E-4 -0.07080186698058243 -0.10449305521664563 -0.08805899047587429 0.016111484124594334 0.12297656600139996 0.11942485103285072 0.05902870437141317 0.04887936456621581 0.06305827115162964 
-0.14955590221653736 -0.07497663157002998 0.10758131992856867 0.20035787712226283 0.1925800654512303 0.12271528336989368 0.09896566701752796 0.06945649424718392 -0.02279974053982599 -0.07714496554423501 -0.02706221813243223 0.041221462022609845 -0.15180129902609232 -0.16653852447985532 -0.042722429806850704 0.10041399346209424 0.1733797412140836 0.10152246676234784 -0.03184456017744791 -0.06105589669009879 0.00624449327786912 0.05290690483535959 0.04971866661432065 0.06319058382945031 
-0.12720320246158145 -0.13133017028586158 0.0739405480450479 0.2826255649880527 0.36319865089620856 0.3244713178271573 0.11624841267467562 -0.07375834586887989 -0.03887543350576809 0.047459056679654804 -0.02563942599279681 -0.16903173883904113 -0.10545555472751793 -0.12165956326177008 -0.0945803665946738 -0.09669642635750177 -0.09315673053579653 -0.07617288093854213 -0.060160944914061064 -0.0418063650576207 -0.03863245545431707 -0.07723565628427496 -0.11963580020201903 -0.10381546613695054 
0.20658945889032942 0.20837377024797554 0.030072877715492163 -0.09918024183957397 -0.137163758152121 -0.07138057491003003 0.06735551466038758 0.1066872065278138 0.0242296030937235 -0.010053865994049255 0.06222525590707742 0.1012381970717704 -0.13955107025374147 -0.15366001926319148 -0.046462867421029265 0.07214371976372413 0.1189918516781014 0.10869048093290644 0.08041509231527949 0.03141924031977663 0.0054359672181607714 0.004760276717383803 0.00271792863574917 -0.012249918548168051 
0.029640770781947268 -0.03991091055587592 -0.19424375624163237 -0.3021140267748905 -0.3118627272132728 -0.2638072282692646 -0.2329032385519466 -0.184910424642676 -0.07153236710803898 0.061940990177031724 0.14713015178158273 0.15237592497113234 0.0037501668807736386 -0.00626997398340164 0.016263506199590605 0.10625908873861224 0.21345640877961491 0.21081427263975705 0.06131596130379167 -0.06827317516167662 -0.060485957102609796 0.005546547573725191 0.02639183751097568 -0.0201892676549273 
0.1906753219229227 0.3402937963545516 0.3810620743349966 0.27629651371256203 0.17313519947166678 0.09078311361938535 0.0322962156850006 0.0307748126747521 -0.022779175393172854 -0.09866676244507488 -0.12160079292686951 -0.08273261423797273 0.06783274382562698 0.04497764501021025 -0.06699406117163265 -0.17204492550093306 -0.19069632608249298 -0.09590994374994462 0.024230155170143364 0.052623838339712035 -0.0028174305070176055 -0.029030846953393766 0.017849506473345364 0.06384200501875938 
-0.130496634620199 -0.17848026138894468 -0.15034456886347614 -0.22389007900385205 -0.43232005425453013 -0.3890533443568215 -0.050169821749005916 0.16901737654268087 0.1660868270455095 0.07512586218399205 -0.012901914108750384 -0.016478530219387666 0.14556736095835765 0.13315551012367197 0.040880618763823574 -0.07772637291322586 -0.17337643742497946 -0.1777040373684988 -0.09937631402321571 -0.01701475603972266 0.01482146261973663 0.02658204815110603 0.040349315154813374 0.05304500719391702 
0.08315993011452161 0.14272551063387917 0.20910546754131198 0.37784256077770595 0.49515388361598667 0.2789723143835823 -0.09670165925151286 -0.22814820908400074 -0.08612770246199793 0.07044623886265189 0.08869276943220789 -0.005860590389247744 0.32046104980479057 0.5256014676179621 0.4965768665095816 0.33378247367847624 0.15649887414250072 0.06918809785037626 0.08163148306642347 0.12138891362625108 0.11194083198068523 0.0589876558668865 -0.010598030190820984 -0.04184308749846876 
-0.35330361618892514 -0.3405932980665556 -0.23090730913626079 -0.11970793156778492 0.04725724298950573 0.17521028345413325 0.12972464098595726 -0.004404645644131622 -0.08432249143283635 -0.10236165493014976 -0.0790645748623961 -0.04519510853498121 0.043910810518429155 0.02097162337904135 -0.008917176712043617 0.007739147147373726 -0.0457177031151049 -0.12699116654241402 -0.193098910748988 -0.234346511712608 -0.18766130428670236 -0.07200336550648599 0.04521514046279546 0.09894072312379655 
-0.6593043367070859 -1.1554540881605293 -1.068387155057356 -0.7771419810409004 -0.5361500715778533 -0.3989129938372208 -0.3025454648817514 -0.24668091711059487 -0.23339701209605568 -0.18688597148866348 -0.056725371977583705 0.05715493741523031 -0.08743943583000953 -0.3711776170896493 -0.32834794154435104 -0.2510756816479699 0.0027905588706849858 -0.12049925406566435 -0.31367690701306095 -0.3118693818957408 -0.05303307274037438 0.06579173998612961 0.0446015398968746 -0.006309201074705302 
0.10900306723531727 0.4076946678711355 0.5151532725719887 0.33038475046332993 0.22048503268770459 0.33086280938082213 0.6320488133130773 0.8813232656938019 0.8027053947226455 0.4198020638791077 -0.07583826479224098 -0.3448084634930163 -0.6556980109525185 -0.892578569075169 -0.5779055473024073 -0.34418021878113625 -0.41297188008002705 -0.1085464550204505 0.1301008013688282 0.11938612288210758 0.01314350876300178 -0.08564835596328994 -0.09014074530070892 -0.10130186161995484 
0.114324895892429 0.8821143789339816 0.8211190013202403 0.9060232647060582 0.4001683121548323 0.5626438136172309 0.59316697562411 0.264595980934255 -0.3705424273186157 -0.38801084050036566 -0.046725005293493466 0.1628736903138857 -0.9469896963177833 -0.9301408739253082 -0.5922409886842114 -0.1940061635291863 -0.10889283819109347 0.04986958987054554 0.21017417398863006 0.19001574394950893 0.07926574379279233 -0.01224994638339206 -0.09165960426023674 -0.09288463465267827 
1.2269758003688729 1.3183581756116958 0.558056254582163 0.07125010190214454 0.8180136913632442 0.020071244788258974 -0.7084339833734581 -0.6182014633128793 -0.05518031011056168 0.2551458474655712 0.18635747769768551 0.2058510998755556 -0.7795533807431486 -0.09777500286762845 0.08849116070352281 0.17445879997013325 0.4346515852963229 0.40436922059463964 0.3445465182088892 0.4858137545976889 0.12081846204767166 0.06775888002405424 0.0011243797532713383 -0.11784939980572552 
1.6226783856794862 1.179636779745115 0.6868843199901908 -0.06555616617274884 -0.5082358863423427 -0.3931259811525758 -0.26282658850437385 -0.06696578445578094 -0.0422513910578291 -0.06780802413171905 0.08715556955816327 0.06047905968897915 -0.0767555808701554 0.13639630751051493 0.1160068721036313 0.1910126577572687 0.3460480323221938 0.27815060321134283 0.17448239707494329 0.1942180915937937 -0.09803147902186798 -0.1988592305005983 -0.007879087358241962 0.10896204021623429 
1.6934864645712346 0.5522584760684541 0.31679713112644503 0.2927980659923337 -0.6292676239526769 -0.4043599550181934 0.02640604075065167 -0.4103371154042468 0.2761044904492371 0.05642401562262167 -0.14615169147788337 0.05993705123661356 0.4296576746100575 0.3951541250547586 0.12774187081661278 -0.031889549558001606 0.16094815687358574 0.004885979488878339 -0.1572300115115356 -0.18372118311799823 0.02675438773189114 0.06419396350000574 0.03355341323646376 0.06684717708165268 
0.11133630640171432 0.8559753061740576 0.5937279467372054 0.22221130938915756 0.08566487284621149 -0.059592396113571366 -0.2977002276627747 -0.42199046780144234 -0.24209039053291115 0.307927766922904 0.14316684136901686 -0.09105540601534612 0.5456720803245433 0.3406593046337611 0.23865676601296779 0.09255965687458796 -0.3817908962556295 -0.017372013075124815 0.09037438442910267 -0.07511635008860686 -0.035727233048424074 -0.06878867525274086 -0.03898511416575133 0.030570759549598325 
0.6936738161775864 0.2947265372329486 0.2214088287588174 0.023035012795196153 0.03821884114820984 -0.16135348619787826 -0.2193071292596509 0.11047442771394611 -0.03552397356869408 -0.12530393856175756 0.057691602082867444 0.08107680148276021 0.6311520059152409 0.29784092778806553 0.18608385164605915 0.16487093287719845 -0.19069427154943686 -0.31569625540221397 -0.07582225662379338 -0.2833966170663153 0.10674967400588005 0.2853667858697284 -0.02112466894561914 -0.010761106327176627 
0.48556846890268046 0.2864248352615846 0.018608173135101325 -0.20835361019794396 0.30339356987410226 -0.4625131763373589 -0.4110931567865306 -0.1020225057490568 0.22074454009640873 0.2294219787186932 0.10218926527504185 -0.04180309408288914 0.5024595926507817 0.28682649153239836 0.18592540871425603 0.0641922855009532 -0.11412467616887807 -0.0909647968575749 -0.09710619882656901 -0.1709366100536783 -0.10225023229423284 0.09251602040329349 0.06069234421088752 -0.0280448561232849 
-0.3870856344249711 -0.05648907183950591 0.04610546298931961 0.013467727154289122 -0.16604915781831164 0.7441892013003422 0.31056927518390975 0.27986875476850626 -0.275561996883063 -0.7604234478844581 -0.06228889659403844 0.06759421425191495 0.36685379562185455 0.022464140864407806 0.09861833378867635 0.12089209273377836 -0.17961330266027523 0.09709589449990493 -0.026925624027573203 -0.10680652766578447 -0.031493235005892135 -0.020484152289453456 0.09783457262694367 0.0072192536496475295 
-0.8556627462493518 0.17110363611308976 0.12360340347918619 0.03441809570675147 0.5301729008361065 -0.2394693492899569 -0.271319833404848 0.006122198832312464 0.1846793180069718 0.34793946037437384 0.02108005807480723 -1.795440300687845E-4 -0.5879068118956771 -0.0088222150801854 0.4225957653714428 -0.45615315607861917 0.7212839260087356 -0.07252669282991338 -0.12643542351311446 0.07590093978944956 0.02996509096928668 0.021107922630253278 0.026419341063037862 0.03415623969741623 
0.2637280368880388 0.2849947142139726 -0.12694378777925408 -0.46102711835848664 0.4636690836480334 -0.564163083221294 -0.20841691886777258 0.3768216584206149 0.07698834249370079 -0.12311022252123752 -0.19525751219784626 0.038607265507407444 -1.0278161957442518 0.11815331178361917 0.04905244419199958 -0.2515068631224701 0.6296340488544733 0.3251121993682236 -0.12958206363579716 0.12211652864713868 0.02009607902115464 -0.14881918912545933 0.047177007117777524 0.032671520421651314 
1.9238820689332066 0.14214958747540152 -1.1626544975949402 1.3973532807943014 -2.175317328885277 0.40924304441319936 0.22770621077865394 -0.3782017769434598 -0.04542590249983319 -0.15255840185367697 0.08941554988783218 -0.12977833880288409 -1.1448016261127054 0.36040581354690726 -0.5053359222696803 0.07161168313465612 0.3227153400608407 0.1088051352926781 -0.440216304492887 0.20594967726787636 -0.03488217341507031 -0.012726524320315033 0.23381476592965225 0.03665761436392547 
1.3065905452165048 -0.3964719828715193 0.5420770809503841 0.08652072397792443 -0.7022061895210394 -0.5555035936559067 0.44980244399955027 0.10568115671497635 -0.2207976236931244 -0.06371694939405474 -0.23798766385388348 0.03437905037336864 0.32063541460650763 -0.02194473960224001 -0.5584772853191057 0.23572206174331725 -0.570114003345314 -0.08475773599667664 -0.1803766461264562 0.1622771041645811 -0.06665009780773683 -0.1347211708398248 -0.006782668440499101 0.031725586970089786 
2.0573108779245315 -0.5693804559848861 1.305100735923408 -0.4541908748654224 0.14496451723812076 -0.5702144999506848 0.7202193986401517 -0.4761565821184973 0.4382188213455953 0.35642239677172755 -0.658999163886131 -0.10803827955482578 1.6597035418717698 -0.20876267151182137 -0.23261175203434328 0.5563350566269161 -1.0890971542134034 -0.11954137998693848 0.2753382508402108 -0.20840690823723448 -0.04284598109393839 -0.13561353929303296 -0.28053110156110095 -0.20432434546002454 
-0.7648926114271466 0.7065939547508364 0.314610451418889 -0.2424212257585765 1.0138701706222768 0.179838896950678 0.08645642558084715 -0.061032251485609645 0.035116273994197034 0.02656289068553458 0.19929785001063263 -0.06743952502689106 2.545214784850485 0.10403739764002691 0.4453653711878734 -0.1159937429493707 -0.4939805706472156 -0.6995806220815063 0.2773575410350142 -0.2235169158034365 0.08032041861127898 0.08960587757383598 -0.27988817551955053 -0.05576374878228665 
-2.0194869783602765 0.21690463319968778 -0.3510859267261628 -0.10718091421819631 0.2339359536832749 0.4001959390707224 -0.41663553253262686 0.33037565186853657 -0.044844908061678734 0.20914229598562722 0.712366097638877 0.5341039852773194 2.295552166175311 0.42317802495157214 0.860098944195277 -0.21394838748352293 -0.5001541149712411 -0.2027013465196342 0.3461522145107683 -0.1938096910617203 0.05085329483458804 0.10271947295107649 -0.0383048873273969 0.03382189686442114 
-4.2906548811925465 -1.101726720383887 0.03407429871154921 0.2609969725024235 0.7352498041980303 1.0580330530779083 0.186157286480897 0.37296578713176887 -0.2202270148233243 -0.25889453172251253 -0.08400576805773585 -0.119400835695844 -1.1530579228236129 0.54462976194622 0.8336817258361613 0.2988472502012769 0.8321504182619096 0.38824909059033424 -0.22881707769144635 -0.009552297013152633 0.22891204521172392 -0.04621022900216031 0.1543344246896787 0.11670044336733648 
-3.066464485718702 -0.9347541932722407 -1.1349280203087533 -0.06405481154535364 1.7847370453639673 -0.4012075384553974 -0.3680876753421782 -0.11172652824202564 0.41333058125059186 0.19099268912252165 -0.402432692869756 -0.18352331481361273 -3.3531419738919177 0.42587088473597773 0.7052473572729548 0.33115080217080634 1.2127843767370239 0.25160781181756325 -0.011700061609713172 0.048384210021767016 0.17092350591985947 0.19982863495759154 0.08526694828825142 0.32679457032944254 
3.2177699107229047 -0.35146591785185954 -1.7945136792982996 -1.1605260276988285 -2.2579816300037985 -0.5842066360572649 0.7486337300599619 0.18867572960912937 -0.88070760629711 0.1742683811235683 0.2936939711959131 -0.05872720508343443 -0.6603959716251895 -0.018929123513855044 -0.1601500060202412 -0.10476332543019913 0.6921500696428415 -0.3692526535217562 0.28984292205289736 0.12580239150144973 -0.1811266363153898 0.18685001968067463 -0.2275613689392559 -0.02838482618967798 
4.285726547357751 -1.435838422274259 -1.552534009540103 -0.3898718206299894 -1.9078014594268824 0.46649234818561913 -0.6627735694930198 0.27736805056455527 -0.22737513008436422 -0.6069250653101879 0.2677153831472983 -0.47661654101721296 -1.7527580767901965 0.3026821963764978 -1.6562107137570337 -0.2306760341448273 -0.0014913335814167687 -0.4526731297807867 -0.31935892597841953 0.01801487903264763 -0.19702963286589373 0.07390209835278223 0.07950535336948523 -0.04015814724616127 
-5.9855624828552045 -0.7943972353413127 0.7233273113879477 0.7381954533353388 0.5050688476649305 1.7319410703226688 -0.5360285326023742 -0.1989886767758708 0.6435057497903232 -0.42048571354818165 0.26360430075150465 0.11230025597499005 0.36197369834715065 -0.6163192996637993 -1.271452068628263 -0.891449324664079 -1.216972057443871 0.2489886131066895 0.10332910900228748 0.2305209533538146 -0.13040169339850316 -0.0789887091999512 -0.010410301909530148 -0.0969685965980086 
6.793475941440942 -1.6213351236570075 2.574783625619224 -0.3213874496279554 0.40768580727385295 -0.20126200230300406 1.2323202339242485 0.028061037852531556 0.2423128018045564 0.26666344140004994 -0.6259039177560075 -0.14856260360434115 0.514082434396852 -1.6870248353105055 -0.6493036946349998 -0.2978876315910051 -0.33459970140018847 0.8999250688775456 0.007924790754877805 0.37400255727340354 0.20886726245128387 -0.29144528865428027 0.08335993173929457 -0.233167550267995 
0.8779741186398571 1.5902403318309126 -0.04381629099317408 1.4795797607923915 0.23519090897744643 -0.9972953001330218 -0.5089004986555347 -0.37823362409630246 -0.7243464920460608 -0.025559744631697023 0.7717345273761564 0.06815161600415548 -1.1853437211104405 -1.3247367808127588 0.8184350389334977 0.5061428803889901 0.19668340506132442 0.8330770142433225 0.18614081002115856 -0.004967957652053341 0.3165682068879976 -0.26988184530033765 0.13280737225898023 -0.04729306912522282 
-0.6882890565803361 2.4329173000711446 0.7789488755554572 0.13309892041449967 -0.7690633858825748 -0.8686646732191727 -0.7001119587310729 -0.7550171475954395 -0.17005079652002375 0.0699478161944106 -0.2364295253829113 0.24496042977218924 2.215643582201609 -0.7688772684789834 0.8905328754586422 0.34320109221573897 0.5671950002448131 -0.023367780705075614 0.01697406248822701 -0.2738865652824056 -0.05875893166650067 0.20633810267137517 -0.24676100772502843 -0.07290755717597187 
1.3113511794867563 1.152686895232888 -0.8340604303806618 -1.007476372852859 0.5033932290591712 -0.43358863694921457 -0.12823486633818904 0.20745428890427475 -0.10001707171137952 0.48751763495565104 -0.32955501221198413 0.057417946662393304 -0.6663481146536064 0.8719769350802361 0.4414185692574842 0.6174396071492856 0.23969271374622872 -0.5280380669330595 -0.32678058069661214 -0.374182014635506 -0.37588531226277916 -0.009569655610451144 0.16994792044263737 0.09820050363196527 
-0.07014333558733554 0.9040734000789552 0.2983070689370413 -0.10746265945254718 -1.4280003535014485 -0.41301199177968084 0.9910652303008946 0.5568767771994598 0.10642488663671773 -0.6088895564077496 0.6650238752131481 0.07552690259445555 -0.4687306451267255 0.9050269904755591 -0.18835198374765705 0.192519128322594 -0.05586233074386171 -0.2602517804067536 0.10843315033511584 -0.15274495239270425 -0.14531988027354203 0.246229326094609 -0.17948036709908397 0.24236631078943893 
2.567945602104176 -0.2612685234137011 -1.1277510954564187 -0.2524582707219418 -0.15441874845180292 0.35899255994641077 -0.37414735108168196 0.08836545741276597 0.2650716031639058 0.3425679085007365 -0.1888359342497853 -0.14173313130287352 1.4804851825135872 0.493076859358719 -0.3466618472749354 -0.28159797588550695 -0.36098022277426195 -0.2588985709925639 0.10247620803943751 0.10512139286753362 -0.08938077790847858 0.04377493736715402 0.06808116639143491 -0.08383241485921167 
0.08960566749113053 0.42481403796776185 1.4908501593363068 -0.8219675156187409 -0.27257040489550266 -0.4841999304467246 -0.902455167364674 -0.2372378746715723 0.0833645068629597 -0.5962652988619591 0.2316520369332412 -0.3825629636134942 1.511008512306393 0.4084065426053047 0.025023754531545112 -0.3382388950413466 -1.0054786707777403 -0.298228338524504 0.15908885759514876 0.13259994713111564 0.029954681237439173 -0.2876508578811107 0.2791816032050467 -0.050331301463750894 
-3.2099788695932383 -0.08691400178767239 -0.3903464337554885 0.19456998288675864 1.0086189230789842 0.3787010453619991 0.5110967083762827 0.28914743623718997 0.17965545190093518 0.34988069408129374 -0.3171125922463354 0.5379601243440032 1.5639531882546798 0.22060828585997191 -0.004100634413440367 -0.4034250942986671 -0.4479669299532971 -0.19593059862372597 -0.36716423297735634 -0.042805100605167436 0.13106569827064593 -0.052934926495610345 -0.042378027324254414 -0.18566538947090513 
-1.714206636657807 -0.40832348854997313 -0.14546652550805916 0.6837398988671421 1.006916823066379 0.47181878108603686 0.07117662778646594 0.05868594639390087 0.059268918555885536 0.2504066244453039 -0.10838260540371697 -0.11332582083773013 0.19600614745995215 0.12091607039946901 0.22209100875334423 -0.3865671578020782 -0.07406827786807378 -0.21637976698566033 -0.21238693059251648 0.011969717218535883 0.08301188487720801 -0.2106284632268192 -0.019238378254983573 -0.03217067309973607 
-1.2220078105853946 -0.5065246177347493 -0.2972908497939146 0.20496330493111792 0.5497384274271474 0.4687750000512079 0.2405294502748171 0.06881884869553168 -0.11607769749449492 0.07803672633393605 0.10831546889145705 0.2806444657219598 -1.2811072979529214 -0.02873808164605703 -0.06376194892330507 0.15065268919369582 0.4176382724742005 0.23110770951411386 0.22881563205105349 0.15352327991812698 0.04350730278970213 0.12432168757642968 -0.11098006560658709 0.06625340105333478 
-1.4923983043926476 0.27187113474289326 0.7780493410954872 0.33253729676531396 0.17907467653463705 0.11990239316565202 -0.13001074653639172 -0.16298273255635082 -0.017804573070949292 0.1715420746921773 0.07665314112929572 -0.15739311500326425 -0.737619995964273 -0.19351043426869996 -0.10896429328671446 0.19941679630027198 0.3371629575543143 0.1135143896211465 0.03024460371876295 0.02150494525391104 0.05864921460355311 0.17655849528610154 0.06435827499788173 0.011658768099047109 
0.5224388581329464 -0.3407970684959345 -0.6608185202873464 -0.08178678364341474 0.1696251789222536 -0.13866388922015005 -0.07475650061544889 -0.0605880640420651 0.08767028934524623 0.016347906228568035 -0.07669026869308046 0.3612335682667659 -0.3740173554971608 -0.08015521918365238 -0.09036361572291796 -0.008863351695756286 0.07897197562537163 0.06594075946758488 0.048535630546601295 0.035690489536616715 0.041127335494541555 0.13657583426297967 0.12153169975371347 0.1159166338666212 
-0.3735699831241588 0.08934403963671933 0.3631901895988001 0.22886455425359253 0.18548457465588286 0.43499505685827633 0.13808579207531008 0.058874567000966146 -0.21855271867464438 -0.24842445136031666 -0.20895456160509343 -0.1885966764072745 -0.1435022971008646 0.19941540067386296 0.13303569330799783 -0.08132834672878708 -0.17651135146388527 -0.24956936917300765 -0.3155010479119855 -0.23311350536280862 -0.11075643662801532 -0.04701419859011272 -0.034423481929614565 0.012000474637224165 
-0.6593699047281567 -0.1747954126307052 0.18122957312318277 0.2833897312742475 0.3096175514904096 0.11340638980214113 -0.0391257106708377 -0.14918126969297696 -0.13908563117627204 -0.12170751342875602 -0.11347577900248884 -0.05150365517589865 0.5755453903537405 0.3412387563519639 0.04123959718502338 0.055094597075732166 0.05975433013081451 -0.033783468606771616 -0.12717408773511166 -0.15654469980169824 -0.1493109311516714 -0.11552611122471114 -0.0699175700816018 0.08868312087045488 
-0.4709870316595022 -0.40937589521131024 -0.042081785533770955 0.3939340794928441 0.6386125446422148 0.7425753611735293 0.7986770022272592 0.5806543863575309 0.4278426970738558 0.38161238029117756 0.1983163420728436 0.012974072806395544 0.23086299960419784 0.4737865028840176 0.4742633300585777 0.373838856353935 0.2608215968248329 0.21892747987287628 -0.03850125541923799 -0.12546880624115328 -0.12636583747724503 3.495306499202433E-4 0.06411902948630373 0.03891836253350476 
-1.1554887886606036 -1.1151533701278113 -0.5819013242761311 -0.329605337490237 -0.23620179646335593 -0.19110363555746168 -0.02352984248608847 0.1481561256847473 0.21240537492601042 0.04790782407695435 -0.07057301028724358 -0.005601168951433769 -0.3555285054882305 -0.06646649314220439 0.3855202513875186 0.5555996940513389 0.4407434240211295 0.3093902296759107 0.3513541831203623 0.30501472847641803 0.13176602115695113 -0.04112945297043846 -0.10314893948010011 -0.028539987962086417 
-0.8180995399705289 -0.8618364902667803 -0.678034351877276 -0.5861544804259703 -0.32407054184173323 -0.06953237008055102 0.24579162424064943 0.28661228803556393 -0.015200709294050568 -0.3342807120629326 -0.4227630344216272 -0.3283030071200212 -0.1338896127214079 -0.04849951147350858 0.09961899909707632 0.17622467781530982 0.23198192475756238 0.32886507471897614 0.4335485488879655 0.40048952058676274 0.28201862576913744 0.11793538364283902 -0.021877177465132014 -0.04852264638940704 
0.5807718658920482 0.25083436432364303 -0.6573548978676205 -0.8933650709203621 -0.531271177331005 -0.40871043359855075 -0.8167455710386196 -0.9172044059612476 -0.3128619914631723 0.35962739165961444 0.5065107276850469 0.20475484867356897 -0.3786273402282932 -0.4248421343522289 -0.3504971266328751 -0.26958737911342595 -0.14276612595948954 -0.07138483147676579 -0.07546070048632204 -0.08162678287512294 -0.0760223990528318 -0.09822767804340411 -0.12749196350583678 -0.1451474135528439 
-0.9374485207716043 -0.9468712280165117 -0.3032119960292552 0.14713991276197724 0.09020146080335234 -0.1352164639628547 -0.10536078016037165 -0.08813390957975989 -0.15557949703896518 -0.12805355442866956 -0.024593994517905615 0.05336400316211529 0.03246443908136687 -0.07649334506341614 -0.3589851348778668 -0.45399024376263214 -0.3134742445317914 -0.17099568100520504 -0.09937822401235284 -0.083548666016464 -0.0430418686872247 -0.011117123763281963 -0.04714107394172266 -0.08426913166313828 
0.04006772242481382 0.20189040180374107 0.2821788776984837 0.11250960325606707 -0.015039419907430074 0.05589290581398754 0.3784284611733882 0.5804095731177781 0.5106619659569631 0.23947727939003524 0.11281836027840586 0.23900756656602976 0.14140170742405456 0.09174347489221894 -0.0761050812217016 -0.10533200715892066 -0.09843766433331073 -0.19087569842755045 -0.34623377229036195 -0.33125605903572214 -0.06705739594532663 0.1992089824254567 0.2837989025301236 0.16943591000376168 
-0.6451407854810123 -0.607884473816581 -0.07084583502672759 0.27287891377371143 0.3582363130418535 0.21115300322879504 -0.0536607198282959 -0.2115487034545569 -0.2978370819424442 -0.24085428463829708 -0.08449362889313869 -0.09262197107683676 -0.39892337932274896 -0.366389325636656 -0.06642463391727123 0.11497939502075753 0.07937682519431936 0.002208521348847655 0.060088485706400095 0.06106542134620188 -0.0027851852601720275 0.010059993482028748 0.08404031913559101 0.16534468473408107 
0.010412875974588509 -0.19388943745297915 -0.5452227347037795 -0.6402385499494672 -0.36997561045032346 -0.009268071911724296 0.19610571566642843 0.13827116808331738 -0.04056101117545291 -0.1815991905119419 -0.3149361627177072 -0.23055989421823997 -0.025658896587271645 0.034999658455874126 0.11073327334013716 0.10042715779219712 0.10197967000985031 0.13124180417774375 0.18784889988255302 0.20985969540233376 0.14591115097991766 0.03273480599639559 2.3224443072664136E-4 0.042203944455199184 
0.27414904042175525 0.35018666852181646 0.3097627119236901 0.17857580430247177 0.029539080491840952 -0.10926153914654174 -0.19446486452609202 -0.0502609711011352 0.12838754730775892 0.05230470007623277 -0.0628376904266221 -0.20788632064799306 -0.22119142948453593 -0.25081578659565773 -0.12327402333030381 -0.020446493510454467 0.06233808180672936 0.05566846953254404 -0.016332085699451132 -0.07654926559566429 -0.13276506399782667 -0.1354545208994564 -0.13921945621726903 -0.1504201778060852 
-0.342600500764755 -0.38214414473308 -0.24032521579713662 -0.14162031538490444 -0.15662981366197476 -0.17762523553157528 -0.11471616612537272 -0.12981337926593411 -0.14018380160789137 -0.005306630956416453 0.10129365775296764 0.17002790798601036 0.287792362431783 0.30888489819908 0.09837810447322211 -0.049349292763835685 -0.022537882513336088 0.036256588731188366 0.03104959335390861 -0.018890897084659092 -0.056995891007327264 -0.058181994677454336 -0.040676824371539876 -0.01370065301950546 
0.19494019134226725 0.23869023961044267 0.14652747551086243 0.0849092770227935 0.06454916922749107 0.1283261764410884 0.15074647816595807 0.15214136700706174 0.15026950526725508 0.07736299828230939 0.12504982952333094 0.15834466123929367 0.1568632070224306 0.20955507678536123 0.2018734758625058 0.21645372066379565 0.19540423384253688 0.1109962794692178 0.024173614754823564 0.03484558596389753 0.09552730631385171 0.06323182093219652 -0.015639941124202004 -0.10646889429644484 
-0.8133597867810165 -1.0647959175945323 -0.7587394299170319 -0.44535740801812096 -0.31986700727814027 -0.23683169589910447 -0.06964873574132245 0.09374269028319619 0.1194856828667808 -0.0195823555826172 -0.2868494495780641 -0.37257342610336697 -0.26525080097619264 -0.30722469672018443 -0.20412191999386664 -0.18646550350561633 -0.24668184921590597 -0.20209614654135788 -0.0540165785285015 0.036421307142641766 0.028274600895925556 -0.0065426990769104675 -0.013607031077415769 0.018215216705031952 
0.03893906236259426 0.06284732459645892 -0.0366506086038797 -0.31891681137230693 -0.475055024227687 -0.4126471473704305 -0.28951942398258784 -0.26657576376739295 -0.28802911387113234 -0.1302529004072564 0.17815368661149977 0.3828210292860301 -0.011045349554278458 -0.02414125066828206 -0.036355698003333825 -0.05812397549315892 -0.0606494529682872 0.02089491407378513 0.11269904216871775 0.13637636217409055 0.06414213212670267 -0.047438818408069766 -0.0889313380720962 -0.06171144288800992 
0.5311524666536593 0.6274514029344651 0.46362958624183437 0.6196892393294947 0.8532178307133321 0.6991498659982578 0.26746652053440473 -0.029718735306632077 -0.005858294726474339 0.11812941561909784 0.11556282244113053 0.0031440738475462665 -0.2801699342321302 -0.3906689163326664 -0.2944893121047361 -0.18719604573301094 -0.1441353603147881 -0.1216391469841287 -0.0969930838067135 -0.05068954295149377 -0.002556440222149949 0.015133169531203833 -0.007065425239775325 -0.0055023336365212505 
-0.4441798867122353 -0.5350096686492098 -0.35558993855856924 -0.2732421201715376 -0.3400448908633835 -0.4023493467289481 -0.3559082764780588 -0.19525700672029578 0.020515097683774644 0.15082356790566115 0.19063770773002223 0.1556202399278668 0.03082218319102248 0.01079880564588335 -0.09631373951379209 -0.1843007170432316 -0.16949214726205888 -0.13109332405109014 -0.10165272482379832 -0.11962040041101742 -0.10394450078120998 -0.0034204112124793288 0.13818521892901492 0.22004835767171427 
0.2687094904527889 0.40613932802630126 0.2841981713745212 0.09339338358052718 0.04503400698407234 0.12293684473254043 0.2545249419265535 0.2101519406141289 -0.02711710224422284 -0.20552009833268747 -0.2718951844179993 -0.24246603051472157 0.1641460521388908 0.22328978640538888 0.2283320672336023 0.32247639982274984 0.37477721513842166 0.26206975622742823 0.06863550947612905 -0.08286809944170569 -0.07141224857674915 0.00948317543435436 0.016699258321172108 -0.03613601308071263 
0.07769400088996203 0.1411069451128908 0.34200631737115317 0.49713326763187154 0.43751332942311955 0.2687393354156986 0.02190953979273272 -0.027649900494721158 0.03443379223137183 0.041833090206074244 -0.04267296674598006 -0.1545189915479787 -0.14769185608486288 -0.15379133575131246 -0.07470527744394835 -0.025155072828296654 -0.01764508610460197 -0.08081427690190186 -0.1452591800949446 -0.12728335395698392 -0.0354887594192349 0.0684781655647649 0.11463844558926135 0.08316316535586198 
-0.22222263356411176 -0.38047626316275185 -0.5701647434238337 -0.7329276540404595 -0.6598929248451844 -0.42260374375635024 -0.12734891602937815 0.1350820099056977 0.2014191037299745 0.14417512816582823 0.18212038471561537 0.26662172882760693 -0.012871809312259508 0.037734074304967447 0.10830786498433609 0.08641959240156312 0.04944580976008595 0.06524226074855961 0.09427064122710903 0.09507532430460579 0.013825411521139688 -0.045846825432268506 -0.047581477419824304 -0.045680562756662206 
0.24436174355080365 0.3196721341992541 0.2957073511724533 0.21538361712384568 0.06535383336505074 0.1128637782212028 0.27080619278474083 0.22412802050487157 0.012713272954380683 -0.22945854203789137 -0.38028541360456924 -0.34841313581088335 -0.07836440098912319 -0.13612948143304937 -0.13926184894840557 -0.1447951537261643 -0.147127887533359 -0.09265374719385437 -0.03519990693534611 0.0707309902437064 0.13033534265667115 0.07344024920058735 0.008580449803797982 -0.005479533653334229 
0.22399104705914663 0.20365451056821726 -0.01757594047913713 -0.024990568370149235 0.08277632573284888 0.0051478410841094835 -0.15273530825077763 -0.20096299279948482 -0.05773307716914633 0.06766619408610086 0.03965547127076818 -0.008477270113282642 -0.032602300008847486 -0.08721957195454122 -0.15538495492196588 -0.2024200430188253 -0.19775525192677054 -0.10362886401829004 0.01787370852132426 0.07816658995216426 0.07593822881851196 0.03862037099902974 0.017683887650024977 0.02232294802105046 
0.08968036354570241 0.25743000254655435 0.4834974627440216 0.5775501859752094 0.50756236673418 0.3328247845770319 0.1402024567094708 -0.07182036987324908 -0.22699614528908124 -0.14023319035582413 0.002818140565049587 -5.308911175312403E-4 0.17179307685110232 0.21923159039802145 0.17289841218365598 0.13723773527066452 0.0824972534500169 0.019975391115524783 -0.03329309153897545 -0.0848157748692484 -0.1036404155064554 -0.11224808488735422 -0.12947308028479695 -0.1112252144620311 
-0.04707504353501868 -0.08769648147277831 -0.19790493444372026 -0.30675080940966537 -0.2877314357494374 -0.22169765487939463 -0.1156681735557159 0.04855643523826525 0.0934591263961696 -0.01629866067229463 -0.06248305531926898 0.025711762417779505 0.19041506779854242 0.23400813289907366 0.17204021397748803 0.1660226296013194 0.16368073586343576 0.07633666403334878 -0.013790052768944655 -0.03679027234965756 -0.031530690848253766 -0.025412667982311194 -0.03436637475156373 -0.04442185119745218 
