0.0 0.0 0.0 0.0 0.0 0.0 0.0 0.0 0.0 0.0 0.0 0.0 0.0 0.0 0.0 0.0 0.0 0.0 0.0 0.0 0.0 0.0 0.0 0.0 
0.0 0.0 0.0 0.0 0.0 0.0 0.0 0.0 0.0 0.0 0.0 0.0 -0.018820821146956195 -0.014845903755912696 -0.021863064522168907 -0.053207351122492495 -0.06848966136146416 -0.06382366997274593 -0.04231613291323921 -0.001146790289193252 0.026249748200715278 0.028877288399367873 0.024541697282259755 0.027286167478539052 
0.0 0.0 0.0 0.0 0.0 0.0 0.0 0.0 0.0 0.0 0.0 0.0 0.04888656468761843 0.05918354861307858 0.04445847584031618 0.04140451633152673 0.031378833207009856 -0.007442728799153207 -0.0438612358856732 -0.06696951578423053 -0.06445261831053728 -0.04601472023921196 -0.01757303857716055 0.0023053171210813683 
0.05646246344086858 0.04453771126773809 0.06558919356650672 0.15962205336747748 0.20546898408439246 0.1914710099182378 0.12694839873971764 0.003440370867579756 -0.07874924460214583 -0.08663186519810362 -0.07362509184677926 -0.08185850243561715 -0.010800206382082974 -0.011160877022650598 0.03360280021837377 0.1034194435768591 0.1531283794586372 0.1753935811909536 0.1483765153416923 0.06631195530526955 -0.015473189790543518 -0.03870053537758347 -0.0369858032911005 -0.052874500960828574 
-0.17489092578328957 -0.1998195014731048 -0.1661700243042019 -0.20402457567831894 -0.1968709916632258 -0.07340731856165927 0.06810950828716078 0.1991883619189017 0.23273247723268475 0.18136009331668768 0.08953166165487128 0.03401329985456447 -0.05631110743918807 -0.08920052177622839 -0.06742746946946898 -0.01904641315050028 -0.0015685181374446393 0.016065502361975875 0.03758956562247786 0.05713362063054175 0.06828721533287586 0.05368541641203717 0.023749581614879108 0.009014111997623123 
0.11984608203789371 0.1333923818045042 -0.017723388503020354 -0.2082460428914178 -0.3609496425442986 -0.4894770842920312 -0.4791843001686573 -0.2985300468752595 -0.06994666924471182 0.02542155947440658 0.06619157904586587 0.1416168529552035 -0.0048339402362936506 -0.04292507107961877 -0.0798848883907383 -0.07804495028767118 -0.06484963053210425 -0.0400281162330832 -0.01360999430684682 0.003904843915506421 0.026847237953575492 0.03545129068756663 0.014318493388831843 -0.011848572515247782 
0.13724151301905163 0.22317423006030213 0.24393869944317048 0.24107328758094848 0.28791486772667946 0.29227754001920686 0.1902976525867539 -0.020415653020205593 -0.2092629336773446 -0.21708296157236662 -0.14115708029095989 -0.1387800136882797 -0.003600854253865471 -0.019536359169107637 -0.046011584693081566 -0.08769041457551881 -0.08558041898028557 -0.024816138674045612 -6.204538349887934E-4 0.0031673293018021817 0.0374840672172076 0.05272394638552095 0.00964743492355854 -0.03845653429930653 
-0.08510193525142107 -0.038183941260109044 0.10018949686503542 0.1712079726008573 0.15762494598575255 0.1287129293270543 0.10668430951046154 0.10152784659061415 0.061706746992142375 0.0062357901837236385 -0.0012362010403592083 0.04008387188154827 0.18585855932115938 0.27349202392697775 0.236526478832869 0.11810562465889855 -0.011272139062485032 -0.0857349995802278 -0.06758796671230538 -0.050254876499755706 -0.10028792829162118 -0.14730030540637473 -0.11507309170023378 -0.019000979511572914 
-0.061614354377035774 -0.055422262433475256 -0.0870917129089851 -0.13068033969790005 -0.19941702898739466 -0.3080539093490652 -0.22296343504743227 -0.010342572719441667 0.054453567462634855 0.03278113880546629 0.0943032469273082 0.20014939328931167 0.06869834208271053 0.1017018175075397 0.09113889029474137 0.09482493604666087 0.15623788124417992 0.20490507615857526 0.17362625888331154 0.10064465951906804 0.007847153321733394 -0.06080638651581014 -0.09817300118176753 -0.12849543039391434 
-0.33830166222754077 -0.5477854437295404 -0.5617876188255496 -0.37668610322868923 -0.0834672769998065 0.06789363913278824 -0.06978985621464806 -0.15280195752637438 0.09905886506016198 0.3423904255046143 0.2936806905374332 0.029155088001126553 -0.11963038371333094 -0.09671004088514686 -0.010854646925007835 0.012327388712480162 -0.04228290964571426 -0.10613936152519869 -0.08745968918745589 -0.03495907040359361 0.025423459721522258 0.10261234354044695 0.15872819278841674 0.15900356362207105 
0.057746350258979895 0.1728695287723987 0.3015105864042389 0.23054551735573914 -0.06025266451308081 -0.2920280433593858 -0.24234404120062591 -0.1951847295189154 -0.2514804526765546 -0.2027411196853815 0.005903477465446505 0.25217066943367417 -0.20543261407231292 -0.24595382635909258 -0.18976902901997597 -0.15481670662611266 -0.1419480533515036 -0.15163001597924736 -0.1040217284017504 -0.004623677709511331 0.0468074380661459 0.053347634631453957 0.07240352416528291 0.1058853385609047 
0.2141088635705639 0.13780028579239456 -0.06154771201655307 -0.046387122063402786 0.21489149268573837 0.4391180809078107 0.378753680149426 0.29882613620113185 0.13840337789717033 -0.18384011119219332 -0.43322089467467856 -0.4629374570568461 -0.15398506912919854 -0.22153767160411864 -0.17927049114263724 -0.057975207155093154 0.03586470366253006 0.03718689606963301 -0.03957749844193367 -0.08543462367145278 0.0014026293493900794 0.07187286978039674 0.06384577245808039 0.012234756160216978 
0.2784782249408506 0.339646351882835 0.23209542074644451 0.16862028959779474 0.07724774622434366 -0.038776082298834336 -0.13517001802421807 -0.2222855864546608 -0.10564100315430702 0.13585350325950823 0.2405434670375153 0.12853965013558388 0.08071610796887956 0.14692868204628926 0.20594234632330669 0.19253563888232242 0.09236338485158468 -0.02292146451049858 -0.07130270032052988 -0.06850795074942508 -0.052418640162703624 -0.050116272860059485 -0.041407979954141416 1.0969661947883107E-4 
0.013287607819119529 0.03343915952759735 0.01073143743125926 -0.17179786788443757 -0.2598115933561089 -0.17029302960638654 -0.004644372477050962 0.11705234195585668 0.02193125225086795 -0.04252549530902078 -0.01517662162284239 0.05426632916952076 0.5330647807143957 0.565281571059674 0.3319566265203378 0.24292394426135736 0.26450830821601395 0.29983077325052515 0.1825925711816365 0.03938322888451526 -0.03514034992162456 -0.05394537093363666 -0.052233509532337574 -0.07194013326126238 
-0.08399134577193657 -0.21573595423407044 -0.35245602728958736 -0.2843560263807108 -0.09999127604691121 0.08144190542920854 0.1632630860742022 0.10122601985199742 -0.03598846936529254 -0.12304960904678933 -0.07889471919804733 -0.0067603135379457335 -0.041558836437998625 -0.05040725240901178 -0.141233739102655 -0.2537511545897668 -0.242458854221133 -0.18770905030905305 -0.11622906919674737 -0.03513086744446674 0.0059752970126758 0.037522836706754506 0.05067117002434474 -0.0029038575020334614 
-1.2038506932162294 -1.2803532743281747 -0.7651418675595507 -0.5486707968582221 -0.49001392082667594 -0.5204832327077863 -0.3182405854446936 0.018920646394256974 0.20899816076753677 0.10744755776186543 -0.11680127295988452 -0.17946707543629412 -0.6048008395328944 -0.7021395457057035 -0.5739345305863249 -0.5065961613970614 -0.3335907731816963 -0.2576243968950156 -0.10458161871934331 0.039517306695838916 -0.03383246347727589 -0.051215060884226886 -0.01719877253031069 0.028086931933028234 
1.011723884772521 1.1477643260377564 1.0437332905498145 1.1183102178539874 0.9197254726230262 0.6994461701790247 0.37031529604984537 -0.06782713634046073 -0.21710034845066883 -0.05170153339619839 0.13934228263300213 0.25411792494459173 -0.293137286090775 -0.6439772191327627 -0.5410044668100978 -0.29079199941750744 -0.29174887151875156 -0.17793839850882254 -0.057845756623457756 -0.02836728524760057 0.05037046572135797 -0.01671244359002419 -0.07036769508316028 0.013781197422336073 
1.279832511145574 1.458107656508794 1.0344403702705334 0.6466574941893977 0.23110235185401118 0.29357802870375216 0.20557437869315742 0.083026999964569 0.21398458222538377 0.07544564951836441 -0.07269880494743505 -0.16043358587083267 -0.5725397987595895 -0.5154072298874958 -0.16765404683929122 -0.0014028406040996384 -0.10835139508345944 0.021245673925152236 0.11397551683088288 0.048085145218790065 0.09031740828103746 0.017739971134644615 -0.049042729083457824 -0.019028779285564363 
-0.4464210896805132 0.3469652377457333 0.3707662542256642 -0.009644173651998322 0.41469720216899986 0.20822647024990704 0.07489287387564997 0.15427469880964312 -0.18959307725828994 -0.05691132415496625 0.11015713204520877 -0.05762065058768469 0.05270705304773512 0.4191618819847805 0.4250099677674714 0.2562853349636521 0.5586962021753518 0.3589239280522804 0.15956181684642012 0.20483358124285397 -0.059512392817312486 -0.05178526189934831 0.0488601434453689 -0.07802770362045736 
1.2428411902890562 0.666267959480324 0.07430379112039809 0.019514920707069727 0.08755439965071554 -0.3386104045186842 -0.5124559248502446 -0.23638570683716514 -0.07570769967176505 0.056832539737315516 0.044919489584385616 0.03348855018653718 0.372211070201894 0.6013005341515237 0.3553614931893341 -0.054115712943333096 0.02268299549901979 -0.10763281153813146 0.03951699118959129 0.21867315645633081 0.09862743434479737 -0.026749239556062083 -0.09842751486451447 -0.11593691706876703 
0.8720983860575744 0.2861985285976498 0.24877167682246792 0.6630254997041951 -0.6845891578013812 -0.06123139736659833 0.250644997282286 -0.5226215266681555 0.10628297094984303 0.112960807192371 -0.0660472949690149 0.3912399677772789 0.22719797968485356 -0.11115167359819189 0.22135203826534453 0.15715708043806673 0.1109446839343341 -0.09210774313059955 0.00886503885555768 -0.1197206662496335 -0.039952500154764724 -0.0719810605832834 0.11091919941050062 0.04351501946373193 
-0.49606043732915195 -0.31541059137173555 0.029353179404129293 0.47266979634130024 0.7126965453421423 0.7512053971263992 -8.526565789344631E-4 -0.23454435666552415 -0.2298357449130748 0.07075730251288204 0.3106859531532202 -0.03705314384701336 -0.006179024521561827 -0.32440001088572057 -0.1584134131333744 0.5103868471405556 0.20898269137448247 0.18132966664853722 -0.13416804967619253 -0.2801842219573389 -0.03189467273850749 0.11495396393936676 0.07719253855565411 0.1102689903154936 
-0.2585642149259697 1.1712595339663388 -0.2708145547122349 -0.7076928527833137 -0.23070792247971583 -0.06035820118083601 -0.20750387682667815 0.5125160224727231 0.007328445826659091 0.15206947620710065 -0.35548369797071033 -0.15289486196210522 -0.5176081999539647 -0.1501623124189774 -0.018698528408027954 0.5340005450325296 0.19199686911285818 0.38163770283349896 0.006132744036190935 -0.15506011484502744 -0.16568552002886355 0.23783616569082056 0.1083245491172507 0.10285245839538959 
1.8267095643455136 1.1969374894531413 0.8093371462878727 -0.8262864444708427 -0.7663342921335645 -0.8830360025571771 0.11912266123281501 0.08659818446441214 0.06945358110534938 -0.3075836865881496 -0.041939924581729016 -0.025251005890251588 -0.5760637813103463 0.02398268932421299 -0.06470034563175557 -0.007240356260525327 0.310618417516988 0.40814261547604147 -0.03723064922630115 0.05847794208302174 -0.1353566288254657 0.142401730166565 0.007242537354949323 -0.05425922226415097 
1.2635379850821353 -0.019488574557856353 -0.0851247213953199 -0.2894980149873221 -0.5210643464021023 -0.38902380602530706 0.17225910626783847 -0.21801245269804137 0.4536948680272216 -0.41137719532957484 -0.21470800345329244 0.07678152361272922 -0.08899577916831773 0.7596340603709919 0.049295399729782474 -0.5133939398337047 -0.177930002548926 -0.05075895233789085 0.01755777101084695 0.18279487496334237 0.0606297325130531 0.12039992390499903 -0.23487689231032652 -0.16509732329449897 
0.4710798065978343 0.20801539491772303 0.13060929964093848 0.2852934462248804 -0.0739804952476284 -0.3088896468794897 -0.07904220044728932 -0.04471394532920714 -0.04694906953695893 -0.07472455221847518 0.21857049382966326 0.010886330158022317 0.5749110666731991 0.46649137853729616 0.15635679970709196 -0.43339442668230305 -0.2924768157868593 -0.348452988319049 0.09996038969879623 0.10816051661356763 0.08159697434119852 -0.19060230208467824 -0.08338710039210977 0.02962852600730208 
0.6862380014528231 -0.6131815998789278 -0.07933683057811525 0.27669902136993896 -0.04309481327590592 -0.19515452200600714 -0.1610947590191668 0.02978746247950559 -0.11635942639134605 -0.3255598626927336 0.21889176975457303 0.3243284398972547 0.439561426379965 -0.0020058858031439066 -0.16872947925657686 -0.19624169960151128 -0.06749412898287217 -0.18621034735072917 -0.060160693887253015 0.046197942903294265 0.21680912941983954 -0.13491140700309334 -0.11536990389435849 0.005502082899016787 
0.3906263561405723 0.09430986650178852 0.33737280175799444 0.1907983173974359 -0.12788861133608487 0.06538832039031983 -0.01408157522007103 -0.3617833229650642 0.10968980529103767 0.22131455334746453 -0.008578510009332435 -0.23791004205442057 -0.15210369838119617 -0.018447693012652405 -0.0219902875846046 0.3465196594556946 -0.050258415003774704 -0.2019872141925301 -0.022087638584583107 0.045558815890403635 -0.09243175924128089 -0.12422512316678698 0.20058902571923623 0.06273529822002438 
-0.014919568829128593 0.04338184705954262 0.31768196531588266 0.346474648230934 -0.29162790140925754 -0.01753174760802434 0.32026087531598835 -0.19807159258999563 -0.27505195764629536 -0.15466252710326467 0.2449762101492809 0.1846734610219003 0.4072137700679426 -0.2902995438747755 -0.3276616849192826 0.1851905290117085 0.1314445640759618 -0.03482744973885965 -0.15445086372972677 0.042755923408345074 -0.036109928351123755 -0.06023449125798993 0.06665962819339606 0.05316954966183992 
1.2779696868823986 -0.06492324951355499 -0.0019292355522466664 -0.7891533455727009 0.20106129383037152 0.2082606084991092 -0.2534571018611176 -0.06746086546566743 0.3096924738143584 0.2125021494871513 -0.3962388035253994 -0.10749207506437364 -0.08002400408447663 -0.13444379374689763 0.37680254671246666 0.06907718910017895 -0.1470111317034518 0.06553440764357772 0.06899434304388084 -0.21765556543755826 0.07778506978723129 0.06203853095328108 0.04541087647626856 -0.05271960930397701 
-0.979074974121918 0.3373335897530705 1.0732992428348531 0.21110326581988192 -0.6019034580870195 -0.16210831684382287 0.4219455954905368 -0.24564153649522802 -0.10803097559963515 -0.14045018698860723 0.21274303193241834 0.09961080741671147 0.05145831468326308 -0.2334202135407466 0.16656130923626375 0.24616069994921888 -0.08254418061061046 -0.02326100739663391 0.15527909563601108 -0.19919129596392016 0.07894511078405632 -0.0612437466780669 0.04060626238175113 0.06165002242989315 
1.1127760710403969 0.3506653763957175 -1.1708434771388907 0.05125244130242512 0.46828256211315145 -0.05892661792251408 -0.27190696443898776 0.31496834530022677 -0.20717589509398632 0.028092790430292558 -0.12869455032970684 -0.03721988733989512 -0.6637042524068985 0.21227662125189095 0.260408073888917 -0.17496886007597845 -0.06563002348989956 0.13700633495225656 -0.09529051133785228 0.12050399429391456 -0.11078701769831616 0.02847085397170342 -0.07666977843995891 -0.03800172254415043 
-0.08669770495791695 0.5358481747271462 0.40245515840041346 -0.8122103450542857 -0.17760599371881614 0.18584488779268904 -0.13635148030310984 0.20828768991881774 -0.2534531055442919 0.12127339245936541 -0.010614703593818775 -0.035412700130018404 -0.2542124587327496 0.14817377359535241 0.15208059973432317 -0.02183158810162548 -0.10352638748011922 -0.13564358861108006 -0.160042882889498 -0.08999536706669047 -0.23621608240812766 0.19365911720016785 0.17966393664849675 -0.08795399770990349 
2.8228938095210934 -0.8010104057562657 -0.44773141500177793 0.24741004009231826 0.18580263211596854 -0.3767349986759164 0.3115629700492626 -0.655937461554434 0.7147645918816352 -0.003772202151945292 -0.05455060044240412 0.07402484634144257 1.2209744546596346 0.2750306847510249 -0.22516722982187373 -0.3737231963035554 -0.2717428784879215 -0.2497391363906963 -0.1275697920798056 -0.019874348856353474 0.09861345541990997 0.13316490715839244 0.049699293968427684 0.08118590825932526 
-1.0714964671640175 0.46865016004300486 0.25550141256332726 0.1785192307298118 -0.15008433064807036 0.40372663936611847 0.6103392769149056 0.5097974681321737 0.1396470281369371 -0.7054950422979919 -0.3633207529567233 0.3078504337057531 1.7152492975447153 0.1053270285619714 0.02970440431454365 -0.31869113243689523 -0.38366429956777565 -0.09837048075119686 0.36008894216576176 -0.22456644356266675 0.1541984051618299 -0.15778382936792326 -0.17211678791419213 0.031398824134679516 
-2.057747911835457 -0.4408276705152865 -0.42186491475472643 0.6770572423210424 1.269750366041543 0.5813499154628601 -0.2625429668085787 0.2238365027626092 -0.6995663281943307 0.04198228633379392 -0.10143940755353761 -0.4524091790357566 2.297556280467563 -0.4902625464966584 -0.125917995191524 0.3741220296479158 -0.05496850700523842 0.05844227391967919 0.6169390505345911 -0.495986623505658 0.21782592248918833 -0.43790722409862726 -0.14389849358909376 0.09505528447058526 
-2.792124736913788 0.03977572142074237 0.30040869533325676 -0.0709605488579621 0.43141303802172337 0.0019138729768913842 -0.9295653383714745 0.4421000384482964 -0.00888286099179858 0.5717476363202656 0.5291800637043244 0.13360784015454263 -0.9379880666748948 0.564182303395345 0.3583130042674492 -0.1193361497626515 0.40210403873668854 0.3090294680428898 -0.06257853200270813 0.651649546292994 -0.0972208343360959 -0.4558031887067073 -0.21983757664967216 0.05220628496237082 
-3.2094608970067102 0.8842144530448408 -0.09243107081217072 -0.7502161590575422 0.05995946879678693 -0.3511554372403405 -0.7693018739113204 0.8658711238044785 0.13555176897843807 0.6713281308348078 -0.06910552800564666 -0.12401971029470796 -2.2101630882184984 1.1041854120654362 0.1208378215912956 -0.651020006658355 0.725829751569945 0.23164155174820245 -0.9137481697293998 0.5995793902732194 -0.3404048279664254 0.2248114752954576 0.11749318681680436 -0.05571489069255705 
2.3183242254462932 -1.8864178119230939 -0.9841545222102983 1.2501643807070586 -0.7515009982357579 -0.05710908841095064 1.051454326474401 -1.766168481267743 0.013750482558840323 0.3472416015716229 0.2800250372183477 -0.012963155551883682 -1.5909833803014763 0.23104141701068967 -0.22025337159860037 -0.28168289995789575 0.14018660910777758 -0.02833276966038234 -0.6455156615564239 0.18626350957016424 0.038051142584854765 0.45641414134689323 0.2913163543807981 0.06453320509664881 
2.017516871639998 -2.790287140039677 -0.1420967707568357 1.969554797513597 -0.31628187053955126 -0.0840632590878263 1.4881917099566828 -0.4707674081990292 0.31033148392962606 -0.5201991221782575 -0.3293414547609624 -0.2119790091048723 -0.7975599561972726 -0.5433292610429517 -0.34844355200859606 -0.03939508457188253 -0.06222022496300165 0.0015964472767039755 -0.06188268451207324 0.00697808987021246 0.2111678658025803 0.18132645050701043 0.05810240773532741 0.0036020622209134434 
-0.6326634803327131 1.1839022669309323 0.9860016601013903 -0.5857973272698445 0.19897388036655972 -0.04663390711821869 -0.12176514563620433 0.5516287757395575 -0.21042614622195688 -0.2017311612138815 -0.21465103606041197 -0.016012125730321625 0.5239935615433989 -1.3325671036578115 -0.6576478619597282 0.8376053875546773 -0.15216722457387793 -0.005890750660818493 0.9362840742887119 -0.6612349895420755 0.1466715156710706 0.04931973183672594 0.04533310555291739 -0.06030697705041624 
0.6587128244746108 0.9790421967466827 -0.03217850594222682 0.2859499486465569 -0.22861729561536692 -0.3611823697168184 0.002955915680201926 -0.3139617743098091 -0.3858635140389042 0.40183516070652875 0.003925285427750946 -0.1333014118682293 -0.0744073523219404 -1.0174957574790204 -0.16183414952635097 1.2427428960286064 0.08458744745447044 -0.17007778138492888 0.7644559157823737 -0.2286125456676162 0.10641204659405538 -0.05168061817745262 -0.29171228185990516 -0.04933554941696915 
1.42574556439879 0.22661883065716104 0.9338299312615819 -0.4208493575234532 -0.33883161197621625 0.09912271888600088 -1.0147799992534943 0.13913367041387348 -0.07816656547010636 -0.261734735380948 -0.02260764953476113 0.12861897698104352 -1.1428698862374844 0.5506998101920294 0.4283610419122231 0.6716961863246436 -3.251062733095796E-4 0.08042828623692037 -0.18546983407789996 0.08681537814664818 -0.047703662677155645 -0.014759961295171384 -0.26978404555849717 0.018071938840269586 
1.2115344062400677 0.7408418505342702 0.36949154224212144 -1.8411478754454182 -0.3011414667315746 0.3532917720648505 -0.35866861058179345 0.42131778146666143 -0.07503444622846533 -0.3351554805623664 0.4497736975559278 -0.13628791220964742 0.01018417509086067 0.2355382122590989 0.47043686423732467 0.2804077084367827 0.07745127948419402 -0.046180589668052496 -0.2032144619126606 -0.1452916264021351 -0.05108781267682366 -0.15439791049520304 -6.947991420113894E-4 -0.012003007646450617 
2.5195353874970117 -0.3490969905389498 -0.49991648972745306 -1.5373369741977874 0.2362112847445923 -0.6451558367198142 0.6154566197284932 -0.0764571365886223 -0.22272969209570936 0.21104404330608023 0.37177689455099117 -0.06873469208042132 0.8918143968859672 -0.1372484946550919 0.7261161654176611 -0.6070881119451849 -0.05431354632465416 0.09809538877262687 -0.2679040555821138 -0.03125333792859575 -0.055482623983931 -0.24419901858553925 0.0021383476357169084 0.013131065002917922 
0.08126538765291791 0.5602854705674414 -0.7266158881596834 0.0029706316733758564 -0.7484925824283533 0.14949867709024667 -0.20251900807280998 0.22970850839784415 -0.1603185126956317 0.6286395028486237 -0.19118258918909103 0.0013844456018549667 0.7724405213084659 -0.09796371003437147 -0.0012871147047155418 -0.9516796131427663 0.24754540264901137 0.15807308999333514 0.1985122072978034 -0.04095256125543419 -0.16739459906961476 0.20835609041955228 0.23125620497657018 -0.054150653916229065 
-0.6845631169655366 0.7286425046058511 -0.696464849790499 0.47835572475270427 0.04778458484613557 -0.09326689994457782 -0.2891426337616447 0.32869832073406935 0.13092333971526982 -0.011035171329825233 0.29145545093059755 0.02038960306653856 1.4889250979296105 -0.17201438550953588 -0.2936196270345824 -0.5035744890440811 -0.017553280926114596 -0.009315082521029158 0.4010027165576057 0.06239366007192013 -0.11920318963982025 0.2969530081366374 0.05866730101973403 -0.18934043187849578 
0.49626209454594417 0.49586323306498414 0.47162706638779106 0.006044614507634938 -0.9495643247293803 -0.3968719663027731 -0.5019056057301347 0.34159773657161824 0.2503228350748894 -0.8491841445030704 -0.20383419556358595 -0.018398098034440147 1.0872481670086953 0.5267125602203254 -0.26889336083444987 -0.06450290334980781 -0.6874384069393926 -0.2123906763715039 -0.24219412108360885 0.10512239580701184 -0.031241561928861527 0.17750451114379037 0.040848877831505835 -0.04264745971940311 
-2.1547382597383327 0.19915728474088645 -0.21817908589744306 -0.028150498482673703 0.38940699867344963 -0.3440252674602169 -0.43785823111566163 -0.31958273089126976 -0.07044079706150913 0.059096842572015085 0.20210079467903652 0.5091778753732135 0.6199382579826894 0.41666641252168546 -0.25453587811291856 -0.019417859864542253 -0.4104812789493609 -0.3162037402675026 -0.2394463856377429 0.20077043933577166 0.03802586558751559 -0.25562358464275425 0.06485586650473574 0.015023494081658243 
-2.44539154198677 -0.7551096001610524 -0.1590786876028618 0.4497324533404883 1.1430114314761675 0.912049889962578 0.598421153855025 0.23848184678947817 0.03408824147934236 0.061059962466332496 -0.269051894557828 -0.11506731139327314 0.10876326527400644 0.4086720878835151 0.27338591002753504 0.023850223631937006 -0.4289765998236778 -0.35368894845129306 -0.3332453913232034 -0.04234560710112817 -0.08927682286712102 -0.3536766492118184 0.020787232997819944 0.11711028313545675 
-1.073551072647248 0.10412968365381303 0.38249566154358305 0.31476538492990436 0.2329405435914444 0.2008833927252544 -0.12096685664099582 -0.2220550523821756 0.12496303975049655 0.30071352911373606 0.12949670091351137 0.023653727500980326 -0.8984201131530983 0.21462883909062036 -0.041737531164558916 -0.05554134885189743 0.3221644762954938 -0.08141226273586295 -0.06189895274658069 0.03862051719351334 -0.08634009130678494 -0.024996141103268827 0.04805516199299389 0.07663679478514342 
-0.37062129482161754 -0.6826392300420245 -0.6488680374153271 -0.2369639980944651 0.41559870228265566 0.39174054895837057 0.3393848810021427 0.41987071862045566 0.4204513852702496 0.09103745986152431 -0.22989384767428322 -0.12696687350469388 -0.6455996211771952 0.048165893279707696 -0.03210113650944842 -0.03809843923246695 0.3332778458215927 0.21685742908666936 0.06897005097743135 0.010557788175013377 0.044163866440240306 0.16594739098321473 0.029340257827071503 -0.019070969957373774 
-0.49686304386161373 -0.4809644175904886 0.1519281825024663 0.4818217737904953 -0.21338006561627576 0.1603661912494757 -0.12264323644947839 -0.5261387183872985 -0.004602095036607939 0.11909651718422565 0.03835628525828248 0.28521727207349357 -0.3183508639957497 -0.04442866316789592 -0.052005006392907095 -0.10971549524753128 0.10006544610720343 0.17098161349939334 0.05876302729688809 0.12483054307835643 0.17988454340264695 0.16336480496654374 0.15037206773616155 0.1084454064310917 
-0.7969366928480017 -0.6070602293780247 0.05250846144604182 0.4804995766075937 0.3663381986152494 0.28173620344045924 0.3923491908269723 0.3588503152669995 -0.03362079044782629 -0.3459737045185565 -0.3115024602114281 -0.18863617380740844 -0.03433369900980517 -0.15556099093332168 -0.05877483237397311 -0.021245786081285207 -0.1435591937327964 -0.022378984671665325 0.014021672510294255 0.06209261049945921 0.1606261780149132 -0.007651219773237933 -0.1024865098661446 0.02787405126933858 
0.09465921835319313 0.19962617282550088 0.1878224312916199 0.2851800833214688 -0.04262554289646281 -0.25705927501396997 -0.3237380934440749 -0.5660364799405168 -0.18765450259840644 0.02912469640414528 -0.2808151960264009 -0.27084784164093745 -0.046678708808708835 -0.15488629610114643 0.09965885514215045 0.35900088039023603 -0.07231413299755744 0.06288892945429737 -0.01801506094392909 -0.2793447707514426 -0.10682579828981338 -0.11750166309717998 -0.1697739837494806 -0.017586024992211697 
-0.5633813288996055 -0.5562515524500542 -0.4904906646879845 -0.07490579461609626 0.7608990221211385 0.6675902361050894 0.3978672919685582 0.25354176789868715 0.030099055006409303 0.1589770295712783 0.2371514225664923 0.06744352954450589 0.12984473126055507 0.053012442277872975 -0.013707377716596506 0.06998176487901649 -0.10526881895606188 -0.06446807789403243 0.00412740502716058 -0.1356568810930585 -0.17435771358076502 -0.22994746617933334 -0.2840704261325759 -0.21472008852629845 
-0.47360459940968536 -0.04170986775103458 0.12445118014302814 -0.31747818176836784 -0.19371807837654798 -0.2212276134457315 -0.07135710418848407 0.3645498675511854 0.28401537710571445 0.21912613943084824 0.2733512951177642 0.2099354953741715 0.16409027408627294 0.2094921173097163 0.12357702902380148 0.1394859693214 0.09288263316777357 0.07217540806002669 0.04681681241023903 -0.07085662680175131 0.004592553390931083 0.027364066925870918 -0.12554908280589538 -0.1576372383279509 
-0.9023389777482276 -0.6454295359233759 0.12531622017012722 0.5718834145154625 0.7576909232234776 0.4572246063384373 0.25377648111769513 0.3005277848003239 0.2536174104424084 0.248867972506092 0.26362557261421704 0.2151324232639325 0.04917785044232259 0.1689473282411361 0.19023968817842984 0.2570256273444637 0.44605426523605357 0.33596126175503827 0.19039464294353056 0.14900044028784187 0.0947221072981133 0.1945411424143386 0.27391163272216174 0.18070718290100643 
-0.2281327794813146 -0.3842611873669872 -0.4908120982088404 -0.4566724292085106 -0.3196693929509531 -0.368402684310724 -0.39214312524936046 -0.3769596079860812 -0.3131913404891992 -0.09791297584087433 0.08259497736742288 0.12821942648320195 -0.10396224583581715 0.1059184753693448 0.2763000206462685 0.1996119061636125 0.1777373235128197 0.025802157121451303 -0.016453877223133535 0.13751298289864336 0.14276734720293935 0.13354199625308527 0.1656093851464884 0.15951640690220675 
-0.8336507901907586 -0.8918178773654861 -0.7535780900473399 -0.7763855529294159 -0.5142881162998197 -0.2667060137275291 -0.012923626331595273 0.1772951848037948 0.04453609190952629 -0.26612684003587617 -0.4892053167248222 -0.43381998471302863 -0.26098453276707073 -0.1650243918422043 0.12208306538955756 0.27589760847370853 0.283473438056614 0.11710031062179195 -0.00785300013744028 -0.026490473905286305 -0.02231006798858069 0.04975773861934248 0.11270994900777058 0.1273476289803526 
-0.1960619556809684 -0.2362711231380139 -0.2650017266870439 -0.2421794165367661 -0.09094052915335843 0.0633312252228978 0.11135458120556174 0.013627218853519862 -0.03974600523666255 0.07599755694257654 0.1529385843478186 0.05586247865603185 -0.061266936573896626 -0.10791051772957168 -0.1953433539538795 -0.20776267997627249 -0.06926044820230248 0.02935378858607457 0.06506789770620673 0.028077771410118562 -0.061225855633232025 -0.08601210813195632 -0.06494929786955224 -0.041980518723241565 
-0.13542079134718854 -0.2243513925112497 -0.3538381617594437 -0.3630559172415353 -0.20709382284516165 -0.10994328029374945 0.02558662830255487 0.1847057930963823 0.1838249467818821 0.01263949025633912 -0.10967607789929251 -0.13073198976354022 -0.3847282535101694 -0.4600193492710276 -0.4369919890651451 -0.45964622297921426 -0.35071533191403653 -0.174454180644071 0.011469777424624572 0.11262764169014651 0.07686403596753143 -0.013916043333396152 -0.07873818294874625 -0.08158223279587387 
-0.39344696918140976 -0.3942628766053904 -0.10465200049114998 -0.04004920712363347 -0.2654851950713747 -0.5348454167858375 -0.6066019456850557 -0.4648982263627306 -0.19915820102568105 0.020740183408887045 0.08767825156331478 0.10261698517818243 -0.06321716829630668 -0.10225313783553396 -0.16609801823092765 -0.1952415482805175 -0.1264182101425116 -0.044857592959939165 0.013460083505979483 0.027467137977312487 0.019289550946747475 0.02346408449195124 0.02058326497467017 -0.004577568141251066 
0.4192264770899703 0.567236047181285 0.47722301405014855 0.5014880113016607 0.6251302124012978 0.5557448492090515 0.3116453048398397 0.07867498234148049 -0.10634991809855873 -0.19675002326884297 -0.2203606014863315 -0.2124505395864823 0.09633008317392422 0.08060635407707162 -0.05028656959013367 -0.10148227776276895 -0.08319065600483598 -0.08550156025043835 -0.03721981933122418 0.03758578384826126 0.07241976179330549 0.050579600626521753 0.0026808386494575156 -0.028421678639250155 
-0.2837340850106278 -0.3253054294776794 -0.18223825989905706 -0.08872673596681158 -0.1277979163490534 -0.1349400606486852 -0.07205500758101913 -0.015758789700966697 0.04747277436331544 0.11030006022931386 0.14653105121732757 0.11045445799125608 -0.07264897141892239 -0.028821950273667667 0.10220265799376471 0.1572761663173935 0.07193331617850934 -0.10391656760793555 -0.24304952574025762 -0.24864756108457353 -0.13247660625934252 0.0037660647349381238 0.07310675177072683 0.09753419233406124 
-0.4792674829543522 -0.50064917830632 -0.16418532328508917 -0.03427031953163939 -0.02636549419181433 -0.05339127761101059 -0.13002738275579084 -0.15262127677928344 -0.15674982629253262 -0.18387925003343955 -0.14714499367467146 -0.049385690252326586 0.08807971649190775 0.16869874207271898 0.2614075721413697 0.35216219817505395 0.38170629193212396 0.30862535098878274 0.15964067163934356 0.013094939670475097 -0.084951985299302 -0.11761972710261215 -0.10366305194395835 -0.07953607882293774 
0.27374692509751863 0.2261455869594151 -0.09055580580482525 -0.24399854065916388 -0.15553729031034663 0.08147234944800019 0.3433829753335325 0.39669258645137195 0.22347157184933342 0.0030066025863709628 -0.16824980765469572 -0.2715180164910791 -0.2637762871377401 -0.30929743354118006 -0.1947728094148978 -0.16921043631284463 -0.22536608863221863 -0.2227301364735593 -0.13168243234995045 -0.028129228248164394 0.011538081212374726 4.469092467827886E-4 0.018133611664316082 0.04537853774500466 
-0.12375317743982617 -0.21458568725541927 -0.3528409294210766 -0.477362680877325 -0.5061189764144276 -0.47833740880563935 -0.3749957015354668 -0.16683552474611413 0.06050663905633827 0.2097558868604649 0.24801898378155518 0.21714393412349853 -0.21147087729384376 -0.26780217901828435 -0.22637153637155594 -0.2221530496212691 -0.1776418530443641 -0.07717790354643443 0.017600518229096352 0.06909744768076807 0.06439672321576896 0.01954978104505468 -0.015022727033134545 -0.029288332627772102 
0.32983762364532954 0.45955512562041045 0.49640797141363 0.6404507536445652 0.7881770906589092 0.7457234143693071 0.4454764488586702 0.07573601902694183 -0.09576970194824418 -0.08785823595798672 -0.105451772503734 -0.15894596743167044 0.21064749437833039 0.20572450893943786 0.01902447934952478 -0.06987432931033465 -0.027343113639298422 0.03912886078383678 0.10023707638322872 0.11139768050796323 0.07037332167150358 0.01844352895210599 -0.053566371486202045 -0.10682932462558088 
0.12709979965327367 0.18605258941803537 0.221447397220351 0.18996418218030342 0.0347028744566501 -0.15398309943236077 -0.23387567420564875 -0.19943533610937259 -0.19031935904105066 -0.19709617389642473 -0.13347583015074868 -0.017806716898714603 -0.022479961171405122 -0.04379143206764143 -0.0651830043820359 -0.05898904157485078 -0.04188358142878942 -0.06579461191303022 -0.0953149261946941 -0.06605453306802288 0.013247465939887347 0.09195559984718145 0.1219166604987915 0.09077923461264403 
-0.4836220465840224 -0.5913470781956258 -0.4347734071741134 -0.3680389842569741 -0.3439188748279902 -0.19809138759014944 -0.027888267481062656 0.0787994506091115 0.13776460588351716 0.1511020461084978 0.18319671377006236 0.16644528289677013 0.2752842146354369 0.34519652866866224 0.26089346118757545 0.2083392114694378 0.1870670960169003 0.1692395569872928 0.10606635463954328 0.02032874555595351 -0.04029078786339507 -0.07195645274646466 -0.0959393043233326 -0.1060538123065015 
