0.0 0.0 0.0 0.0 0.0 0.0 0.0 0.0 0.0 0.0 0.0 0.0 0.0 0.0 0.0 0.0 0.0 0.0 0.0 0.0 0.0 0.0 0.0 0.0 
0.0 0.0 0.0 0.0 0.0 0.0 0.0 0.0 0.0 0.0 0.0 0.0 0.06540313815307493 0.031317072761671984 -0.09954168186844196 -0.17754792739012437 -0.14319230273395556 -0.03467428881454154 0.08577546589991301 0.12522108744930613 0.07016635964929963 -0.01234888472153367 -0.06664745880676907 -0.07963461055825348 
0.0 0.0 0.0 0.0 0.0 0.0 0.0 0.0 0.0 0.0 0.0 0.0 -0.11003586820967663 -0.06676890808237708 0.10827464762677359 0.2093288907796307 0.1768588134610177 0.06095684861767741 -0.06845698095270798 -0.11450593794452701 -0.06496082393231002 0.010464615907337613 0.05589122935753077 0.06252964581779359 
-0.1962094144592248 -0.09395121828501596 0.2986250456053259 0.5326437821703731 0.42957690820186667 0.10402286644362463 -0.25732639769973903 -0.37566326234791836 -0.21049907894789888 0.03704665416460101 0.1999423764203072 0.23890383167476043 -0.01465690819932508 0.0021148085791354485 0.09182206044134761 0.18663189278724657 0.1718037693136716 0.04623368140000145 -0.1209340437589043 -0.20619140320730892 -0.1480588006966323 -0.02778703331451481 0.06712851246382191 0.11334681959801174 
0.4282123118586423 0.24728233338963923 -0.47413646568298373 -0.8943085634240787 -0.7453648944839864 -0.23488197907484454 0.33403414170799345 0.5313494450075402 0.3001320112708795 -0.04991717480431335 -0.2676448762827459 -0.307040853290761 0.03800331976096164 0.05926516870547097 0.05934426361343045 0.02749283679329695 -0.00449431037502529 -0.016066601234264056 9.601780099903109E-4 0.04907921234341319 0.07755215141196788 0.06937871860949976 0.03278936714663915 -0.0177840638671595 
-0.1701354313313459 -0.12998559243222596 -0.03839794848255096 -0.1127413966497004 -0.1427288606990217 -0.021260054662582073 0.19578506042271618 0.35289948711815666 0.29411039645445713 0.1083196873457011 -0.0675630992500928 -0.18652003214865476 -0.09296790541093965 -0.11835992747211528 -0.0925111111620714 -0.0972247922414436 -0.12390646443370952 -0.11852002511361755 -0.06796136896766553 -0.002287564504584172 0.032739749155846175 0.03969741665564216 0.04906418213742101 0.04518420191736491 
-0.12704695084682438 -0.15977831904280793 -0.009521293796352914 0.2402140790301459 0.29963581557552005 0.11084126425589552 -0.22943626309119852 -0.5115190117632771 -0.48496119193708165 -0.24377267241904932 0.035384636395282554 0.2660641235131861 0.16279832909551603 0.115998266728226 -0.17302983231012112 -0.4097912100918398 -0.37534623126403316 -0.11860535399337319 0.17679020362947026 0.2730465291334327 0.14230562989185436 -0.031380768918149664 -0.10692442025134263 -0.07162793322596762 
0.3603239331263275 0.4646588903475535 0.34385079314822464 0.2570568376675917 0.2787959464732421 0.2867213201191072 0.22829291160285353 0.1526336595512428 0.08382827518854322 0.014882153005042531 -0.09876492633097006 -0.18320126247930785 -0.08399508515139449 -0.09184869380305123 -0.05804495681589376 -0.024762740376557384 0.0306397756411891 0.08339641972689422 0.11851017589377849 0.11080321375607122 0.050986698585352506 -0.01152669392812597 -0.05279129069907518 -0.06747701293771347 
-0.3254123576567425 -0.3980347081849285 -0.1461713395680082 0.15016594969279462 0.16991139572198122 -0.03305660448556963 -0.21259039477048605 -0.1876572286093009 -0.021643817771726623 0.09094389912046494 0.06872929801172065 -0.09381643844753154 0.0868600235985082 0.11722961280892526 0.16932014117231473 0.2864842114516887 0.30057044286783624 0.15397491342097916 -0.10444351945289791 -0.27067903161368156 -0.2091159945494859 -0.06309825901396927 0.02106177303366795 0.04139354997226625 
0.18103252752779664 0.264688683547988 0.20406194485095797 0.006570889148647396 -0.16978597769581957 -0.19950037947253216 -0.16816840141897554 -0.14144104572704508 -0.09050838638427788 -0.024458516639678116 0.07413844203891368 0.19585128764484444 0.1973454515460508 0.2631036810800531 0.233908974469803 0.22545479209501326 0.21252270959789474 0.13811442050660086 0.040142286423150084 -0.02329588480430757 -0.04739728561664892 -0.04405221841297047 -0.05790205333345213 -0.08802668042828488 
-0.29798131884308354 -0.411482054069801 -0.4475872931646637 -0.493995581065448 -0.3777845509434579 -0.10797262621122226 0.28212495177840974 0.4475554357169116 0.22955512249778653 -0.03480756055478115 -0.11425236689066316 -0.047642801465688805 -0.14848676257420168 -0.17602288640400818 -0.09044306363814393 -0.02835384345539113 -0.03567005325748227 -0.07096952442334477 -0.08412394802359734 -0.0659597988850646 -0.026206221227414925 0.005332475126247405 0.01730376347105961 -4.035377892154986E-4 
-0.24542794091865439 -0.3179284799501696 -0.20716815346285655 -0.09722677323832685 -0.08492420898772253 -0.09016393053786906 -0.13949162094104461 -0.09508501819894072 0.10042066190373339 0.20991453808157698 0.16643206612057823 0.0577919603146254 0.06843232675741644 0.09940312751482556 0.08515430255504607 -0.017533037886086872 -0.11838502023549573 -0.1383801936686154 -0.08040186077092712 -0.03635731791824754 -0.04478303491360527 -0.074635766722687 -0.0598468353622346 -0.019578233539851997 
0.3332781642890881 0.42134253277617484 0.33077290050333086 0.28712631125245514 0.23449067114037953 0.12518374431713314 0.02544305906134048 -0.012955845718159276 -0.03848967823348748 -0.042240053618904816 -0.029328804442290468 -0.023576161414775525 -0.19701483637133924 -0.23672697034755374 -0.17620873974219065 -0.1133741370988726 -0.05708983157995628 0.03324108999604453 0.1528748982840202 0.2008130870582038 0.1094644594365715 -0.01593119612008974 -0.07937667127869726 -0.04442311131169682 
-0.33989419431053847 -0.4499329924194766 -0.4405810596481775 -0.33139094335204355 -0.12076852803125115 0.09906201626913627 0.20137812725234044 0.19788654874523298 0.17786311872217492 0.20316503006044467 0.2112171669014311 0.24255266823894378 1.432044746003239 0.8485495571275882 -0.3235001831893281 -0.22984314116785606 -0.11718258297387686 0.12198953246708451 0.13277113814549354 -0.0639333051035305 0.03956478589197534 0.13866662917203074 0.09210162851450343 0.0352204674973487 
0.34029631696687623 0.36470111320751375 0.1977453791545687 -0.036791084711971844 -0.18859289668182477 -0.3023088696028585 -0.34693461717034335 -0.30136960892978665 -0.13755948422114872 0.016360781816054215 0.10148509655500214 -0.006753821492757522 -0.814427586521464 -0.3772372296145452 0.24047680015307424 0.0600815610528917 -0.13528346262175878 -0.4628705794009576 -0.2619987359506939 0.05488049792316394 -0.12972029891680295 -0.10236883231974066 0.13469800706489765 0.19870800895301455 
-4.545071255267265 -2.8352564415486037 0.8298461567795088 0.7542613482474548 0.4781653238450102 -0.24238622097912677 -0.35161619726168336 0.24092177871746448 0.031261207221638 -0.23538576715199477 -0.17527976992157834 -0.05628061213842972 -2.0133362111395097 -1.3902972796135202 0.07112203082960822 0.054490301755097836 0.2001006714408431 0.07546148166944754 -0.1680607269812182 0.07700340047502348 0.25692514693282903 0.1385697597751853 0.07118213624988669 0.1132407502962906 
4.879149454331843 2.745715946184374 -1.025871108169735 -0.43594451770596915 0.3408741330675252 1.6845196011441375 1.087936429170434 -0.19911495447376687 0.4239721742671898 0.48414184194653687 -0.24017435722547872 -0.47028354808513234 -1.6101539031859542 -1.197477765616463 0.12343324262581662 0.1594300115251511 0.11899368464872684 0.18856373235162796 -0.06756135807305295 -0.15974625012483287 0.0912518308566324 0.1443655104671324 -0.04791422792107497 -0.15199741164690017 
3.4306878704255075 2.530451429932654 -0.042138908474850356 -0.29528513212033847 -0.9858040572284554 -1.1207366641127043 -0.011875214974393589 -0.08425097990784736 -0.8736781513204814 -0.4464347793303526 0.16850048504201146 0.13459528064625936 -0.3213204695325014 -0.25329164203532456 0.1272461645486622 0.1990131418565683 0.04599356043768188 0.0625290128339877 0.047530789476203816 -0.02511953188911926 -0.0011117692507756998 -0.02076840000854917 -0.1044250037671135 -0.08255851210244754 
1.1828784636783525 1.2742804743162743 0.2634381839042984 0.009692120896471423 0.18641073990872753 -0.42882484509095364 -0.3141210340948294 0.3404555207573679 0.04115470248001382 -0.31121124349616414 0.07333765283643218 0.3538004670555984 2.655103701672056 1.55208497049487 -0.5607171454821244 -0.30678008346912966 -0.14846882418033816 0.24665756702674915 0.37536345748488104 0.006931022455104167 -0.005314950799289249 0.042420930742222605 -0.05193606527896604 -0.14334472770546916 
-1.7329743513430156 -1.3396637795085802 -0.19654698290349448 -0.06559639662347039 0.41741633911136333 0.6266989636364557 0.20682016594233693 0.046495136769254874 0.2260052508675531 0.22459597559500324 -0.018760763651193266 -0.22064708340145248 1.8186106712535153 1.4124454171279204 0.03943782681780037 -0.05396601578262262 -0.18714322359458888 -0.3032573895458564 0.12082365103514553 0.14782387862288351 -0.24174088025981902 -0.18805543925425003 0.043410162711749245 0.013416403753518694 
-0.5043305398000637 0.024518639420381128 0.7334843654909602 0.36955136495298574 0.08467040743863025 0.07082908618931 -0.1475016337425743 -0.2852810801776305 -0.10992467442895971 0.021363672257191157 0.009264462958021753 0.13737181705513107 0.7070263738287824 0.8019379965311139 0.31286108254250355 0.17266332348292648 0.3330801075687632 0.15678387574103966 0.08219158294568481 0.20703238477491523 0.09442934122155762 -0.00731784185468017 0.1112693198735954 0.16067389195838272 
-1.1815396415958297 -1.0820039040031606 -0.39547547972158237 -0.31331670680072776 -0.37350422020964014 -0.4607914611152668 -0.4576558682559577 -0.2148543153089988 -0.0729158220865376 -0.0485559194442802 0.07030659184596892 0.20256039438593693 -0.35154472834610234 -0.24162221100040884 0.03319996112729673 -0.020661461483530753 0.08546843876209842 0.14733379051737402 -0.01748693700658449 -0.07697260209707885 0.02415674316747197 0.06646782017888248 0.0197580834700803 0.009057962721416199 
-1.2139180126815878 -1.2603634530297771 -0.5756808153141684 -0.38443769446367926 -0.41736930313706033 -0.35543125993821134 -0.22845776583273647 -0.14996690752825098 -0.09267278470761375 -0.15268177041248193 -0.3050039845329351 -0.33982494771324445 -0.6338275171085095 -0.46016250077502896 -0.10910775271405478 -0.21651920850625558 -0.2982316913737139 -0.2827009383053343 -0.3027082616363284 -0.2841712953576636 -0.1873751387170759 -0.1115498593551651 -0.0535445207903787 0.062486681976460366 
-0.32354642986394655 0.027643899717725517 0.3584357241171796 0.3733825175354544 0.4120308781129134 0.39782776514809437 0.2997590430071715 0.20975585673580166 0.14490907650446422 0.11221523639319236 0.07909920968404426 -0.009222589181513308 -0.6597081806479858 -0.6235689081575155 -0.3322086245373114 -0.324991902003024 -0.33822022308446686 -0.31764771650515916 -0.2695549904682342 -0.1822947612442033 -0.15451892049085347 -0.13846773530851586 -0.07202502698240178 -0.03536613703559235 
0.9681554056595232 0.850182239885025 0.6838520217137436 0.6757593783036615 0.5865979323984951 0.4896222879736325 0.3819156955348464 0.3549277198729601 0.34328829242676706 0.27562767240395025 0.16550171641012018 0.0558032629094751 -0.6221563863363153 -0.7259900802356004 -0.4510492435579379 -0.3125142150847581 -0.2398530016303266 -0.16948179632084528 -0.11391016736953719 -0.06512166596232348 -0.012746320737813724 -0.010841055435304578 -0.060103792868839094 -0.10366077147978099 
-0.29345180882242783 -0.26657002598801505 -0.02861602462360402 0.13156046282467404 0.1391728312759828 0.06962491444428864 0.045822372464953576 0.07958265472300552 0.17266040081883238 0.15269256507305135 0.051128822321646644 0.1108447001813542 0.07414983977343459 0.16383295417609878 0.19444937806375232 0.20286481636909423 0.1819916574133813 0.18816379747082956 0.19235788705868673 0.1742925913167067 0.1971228172894568 0.18321259388199942 0.09600667830515924 0.029481565260290662 
0.6375038358065988 1.0647137505298945 0.9709927897300372 0.6740159781459851 0.43861872517238476 0.3171155543762274 0.24024107154698404 0.11048469136511752 -0.06830948465135667 -0.1403972684464977 -0.11070741224521902 -0.08887627795533524 0.9578250808724568 1.1060891497781096 0.8474667781974078 0.6271996921090516 0.4699658010547331 0.23017490497638213 0.022636025810885585 0.07550659167706388 0.18460495932940202 0.1437225345104634 0.058058314441925975 0.017598950439068808 
-0.3806701642577881 -0.5711207181330056 -0.3684827940822242 -0.2343402314929901 -0.05995449051417534 -0.08041026046569177 -0.20647730617495752 -0.19090040296039718 -0.24066048682484437 -0.22941007482758197 -0.07081626090376389 -0.02532751452998011 0.29697407195609254 0.021439563513651578 -0.08877833965370652 -0.006392413359801785 -0.011028918201697232 0.03023426397469157 0.1889183658238863 0.018810512650623234 -0.05760398112273585 -0.11978146143158751 -0.048353239698760285 0.1178711317193158 
-1.8617106592401669 -2.315809863376808 -1.6886149281491698 -1.022889350864661 -0.7237358098706252 -0.12588483950052365 0.4401574574221452 0.26364947368346986 -0.003866141739600648 0.03551138882287669 0.052299314697047516 0.07109251894793583 0.10986830913096728 -0.42831221164223116 -0.02517008200213433 -0.40042477252275765 0.06328065247060007 0.03863696299561705 0.09582377812887788 0.09795908877684893 0.0030537609142955724 -0.12616651977633372 0.01908265487603959 -0.03294950201709922 
0.0652332228326773 1.3593730904243815 1.567522853277119 0.9991903674094025 0.7534368534025795 0.20042231945858946 -0.6208909179442859 -0.05343127438804035 0.3132506727311619 0.4240826207331267 0.11468517794679423 -0.3227530934282288 -1.1396283228443889 -1.1692525006616992 -0.9113798868702586 -0.14507522961406358 -0.016950628467808888 0.0928052430432968 0.14331525492306263 0.1744833050774357 -0.013538335626249518 0.054081113148630455 -0.016464887809826457 -0.04815291703525723 
0.08494721486846424 1.3844034811778947 0.0785002120567686 1.2585249962630618 -0.15791890419779286 0.06078837542723564 0.15997654304501457 -0.2521271392516076 -0.3544263471722465 -0.08864405689785088 -0.26070609629861685 0.15868501754508677 -1.870260511149536 -1.2311282870577502 -0.5131506508249218 0.1620896330067494 -0.06557314333988318 0.3090156840910679 0.12589665341166997 0.19144121883334253 0.04862802617350744 0.15390991007968965 0.08605257265262456 -0.12282934989282275 
2.0648858672210633 1.0865301115747403 1.4820992964255826 -0.9398217162146608 -0.29201105794716486 -0.4521625970594618 -0.4963326137555801 -0.45646201172516565 -0.024765377229772872 -0.3295756914131096 0.13508110802354767 0.0753349872772161 -1.3140636751268358 0.28619939630466273 0.5491174170467218 0.8393638681211096 0.21184633663526287 0.2661708966900738 -0.1714316333562181 -0.10867351642743815 0.098388829190286 0.2594157103781405 0.014563637373823537 -0.1340017739665251 
2.7492445520142486 1.513996487221263 -0.10645119724863594 -0.5396522080728776 -0.0042924241761035375 -0.7266394335147017 1.8834509278237155E-4 -0.10915881414799511 0.019257804720344412 -0.04938918534307413 -0.21605636829920288 0.24053652827368166 -0.6689650297753955 0.7031370156920431 0.4156633317530061 0.26008387745876055 -0.13248249223006722 0.1652092974323092 0.06578103287259143 -0.02269533553860383 -0.13366828609579143 0.0291629842458328 -0.024861296117433335 0.0014258155016724134 
2.6752755796402923 0.4359783984887091 0.012646306789656059 -0.6198126347859566 0.041084603485946225 -0.2043764661406633 -0.026701918899515495 0.20110511234246786 -0.16875789078599157 -0.37379194617868317 0.04866940182561663 0.038326473107049064 0.8910707106232829 0.3621340843415866 0.639702495987344 -0.3262517694160419 0.006119018058232543 -0.386178122351504 -0.3110269939089012 -0.009734771162921096 0.042427364702216246 -0.12640715560302632 -0.0010290644381118579 0.028318535438663694 
1.786647447985036 -0.39973170935521907 -0.43376328838428657 0.318268823172428 0.07298074177585323 -0.5587325823290912 -0.27218190300079204 -0.5128246946696129 0.11857476789323707 -0.1540248822525625 -0.14291635484735132 0.17291182812515304 0.8325456090084211 0.614406410557633 0.26279740785781236 -0.33026240108735444 0.030256675540886135 -0.31278648047786767 0.0199852352434582 -0.1106854122885758 -0.1104503666634236 -0.05055094126111118 -0.15962700165604884 0.019255438169849665 
-0.12702771263417922 0.9569919568382215 -0.2733521459686239 -0.390026923589188 -0.3490046950978409 0.6224183444022451 0.5729334920179108 -0.22542475797559347 -0.20170595292286791 0.10196362385071356 0.10159829461195746 0.024191731035489328 0.8243503689702978 0.1602197523709877 -0.07865000000992543 -0.1368026764920457 0.00941113783656213 0.05012697515299339 -0.043375692833056735 -0.11131558678789373 -0.15546808198508905 -0.06654468630160652 0.053863089788814926 -0.008323185721635021 
1.652759371126221 -0.5897295236263922 -0.751844194442933 0.3362421395908013 0.09998219849313161 -0.20167739735255297 -0.35958506609630536 0.43616235787676294 0.3670829357790534 -0.13561414657443893 0.2363601902757732 0.18983758479991253 -0.25747111850682486 0.24008805157089844 -0.008895271595945756 -0.07496850595871907 -0.007091497235668699 -0.08265240207595197 0.01743882432170459 -0.1862216935011086 0.06663047222047187 0.02380413404370174 0.09067101828955672 0.10883956143834328 
0.26916851115880647 0.05031804851133259 0.4076367598487556 -0.21839126351900617 -6.495383823793555E-4 -0.5332849840879126 0.14712674114741137 0.06055834643296121 0.1733922712263674 -0.1833632551129254 -0.3025581401023904 0.05483315193457439 0.38080644181696527 0.07437226338878193 -0.363655374645756 -0.043364806384052525 -0.1011489860650634 -0.013919263442210913 0.16391451188606412 0.11696821863121769 0.04816761939961426 -0.058906849438683885 -0.08968828820507395 0.018766183387935582 
2.360962691609018 -0.66665890990447 -0.747571926505139 0.4573565110134943 -0.07992234487487143 0.26707628814384354 -0.11159500053065607 -0.09715116637056442 -0.26886576084279623 -0.08277384490184825 -0.21285119235884759 -0.16892756663941932 1.2282646107479358 -0.29426684339801107 -0.4421152499704058 0.34365456105195674 0.06338120582589796 -0.14221129582996497 -0.1478069111514856 0.05419750129275549 0.1599371841452281 -0.03459028727141222 -0.027835093507592223 0.013088099270402923 
-1.6235486983264735 0.7723398598109146 0.815477843999747 -0.3204896901483769 0.0443945347813508 0.42979929198067957 -0.04280507642310627 -0.3096726517455828 -0.0282344628107859 0.2522640213304699 0.5952688505444897 0.1472757565913485 1.219252729996497 -0.2512024704893821 -0.1172188688895317 -0.34459302107659734 0.40441951171679574 0.01305065032807066 -0.13004110736379423 0.012629117139799214 -0.1007349485429101 -0.025594242900192705 -0.008370656347604607 -0.08931060222088433 
-1.0856758563749462 -0.06793989908215003 0.3705810133927887 -0.6436723302503835 -0.11268345556642734 -0.25658564789695415 0.1788015761434102 0.4586853530877685 -0.011915249638054237 -0.2496569229818999 -0.12904802452489017 0.1043519846603167 0.10385867912381948 -0.033398930923424906 -0.16510479765676603 -0.2396033442999758 0.17561987654214706 0.13124134772671942 0.021243616734126215 0.004234947192992648 -0.12120346575682796 -0.04394859757427311 0.09818494179725788 0.05104963827787549 
-1.6652704048387026 0.504565954568319 0.20021689656838682 1.3659022203427247 -1.1975275181869889 -0.3106059670517257 0.39205177490176096 -0.2552472647156029 0.3471218612527267 -0.02313898737232145 -0.3193477549765553 0.18612518294735936 -1.0264768521304088 -0.06803286431470124 0.18608128582167907 -0.21738999522125355 -0.10664049850731505 -0.03673951330355962 -0.17937647664362197 -0.02054136401023658 -0.08019899992502251 -0.003409046041289369 0.3386392376637615 0.27256908084253517 
2.070247507493674 -0.43257516451289746 0.05537294018083916 0.3329705886678709 0.014179051982857183 0.24355487447988794 -0.39275427639546834 -0.13706870146453232 -0.09293352560406865 0.18677345217236674 -0.05009771499009863 -0.3415011946510512 -0.03414869696143663 -0.06039430128984454 0.1141437258056821 0.11056981882697207 -0.3354497276082579 -0.12476142995048965 0.2580574708258672 0.114970151321795 0.1482142644161045 -0.22028554915720458 -0.23438329689316695 0.06601687600074148 
-0.12207982386955685 1.158756085470392 0.4148380231406845 -0.1566411639437435 0.3008847765286537 0.2899475707029374 0.7811022797771988 0.049828467561277345 0.25287167494728885 0.04427597187720467 -0.4601240172141906 -0.4475048962805731 1.055483069019174 0.4621004761355687 0.013883572388257845 0.42741977547024135 -0.5845664228990921 -0.1336432609536885 0.21784579269191787 -0.2084600937073385 0.2011605168219416 -0.024335219576645906 -0.18685875678339925 0.0372948307321174 
-1.7548250559752092 -0.21385206066365292 -0.07916072731040646 -0.21411009458806562 0.14445957990052494 -0.18257812692281677 -0.7898960887719104 -0.03876296701605664 -0.40943294973364874 0.3774922448649508 0.6444899972734284 0.2231163962720585 1.83798809052631 0.5285336091675227 0.19616782258354423 0.17995946631187998 -0.16220977909950507 0.015145898747826939 0.06904217498313343 -0.219429432654666 -0.023789019828803836 -0.0720345645868734 -0.2462382376187431 -0.16442788029872554 
-2.9191833301617836 -0.9910970257630094 0.2258330131492361 0.3571832355599689 0.49103148655145346 0.30339031651069215 -0.06291469698577157 0.32098014918217477 -0.09810997714830816 -0.045492724988675765 -0.10606534075812105 -0.2080681047105477 2.1630276467066705 0.6236621582618264 0.08036783672322123 -0.1806986480026441 -0.5181026356431075 -0.08909777398815988 0.22204481952800761 -0.2210987841713468 0.024137812192983193 -0.0018106298835548669 0.05493404052179326 -0.008180114445533923 
-2.045165010939143 -0.9432494363987649 -0.4386280225740693 -0.46382001001962525 0.4057350342699726 0.19139580533252976 -0.17787231296338346 0.38564375568901693 0.15392435993014136 0.44776149436592716 0.5115876596380959 0.03206405046011267 -1.3040050224199555 -0.07012877197347578 0.7106321375797826 -0.037552296323972355 0.5972653767834202 -0.1803562569633738 -0.4012110811981286 0.21823327750704824 -0.18386962122824357 0.026676880195902457 0.14489638482105516 -0.005168885980947381 
-6.465992786507601 -0.3475317014475312 0.35346816060285224 0.5103097377799686 1.7245549562732525 0.37025392653974376 -0.19104406671108753 0.5009214587227809 -0.10122041646355578 0.014573236777381093 -0.5584749699619042 -0.3274383800379984 -3.0404153356497865 0.08116552102691577 0.6593337650196196 -0.005819293968558996 0.6836156161652682 -0.18524826974486885 -0.38010869011955445 0.3232368247842707 -0.14518021286123542 0.2995305921159687 0.0821179397250624 -0.07539931914060694 
3.9305947394575664 -0.3252484069009647 -2.2748747137765624 -0.1780164567261484 -2.2640982853106353 0.32505883895277876 0.47780183968513334 -0.7834334543075046 0.14373113360870582 0.267428623394215 0.43600565741215447 0.298308191878626 -3.2053720509443138 0.19108960382280582 -1.0387760837787547 -0.23474277927869638 0.654843278248511 0.320149975782281 -0.42835371670120087 0.195897773363601 0.20274628811049836 0.2390923951916607 0.04491071903648055 0.0015131751226140217 
3.2141828015892226 -1.5435941035926568 -0.8340449363083762 0.23173934081890746 -0.22489870215404717 0.7923036089351743 0.7495742970486332 -0.06419172017237651 0.34252727459611587 -0.8539180658507258 -0.3146281588203375 -0.11499221799798356 -2.6612649892698768 -0.40539061120484626 -0.9303610875289241 0.28909473858431456 -0.08265185550608652 0.4894599710413436 0.1269700717038816 0.03865403209067083 0.2133205400887935 0.004496128313320376 -0.06648781808160942 -0.00723631442367471 
2.7308633478453874 -0.9184870467946196 3.271456777217809 0.3796935262969945 -0.5840679712619103 -0.9800789632120285 0.6368796552603588 0.08050702504579266 -0.6761883499311896 0.16472996010499852 0.254932096957871 -0.07869855592773681 0.24298421648897742 -0.21991579143169412 -0.9516452497262128 0.23221555585189765 -0.8746460576130306 0.3783803004526846 0.13510867157359097 -0.09095700115033208 0.17238746896521737 -0.16085871516010897 0.09550901201525559 0.029264315182881768 
2.1176678771081185 1.165259452113835 0.37138567769243913 -0.6358294694845466 1.1324953657671497 -0.44555708550188333 -0.6514931896103451 -0.047010877225880154 -0.33122229495998856 0.05243418348202822 -0.26847473548993417 -0.11722606286379285 1.1631074629471072 -1.2159580819082734 0.2987206152467974 0.09786621888980883 0.10691726572602249 0.3282565800653172 0.5834083940370355 0.19901703140829563 0.13298020967171864 -0.22162126323421552 -0.18170727160256273 -0.06536387382542569 
3.749899552231186 -1.0199278104591283 -0.022654271598331555 -0.44087871913011434 -0.3188571464321419 -0.19115171518674612 0.7730095682938496 -0.5191528723297565 -0.036556488508894036 0.2968286442081649 0.12640190970118598 0.21163216876288535 1.468342103239447 -0.555150546924688 0.9012861325068996 0.5105925589210952 0.3375073126014692 -0.23073718420649716 0.2606088474709486 0.04194267206551017 -0.2528993743924358 0.1356691749861218 -0.08725225643367344 -0.061429851473001486 
-0.7846576894449981 2.155000523964418 -0.08315125764069808 0.3484268068630354 -0.6782559117469988 -0.5869297552734185 -1.0687158415792188 -0.36141286570948883 -0.37622928513018783 -0.25510361819966243 0.29475874961569326 -0.06406595886701758 0.9077063000894517 0.11181896211964985 0.23276202395639714 0.04212063038781655 0.4665844107872947 -0.1539229529325924 0.05756489966434064 -0.21877661529707423 -0.22902333410178918 0.06408412861063005 -0.08631144758330445 0.031879108029375 
-0.22300017859639532 0.2520940580541531 0.7948668473636786 -1.6442122886400823 -0.6912142703092439 -0.21718107570676937 0.06366443883194994 0.1118800030910665 0.10501326833121749 -0.08850866401252155 0.23507212370607766 0.07901094649288001 0.6042388631665366 -0.09723202587691453 -0.3408454696983891 0.18493285669191703 0.12022439420946777 0.1026801411247887 0.3183076938454908 -0.3453603950519611 -0.2702687334102692 0.17651017967341973 0.030568435677630717 0.07300937275266312 
1.380998842253554 0.19379163149824485 -0.7356609536577574 -0.16052457589301214 -0.0810793046561833 0.029226453555905474 -0.4695153238724172 0.29380253095493103 0.2850628289253232 0.05285045176048131 -0.06387549974246665 -0.14655277581691517 1.0515778286658 0.6122485679831134 0.10176229555121112 -0.4536695767097081 -0.5699278338684081 -0.4591226488111062 -0.3157631935826256 -0.11454482596883231 -0.16451696848384093 -0.18348742056630188 0.0657278462867244 -0.11580493794888654 
0.8543546968823001 0.2523727134047018 1.3261369855053653 -0.7412015978278417 -0.978118632605953 -0.8072702429757742 -0.4815137720960237 0.1893206144939169 0.4436036546941581 -0.3866789297921661 0.21401372734737378 0.03384745897984481 1.6052165370308822 0.1191644925357851 0.5357428246903155 -1.071964827869955 -0.7346186971839398 -0.4856996557798274 -0.17129437021694413 0.01198350361002438 0.11033521445237769 -0.05840609089131748 0.19790154783043604 0.042019263469822155 
-4.478068613181746 0.3181154923398033 -0.6540732133651748 1.2579301915860395 1.17497977100658 1.0854827747944025 0.1511628446326448 -0.05649869350441711 -0.051973572860135334 0.44444377638906557 0.108104408934872 0.30593059873615963 1.4393648868669986 -0.11960903405234961 0.1160232548595473 -0.37781840861741994 -0.29843915949590416 -0.2185465831793332 -0.36766186106744597 -0.006338541199528036 0.1434102156948163 -0.0349938016334383 0.20937325265770576 0.022965271257424813 
-2.109116061971392 -0.16756134997398142 -0.8531554968535593 0.8624548112302564 0.8846122834111938 0.7117897310134641 0.2672084652302513 0.2510801044906674 -0.05747417413318631 -0.10908705365286125 -0.4446224741238998 -0.27328853119312385 -0.33047867980424755 0.1872844226767132 0.6098861396739389 -0.09785347226043599 -0.3737177738035095 -0.17019808963949232 -0.1732511776392506 -0.08254883271528864 0.07294320576789201 -0.11958216216786866 0.17191660344037704 0.12778479104553211 
-1.4553604389205956 0.7625857653446353 0.0059155229430629674 0.1711024454301988 -0.11712728417704421 -0.07466378390071404 0.25910914066678314 0.2819384095551399 0.10537109625454655 0.019035918591143786 -0.3626771569799472 -0.06188059450270528 -1.561876502641275 0.30685154632070927 -0.29057600703927805 0.3249312022938941 0.3075052936863794 0.21738083765251304 0.01805202259637162 0.05216254591470967 -0.0011772711598186103 0.19182220006601983 2.2390200945818228E-4 0.0463847359020669 
0.3344366491644677 -0.5317156911278538 -0.8335158016705702 0.09577269203138661 0.7890882163963875 0.28339730529026097 -0.01573338719534101 0.26774856111000434 0.1461017028331411 0.18477148561040074 -0.06634530001634775 -0.16560131753731908 -0.756955338670889 -0.11714510410770333 -0.4021902983365357 0.28330504249608196 0.412261057298083 0.27583239724777714 0.18012437174905407 0.25573829505459167 0.054909075747118424 -0.12943657463091657 -0.287901090064006 -0.15208078557275817 
-1.01421546082585 -0.4203619760453883 0.20783496016116487 0.6664776443037921 0.3002259234548448 0.6475364746984649 0.2384777030563261 -0.22132055955821456 -0.15022969786384321 -0.277952093440625 -0.08170588414727858 0.11293278420205657 -0.23547430591793841 0.09448062272318818 -0.13341431303300663 0.12018062342909415 0.030745138674020567 -0.020726429195393026 0.04856411847095512 0.17485583313200523 0.16142699275728586 0.07555219983281318 -0.12247904453780446 -0.09264576349536391 
-0.05882253500609769 0.7753478330441403 0.25245567954699677 -0.2351479156947862 -0.5608474922989998 -0.47680759002945683 -0.2628489312116824 -0.26450529611643037 -0.0944010043153467 0.42771667625577287 0.27859515965178383 0.0955471361727697 0.31601371168281095 -0.13652699573393642 -0.37962354353482003 -0.016527878432793353 0.17100609014359835 0.22649291370097743 0.16386324893748402 0.05273133893961037 0.06300701142573 0.05170171457438887 -0.06597478428587117 -0.0552210676123521 
-0.5523079290814977 -0.17438786491092628 -0.13682727856670063 -0.02397912099399724 0.4656051541485877 0.36761795134532393 0.2369745572620885 0.023497838772341573 -0.25865852844306714 -0.3290932762299818 -0.16771025320059957 0.08548246912834204 -0.2819341010780849 0.107368135830696 0.08609177366117748 0.027522884715464786 -0.10765932091180197 0.117174560550567 0.04324337018943306 -0.12871304219501242 -0.09545107795662792 -0.0486086216128192 0.03444879530006003 0.08832375845117572 
-0.8445582517561413 -0.24512175949327553 0.4776859482978226 0.4905847099786613 0.19338033061872095 -0.25612217413610083 -0.5065715611106743 -0.012854654874104837 0.011295083845563103 0.05523693328191254 0.17458123736792625 0.013787042836594487 -0.0512223735684571 0.26056571006970836 0.1627787018817446 -0.04570940842985697 -0.27477499589143 -0.2666157189721817 -0.1973446696935641 -0.1564249536891399 -0.04542592219783689 0.18071278434211346 0.18059767463009332 0.17786776879790966 
0.22445470078342655 -0.23223158726876836 -0.1630554951977805 0.22104267732067395 0.24608997473139027 0.18567008510008587 0.23060890743752283 0.03899324640565999 0.08327549192558564 0.05411364288476278 -0.13304530890552987 -0.11115844448338297 0.16715205894831764 0.2712309716187839 0.29186782458198063 0.33091564853649963 0.27677618859913455 0.09430341864440735 -0.07133807553291475 -0.15850767958628464 -0.2503359817725697 -0.2613113803845475 -0.2059769379052904 -0.11931210057041734 
-0.2935367292331885 0.022572564013936258 -0.22276631778269707 -0.2205305895625509 0.37323508508388903 0.4140135000097074 0.3323679027812927 0.19702186113433012 -0.12909024790616241 -0.3060251363279398 -0.280530336386031 -0.33973571341509684 0.019742352641794764 0.14370979529690375 0.3346723596365521 0.3548173997249844 0.18922986730234392 0.04168228007486757 -0.06111940821149999 -0.024793943817987146 -0.08733760968164113 -0.09506625983178069 -0.08576149149042812 -0.1372355252443686 
-1.329274867187927 -1.1219279415208838 -0.6622046192723827 -0.66116841683289 -0.4546507888814 -0.2503601416608022 0.03151905191484927 0.394082619526978 0.5625420827505048 0.6354718997285868 0.6777763473922503 0.6201801489654397 0.37721169236349267 0.287605935963642 0.09627432868571935 0.08506134926467197 0.16358098270565116 0.1718137797722418 0.16698399962789054 0.11454594834537607 0.09535874726237338 0.07146282044251862 0.03587993086658167 0.01774111151826316 
-0.12692052569584877 -0.23140296825792905 -0.27675656857453257 -0.13276194211950987 -0.023938889481915693 -0.1631539009802595 -0.2236684087148375 -0.1160175099808024 0.03367461747802694 0.04975658435534258 0.02645488369032048 0.05982432184528899 -0.012317319441165505 0.11235727380439202 -0.018162024826517076 -0.04793030871514529 0.15985512000202973 0.19093847004458717 0.16083860663160895 0.162199362136683 0.08115045516559444 0.03899201130342803 0.06343549753819501 0.02480494611288675 
-0.9904884780757213 -0.9680616290237616 -0.4248833558590208 -0.0780256941948625 -0.04606598610266088 -0.04118755372165617 0.0076750643019163345 -0.14812491307290193 -0.2841831825536292 -0.33816567878443426 -0.3941777115434506 -0.36416179666836535 -0.37525221536968695 -0.38554524459161094 -0.3198345146516965 -0.283052974862445 -0.20765128987010564 -0.17512259400485664 -0.10065769992220792 -0.005274977952493265 0.05506871952155257 0.11682998431734681 0.19709086679673074 0.24221825594105773 
-0.4259779654657949 -0.3914324136478009 -0.2869408750098268 -0.36831102473612876 -0.3106226763115697 -0.26338820409362707 -0.13822592330706773 -0.018472458975778927 0.050821019249121246 0.06381761901828656 0.06514020046723445 0.07802042106314544 -0.04783372296902414 -0.06562116464039865 -0.06588706520085645 -0.05004402700485211 -0.04350918307024557 -0.01997932961524851 0.016884643167273988 0.023439523845521237 0.06028250449606253 0.041296902492002095 -0.03584952406830586 -0.06473918114928975 
-0.05398950119389312 0.11472251494888486 0.3023910779003538 0.3057650490627546 0.3116449741437439 0.3251247919104514 0.29077090897758817 0.361135027881946 0.38876272330029993 0.27795142944507434 0.0671610886136011 -0.1155726684666617 -0.28915875916500083 -0.23675210061724009 -0.024119781751309688 0.0595683503834323 0.004502782459822718 -0.061663774220140875 -0.0720051851002589 -0.08437767076496643 -0.04648450106430513 -0.025658119733118268 -0.08477257218567687 -0.10175815325757742 
-0.4516688452296904 -0.5759315463230563 -0.44273258985165054 -0.17452523273376208 -0.07226682039438137 -0.28637208495056776 -0.4158702605544954 -0.4409660519947901 -0.4836458489371252 -0.382192677235418 -0.09666594418328778 0.12974730119230643 -0.14352271381197923 -0.11879007480036163 -0.08165853433957215 -0.09386121826002077 -0.039896622634793856 -0.025112675415021213 0.014884472372851324 0.04813713773342804 0.030747523785914933 0.010649172118977914 0.027919318706887113 0.02669342642714027 
-0.11016676069877107 -0.1655557608344136 -0.2746281531841799 -0.3536236413463427 -0.1787522614407232 0.1552957093672368 0.36251278822640687 0.31625489573150295 0.12250375473240943 -0.0381861714582272 -0.05895692266115887 -0.0847507769602136 -0.1852821280123096 -0.1266359646297608 0.10398648657991405 0.25306187659428364 0.26770223809607235 0.13784364684895614 -0.011288783005822775 -0.04662592576880281 -0.02350491732838167 0.024697263261421788 0.05195519888440289 0.021943878903817732 
0.03267880572258175 0.10507694864493322 0.2465443435511565 0.2429669752484822 0.05426580938504544 -0.10313563657695612 -0.21875028005003105 -0.1404438061008415 0.0917079321753217 0.1899389031130036 0.0444412499839531 -0.017470803971499416 -0.2293293160284954 -0.27681072973831533 -0.1696609707717125 -0.03751593972019277 0.0100092353244976 -0.03294220835883465 -0.06360817532989349 -0.1137036015297304 -0.18869511924332485 -0.1805021105803196 -0.0609227525340711 0.04439230433488705 
0.25968305736689956 0.15412616135417245 -0.3542068485407919 -0.6621666847112184 -0.5547280550341867 -0.18002437282322287 0.22607726774282433 0.3507516822413801 0.17160058472922152 -0.08220615051340183 -0.15925810512322802 -0.10779525259621198 0.10735774887043951 0.1306982798433202 0.034930947454415384 -0.07797119447871248 -0.07253323571895158 0.04869457494121839 0.11975819257926636 0.09835728419170708 0.043251013920788756 -0.009528133708934275 -0.0421053213011845 -0.04050169111562868 
0.05139419382296051 0.09465968179759665 0.10603967014179294 0.09229410810925409 0.08569337042885755 -0.019885418778833985 -0.15682797432302364 -0.11710364066053747 0.05789109379444335 0.18132364403312806 0.1362529046499601 0.008092626005644477 0.20117866419834826 0.20914753075213735 0.06265428475790484 -0.04630140281179074 -0.04740801296772382 0.03499577327447528 0.0882733141375049 0.12816520988365418 0.16248308467210018 0.11123940041369274 -0.010716519366728997 -0.061445740175833874 
-0.441597701360279 -0.5524419669407059 -0.30916865884274425 -0.04437362434059122 0.023133665194225494 -0.03241312435547944 -0.02772294237489592 0.009512960436229678 0.009659132160482337 -0.005294140791486608 0.021453213909391144 0.02397258139810049 0.09274218776770098 0.027714896923952237 -0.17443506875682438 -0.28397817976180034 -0.2606707194752664 -0.15247935048148406 0.00976929489097203 0.1249111398190123 0.0990319602279861 -0.0037267338838820655 -0.04983935915239146 -0.025567408141467952 
-0.22021680750887374 -0.16908157946403968 0.03606239442841819 0.07297465349854082 -0.09244101182598918 -0.28192858063425363 -0.35667011740368565 -0.3543200748492288 -0.3147705955566093 -0.1822353029890322 -0.01376485143216949 0.10098249955884597 -0.09288036807892652 -0.08751956775179359 0.0048728203687002924 0.06960511876928312 0.069387432794745 -0.0033024554471663783 -0.0782469581042161 -0.059932914615664044 0.028647748562154973 0.09393576560031221 0.0873262692682079 0.024407005828374143 
0.11726199472971377 0.2028521012131339 0.20408699558636867 0.19942758187953924 0.3163512945190359 0.40843525954893917 0.29669045461023924 0.09462647987868883 0.06083554872078954 0.1107535246493245 0.06526885037501115 -0.07753796494840887 -0.16446310322122523 -0.17747125289190743 -0.05835458347084923 0.012366690870185984 -0.024396510105878788 -0.08868084812692915 -0.10133821846487072 -0.09373112591365801 -0.08042541423815261 -0.036520491728813796 -0.0025357035088750535 -0.006795342322598125 
0.0506054500147437 -0.02042864902394248 -0.1652066181788644 -0.2384218513086605 -0.26907774261778267 -0.23040224438954415 -0.08429379850294294 0.020138343465225084 -0.05364036017217516 -0.15850748548821414 -0.14763372138747358 -0.014373118306223273 0.014825233287681113 0.05855669910310516 0.061824606576414386 0.0026103204107384335 -0.03687086087120678 -0.03268817318786921 -0.024695433589028575 -0.05291341795142528 -0.08815973209405313 -0.09464946930046168 -0.08194969331191211 -0.05997001037994276 
-0.08361952045841203 -0.09435467348503224 -0.033470402126555276 0.07422455545245149 0.1846415609077586 0.20786625190295327 0.1401035535693449 0.10347712901997674 0.1203702571827231 0.09240342564454573 0.09599475941366835 0.1020364172984295 0.20714472319238686 0.25323897184273575 0.16818127214346468 0.11456443899004658 0.11515841009151868 0.11428346029566329 0.0888650207766517 0.05030981732973692 0.03634480542774938 0.02727612496397151 -6.32631798324947E-5 -0.030423294620563857 
-0.16425174977785417 -0.1961482894242721 -0.03063272644436299 0.1277452054798694 0.0840264375932698 -0.08357955724765306 -0.20429036611615278 -0.2000051455655969 -0.08005875350541672 0.11088815441474219 0.21672127398423827 0.1911053395752551 -0.07571559187981099 -0.10931034247107634 -0.0634606877790843 0.04889817121219873 0.1204432487643961 0.11604020560283827 0.08959114834292235 0.0434936554250687 -0.035430180302460625 -0.07336305935380032 -0.012080711394037463 0.07328206078675321 
-0.39674357495114787 -0.4690049941149086 -0.36774376671127607 -0.32734926348486537 -0.20567602586104647 -0.007826464908996245 0.09009367608688902 0.05376877240488906 -0.03498967089583782 -0.10577267019406819 -0.11671885777134729 -0.08900731002745649 -0.09825927852640855 -0.12279512280830078 -0.0850042785254777 -0.04043586777062566 0.021780481242420782 0.08311350416781826 0.08013706891166912 0.055871423832139055 0.05847879458730867 0.05774148261024828 0.07186170907099099 0.0832084125911438 
0.4343142529005446 0.4948275387042247 0.19231212745074888 -0.1843294554765983 -0.43524869552656853 -0.4706765027920842 -0.32806230479048204 -0.0854884445024372 0.13033014477448718 0.16066974049249375 -0.005034778612853369 -0.13869743700353995 -0.1963793824259441 -0.23254350323960016 -0.09527422161565914 0.013296691534887708 -0.011023458554641074 -0.11792083399286817 -0.21214926958863445 -0.20271860409617815 -0.10473720241127842 -0.0014903889767157684 0.051284842898005646 0.05291335210652185 
-0.08812468621838576 -0.0714572191243783 0.1100700065023219 0.3515694892425623 0.3789376837404154 0.15207421217171402 -0.038421683828497866 -0.12139549300802027 -0.16026057571915486 -0.10571181522507489 -0.008712341500758808 0.017312567814395663 -0.19167738164607848 -0.19688266607396812 -0.10140512954668224 -0.05651939979835744 -0.02949688913785774 -0.03137630205387481 -0.053795698612654874 -0.0742315836298851 -0.05647470255896034 0.01859048556697887 0.06137281459810886 0.03940565751790426 
0.2705769531335971 0.30270833279926324 0.016283051795815462 -0.25160424548850757 -0.17521004154353792 0.1902326061905963 0.49641512260744397 0.4957327994293922 0.296788306140077 0.11532889386039284 0.008863487154927074 -0.020794655665236528 0.19152249182406753 0.20363403979358963 0.04666310582469668 -0.12499255020467163 -0.2216429396121543 -0.18328670953814685 -0.055311192584084866 0.03985574698728864 0.03628495930368422 -0.0403304962217825 -0.1172411799793767 -0.1206072318782197 
0.2601572198705613 0.21770260705947653 0.024486159756237358 -0.1241536690838384 -0.24720468543898855 -0.24415211323871205 -0.1607579417741094 -0.014147098671370317 0.05120535609824828 -0.13887370357895434 -0.30778643444956405 -0.266175673250321 0.03594792988320261 0.061644964154878266 0.09046968749962488 0.1227037768388055 0.12526090172925228 0.09657436379427896 0.09328615904066025 0.11918961858387163 0.12604308577129877 0.0955168443729209 0.03568636038132018 -0.028732682693769034 
