0.0 0.0 0.0 0.0 0.0 0.0 0.0 0.0 0.0 0.0 0.0 0.0 0.0 0.0 0.0 0.0 0.0 0.0 0.0 0.0 0.0 0.0 0.0 0.0 
0.0 0.0 0.0 0.0 0.0 0.0 0.0 0.0 0.0 0.0 0.0 0.0 4.94632745904037E-4 -1.727260338758215E-4 -0.0017634993376560715 -0.0024119209019246948 -0.001796138849868086 -0.0020708137792287973 -0.0029179467043880156 -0.003539406149582184 -0.004267018700926069 -0.004601650287510482 -0.003438187656442752 -0.0015520216435134977 
0.0 0.0 0.0 0.0 0.0 0.0 0.0 0.0 0.0 0.0 0.0 0.0 0.030361005062892115 0.04042338755298095 0.034351621960562795 0.02875555382337445 0.027369406980979238 0.029330042966175068 0.02908585648855098 0.02442219987542893 0.018796399640324545 0.014995357573389883 0.011274496003278891 0.006512855322458877 
-0.0014838982377121113 5.181781016274645E-4 0.005290498012968214 0.007235762705774085 0.005388416549604258 0.006212441337686392 0.008753840113164046 0.010618218448746553 0.012801056102778208 0.013804950862531445 0.010314562969328256 0.004656064930540493 -0.0325813061991053 -0.04376625030459993 -0.0364831486128196 -0.028982799805009157 -0.028227892511988067 -0.02962500755999643 -0.027581856245500358 -0.022336728034559116 -0.0166182170140374 -0.012060078661452903 -0.009282293580194176 -0.006543041349813862 
-0.09034106606982029 -0.12152925170975659 -0.10570011488817249 -0.0898845428230104 -0.08480242921773984 -0.0910963495673684 -0.09163448952223496 -0.07857570885066006 -0.06278972697236274 -0.05188854815143537 -0.0389807694945008 -0.021866598432646878 -0.02731359071233778 -0.03617678667611019 -0.025939424426826885 -0.016117173957816127 -0.01936080394826048 -0.025929192766137994 -0.02368635329980252 -0.01620537523299767 -0.008127227923492972 -0.001860045012021888 0.001656550551330969 0.0013033032293172282 
0.14291445163222605 0.19206337676867807 0.16229950328254505 0.13189067082653266 0.12708489214483412 0.13442319746367348 0.12856281349761856 0.10629803852900738 0.08124951452829357 0.062124510060076396 0.04733726548783293 0.030562423265765026 0.22911096202531991 0.30236692650044555 0.25291832101211303 0.1889618009702473 0.13200301308837528 0.08446921220774894 0.0430180220128459 0.016245139164385136 8.773926047467157E-4 -0.008211874634402554 -0.009476589392655674 -0.00488605151219675 
0.009741597202044261 0.012757760694805276 -6.862293543077602E-4 -0.013975932186930912 -0.002765825952833492 0.013682200235420439 0.011154573207180302 7.762156588626001E-4 -0.009842545442278763 -0.01857964456270681 -0.023481002913245244 -0.01686308885556395 0.9058461719933298 1.0362568996320947 0.5214179173036638 0.05365182416906863 -0.16440384646403636 -0.14973092460076917 -0.056304873965282824 -0.0026657022796567204 -0.005864588489364463 -0.02924522663574967 -0.045095343699779876 -0.054685536768998955 
-0.7388581159496042 -0.9737261076019901 -0.8059714077903033 -0.5976039455230077 -0.4316389243479748 -0.2995844701869549 -0.17169475729008127 -0.07779316129917019 -0.016304712476503926 0.02178612297137483 0.030994447856667502 0.01681246467858928 -0.5095255144473744 -0.6367237892924376 -0.5014637619789671 -0.3202956138403577 -0.10850933255564037 0.03491816006021028 0.04872649019546765 0.003023839142398149 0.0063600006460046545 0.06661324565081923 0.12233384637659013 0.1287849386455575 
-2.366993298258895 -2.6474052084207065 -1.1858184112627397 0.11390729284455392 0.6877710184207737 0.5751002580602533 0.22740891776746341 0.02146699790239888 0.0035811519981293997 0.05601632530016441 0.10447667042042155 0.14906499116793787 -1.260306942423594 -1.49462309194987 -0.8773099783063271 -0.31815791797757637 -0.053215157445869556 -0.01177932737407148 -0.02512169444315585 -0.004558889405563209 0.02901030448644075 0.01369958414544168 -0.02556361484091478 -0.020747295050125437 
2.8598584427048186 3.432316229203747 2.259256880173662 1.0288358998318634 0.10734446762495164 -0.2510403116293738 -0.12574382936892595 0.0868811299800448 0.05545766387007552 -0.17501321182381696 -0.38364311030877085 -0.4387564326826584 -1.2185550954138067 -1.6017729261998104 -0.9504464945107581 -0.27211123172111323 -0.007884370649510622 0.04992936713433619 -0.0067273145295724535 -0.031597475396077775 0.010926793811891988 -0.0033398262641533686 0.00972281410131322 0.03048429656170881 
1.9913041451456146 2.2936058681415474 1.0986295615826904 0.12727789906836273 -0.11261204960168805 0.024748103078844327 0.06354419257607019 -0.06788426176405526 -0.13275464707489074 0.038721270398564045 0.26052862069221827 0.2731632449754362 -0.7382529139647772 -0.858537800440828 -0.13479114625854346 0.15884976365050482 0.21887484780149433 0.1610958590203563 0.05013612027642356 -0.003167549555159475 -0.008409880218938416 -0.05922836742742086 -0.0515041036584712 -0.02614379532400239 
0.7376584485895612 1.3610871327163139 0.9031440893192562 0.2120444465284277 -0.007794278388212061 -0.17419649409925894 -0.0695804511056673 0.06167489472229021 0.019082805624330176 0.04045312921463512 -0.07619996958317052 -0.1366895519102863 1.5812134660074257 1.063356724501886 0.9284907623882698 0.32264649448597466 0.19121362941922213 -0.1602561206565683 -0.2754720833286356 -0.12853953520126105 -0.07037114550815962 -0.07640586696490476 -0.10499252359077627 -0.22486488125488677 
0.9088654406930652 0.9638227411454938 -0.10338857705990634 0.045753728544757344 0.08871584802287258 0.05339077223412693 0.048918867806563404 0.0435727641967546 0.04699822177781732 0.12596825706320097 0.105267411033035 0.07646293675375898 0.255458964754769 0.6412547607451756 0.3337039228907324 0.260372156871606 0.07612130792845805 -0.014909101322688254 -0.007290658296511145 0.10961648862093032 0.013294820162060619 -0.006612351139469526 0.13033215130544115 0.07602616130844726 
-1.3425626030911841 0.9071376191961154 0.07479366233015128 0.1016585016357422 -0.5669603694449951 0.21540671576268983 0.7079850830017342 0.41677122260342303 0.17669466596820035 0.010580895738578844 0.00896506529314961 0.3341883651928405 -0.7411889556951269 0.656198090597484 0.036817978724439815 0.25638497797690457 0.08064288815531939 -0.01757537530191075 0.2175356192581154 0.1507574407798912 0.036955500827752924 0.1927239422171322 -0.05285954440091508 -0.01146506640178623 
2.2650377767216803 0.5968163426661199 0.5116930064050456 -0.5986455991001125 -0.061392927858670676 -0.1253261978840653 -0.30336659958809714 -0.5742818915674126 -0.2514450377330077 0.07349444055500076 -0.17305035066226523 -0.19035419750146898 -0.6296385567167139 0.483618674877692 -0.2836432255007537 0.123966834352934 0.08092550036499718 0.09979546613420576 0.18952216802490163 0.14839311758344728 0.026729576560288733 0.2405382705963829 -0.007582934638695277 -0.0066091732884968335 
2.283139147660634 -0.42400393983645124 0.48514936141346077 -0.23491082357985116 -0.1746685549133986 -0.032111883134430586 -0.5460445751826832 -0.08167009973529982 0.05743793289648391 -0.5114817891826615 0.22153754446722485 0.03111421442268636 -0.783655909134748 0.6332116982821292 0.01749085421937598 -0.12566954656798332 -0.06742484425269461 0.06949876672912597 0.23363924133698175 0.0661374256129268 0.029414076911088032 0.06373785656200788 -0.048165922225937775 0.10067854701073171 
0.9849302354672975 0.17853749602870117 0.5423632499007001 -0.157862111906248 -0.3502065603379172 -0.12223632671993012 0.10736719282406726 -0.1523859273842258 0.02643785863280934 -0.33461521226532764 0.02172997536208321 0.24782753200432656 0.8001784114755578 0.10763111869803647 0.3849964632048783 -0.3944771716781343 0.02728163122931541 0.02588271048519573 -0.155019601599149 -0.24641199102094505 0.029641125371633437 -0.06044898006258329 -0.07831975793206701 0.02392613888580834 
1.6484588949402514 -0.7833580523315629 0.006985977924196085 0.25827539774275987 -0.22027902044728798 0.0053654799932443265 -0.1982995372152932 0.007410963673049192 -0.050489012947972256 0.023422152462719392 0.05607266895878871 -0.18693814059225244 0.6504482334812535 -0.09497134538249075 0.2539915995240305 -0.21944324096530507 -0.08321365934298904 0.15309182522102766 -0.1890890791463529 -0.11159209069492522 0.1251353665313765 -0.20609621817766274 0.056731789536293105 0.09620077600478161 
0.18184266865519838 0.45360004281956634 -0.4042146914649569 0.3381928052729848 -0.12043258877967222 -0.22171301090348994 -0.012180313774345142 0.12041354979124805 -0.2864049409256799 -0.01261059007993981 0.14464136088815388 -0.15310643665142462 0.5020056265787533 -0.08536823399354206 0.06639992653049138 -0.005083545957816164 -0.15991053226784388 0.05749448622717276 -0.03757817470349642 -0.025928830423943575 0.020269479828041947 -0.04008913055124582 0.06845839296804897 -0.029796312933707065 
0.7333382306229232 -0.2766211770844116 0.19646353352419776 0.17539144072644763 -0.039914562663553976 -0.44164901670573364 0.08099641555558167 0.11670643376173889 -0.16154676691840097 -0.05419544574236723 -0.010113516904689812 -0.05702112926378289 0.7929216536344539 -0.3780240685259839 -0.40206586473952993 0.3343754878786016 -0.06353365146139127 -0.09490896464324357 -0.005974711089793518 -0.01726316729847722 0.06811238713793226 0.03405991827116939 0.002883490979304034 -0.07419697294197068 
-0.06352631211029802 0.18127376038575171 0.24842469250922505 -0.10116949552464338 0.03934280757374742 -0.0712125370519594 0.08045374054911908 -0.12924717115673992 0.021158296133897858 -0.17553902150904688 -0.15055211061032442 0.272257965141213 -0.0655982272077346 0.034846637558146355 0.006540027278206573 0.13076092891803917 -0.09296152631598194 -0.06865457585497314 -0.023619313541026022 0.05227931875627279 -0.05011489477777146 -0.05265378100669279 0.024861976075024123 -0.040212117845856515 
-0.607621575580362 0.4868772944632962 0.886863880155695 -0.5251699154942309 -0.109565764239824 0.21484213699720978 -0.22669243110764475 0.18403082604247484 -0.4086077928915579 0.002706613363764765 0.19501893177011576 -0.1770294226626592 -0.1784362154488758 0.10417360326391734 0.5231841815803144 -0.2576335944089862 -0.03489895861408787 -0.14982645071361853 -0.057864958000168554 -0.01724196603206879 -0.11288771408981156 -0.10345607812970081 -0.043499891771991206 -0.016556802609330058 
1.0491172533800448 -0.03268910562872662 -0.7690349466153252 0.2961906966292065 0.19327759095640862 -0.3439948601900422 0.21252205018034614 -0.07008660261793831 -0.01252974360578707 0.11689972338707255 -0.03251079167432128 0.02753406358558308 -0.5023874151844909 0.35553348921685846 0.22013414672755927 -0.27343843212491314 0.11911558748713236 0.03779291568217036 0.008046111652634275 -0.06372970316580152 -0.12436010648890138 -0.022323526846428094 0.0793184878627191 -0.03207661334836026 
0.7123250942243793 -0.4821605538689244 -0.8643591916544704 0.7496121278764813 -0.012185078512620962 0.1442214970041633 0.18855713474047375 0.13885204758854447 0.19396039522087616 0.10995341619867549 0.06136549894328222 0.11501122934202224 -0.5314254913902307 -0.08188681051945501 0.2091934885086187 0.047737669891399236 -0.19577468272774176 0.14207012648561182 -0.11865226080279778 0.09208413476669829 -0.20292326928168378 -0.018956767591059465 0.174469378015643 -0.1195605974016997 
0.7836625985408041 -0.40080778309871334 0.46363378823162993 0.08175477916473994 -0.3666942977512512 -0.14928096410194724 -0.151309377332843 0.08453132756762982 0.09295452154438494 -0.16219184238721795 -0.32168085778506494 0.22246747918395304 0.018588571917096768 -0.48303081936622316 -0.45740097991847595 0.35153813811866835 -0.030367707474488376 -0.014614901108957393 -0.09531716946929093 0.0881932696336231 -0.35485607847144945 0.09496008115349024 0.07647488003554968 0.10765760870541007 
1.1193822260099502 0.9165970647566546 -0.35705095279363874 -0.5611649664361953 0.7577442282972311 -0.3087251905036732 0.3111800650573432 -0.16953054335040407 0.14741988237840742 0.1991226990240884 -0.18380416922144144 0.08418566174325492 1.2722222686822133 -0.24634424910404787 -0.022119420768723568 0.10831293177222445 -0.19676226827301257 0.02712759854391411 -0.022250034642375256 -0.02712983553096171 0.12050543993576028 0.044560132397000074 -0.08632938536217682 0.14623167972982068 
0.789822971735969 0.7170245431571534 0.3495138737096868 -0.10303517057046019 -0.10058394002505228 -0.07367681310925178 0.4371620934297842 -0.18047511604933333 1.0753087482297956 -0.2125651614861046 -0.13935059769860852 -0.28002597873126345 2.242113663291155 0.37118319178942255 0.19720237703452081 -0.2452422563218847 -0.2073653848917114 -0.21433316580412412 0.1859613061702282 0.008719419919112015 0.20121010042160833 -0.1311355493813637 -0.16639850669255815 0.12237270468119603 
-3.107421898419843 -0.30204396968471414 -0.7409409720873281 0.5170683074274081 0.4450465474433174 0.02503662587607325 -0.03892849671371407 0.35274477598991116 -0.65873303792911 0.0014596785571185933 0.22918852498658446 -0.07243708088983153 3.2343995635606055 0.3884069324997685 0.11017575956906889 0.022084369165267015 -0.37232815001216363 -0.3124878934954249 0.6824805488531468 0.19391781596325441 0.3296815569184468 -0.0768619353209779 -0.19784904667648884 -0.1295543799918125 
-3.829276329117765 -0.9050368412462966 0.06397166677491217 0.2783649111985924 0.4117506973508399 0.3268376251205519 -0.534139014957999 -0.20276459185986384 -0.10759931956668134 0.33004631599035805 -0.02898168481140341 -0.06633926354309178 0.6606418787385118 0.9690594839966882 0.1680948434853097 0.00657545540208293 0.08470965299574794 -0.1301372660045104 0.35938951082030296 -0.11264083464297847 0.22131059606337025 -0.1458762864592978 0.11008131760742323 -0.03091957921853571 
-6.274266814244999 0.5624069594590742 -0.5448071280334581 -0.8181181148165226 1.618561359645776 0.4284812708676995 -1.2506110273082054 -0.740139253334902 -0.2501707544786946 0.1584027662487908 0.3545585143644225 0.36600544412460656 -2.7266456155110474 0.5079217963084527 -0.5065355553898391 -0.2585056344064958 0.7724101225871735 -0.21423712062197717 -0.47543182152077396 -1.1881703145803317E-4 -0.2430925986077085 -0.003719092191322909 0.12602778427379324 0.039419113152027896 
0.39131979343301193 -2.6223793734048053 -0.25283757877317736 0.5448316743452564 -0.9414703051135254 0.1150126624084663 -0.03516517373387906 0.7038894025420087 0.20709581831447715 0.14659215404595266 -0.5322795452097973 -0.40648850358287536 -4.014471802623599 -0.08766619079949727 -0.23580058684593297 -0.6440852874048941 0.9337067966009361 0.27527329095887776 -0.956932117471362 -0.019885728763162153 -0.116061794008525 0.12645730600360697 -0.01696188011849201 0.057994927211238945 
2.9622168868379113 -0.967138092530818 0.937070316856234 1.1593518290735636 -1.19557331908602 0.7736604690980476 1.1378800472365478 -0.10022577011665101 -0.08680281104656379 0.10434403610329002 0.10275410236440166 -0.020619800326023424 -3.4522138534693174 -0.5599308579519047 -0.3158744599555893 -0.08295505878113651 0.3815522256175326 0.43591656813893986 -0.6298020677324659 -0.08881284100652477 0.012027728650073935 0.1209678729413649 0.04355121636841877 0.019427417435289657 
3.595897228211575 0.12273425714714126 0.030434704867865037 1.2218858014682317 -0.9823023530860704 -0.6715718468712555 1.14241180018371 -0.46306414717950295 0.15890209074282824 -0.022296236947712433 0.14780616154408305 -0.04701142295149363 -0.19998124222709754 -1.4166751912594595 -0.1277681364212945 0.8187487791648547 -0.5267889067174392 0.2694334160372617 0.29863328323726707 0.2395198797107736 0.07111481917168734 0.09674517007915129 -0.16518497572347582 -0.13082144268680052 
2.4800860287736715 0.8696427180388149 0.2611801100127886 -0.9077800020346007 0.4943207067794506 -0.48597617890925915 0.05000668893039811 0.10977604454542811 -0.26215707664309196 -0.12005665707847135 -0.11613798811777398 0.12798465150304672 1.195957816882193 -0.4849652452443321 0.2396663729667646 1.0511535671471448 -0.4192385651653467 0.13308467282840022 0.9751481563916009 -0.09723087488119501 -0.020296961093357158 0.1435723608824446 -0.04592304607022254 0.16329502666177897 
1.2323289491464244 0.7092557950887564 0.46841193391242886 -0.8778487475952257 -0.2060505978939431 -0.06346926169966527 -0.3871283442926055 -0.11967114392135159 0.08142849359767923 -0.03144300960062052 0.07272142720171804 -0.08832640143700887 1.4620066710740833 0.1887409132802572 -0.1616562633338039 0.7305557280828334 -0.11425317967580988 -0.3734301265121343 0.5177321823214431 -0.20519748150701891 -0.025668393634847075 0.04224537695242967 -0.09566870377733096 0.06268598453856654 
0.5561275757239077 0.19449687423137085 -9.174165663417E-4 -0.9442415978361425 -0.3259835011860437 0.07035515802705183 -1.0227943497000973 0.019770352897858334 0.01282487080608219 -0.32179966021758977 0.2780656077462518 -0.48984739106860264 0.6569748482006968 0.43123801351641156 0.2983373718511844 -0.32081478207174713 0.14878538395360855 -0.20515215852321067 -0.004269594485771716 -0.030034386360386106 -0.13315709605288104 -0.060966328192610664 -0.11931577257678867 0.08108612623980838 
0.17185644151420654 -0.10591556078990827 0.6464522581588419 -0.9515505848794978 -0.22939071007589362 0.170552864196992 0.1256157725346283 0.19753114316533876 0.09841629792278239 -0.048160866235442246 0.23771047494406305 0.07384664471863145 0.08809074960365197 0.17565596676674713 0.13270899705973083 -0.37191897962394926 -0.1677131431628777 -0.004041664994221909 -0.15018747001314717 -0.27482453805266643 0.32559484775518793 -0.23587064599008298 0.003733285996618522 -0.12358012526080975 
1.0393977379876898 -0.016485644571087477 -0.7228521676639712 0.09151526282277667 0.059634611009600214 0.012469233712044225 -0.19355658602590364 0.04127806008324125 0.1288203093529996 0.0712012558167715 0.15931480574141954 -0.19636025029419857 0.15659522140535653 -0.22544638699806718 0.572194490492879 -0.515538490914456 -0.13791240906607927 0.44535720473967394 -0.40347803232719676 -0.06624362717630077 0.17040846187097283 0.03243756608871384 0.19130041033490328 -0.1938697004946883 
0.7264216192035775 0.2877791541897441 0.43125231828205113 -0.2799702390528374 0.10427977549686807 -0.02240130455949574 -0.35118481609026087 0.6940486166439563 -0.9533537689413432 0.47966847035244764 0.12089697021427859 0.13567040395821833 1.2073394013021745 -0.07713053526061368 0.5196696741400655 -0.5211309896611406 -0.2789530894851126 -0.06637502059201168 -0.16482836934782952 0.036137682348060925 -0.13355508387994686 0.010959191861940646 0.17970525759955813 -0.06926203972287674 
-0.1909406773368474 0.6739886777357462 -1.6099009181065833 0.26658370199389547 -0.07908151677418673 -1.1692393718137262 0.42604004159393755 -0.029757502312548145 0.027484518625226495 -0.6830270267776762 -0.2374288708935658 0.06084983079566875 1.6787326805235956 -0.2828616023348882 -0.39964338204882727 -0.002301166277266962 0.04759369356486679 -0.4697963096989867 -0.1696111784024358 0.12455181172157957 -0.18340434234172207 0.13750062309743505 0.08018965810096058 -0.09527465798052552 
-2.8349925547300483 -0.21976111616148408 -0.4690323890400485 0.5243081645183645 0.6768266222713377 0.9605322287359123 0.31030256676819623 0.12463587731905068 0.5497494449265096 0.2960756994759597 -0.10303345953711862 0.153027723342328 0.9099607248011196 0.19435560629652895 -0.17604999582030967 -0.16357893926470998 -0.175913214890289 -0.38759923834250865 -0.011143231114055316 0.2570945247841278 -0.35007201833384366 0.012419378992621152 0.03161932279544342 -0.03269241997101811 
-2.216093216616284 1.0858692976091913 0.9262203321435605 -0.3037204401310234 -0.369419893072235 0.9303913961613004 -0.01546674224782478 -0.04767100541904462 -0.07251827055576054 -0.24950422803728967 0.03071104631423638 0.08078506395532314 -0.21861102309904826 0.17137794776235596 -0.5458812949106626 0.21634548530221176 0.04108767747990394 -0.36342560553928566 0.19163801725324867 0.061329580430898256 0.03446016342130303 -0.2670812115128212 -0.14801683364584647 0.0035028614056594556 
-0.990884285560063 -0.5012279746365653 -0.30865831938209176 0.495918649803752 0.7771886083167592 0.09058102648051702 -0.09700173082721375 -0.06827820615517877 0.14686368065068128 0.2256489340043909 -0.10803095677595276 0.22378004729144546 -1.1549529643978307 -0.16327714020931547 -0.13779494105563517 0.21025861247134384 0.2769909129924155 0.4970292126863191 0.13493795766193484 0.05978296076767082 0.12101788332112666 0.00662443164055565 -0.023774349274054973 0.09875350327205813 
-0.4571617426246952 0.30058826368621894 -0.052444068203573835 -0.36825799655543356 -0.2525255422366093 0.3560130459318283 0.05477813863189651 -0.11728920186812819 0.12554691049923156 0.1534299904965718 0.20912037866339073 0.014965084604131644 -0.8507624758313256 0.13247117493290084 0.1290118517258727 -0.06300548179201622 0.03116462826047735 0.3641192223161028 0.03916634755147024 -0.006921471485222226 -0.03330688782052437 -0.061310423632444135 0.009914581212960433 0.09681033530172656 
-0.24959939853235058 0.6627108214279485 0.43368463430042414 -0.07419889468346197 -0.2125932921237217 -0.24336623420830894 -0.12963374665746896 -0.019903906759419998 0.08766320443563358 0.074735295287362 -0.12091507788953088 -0.11032279679825065 -0.2779254581039064 -0.19349475852253187 -0.14880361845455928 0.07201308312484585 0.1396813954419376 0.13612492139839003 -0.06782321750502318 -0.02148396363022829 0.10318080051556151 0.1100638607356728 0.05478067101568015 0.04005165130675129 
-0.034448232636163034 0.10648637477823186 0.1680133001246844 0.17035477748863226 0.03197717236657338 0.0050073595574049445 -0.1166497769871079 -0.051093740661257325 0.05700263101333641 0.009883862218557193 0.007409363232144139 -0.04259451990500846 -0.13992645833579245 0.24578513770063104 0.15396576781714325 -0.014112898856927014 -0.12151267991006147 -0.05567877630594444 -0.11055982047419405 -0.03436204587316276 0.19441055823397013 0.19369241135770113 0.0788772591795563 -0.07906728192346356 
-0.3684646662426099 0.17630724538502385 0.02752385181745698 0.01057301340718153 0.21589306468935499 -0.14229089452744137 0.192181879497358 -0.03692404586792933 -0.1284065811530557 -0.03276958406362018 -0.1715174621073699 0.13240489562576163 0.1313520049374175 0.39661106548227715 0.13255054167393224 -0.07711025184059128 -0.05231523897205231 -0.022492732478765525 -0.06056070534112471 -0.1209589555731873 -0.07621547565118429 0.022538836016711805 0.05138914669682785 0.04361426190156439 
0.02205026623781181 -0.19356536139421188 -0.31126098041352 -0.36830525402997427 -0.10223068091296322 0.4725117050092279 0.22554978697706518 -0.0056929946943852505 -0.34964987140833426 -0.37389480390104046 -0.0022102067663586633 0.13080308416251618 0.13824192453568038 0.11182665843356905 -0.18069199819256512 -0.2578941038021238 -0.08391554810100726 0.1299818939581872 0.1351297204813663 -0.04489944423305383 -0.15917932786156605 -0.15623869535561166 -0.029080986842802924 0.0826371283509033 
-0.6719046627815906 -0.37709650693266106 0.2756701495477296 0.42646187659761514 0.011456351432203526 -0.40964020949792385 -0.11905141261618135 0.32027258697670585 0.5196358826000218 0.19900812029702541 -0.27027273298076304 -0.32786438453670613 0.2180526843420282 0.23907142547575155 -0.10701192867437499 -0.29804599891084577 -0.12259801491946232 0.18315385210196075 0.35126489604246797 0.26118827236571 0.051629614103176326 -0.06271246870130272 -0.05119468489082191 0.03584693911610986 
-0.2974540079737138 0.04770827563636715 0.5860161458372435 0.7360926572997868 0.38594217329817093 -0.2512636648319154 -0.36642229237443713 -0.09499372438441345 0.21051938272149584 0.3627110961050694 0.14402995919724948 -0.06037126487648442 0.5514572816121356 0.5249222305616659 0.2765303858243189 -0.07328372668435994 -0.2490389159146702 -6.541548203079876E-4 -0.042766287866032114 0.05026031174772825 -0.053040491610580776 -0.14692273626974384 -0.04657865264213254 -0.04581500276059094 
-0.8628705821629317 -0.6615438495575203 -0.10007892528479978 0.35251205447483835 0.3396006823421749 -0.32986476591275193 -0.5656267689542946 -0.7758384981200452 -0.5633800505274997 -0.21293512796276698 -0.09105349041670827 0.12045125279693236 0.32178646492242247 0.5283407867952821 0.5944157079823839 0.37165993642975265 -0.04645835113922794 -0.2948642073387695 -0.2545110103891285 0.028794531141133606 0.17323709376279406 0.0942440463207137 -0.0710195899077623 -0.17031338482411582 
-1.5368386189079244 -1.6261083817667799 -0.952977600470212 -0.11147916291550608 0.4808139013760617 0.43458644767756593 0.5771363287442182 0.39158161261080554 0.35097956998716884 0.2728450290380873 0.047916129878011554 0.04409027377746973 0.138995294112875 0.3327237217123162 0.44557707917736306 0.3726018998796498 0.09946439596688372 -0.25051573606474153 -0.3488392169082899 -0.23429557159362524 -0.0586207335352702 0.08643844002922725 0.07925397795482549 0.037982491330046886 
-1.0175717520817527 -1.1252105386169338 -0.7380801012456941 -0.2647320225839964 0.10339554081094193 0.13202735626364392 0.17270230799187647 -0.009398674944304464 -0.07030549232119686 -0.0387909851316246 -0.009157048597857181 0.13084500060866422 -0.4069625753947103 -0.35600694598472243 -0.13724702062550165 0.06184462959325147 0.09688949178059976 -0.12243639710286326 -0.16874556697529078 -0.22907506446986048 -0.13840841368932127 -0.01161000573329779 0.015992470444395713 0.07979505458825471 
-0.6370893053529283 -0.7186295449708746 -0.43171450371439857 -0.0730910038097452 0.20565155616313624 0.26933748227411125 0.310930819877347 0.22467307880859191 0.13984430422415497 0.016323704601816424 -0.13468019557665256 -0.179515612772491 -0.6638607577563618 -0.7321064903154623 -0.46736030241394216 -0.12053927958882941 0.14204392697712698 0.15874926087911928 0.22785348827766339 0.15486046049522975 0.1323291379529888 0.10650912456803126 0.0340520599563414 0.042456531491572434 
-0.09185751275629883 -0.04726243000130559 0.05103058821379847 0.1477840861422035 0.18651337960683834 0.12006890809756521 0.07371268640501327 -0.005159037809357017 -0.04258717657802899 -0.049844448544738185 -0.047732739022563364 -0.007130967692851431 -0.3107604178401437 -0.3164379985835218 -0.1601701641169654 0.024258598402530307 0.1631248531019974 0.16469089572354884 0.15980368413207965 0.06882749449163177 0.020251786465043 -8.087435761505585E-4 -0.021632766624765768 0.01168097470924464 
-0.00811346530156598 0.031237034871792524 0.05454796204186829 0.04388062148788219 0.013123201046732591 -0.03568211087675255 -0.056929325295340394 -0.07511958744235744 -0.05986700174338154 -0.04115561295944975 -0.03495220477865954 -0.01429133654648973 -0.10569900636242095 -0.08698633942013649 -0.0011307614552033736 0.09288040985032393 0.14693347149829053 0.12146149694009849 0.09836355062949372 0.04289453992796163 0.004511401814180073 -0.03689551605101816 -0.08241710958091618 -0.08383453342206505 
