0.0 0.0 0.0 0.0 0.0 0.0 0.0 0.0 0.0 0.0 0.0 0.0 0.0 0.0 0.0 0.0 0.0 0.0 0.0 0.0 0.0 0.0 0.0 0.0 
0.0 0.0 0.0 0.0 0.0 0.0 0.0 0.0 0.0 0.0 0.0 0.0 0.014072157020693865 0.02085619339504935 0.022299707475661085 0.022881255053480615 0.020594885610994835 0.016650134095160935 0.014431719071734572 0.01331200171111598 0.011653817115699442 0.007140109329066345 6.360339181238998E-4 -0.002339339548545103 
0.0 0.0 0.0 0.0 0.0 0.0 0.0 0.0 0.0 0.0 0.0 0.0 -0.014101218857213679 -0.02266324743630883 -0.024810008880329176 -0.021176384065942605 -0.01549133714717893 -0.013502834133487879 -0.013287254548646413 -0.009332666132501 -0.004716497625681428 -0.002456616171308615 0.001459988364183896 0.006113030755328953 
-0.042216471062081595 -0.06256858018514805 -0.06689912242698326 -0.06864376516044185 -0.06178465683298451 -0.04995040228548281 -0.04329515721520372 -0.03993600513334794 -0.03496145134709833 -0.021420327987199034 -0.0019081017543716994 0.00701801864563531 0.004891382237226812 0.006241464411479204 0.0033879404317094797 -0.001534579943296625 -0.0038107354464258967 -0.0021518168526591572 -0.0024757942092874705 -0.008037965613527496 -0.011573366826997286 -0.008071851849455525 -0.004854595026276841 -0.00789191507718528 
0.06341189210268183 0.09927403240150051 0.10787958785447915 0.09785103477804874 0.07736633985802904 0.06548370354320504 0.0615093422535411 0.04796600096417697 0.03163021855059345 0.01808001250752536 -0.0034259142153658384 -0.021848101588804514 -0.02681375681312718 -0.033393307814426815 -0.028609591516000687 -0.030686966942374258 -0.03019636146106928 -0.02165354033468936 -0.012733293466961504 -0.009464157836887754 -0.009786059567083097 -0.003730822439633158 0.006054895077714372 0.008713771734782175 
-0.04638009276302135 -0.06836140943518787 -0.06410361522236802 -0.044321777559134495 -0.027250963589736832 -0.02628640121362505 -0.02332728849890814 1.3089635849400372E-4 0.018904991205695137 0.015175549294603893 0.01627674218651344 0.0345997960259581 -0.014898993544569509 -0.022690276005844834 -0.023783514153557228 -0.024665724030432424 -0.02535151090506456 -0.023962841491659077 -0.022030641505097998 -0.01865092713359558 -0.013689203948836257 -0.008707445803154133 -0.004646178744308868 -0.0019552323512824744 
0.08252308128985142 0.10307633806830035 0.08443102094569443 0.0798999070264691 0.073322237761584 0.053128620468139195 0.028215946042736723 0.008359022764742291 0.0024249574248525613 -0.00710547132200199 -0.027257107203585686 -0.03993220389450792 0.5782724493302774 0.6926591021621954 0.462881426618458 0.2683273334056666 0.14686431797610935 0.08066679191236951 0.04350054475635962 0.02253012946116754 0.01939553238289239 0.021875665212694784 0.013938082778280918 -0.0010113960000408654 
-0.007075085021957861 0.0036010949989865315 0.016175703488080784 0.014328970806645247 0.01629192693043169 0.02811566372702734 0.03944346540549247 0.03582026536715614 0.020708791062280886 0.01729475133702704 0.023946030972664827 0.021925766852334435 0.9202012844223232 0.8257171512265485 0.2410359972874828 -0.22725941798704255 -0.37312296126467054 -0.009254949341019543 0.015408194719618504 -0.01582534158707978 -0.0605143374411057 -0.12364480910149012 0.02695356538976013 0.03571125213893798 
-1.6910579597586821 -2.0146845263021724 -1.3209043513561192 -0.736456339621841 -0.3849980593303832 -0.20371770466422967 -0.10037766896773809 -0.03746907192365673 -0.027458278526376598 -0.04860658415177058 -0.04907480694328429 -0.012476899001870087 -0.7393035057220473 -1.067152073200734 -0.5716273681008679 -0.10503266907650703 -0.1430764474612238 0.03710993271828385 0.019298662708764368 -0.021956140202788733 0.08158807181997689 -0.011856647205341166 -0.04484281009887561 -0.05156086298390866 
-1.9201934255057242 -1.486632430929597 -0.08454392093390961 1.0456345997261483 1.3212780687502583 0.129901609375618 -0.005255065152526245 0.07052096846393285 0.21538962150462682 0.4068605330139585 -0.05367510411291765 -0.08626161283717475 -1.9249315581438553 -1.7349036367417698 -0.866176504444477 -0.16336732365234266 0.3769513690111668 -0.22154345172912057 -0.12190148047038007 0.030998097347800693 0.03808971373674416 0.1860076506101611 -0.06048673472968233 -0.02752099233256755 
3.2569927686978764 4.049649320634794 1.8496729374592933 -0.12065490020376135 -0.1499414907646579 -0.10909415051100768 -0.007330776804547023 0.056877091824720144 -0.33967967325625104 -0.16631842054444423 0.14608189063583238 0.16884407490197267 -1.6255394139233037 -1.930718698453066 -0.9693665381732034 -0.05191910516020667 0.3739194447654026 -0.1946755287879447 -0.045292065512754755 0.1163707046055044 -0.1116204440814869 0.17118007698027282 -0.05569817375414382 -0.019627527278067904 
3.293694225181329 2.176145081755813 1.0294165724138056 0.19653022205463344 -1.2320904643859316 0.645434241837778 0.3586244607350372 -0.10434710855043437 0.0625503472169856 -0.48187228229711954 0.10782788637215346 0.013828256898115704 -0.050831053877022615 -0.4271552984582903 0.08424163318860245 0.271296730383717 0.6017272981019045 -0.12578043023294275 -0.08711836542660038 0.03769332435072354 0.056320816259135355 -0.11144666582375466 0.006056880945540068 -0.01362483034107167 
0.578616456667703 1.9460828127143213 1.0302150164896338 -0.15614683530546358 -0.230072127058496 0.12254256546852449 -0.14644123537325554 -0.2991471472329863 0.3838226908619047 -0.11778040743704998 0.037268219076611625 -0.0036392520353115965 1.0370953931871782 1.3016443319342674 0.7451213930124087 -0.027186721433590428 -0.24707806465018664 0.2801913960983106 0.11205774437252486 -0.1751894246095214 0.0027898997575942683 -0.12253532096690788 0.1942664188489428 0.03064080304632673 
-0.4285121078595697 0.8466167184055102 0.0724601399851128 0.24949037612584846 -0.44383850740853603 0.39142454208468014 0.3256552604116291 0.13545311494061546 -0.3153240093318571 0.7169315239315254 -0.017438911169927483 0.0408545416546824 -0.11053831577166366 1.0487351527681996 0.44546106952160675 0.18403178374913245 -0.6410267598467982 0.6339329753676023 0.12918499536934439 -0.043646900456670745 0.08469921170518975 0.03423184438495993 0.03131548819793185 0.003398362574740304 
2.006809755656791 0.8094805065071426 0.09278697463641361 -0.06557481293859757 0.1971667246972042 -0.8226634889293906 -0.32701940976041755 0.4625452539077594 -0.1591121942546125 -0.3981143607580431 -0.37408396713995556 0.06340852338470915 -0.8911279277584893 0.868001776443343 0.3976233478130336 -0.19996768708191628 -0.05526405836143881 0.27409940785419534 0.1313135225677013 -0.11829902953310854 0.09305758701369395 0.199261245211543 -0.052352687208246124 0.12497744651811098 
2.911212523001776 -0.40175922344519677 0.16174738477559547 -0.40085114037619696 0.477370389276613 -0.783761657066071 0.06135856182058497 -0.354252607750795 0.07992015465967495 -0.44440083879150283 0.21955751488664152 -0.02989071853611558 -0.5167547794406717 0.5857197874392508 0.19056887607173678 -0.12544595649969711 0.05388109224901908 -0.012284850618449214 0.13005738803981917 0.1471739597779673 -0.13833416968037318 0.15049445465207867 -0.0878968577148338 0.1613616911125155 
1.582137924512498 -0.03373454569035417 -0.20729864934470843 0.768926984191308 -0.5248844003167541 -0.11216255851868606 -0.4082334537808373 0.30060280271204454 -0.0929721521749432 -0.13489796171016488 0.07582806767306549 -0.34319896149424556 0.6923555311264492 0.3378594493900747 -0.02570337008684372 -0.044651810924227577 0.13298134020322816 -0.24394909760721384 -0.1989773877154483 0.17724082236124442 -0.07253798335113866 -0.22858928798247488 -0.08846864432600111 0.07096115144993077 
1.334088146034592 -0.48893511781349375 -0.3492036762395365 0.20857734705998698 -0.24445622164861414 0.07302862873467553 -0.023909881697618485 -0.225097538795429 0.06660847866942782 0.13383996045135027 0.021295644568063377 -0.23992678924338673 0.8227009378705935 -0.12532961990966354 0.1317002051696258 -0.05531885519550409 0.03767014340086624 -0.2375146881810751 -0.002687026976783783 -0.1242127676993765 0.05213199397126111 -0.08538104639200561 0.03665215933168558 -0.06507118368004461 
0.7183053507610353 -0.16050989447893294 0.42537261540451077 -0.2363336238840068 0.1591360095501333 -0.5192113390081223 0.31254697514502905 -0.1337547476536569 0.06515759379392705 -0.0014668964320450062 -0.00954709900266315 -0.04445689561144761 0.39408309205487707 -0.10142982164852832 0.008405285180402474 0.2601960888533237 -0.205715739903182 -0.13207794554314797 -0.023612245480129263 0.0650909300972171 0.01866201053290757 0.07233294009546454 -0.05870672707737001 -0.0826417387185961 
0.8750259962657267 0.03761731067808327 -0.5496888631078916 0.26773572924797273 0.02234975414057061 0.13230679772187237 -0.29097057171199686 0.23556447053018525 -0.1555407002385435 -0.25497323225454593 0.1522886202294491 0.015951799562619273 0.4092260366631392 -0.2272904190258315 -0.06744020509075987 -0.020792971891001304 0.05337749571359174 -0.06295334684305465 0.02925706757455951 -0.13294735793611392 0.20376386774530952 0.09720536307115502 -0.07092875830276575 -0.05861037795099087 
0.6294197232322993 0.007278705009442277 -0.13227191145173833 -0.04124047346265591 -0.04114016850180047 0.2544321936171594 -0.20386637233326033 -0.1250009922424139 -0.03788359431968025 -0.1574901856436104 0.1864517610744827 -0.22321303974146023 0.14834306961456237 -0.04116116159144164 0.02550542009879238 -0.1252739710463461 0.12884594226086699 -0.07942492927471682 -0.05099174295653045 0.04103372728161284 0.02670924062428484 0.030346491506135293 0.07767570195380505 -0.101292352549692 
0.15085284980954228 0.10904183951981317 0.13193920246086766 0.17340968752231545 -0.30445061976342247 -0.1249330970488014 0.14652558931784768 0.16936765730729125 -0.493162530509697 -0.07976448415633208 0.13608248943778772 0.02528241667459219 -0.2784442979382913 0.13476789964575472 -0.21151334121631496 -0.06798502659423049 0.15931932525470263 -0.08210532645127533 -0.15109357253969916 0.18463332314929518 -0.19953659539853363 -0.1386669770125384 0.22404576653003475 -0.19769910975292335 
0.6353627151454404 -0.07273867412547297 0.008042322323754014 0.18665131011786018 -0.06400163028047112 -0.152316603798635 0.24677412349969818 -0.22375752288704842 0.15384078705664928 -0.18011074499955781 -0.2344711394682476 0.25475485348164195 -0.4308090363360453 -0.1789171510832682 -0.04911381656162339 0.021537537224659786 0.003592962188304738 0.003640224717415652 -0.12198301591780937 0.004859886900276232 -0.3082250120754327 -0.18150679567678527 0.24399036209128888 -0.1364636813363844 
1.70738739412403 -0.32667769869172325 0.014694043653307176 0.35774491724040614 -0.444177490734202 0.5819971757835956 -0.0630101020093786 -0.26895723359538304 0.34720689526889265 0.17233797846104304 -0.30938722908928995 0.3700651822098382 1.2576562609917676 0.05666043777450517 0.28847376014218984 0.11823278385622893 -0.5339163686708249 0.0870837985070072 0.04515525772408464 0.07863491158781975 -0.14332314609971786 0.07205912114559765 0.1715788944055651 0.06487623013595038 
1.1435795600831913 0.761889927365015 0.07369211763691208 -0.19802069999568062 0.017944380418675077 -0.10995361695128603 0.26685052108378093 0.07958179250809455 0.46660672901732303 0.2609789700780578 -0.3227844659358451 0.013786621500069984 2.5948351638153535 -0.13958390260158904 -0.2517564553923797 0.20295547913901602 -0.3889533720658962 0.14660363599511284 0.3404124307177958 -0.14062065136091395 0.1487844231523622 -0.19487250861646097 -0.27160738670717727 0.16099825220735312 
-3.876224355634636 -0.47825377454894635 -0.7663069756222809 0.011047341010399059 1.2563254808994793 -0.4073659859934975 0.0010216173535523843 -0.21820673515373948 -0.21957606319088033 -0.5164867051319328 -0.3344975305451088 -0.04886215774247299 3.8990887718305274 -0.13274479602320532 0.0795113244669734 0.12899809278146238 -0.5610405218747988 0.3112186789226859 0.2826735058622662 -0.2830816625945066 0.3208848348352855 -0.017235065688726865 -0.14867853766204392 0.08841446121786582 
-4.357336901421286 0.4218010716079057 1.153812198138687 -0.24886633918418433 0.2526070001003769 -0.09744593089542697 -0.8064790283351547 0.17272918197487167 -0.009121003170550812 0.748919122646313 0.5929061713811936 -0.01877623316426183 0.4324642642403534 0.7132301644720105 0.16276529262251907 -0.1674717847808221 0.18770611932634787 -0.14263219944232816 -0.09625562526442706 -0.026640876980927746 -0.011853873534313109 -0.13852404393365556 -0.12155050395025628 0.072303805433179 
-7.239420690615313 0.2416011172564474 -0.7638999699985005 -0.0038265415097291644 1.1216127650493437 -0.3579127040123917 -0.37436584488670943 0.5337140594547483 -0.377583743143027 -0.019926900756903954 -0.32119693476167754 0.12110322588840666 -3.7969805070627474 0.6191793850758115 -0.6325197501632518 -0.2740206841178279 0.8538120514094167 -0.1677561896286118 -0.6477920389101524 0.08629026651962257 -0.1142204081338102 -0.03906155242671141 -0.04050157956290651 -0.04554334258171442 
1.5277849348524697 -1.7377280119537133 -0.41580726304253535 0.3118315956068498 -0.4778176196353008 0.29321634038514555 0.7433111279971931 -0.21645597385336607 0.5811721895963357 0.42827119969150995 0.03521674802320815 -0.28810748661490687 -4.524617161494809 0.40222321717542747 -0.041605700244679834 -0.27820051031528226 0.6218519317266588 -0.20862260109789021 -0.6364129266841195 0.2181474159535051 0.063161236035871 0.36686626584630216 0.08359403971805046 -0.14491882771340073 
4.5721562474167285 -1.2560273879955712 1.9160620054580857 0.5527604259683656 -0.9398983634609324 -0.09942855274794837 1.1695026559178356 -0.2824849567984884 -0.17206143517289296 -0.2389780863743971 0.06585191982260347 0.22243349672799279 -3.304831870730039 -0.4521138080206901 -0.1450305028629629 -0.08030843868832253 0.7262565213640922 -0.39162815883474583 0.10723082254109373 0.11952282980582414 0.06990000783998063 0.038457796295969814 -0.15648348395739511 0.025986395319730366 
3.310726114047119 -0.03605432729236746 -0.06135168885556652 0.30744170802261506 -0.5821932308244615 0.399179796766022 0.33082550131493116 -0.07361355775902534 -0.30136586526323084 -0.2421540820838468 0.14859962493490173 0.36531511455614735 0.6715802361431275 -1.0934815343415414 0.4504048244870857 0.2913690894615116 -0.028977540831192156 -0.010434804478110848 0.6714157080951981 0.04871501517181633 0.05411539095395999 0.13873405471286368 0.008125989214866644 0.18824920343683801 
1.7836043319774788 0.7471056989878448 -0.5060362485030963 0.2392937183473558 -1.0049689934483528 0.7639900443014076 -0.4898154991688597 0.10372436199010548 -0.14601473923318564 0.199912351242865 0.09156207865466104 -0.28356726065631155 1.7237948057779418 -0.48244599759370743 0.7317966522944395 0.6663058255055537 -0.6093104043015093 0.41257200254038856 0.547441886487819 -0.1318680184363333 -0.04790754108068954 -0.12842585051882546 0.03662743383414848 0.3503630271938356 
0.9073201841427121 0.5411500475792028 -0.5559726095232014 -0.40554231896718007 -0.3583496821480141 -0.1071885447051999 -0.4412769187450537 -0.5557056787631119 0.405802668764602 -0.20737618325571217 -0.002016299037420566 -0.5998547182332687 1.305854641348996 -0.006133496926233957 -0.15064253725079269 0.4416975255518863 -0.630863552741352 0.5485005670677247 0.07236611337832556 -0.07563500926468605 -0.06359655032623217 -0.16655795325426384 0.005578969080802965 0.10254155358973593 
0.602474795035107 -0.09729158265023408 -0.03201749109141527 -1.0896650370533978 0.7761110751053719 -1.083960389633503 -0.08677179351562891 0.35416515901255485 -0.38192307894474076 0.12891051576801194 0.031277580306319164 -0.3460706684588061 0.644779987249169 0.1297591114096693 -0.30161659191551804 0.2443691332950625 -0.4818790246842533 0.0780326634369554 0.03766256015126812 -0.10023321654415986 -0.04113999760336071 -0.13527493930761555 0.013789694293821625 -0.3064883250860723 
-0.016273041528682697 0.4045448043053739 0.15356654419097104 -0.3531714909326672 0.41985739312273207 -0.32234668746969675 -0.08779469164666093 0.02807107152380814 0.007377955571243211 0.29302069541637127 0.16200496686666377 0.08894215768818681 0.47708541147863137 0.3026031379647245 -0.12227900283501114 -0.27570820860128836 0.20502704642531264 -0.057974060271818874 -0.07982473866834243 -0.4320271885770908 0.259561826965529 0.04963537507299165 -0.05685420740221419 -0.3139633864969874 
0.3110609830656692 0.4261309863957514 0.044043950386371655 -0.5199990955550882 0.05156454296903412 0.6374711253727898 -0.7795442931718604 0.11253563647912501 0.1766176101735759 0.3555387298296699 -0.031817637178846 0.2914992766411776 1.2636056642826858 -0.20811982268991466 0.04978498990988648 -0.46063516792309217 0.205045794212498 -0.4255447503903027 -0.2446256906116385 0.18486939745171826 -0.11560638007468188 0.12396864117688422 0.05362434590180245 -0.19459225649381984 
-0.3782291443084631 -0.6283706508379634 -0.22716632175706142 0.13674933608753026 -0.6111575553557831 -0.7939821213928897 0.1445835470880893 0.8611906482348755 -0.6521531566911433 -0.4695964155055161 0.20009393191180458 0.023250468707701644 1.141700436730528 -0.21636395068411454 -5.226503564510487E-4 -0.265635791790051 0.025805333068705066 -0.2481661373458847 -0.3178299748402729 -0.013695077390692303 0.06577363512283622 0.23177223822096824 -0.08798811384557777 0.03212782378022174 
-3.0073641464230603 1.0435256129911785 0.00899397215294151 0.04728005320577999 0.6764811667071355 0.42849157849900155 0.5309161589519115 -0.6170028216981336 0.2946616174104981 0.13831314769830294 -0.14863993992165858 0.2705519455128961 0.5690366990475223 0.11262799476530787 0.06910915280346404 -0.19090052194472532 -0.24785200046290634 -0.10433931557372689 -0.27211968345932563 0.018164084761214783 -0.1950997986192866 0.034581086828517994 0.04957528495331013 0.06035728212964553 
-1.7821617869759017 0.744939343060004 0.17265948437703926 0.1600963100570516 0.029983082047566167 0.5266414980048515 0.21046500681227198 0.43392553278451435 -0.24896495341572655 -0.2936832281808499 0.4843804597748034 0.0030323519116623454 0.029675147964845827 -0.21896212165005036 -0.3565067751384996 0.17391402685553334 -0.0644615195965339 -0.3941162279160905 0.18037480933192362 0.24530200081335682 -0.22585506999739333 -0.14938546891061302 0.07037408464581026 0.016162020742672947 
-0.6940827927431785 -0.5984079948491559 -0.3631964110910708 0.04102898329432714 0.4745502256560785 0.2901772623950999 0.003874027344025227 0.27167593992066125 0.5603229043937275 0.1638388756817828 -0.3226867559702758 0.12053648865026065 -1.2928605677105016 0.3634316994900126 -0.0548880294086603 0.06534600271301909 0.18334465085532503 0.05023598579913454 0.33428845335851015 0.03271529223061864 0.11966547554844816 0.06570713096812762 0.05509901798834321 0.07687118586996979 
-1.6238952650429415 0.8494825180323549 1.0284491952804435 -0.3818672095233433 -0.3168075260406529 0.4575237204073326 -0.13301981510373845 -0.31905473501459236 -0.10741859019057798 -0.034202872765417 0.07599508599868243 0.04977213491100052 -0.8947807965023967 0.18539868638903378 0.06608776299610053 0.05683138100790184 0.034290438413662826 0.1525405098072569 0.13534307951745525 0.24449609148323495 0.02300553815379754 -0.037988976917398186 0.15027056426996238 0.025777606018035287 
0.7920842957419643 -0.09904107296503462 -0.25423679507277974 0.12222380485692019 0.29984251818526997 0.3123425099003574 -0.3002067901656137 -0.33865856449043613 -0.13510799084742064 -0.18854842291379637 -0.10974430699862775 0.01656849640331763 -0.26616080534611114 -0.1236576904681052 -0.013326692033932996 0.04200925477533046 0.1280042345745828 0.10970810402765653 -0.04266461431885635 0.053160832737465025 0.1741829542251548 0.016477260315086673 -0.08929207063736617 0.08553475158294403 
0.159097058288717 -0.060940177049157995 -0.08008361262040786 -0.05099524374795045 0.014465620541981972 0.0579373448304521 -0.04352382298527427 0.005604510540358071 0.029733879743454872 -0.0035226481308657798 -0.07290245752090779 -0.022316470018972002 -0.3392464835327595 0.19935373675651094 0.3608744718155414 -0.030341595383281145 -0.07975543937598768 0.261960283591836 -0.13837418127576848 -0.11947921549963915 -0.05784543361495146 -0.09378820822893691 0.031041987255994535 9.351596845491051E-4 
-0.7870965383706743 0.22777642409591614 0.23105006896115388 -0.25043476391936065 -0.07509905135898731 0.16084613810057052 0.0871198742413622 -0.05013618106920903 -0.03080219324875344 0.09906698241924716 0.019638227701617883 -0.10002346363358514 0.34647896799166894 -0.17363447264273724 -0.039722200523153006 0.14183525359449764 0.09032696738378239 0.18440171796940327 -0.15070291668012142 -0.029253873403879655 -0.013347584224410994 -0.1204479926343071 -0.06265357652402075 -0.06549278430193427 
0.18343460261165623 0.08801255923234663 -0.2968176521831474 -0.10451313898535941 0.10992957685943883 -0.25260894446828197 0.08843939652007904 -0.10487828022628845 0.013964811854942805 0.10335404925487196 -0.08182214311942398 0.10526263587580459 -0.045477239624200104 -0.16580884020920786 0.021409514957015634 0.03854654459468949 -0.040924748696214895 0.01122726575876116 -0.1270250121794745 0.031325705680827466 0.06085682342216475 0.0278373400692626 -0.009937551037468698 -0.07933166238161561 
-0.2595213803945122 0.3473859768224248 -0.026703173721950968 -0.27652300830786825 -0.01887036212480564 -0.08558949935848537 0.08592035012207394 -0.19565554889547393 -0.08718070422993163 0.11935720629625607 0.0826762653726926 0.14925729636173213 -0.08790659560368974 0.13786207545034893 -0.048654425128899025 -0.12731131582997143 0.049063003949767876 0.05514899369303163 -0.017776582173176608 -0.2053756257177454 -0.12730156088049957 0.038927039929142544 0.0594356941200849 0.05611606062310109 
0.031741198173236285 0.3766815672152113 -0.01543553614990234 -0.15359075533776512 0.10912552201353581 0.14747336628369656 0.3381509756127934 -0.015612922588991884 -0.12464733503245029 -0.09717978027715804 -0.07460882324403906 0.0910381371282162 0.7088961171385554 0.7352426395291225 -0.07252455473603255 -0.37541428214190936 -0.1839936874816365 -0.14929757728713866 -0.00197328183493801 -0.2809098356610403 -0.2784245667497992 -0.11036076061179743 -0.034407336252302974 0.11378308548700393 
-0.4475300493403951 -0.330144306246563 0.23632228633122843 0.15603799174675648 -0.22188603578533944 -0.20464199835451363 0.015593831214534837 0.5213580172653789 0.42040856283644185 0.08255277739783454 -0.16227551459632927 -0.26125939612909416 0.43440584212364036 0.6070297406419992 -0.09381167455564403 -0.5141795758240904 -0.29759977378007174 -0.01342857612670706 0.1960416998263126 0.01414147252333206 -0.07152220690085752 -0.02389323593512945 -0.007194433803973148 0.02530133900191249 
-1.8492494143310685 -1.778950217820527 -0.21075671800163942 0.8054492074130564 0.7634184761346152 0.2548100368911481 0.12952250147866262 0.37934444367640596 0.5954438785711537 0.45283854553947506 0.14387575562199587 -0.03082827433979407 0.5292364223983764 0.6848138510877848 0.2759133600046763 -0.07131519231116105 -0.09813350525212167 0.047749535596945815 0.21967720582269953 0.21604852019649576 0.13129640646208485 0.06567237094597358 0.009526056965879826 -0.024504206435644188 
-0.622243600513281 -0.39588735258570384 0.35239244087084964 0.7864957377889921 0.5467824821548699 -0.09897210628208997 -0.3978905122897984 -0.43555864959816903 -0.23265969032916106 -0.08397224880667215 -0.0049827226484054216 0.1342864850899998 -0.00402011368773203 0.10544202147273518 0.3379857069107039 0.3004872287378128 0.10846421443469158 0.07484322971764074 0.1569710643199105 0.3772553106092786 0.3500353674535766 0.18497212917631575 0.022231275139665052 -0.09186795195152049 
-1.4686112934354503 -1.6448884628785727 -0.9012106934337418 -0.25487405142539976 0.019191778799796166 -0.048610186543352724 -0.11413847010313849 -0.18530014974670506 -0.19200242783590338 -0.2109343800128255 -0.18183339011564045 -0.03322218417439819 -0.5260214241867748 -0.4425665661906824 0.12047158906149824 0.47586228804497593 0.40976804494144736 0.14151398665998902 0.03550631224761797 0.09689894683022805 0.1812856400771188 0.14411669457378198 0.052190125218442775 0.023535188856190725 
-0.6257887687250081 -0.7135012481357457 -0.432407846684832 -0.21526206504745393 -0.1751653304220046 -0.27746157579018543 -0.3334888759542961 -0.3280856178509013 -0.2359743863207595 -0.14047714735496247 -0.0661147671465063 0.015541414642769397 -0.28637039494252514 -0.2088088547756378 0.10050258149064772 0.29517313933492545 0.23743843412142382 0.01933264919192068 -0.08526265630129953 -0.10477189619368565 -0.038262709117507954 0.008767113331877463 0.03297843111500679 0.08386317934129206 
-0.2694125576648805 -0.2924435714734588 -0.17977134140829332 -0.1212587553036486 -0.10491175240128958 -0.0804871883347712 -0.009197253431942443 0.03491108731208792 0.0532443063355964 0.0487409110922743 0.01787140221571798 -0.04206130568475104 -0.6017456687244772 -0.6837468292767513 -0.3766770557742943 -0.08745263335172719 0.05773374720846002 0.05037317086860612 0.01536632614828363 -0.03502218951198007 -0.05909227737818037 -0.0807854817675457 -0.07689699344956898 -0.0220579581703407 
-0.36273178357099045 -0.44568323396134746 -0.3098349796138178 -0.16583132827665992 -0.10348105460885859 -0.14103155296214276 -0.1945731517214978 -0.23134857954650856 -0.2404949300623871 -0.24011123435485443 -0.20377041215910502 -0.11288349217869995 -0.1374881527403744 -0.15586776793845658 -0.10938048201121926 -0.09263698546842702 -0.12694277933052986 -0.1963593404679657 -0.2200425973941232 -0.20018646651282593 -0.14557469495273043 -0.08994689914652969 -0.04533554389549225 -0.004292923966316367 
0.20509722016097243 0.2724430178644821 0.16753404035363384 -0.01723151975561521 -0.1898516007321569 -0.2679447105631924 -0.22969531066438853 -0.1286021003629612 -0.012465323830548491 0.0812391087897576 0.11768541273936586 0.09716414374735857 0.2247850394560893 0.2777297622839532 0.17597333204543977 0.002224764202612602 -0.14052031955035452 -0.2156357103620892 -0.20584457117673893 -0.16750202940813264 -0.13018576295282067 -0.08600726288298914 -0.05856021169480474 -0.036713343180445626 
-0.45057919941681135 -0.5283412389893464 -0.2779190915321378 0.010635273583810445 0.2481329317350186 0.40534520672792224 0.4368879448442966 0.3542303755251011 0.23360451362050422 0.11311445123588493 0.0199848592781465 -0.04119253817433631 -0.1375701900829931 -0.12020649023570995 -0.027625421942878276 0.06445722183207021 0.05371127598022322 -0.012339382164183075 -0.07925890029941819 -0.1139825206892043 -0.09512746760516855 -0.06762338972960699 -0.03111962140131337 -0.018176937093017344 
-0.8998439681102379 -1.084303855811319 -0.7236492815854527 -0.2161663488417216 0.14084221307783532 0.293231562906464 0.29260591181537726 0.24462769800068107 0.2067518733526127 0.130149856945872 0.08167440158150646 0.03223324685440401 -0.05050667373959753 -0.016891039443621487 0.031425359975811494 0.056996093697761874 0.04704256360444137 0.04982239654400964 0.052299748623790276 0.04476706309728087 0.05283552855232083 0.05444945507358284 0.04742621941754499 0.011388070420833831 
