0.0 0.0 0.0 0.0 0.0 0.0 0.0 0.0 0.0 0.0 0.0 0.0 0.0 0.0 0.0 0.0 0.0 0.0 0.0 0.0 0.0 0.0 0.0 0.0 
0.0 0.0 0.0 0.0 0.0 0.0 0.0 0.0 0.0 0.0 0.0 0.0 0.0028830148917891782 0.004167738189300514 0.00358752312157092 0.002120219720000427 0.0011655131574416222 0.0010343854994937323 0.0014159354615245572 0.0023589591697803316 0.003003938481755323 0.0030563055734667832 0.0027052742891452617 0.00233397773362772 
0.0 0.0 0.0 0.0 0.0 0.0 0.0 0.0 0.0 0.0 0.0 0.0 -5.276178560658096E-4 -0.002740557253540952 -0.005379685121066365 -0.004339953880734289 -0.001013525023063085 0.0017505915762698054 0.0015516714247534313 -0.0019608502591455614 -0.004888274825958956 -0.004452454244774043 -0.002155950621956578 -0.0010563544634209037 
-0.008649044675367534 -0.012503214567901544 -0.01076256936471276 -0.006360659160001281 -0.0034965394723248666 -0.0031031564984811966 -0.004247806384573671 -0.007076877509340995 -0.00901181544526597 -0.00916891672040035 -0.008115822867435785 -0.007001933200883159 0.003631116461037346 0.005264479884108358 0.005641458236130529 0.004423482442703501 0.0015846183325781138 -0.001444686137021145 -0.0028204356269376416 -0.002169806047584155 -0.0014085710892135599 -0.002573617776347565 -0.004928789955376864 -0.005739863393666218 
0.005907375905881196 0.014473279044573628 0.021520340045555475 0.01620019122220351 0.0047888448053516885 -0.003700196479568818 -0.0025311110819734584 0.009420989532107182 0.019170732200509855 0.017941821094522303 0.010525763299587626 0.00667002999070429 -0.004240294420308821 -0.004490376273491091 -0.0010490749167766655 0.001057930755840884 -0.001146938887010655 -0.0054156859459337054 -0.006466755064233405 -0.0038231393019023396 -9.514992022335392E-4 -0.0011007545505196253 -0.003049838996203679 -0.003591728016552891 
-0.013847037336052637 -0.02303007917461189 -0.027684544731169325 -0.021370542939212256 -0.007148277400410186 0.006184156650847844 0.009726862421799654 0.0017989233766988744 -0.005359652832614248 -0.001250057218218456 0.009523488216336778 0.013884575185646508 -0.010571291503273924 -0.011824586211739182 -0.005108044718227141 3.569142688948738E-4 0.0018983707221928066 0.0025200212283150517 0.0038222011089955785 0.005817432266820868 0.008235950741454787 0.00915602310418092 0.009125438325827967 0.008982084410765973 
0.015319879591269014 0.018734561123828444 0.01160821243355828 0.004331149622082836 0.005266685625074624 0.011603401263136595 0.012412930789513554 0.007031517462687084 0.001028416300374757 -6.571660995320708E-4 3.2986144672475515E-4 3.3192985639383943E-4 1.2072428701166666 1.450573655161005 0.8693568003486107 0.314343766739366 0.018513661983763217 -0.03648461913912336 -0.01030406427304916 -0.01609064660945034 -0.051967584342438346 -0.060261992987822505 -0.02557927257610579 0.00964063043745504 
0.018358577991760328 0.020839903027688594 0.009517628595967262 -0.001496881166625566 -0.009430572048764754 -0.018315019054779058 -0.023186430647303913 -0.02333443827509355 -0.024648509719562783 -0.027337492435915923 -0.030394186918488247 -0.030779136366025854 0.08800070392751547 -0.1540130581602108 -0.386482157197145 -0.39295799317774954 -0.2574857480551413 0.10121280911001855 0.13968222752060858 0.03859014243415775 0.02152895192982142 -0.020579666920191236 0.06588820526642286 0.056514744911881715 
-3.631924042108025 -4.359182677539591 -2.605151147663845 -0.9367679398821878 -0.04961099382176068 0.11800324879061472 0.0448377282717258 0.07025961018635442 0.18471791367129917 0.21177151766683855 0.10722241859531752 7.999445417535347E-5 -1.4404676059736532 -1.7002210118806367 -0.8571312984961876 -0.14145181953736152 0.042263931351820466 -0.04775632227125609 -0.05917215967454062 0.012696612636678622 0.08873513505227708 0.08295842455337936 -0.023390829872610167 -0.025945721641413847 
1.545772811731048 2.6279677146377303 2.440141606908967 1.6280529813461715 0.7927478064884314 -0.3506541944429469 -0.42553221888113224 -0.14558555028760803 -0.1617912573075407 -0.04572539834083006 -0.24158740615722818 -0.15553369184888938 -1.74544546144926 -1.9935573711805752 -0.9844138706740857 -0.1301002059015231 0.24157810933062138 -0.014435954348310923 -0.11813627217508421 -0.057281516972326314 0.01603188701236105 0.11895456642879537 -0.031206087261073313 -0.09050050059928759 
3.573015580642584 3.8158336909607176 1.367690118765621 -0.3860883230222312 -0.5226142976989848 0.32104195577098876 0.3911023039300496 0.03006723555890846 -0.19660561506246751 -0.24033848680721304 0.17609896068392522 0.14054637252206714 -0.8624390976116058 -1.7913839069077018 -0.8421904590799071 -0.14212701344301817 0.30894253511477177 -0.2026112497223026 -0.29439997714113675 -0.008595998925633924 -0.07170344715204645 -0.033147297822451884 -0.012344822082296291 -0.08358438927676326 
1.6522251509642358 1.9140038323192599 0.9763386074034912 0.11346392810796546 -0.4976632481020167 -0.07652650950003331 0.15809009804878682 0.16860629995560839 0.1179175936102374 -0.15814618948527626 0.028785803820427835 0.17048917639789102 0.5384074076052413 0.8731953432431885 0.9427776920144869 0.5067304624243069 0.2842074960166481 -0.028744712292307056 -0.07630867978524937 -0.04392631753700619 0.023052512473153514 -0.04202150619084366 -0.011625305667337845 -0.045671018728171975 
-1.097832918889802 1.3719509843427495 0.6533217293286144 0.2469076270659698 -0.33123307187085205 0.5887731554860658 0.6362265012301764 -0.061048318158352016 0.2599738296685495 0.3674238067064173 0.009070279853378382 0.08782172816107492 0.09721301115320917 1.5290070792157715 0.5987090455943561 -0.051786013557150214 -0.13218522490220883 0.20146732785127197 0.22773029005483456 0.02514470584422336 0.053979596752857434 0.09353340576918097 0.02709953809894598 0.10139647666098554 
2.265974838681517 1.2303230382171488 -0.03100727441599016 -0.20863638097084958 -0.1555652944755792 -0.3982856574235642 -0.3191682781754476 0.0317511791820408 -0.45923851709250973 -0.22354202652511423 -0.12319714873994121 0.007841686516122659 -0.8571294863669686 1.064122386628381 0.452110471944782 0.10521741648400744 -0.2473684347067002 0.1583002103086016 0.3182942577431892 0.08037861928165159 0.018839828326823533 0.12404889288028853 0.014790578404736942 0.09576830937286125 
2.974501703324316 -0.4293471496355412 0.07523592289229342 -0.069680127811373 -0.2971075998055771 -0.12248045382106165 -0.053459378122336865 0.023060678413022173 -0.06996634996966622 -0.48824078559483697 0.1707918226672718 -0.08231931252000532 -0.7707566004070244 0.7720269350198891 0.3030348035996148 0.10170252394373651 -0.3723171283621463 0.27376229215238784 0.3210246942157277 -4.6318966477595924E-4 0.04283679350066488 0.038658599719143684 0.0344942144142148 0.0612170994138605 
2.1874462989580827 -0.37771426057673807 -0.0909499052126943 -0.04389444390538544 0.22737931998544642 -0.1958003357722744 -0.4519497355045241 -0.11458405617503348 0.22636819844887465 -0.10246057197551472 -0.0964467028007297 -0.031745231380152616 0.8801362444751121 0.30317332188555035 0.26132880097852046 -0.2104675434146123 -0.31154247859566797 2.9489481729242744E-5 0.007019769454234622 0.04727114072653383 -0.2628582953719683 -0.12763124203979934 0.02341040547751416 -0.05285956997158855 
1.2537011521929884 -0.1401111713199743 -0.2258113660718779 -0.14057091329797178 0.5942460059850743 -0.3337563817967426 -0.26045685275246844 0.013508868514512995 -0.21133990860413737 0.19090728027418646 -0.10778758635887176 -0.07603611113236894 1.1980122353802363 -0.15921081484779087 -0.013806945237128776 -0.11206631498702273 -0.03905433055258605 -0.05644347142375561 -0.07086445738204604 0.04737362907311505 -0.07460982477714116 -0.17611287112056284 0.052461601287693886 -0.03023137760424159 
0.4859663808218446 0.17618508340271433 -0.6644700328694659 0.4582116420162867 0.3333853384160989 -0.29273616188091145 -0.23672884922308568 -0.10528633804830612 0.4000231483406309 -0.18022233334022797 -0.05413866065941192 0.16327879573707008 0.7903955758013547 -0.1651673824734532 -0.13052868613531698 -0.003236791779563708 0.15240730171213504 -0.05827700668756649 -0.19955590785451519 0.00796206140543848 0.06414052420346776 -0.0677616447664083 -0.054247750976078646 0.041631938343075305 
0.23120495625172666 -0.2286643770818948 0.40341682243206556 0.015465774188859083 -0.2329476173631452 0.0953178735045237 0.051523550883082025 -0.12370906786968666 0.06703564941587911 0.07897870844920818 -0.007747002266468739 -0.0891371932658919 0.3398999701238112 -0.11355582878766828 -0.17400272510991766 0.049770315736298344 0.2808454291770729 -0.13046221068880323 -0.10301479413497967 0.02006296199639192 0.027679767029256768 0.04447096479481468 -0.00911245891360706 0.013460676064121305 
0.3275076695246497 0.16206448972458176 -0.013977941058715082 -0.11220241231010974 0.183754226523151 -0.2355064433602081 -0.009272213758753756 -0.06986127219924909 -0.10524115317153689 0.1567886482361993 0.01627625808130473 -0.15009050534261706 -0.008735540883532048 0.033178675077660515 -0.20121410174301305 0.1094329792173615 0.12657899568617456 0.007373985115611566 -0.06161723894608826 -0.10517221128134778 0.19637236923135518 0.10513614712034569 0.011176690024516786 -0.051987944491865494 
0.31323059747015236 0.2076166118820968 -0.029049236647500365 -0.004674833343668583 -0.17347472559967042 0.029015391009315383 -0.06514078807969537 -0.06439255039919128 -0.04174705893582376 -0.11101110489847121 -0.1156576689884089 0.04026651121511071 -0.31571677042845625 0.08749048886025701 0.17871759675527196 -0.08456805645300629 -0.055868695628811034 0.043296326418708876 0.033071772508370754 -0.07243841681428792 -8.50372778300588E-4 0.11147523965275759 0.02085550308603003 -0.09646616617866825 
0.4711601828632279 -0.14149143631226302 0.1554053018993562 0.13998300813046605 -0.07608809452416221 -0.281706875980142 0.006455037096567806 0.18057203706048952 -0.13470260517758315 -0.40063586802742535 -0.03371339737199219 0.25454077697216526 -0.7012705627950933 0.1575776284578092 0.09452488157479433 -0.10221808107608892 0.07038750664187175 0.04706911786546342 -0.14651581314737547 -0.03580072476206015 -0.160878301614006 -0.07058318228962142 0.012948103046183657 0.014123601560651908 
1.1065290108678063 -0.33935788064424344 -0.21742758931278594 0.14307723332759004 0.0645796300469445 -0.01147088944163599 -0.05555539206969101 -0.03161047205669221 0.08431749375380401 0.02326524762274773 -0.045318683797910375 -0.002054335887278269 0.49494254752219763 -0.3202919029630067 -0.2875355708438903 -0.41850407112130167 -0.15263284246875086 0.09110137756012104 0.0029182131907444877 0.04314838872330667 -0.11893466910065136 0.007602966990917522 0.025624550264019236 0.06060085078482347 
2.0346701512111025 -0.03718114938567574 -0.20336340945045528 0.12057579758252768 -0.14643547122577172 -0.35647065673112266 0.4254825276783705 0.021149862915681827 0.3143614753256672 0.3014000188444541 -0.057737543652495504 -0.1713008864733783 2.0242314055796324 -0.09020854815558839 -0.07311321866611105 0.06185564375060859 -0.012799308238227974 -0.2121859968073041 0.014780319658094185 0.03639821134702345 0.027065358959663832 -0.15342827177153398 -0.06837110600356107 0.032083457053924284 
-1.9533520292703779 1.1163371773078232 1.0129418315590764 1.2605409852942056 0.3195974901573869 -0.20690685129555741 -0.2834091729428302 -0.11412662949670743 0.09052490811450509 -0.4848379493071635 -0.18051924664021496 0.07138479058341207 2.2041487868907397 -0.010290781266194612 0.4497955342118389 0.6156570676768033 -0.0860098947546351 -0.4025466373224746 -0.20668880926211805 -0.006677870835446964 0.49100869034949707 0.004657826650244908 -0.15693389495928395 0.03553382627382952 
-4.071593513806578 -0.5987133208215312 -0.2404397525382418 -0.6043157991046675 -0.1651990998646995 0.452569095368731 0.07604096855885484 0.11263548173942678 -0.21900238923692517 0.31370054575213224 0.2390002020598433 0.12157084257504724 1.8968832535233051 0.5507952599984648 0.3716613093871768 0.4697816647329425 -0.058494428230577065 -0.28759424858440713 0.34529652490931345 -0.32651552921433974 -0.05765212275837698 -0.083479010794686 0.043199385103133155 -0.1471796425291226 
-2.4527855172955726 -0.027719451127731887 -1.5482760204044093 -1.3414481713592223 0.33199112863031366 0.7916491464758608 0.739231815276421 -0.05731966896222379 -1.122026645013391 0.0031415042181739405 0.27711412822377207 -0.2550916792329796 -1.0092690510004034 0.9621358153042078 -0.049158069866753085 0.0370783332442434 0.18761312411056316 -0.05807860190625602 -0.19727981054666496 0.2106340875805036 -0.2977122276176482 -0.30472836923802826 -0.03748637830070575 0.1358971170417366 
-3.406262865346216 -1.1175386151632924 -0.03773841163024283 0.012225381710413874 0.022850994229496102 0.007034090136389559 -1.1217275411591956 0.9722929702914592 1.0935936201647463 0.3078473244658434 -0.41615238639388846 0.4334762760221853 -2.97420432776867 0.18155818064168075 -0.8416092680772828 -0.879804847928778 0.38535443155694277 0.2670663087829223 -0.2251641716232445 0.22457860351840794 -0.303853924549442 0.016049143302766855 0.08416026314785652 0.08743815852738064 
0.7417897995006513 -1.5106576214339196 1.0590653707053361 0.8410353951539347 -0.33726692922140034 0.19009645703938138 0.9073145135561899 -1.1758576365142344 0.3273635862666141 0.4322737690500657 0.2595161824887682 -0.4922592772653668 -2.2444505482031754 -0.8134688124610868 -0.5263959571952928 -0.7739585964292254 0.4904463216066643 0.2970577684253939 -0.1627304165761161 0.19073166697934374 -0.0053302254443112025 0.1148277305731271 -0.008669755473559823 -0.005273303022316128 
3.2537318111013196 -0.4019187775934796 0.9807173561387339 0.9438569614250882 -0.9866333656096709 -0.047853486261796085 0.6674921342887039 -0.0018313450397916542 -0.032135731228601694 0.05098698342788577 -0.004681614516224342 -0.0221598339909011 -1.9494207819692517 -0.8980170418896254 0.1366971686793539 0.16431221845601587 0.1394804389694765 0.18779876528860948 -0.15443789768902672 0.17929745958654428 0.6786461476627986 0.3004782193215106 -0.13490929170355484 0.09503360788317704 
0.9505687890901857 2.0548770674706223 -0.47831603270301937 0.5146118280711165 -0.6346056562700957 -0.07208037060122807 0.3328132272808196 -0.14245251223462962 -0.5431712929837835 -0.21291151698222854 0.09738800870561948 -0.01145371515948801 -0.11855586878531366 -0.43274817826612083 0.3618209495615326 0.6881087173097956 -0.2746141988841162 0.1579322821435848 0.6299968581469567 -0.40299652636897415 0.1758272572627071 0.23664827264209562 -0.03407528625774977 -0.07433758125830044 
2.337609985766772 -0.2062548339466872 0.32086078403587326 -0.3174994901162247 -0.24692095915458578 -0.42527379190913406 -0.3711632049544303 -0.08230197060797595 -0.5070773831984511 -0.2709946904825413 0.06963957560835043 -0.09202732868028518 0.6823986909920116 0.32890932435826326 0.22735959913048642 0.5921172873493136 -0.4553242486480617 -0.02502006554142618 0.4663319395226473 -0.09814280395572676 -0.16945402530654877 -0.06866781892064248 -0.027819382708421176 0.04608615080503355 
1.5555183185238661 -0.31024505845895334 0.3035308080721686 -0.5926125310047954 0.11671946420340573 -0.094990236567704 -0.4633483912631131 0.07336725537678035 0.037352640463417575 -0.11668021192100764 0.32458144619973006 -0.23431278614577344 0.4200128892171649 0.5776824196794271 0.021454094119564154 0.20934323849768935 -0.23524305243392907 -0.13744862655477505 0.252765979751187 -0.15019797437321172 -0.2703656720855345 -0.2404107966870551 0.07148206134318767 -0.02408675292658652 
0.9040609734084448 -0.20608568770348157 -0.09228486164031935 -0.27888272108489653 0.003676820097763489 0.03866164334572042 -0.33342287500727164 0.18468718302168363 0.18596437796744414 0.20887478765920275 -0.0348201851380161 -0.048988750912859036 0.4316946052929301 -0.0921190045790204 0.296779688118226 -0.07712455491890635 0.046943003804179075 -0.2962276378701439 0.055199009557147904 -0.08580501609224174 -0.10943340343410547 -0.15090811381434802 -0.0828084404053543 0.06615062907669493 
0.40730462761785446 0.32174523531073795 -0.3361054922236155 -0.13272627193761566 -0.05417538859448312 0.10829779143566987 -0.4443548769463206 0.17464683407017573 -0.07859515731012756 0.26838613400806466 -0.06482829495076026 0.039287254736558475 0.8144406264713228 -0.37400473004484497 0.3741810575017386 0.05039410248149582 -0.08733460808958227 0.08834251396396615 -0.02796218181690291 -0.17923490445037848 -0.04071157039672898 0.2635057516934711 0.18923506902123424 -0.2707407959548667 
1.6166330153409874 -0.24589296709447162 -0.2496601301709127 -0.3160689548930955 -0.3023025441681786 0.3617651076996108 -0.5462569907842703 0.12447328832205162 -0.12080327400936208 -0.01080352200403345 0.5127697673996585 -0.4272792363515359 1.7767915896901003 -0.4145600624658717 -0.0893455650500572 -0.03319744662478933 -0.21543583819020742 -0.12484545426562271 -0.4134456951349222 -0.015075130701389041 0.004485927115722053 0.18703507497963798 -2.8553195305480727E-5 -0.13037147717038125 
-1.2440895818563735 0.8316727713710765 -0.7403247301677505 -0.7252017215451834 0.5317129706051236 -0.5215695106365477 -0.2730447879239051 0.6411789160777318 0.3128711776420076 -0.7973583121698029 -0.51691873713281 0.7670548444381651 1.3790691665856265 -0.04954198580405578 -0.18144666513622956 -0.23759184831670535 -0.2646766505139044 -0.03121748177111659 -0.44656671658008723 0.0929437829940797 -0.017771442329697722 0.02935486400073824 0.0014480313380853909 -0.08125932264579622 
-3.600616690924742 0.7826307316639642 0.3778614524819197 0.11694734359325532 0.35704015506858244 0.7281316571786973 0.8212591658862873 -0.0033534658779272863 -0.023226570855789608 0.18064178580922263 0.1913106955389252 -0.021758114252518584 1.0079457861167593 -0.03277669736483416 -0.3901727573213267 -0.19178256227164203 0.0721066078582463 -0.21656871900440777 -0.3362618736833482 0.2230808845915381 0.07305225808386717 -0.145980239792475 -0.0025340566084764613 -0.001895298135983381 
-1.1212780190061604 -0.04389065665631264 -0.10552628814134302 0.363541123769325 0.41018321332884944 0.018766962009476362 0.21158719445866228 -0.04027113781207392 -0.07406918189782064 0.08459888809922189 0.09155714696535022 0.08030466162443847 -0.708334231597112 0.5806176949741501 -0.1533783823418887 -0.22810195067521524 0.1837360034611577 -0.1736217527674576 4.267396120557672E-4 0.20928093587346966 0.027209842763758985 -0.2975356840350448 -0.10373360035392946 0.275213833502663 
-1.468610124434397 0.29021883901372547 0.6034589207798637 -0.28509269073542365 -0.4578574891047804 0.7413030283898222 0.22021263907449068 -0.2040443385076599 -0.1464898684910495 -0.013841402761120891 0.21613399517600773 -0.07821825053672249 -1.0531211639932352 0.18537420677724695 4.5826006576632494E-4 0.17525375632897208 0.18476469509649338 0.17519980635975993 0.3041856263902338 0.01216817927118933 -0.10703315988456502 0.01709604330400749 0.10992304783845874 0.029412559485363046 
-0.18509017031021013 -0.6639743672262544 -0.39298831729105643 0.16012414764480187 0.3879537823083319 -0.007289937939737312 0.02619825664582595 0.11368154477218917 0.2928732981683606 0.19249033422050332 -0.21812958588956288 -0.030356587927721834 -0.6061886862371981 -0.1078907797964348 0.08834968848348801 0.15183826067218184 -0.06824652545602024 0.12238566462253762 0.07595429133428656 -0.009743244883027588 -0.04738025741011159 -0.05699906315062973 0.08385153479609066 -0.009401846691962043 
-0.9093471232930117 0.5365499666171942 0.5202176868594774 -0.3071054373313993 -0.18613921471063888 0.2155606880740244 0.0013967556220042532 -0.11683434498362683 0.11440166876481483 0.07540793283655944 0.016384918451005537 -0.05466516793252757 -0.5437089582117541 -0.10716841878658882 0.16246355256481623 -0.03582561927399505 -0.16877609328206242 0.2659841788823934 0.07136383492996702 -0.06464622889331796 -0.033886487677017796 -0.050497593733618264 0.04331763752191283 -0.0013291994467830072 
0.4176565391347413 0.15661611893125738 -0.3289547366316139 -0.08096728494923272 0.4790636524998394 -0.08551886170023759 0.09313226218204582 -0.054646399925007694 -0.062374178295418026 0.2109714097522709 -0.060122919060420665 0.09673366039822714 -0.1392043038869879 -0.40253298138598065 -0.08229389447904929 0.13056795468979612 0.09603625803617721 0.09100883041898244 -0.06015437156145178 0.14142653162932697 0.22413160854299052 0.08530822174418153 -0.03891839940979275 -0.06771386639250145 
-0.1388566045216102 0.20142885229473606 0.0840514727556938 -0.057070116616421196 0.0029158556456529983 -0.017535046377107788 -0.02734586848352033 0.0740583205208924 0.1327933327718932 0.1284108406738501 0.007177749195698135 -0.13777577635934796 -0.270330326925649 0.039336572420177816 -0.014129849631107897 -0.12377625670327295 0.07115969900012963 0.17494171563261984 0.11740562372124402 0.017428409451383253 0.09466640680008549 0.08747437843383025 0.015712745156398755 -0.02885767940556304 
-0.15272251803494719 0.7111851340929167 0.07197647319798328 -0.35659737678207554 0.0053174730216543065 -0.16376856197111855 0.22103268338294357 -0.40604438286805145 -0.3887173594641501 -0.0899357849306866 -0.09677080303253094 0.21434031546319268 0.15585272784379678 0.1848614312259468 -0.07737158135417754 0.005771996242072854 0.19967484562921198 -0.12297943046246818 -0.0050359149248195845 -0.10164234349175481 3.1901596819666755E-4 0.09808189821824718 -0.08234376877000767 -0.014827300729266421 
0.18683338606877964 0.1412557417758311 0.36214163083800255 0.20203837869484098 -0.1627452219719352 -0.2701396086883947 -0.4147703261421767 0.006579418133745296 -0.006425961051075624 -0.03656160512345258 -0.012429375032135592 -0.026895457248321222 0.2819341551711279 0.4086522202963838 0.0039151689158994545 -0.2100438189626029 -0.09422093528111912 -0.048823194917667824 -0.06430006475887252 -0.17156028973202808 -0.1453327028242801 -0.032085310234439786 -4.8397194632313995E-4 0.006082575157871473 
-0.21274663969184393 -0.3678816194871306 -0.23588507161023564 -0.22783752133108237 -0.037130345579002466 0.4097217108428104 0.30195223578583275 0.28402008174383025 0.006278420711476385 -7.880620038192843E-4 0.1967119493635192 0.08577540303051304 0.4632794063204955 0.5859833537351135 0.036446683901857714 -0.3810745867579619 -0.23732840715573097 0.03191114370610065 0.08127996041413561 -0.07124597476585509 -0.1900800495324324 -0.06270294665059419 0.05483622844363045 0.0801235389407558 
-0.9546470092065457 -0.4849944318043917 0.2262367384121049 0.5086814125458909 0.3068025707893387 -0.15781059803106878 0.12509454959165267 0.2437069574110359 0.37129355115692014 0.18009290991373583 -0.13811171116335752 -0.09174104561662257 0.5104359418640768 0.33395224040969973 0.04079734834045897 -0.2781633415634508 -0.29857017284474413 0.08022897559470273 0.07127072834185022 0.254975956195122 0.10477754687631098 0.0732552784162485 0.14197603717814264 0.018560728542983556 
-0.9718205393587711 -0.7336398403223123 0.030588867705358957 0.6333048665662853 0.48252879810821026 -0.3156664984180835 -0.29273963572637796 -0.31087022820913146 -0.007336966970850789 -0.010154202497498238 -0.1984383202978113 0.0063924928250759586 0.40671467432134606 0.4464506366789814 0.2435629451675907 -0.026563270207957606 -0.10478316182185267 0.06682876569520203 0.09406883768574348 0.1500262430145165 0.05074031217713312 0.026691520790942835 0.06933744119263889 0.0015081095445677317 
-0.9649374896899872 -0.6777218690356772 0.10651261615882834 0.6059572094365095 0.4731357247186909 -0.14813243084205596 -0.331236575411622 -0.4609032954751397 -0.31395090783884505 -0.2516443701253586 -0.24078235173589824 -0.042886187774553344 0.03481773049121203 0.2867974973690857 0.38996670798081395 0.31938841101729754 0.07477769622007395 -0.2217623017335014 -0.13555870237509424 -0.07341467273354126 0.028522846046737365 0.005419323928699611 -0.08047931864475025 -0.028341012601124548 
-1.4277454224141612 -1.610869810908432 -0.9067118459863694 -0.19678560915251886 0.19405256292187945 0.20439633016269787 0.24791128523023964 0.18624647914336853 0.1966797136779596 0.13500601564289944 0.04003494607187289 0.056823645475775224 -0.20659631957270838 -0.052750151582809046 0.18684401348537918 0.3261725922801406 0.16630586719693077 -0.21882377528962305 -0.25216053664543886 -0.26028010361980464 -0.11580809456633628 -0.07205790785013656 -0.09732229950816416 0.014658791651722602 
-0.8311377591524867 -0.9067719386185891 -0.4750130286844727 -0.0344385826465996 0.22670759972228227 0.2474448928790447 0.2614451962386266 0.21539262193540964 0.1837166726923029 0.09125482905743815 -0.015910388413948873 -0.03193358413859855 -0.3295540697347601 -0.22605887419601753 0.0669932370723989 0.2538111271758389 0.2099361784593259 -0.03684431126098153 -0.12430376255843138 -0.1899181831047325 -0.14465572034109886 -0.12695624753200044 -0.12106802563464449 -0.03777029469575105 
-0.41893144590939624 -0.46086435078242927 -0.2391803503291281 -0.02501501423258201 0.10682525901562223 0.14301616559023533 0.16740108838481427 0.1318221239450077 0.09125352646258411 0.03456992146151305 -0.018907403434293507 -0.04306018394806924 -0.5258613946433913 -0.5895420402551429 -0.3416600973319661 -0.06479988728543429 0.08323243902768813 0.07959705338974143 0.07928894952169468 0.05096483957507252 0.051149034877495746 0.021176771361527708 -0.018266582906828217 -0.0021533940558712203 
-0.4806822687380894 -0.5745479765106261 -0.42823284288698904 -0.2413614695509756 -0.11305915870615824 -0.006909414772880096 0.08192981068638483 0.13606343143823818 0.1727293467921393 0.1794424195613359 0.15189289992111843 0.12036661102462204 -0.18188210338399932 -0.1575548080716629 -0.015555940746940741 0.12905535519344213 0.19836406630510872 0.18421839479756916 0.16658762242217728 0.13305068341842116 0.10283801386156532 0.047338660989744624 -0.01017033797519703 -0.02373341679566604 
-0.025388983691185807 -0.00835567119698477 0.09487835311078707 0.101075496155972 0.11423862505303528 0.09278232381943596 0.09980212944127648 0.0730165556667367 0.04872627199555418 0.027381906306367443 0.010933050624823887 -0.012866269938221417 -0.10598492787749632 -0.09587591920387407 -0.0060739047770228165 0.07729331209489991 0.12099198492299262 0.12842215778566274 0.13257284882596432 0.1148041413759819 0.09517395555073331 0.06980621754489434 0.04019162666999788 0.014545184647939878 
-0.48226268010959394 -0.6603618541963227 -0.5953745581636081 -0.484649903421203 -0.3720912822117505 -0.2800933706282631 -0.20451819155613632 -0.15435664418071832 -0.10353374165887813 -0.04716714633422292 -3.196015179164763E-4 0.02416970924347566 -0.09719352613070435 -0.10029395337258967 -0.04138760687144085 -0.0040558986956208964 0.021413326665266613 0.0488000103587592 0.07692919907557576 0.0758713137549775 0.07137880661648387 0.0696269603340366 0.05870525074707989 0.036623746005480774 
