0.0 0.0 0.0 0.0 0.0 0.0 0.0 0.0 0.0 0.0 0.0 0.0 0.0 0.0 0.0 0.0 0.0 0.0 0.0 0.0 0.0 0.0 0.0 0.0 
0.0 0.0 0.0 0.0 0.0 0.0 0.0 0.0 0.0 0.0 0.0 0.0 -0.009877808096900273 -0.014590274561514552 -0.013483106255318511 -0.012729987051764055 -0.01595864081302667 -0.016772791175970064 -0.014301567416001304 -0.01568291100685021 -0.016467758319810993 -0.012693653378427835 -0.010824549206088932 -0.011939308408004445 
0.0 0.0 0.0 0.0 0.0 0.0 0.0 0.0 0.0 0.0 0.0 0.0 0.008892497277942724 0.0095276251476486 0.001230273034295376 -0.0013437753850973528 0.004499710327394084 0.0033881709908706037 -8.998645167695071E-4 0.00725650591369952 0.014042668405480538 0.006824178964963207 0.0016460410961079558 0.007237144444825742 
0.029633424290700816 0.04377082368454366 0.04044931876595553 0.03818996115529216 0.04787592243908001 0.05031837352791019 0.04290470224800391 0.047048733020550626 0.049403274959432975 0.038080960135283504 0.03247364761826679 0.035817925224013336 0.6763034656889527 0.1380375834974091 0.15671962033129846 -0.2964753756197172 -0.24949902246500114 0.013856816889145501 -0.006350485400944923 0.12439927904706449 0.03416009765241945 0.0036212520364148023 -0.03439920289183165 -0.009274411664906113 
-0.04149420397917858 -0.05046828728521763 -0.023915478485863895 -0.015063654422354023 -0.037437092201722255 -0.035323699736566905 -0.018752757573693435 -0.04529388425137387 -0.0668296426961581 -0.03951301696253137 -0.021174947097457264 -0.039620395946483894 -0.140607992490254 0.4617851456632743 0.05206921634569375 0.21816469686799814 0.07252469214299982 -0.1480965721817217 -0.054110292771763525 -0.20527759695334694 -0.13279832796857005 -0.056317548473849434 0.015785989227140338 0.027774160517788093 
-2.008163295077269 -0.3888786068496185 -0.4582011217509634 0.8969579540703286 0.7672156134958645 -0.02390860079915305 0.02842783498968149 -0.3505508950155065 -0.06906547160917931 0.008892752372021279 0.11378508222422357 0.047633432967960285 -0.4294597226057009 -0.2557839761692757 -0.17233795166715113 0.029707188359756442 -0.02458410293247949 -0.02131648017778721 0.054230841033051036 0.012673241007738542 0.0719702275828157 0.07890071534821157 0.1307339035023816 0.058393863555119496 
1.4407223371547468 -1.1690307217227418 0.0931175712213782 -1.0838780870615126 -0.5772439219573917 0.48140320370869677 0.1695693119444518 0.8146326048780694 0.4576293571900163 0.18354674930317944 -0.0880136849843994 -0.08923023542533776 -1.525864103675125 -0.9718990342153706 -0.36825930319037753 0.6019365478924875 0.7221119939871982 0.2802997826859761 0.09606053999661444 0.011733245738835182 0.09070805352357193 0.07549714657915071 0.04088008908764296 -0.018703770811894536 
0.5769043215408409 1.3704039694111327 0.4989466489137879 0.4834756123956021 0.3915316461143532 -0.14409563766136002 -0.2139488556102218 -0.42093423456738666 -0.4287369077321013 -0.3101510690422066 -0.32630869394540696 -0.11455874570191824 -1.335929907667084 -1.1834839658846177 -0.2639065025969994 0.6517603849407202 0.9264267591185109 0.5336756017644988 0.28037036672910987 0.1208673547440026 0.1010989161394465 0.09645254536436006 -0.04769992494058445 -0.008398492395567664 
3.243564298737142 1.9855875272305186 0.6022885457528928 -1.6141321272624531 -2.015931090472561 -0.8161295293633918 -0.1857460322635851 -0.04530195169193932 -0.15911808520541287 -0.1064825459928696 0.07623167372442913 0.09758700582413897 1.5186828148534526 -0.031003914908121304 0.3817571219184132 -0.44600107204476114 -0.4288275519848394 0.25203162773879195 0.05307284977889023 0.20251702462273255 0.14036229058492403 -0.04123339486189096 -0.06716520583168314 -0.07631333891714721 
1.098205447132786 1.5842641663276043 0.07893289877427756 -0.7931961806513619 -1.2927210796020836 -0.9761690395566052 -0.6350255930936297 -0.28318568096250996 -0.06398849882980429 -0.1354502360730344 0.17476217769156266 -0.02057971047007509 1.3179124222877538 1.5341484231875764 0.37815798305050535 -0.3855867154378436 -0.7132723069422675 -0.6854897722738235 -0.3082505343943059 -0.1945384074631807 -0.21654280588604113 -0.13632872590640358 -0.12182671955009611 -0.07734566644007723 
-3.3759766702015837 -1.1829490754566137 -0.8421469194641062 0.8924610255962527 1.5513650968553447 0.14134502143994349 0.22088913134948507 0.13820725420743346 -0.14583171901590436 0.21989651740426625 -0.13705350330783478 0.09272026371018233 0.5806932476267774 1.5854734110745279 -0.0512301241735181 -0.8125981058633992 -0.7266074749579275 -0.6782605105562401 -0.2213833319953269 -0.11936178905901713 -0.11578152983203431 -0.14975124377116708 0.04039711253188402 0.06686539242062985 
-0.06706246085305789 -1.6477729988080299 0.08669043237077134 0.38693918227978014 0.7477004732772026 1.4336364037584424 0.5074851657661608 0.07092638487246906 0.21424832683126785 -0.06435442302156374 0.14581405322101332 0.1199116246752918 -0.37373820875909686 0.5536649009768514 -0.2247644549175198 -0.2663332227323424 -0.1097926998258137 -0.2790294791868064 -0.1029328113020887 -0.014987857506999713 -0.062324803338213185 -0.03716596295186079 0.061531444928128703 -0.025250098647133692 
2.0841185098497315 -1.1548141234252483 0.7521001514752002 0.23359450886217337 -0.8563194420384216 0.013749280647804785 -0.09285141570749966 0.13572738256762262 0.04910809146015396 0.3072232787948963 -0.030485601635948267 -0.173254839010434 -0.7833368704098254 -0.6093272655726024 -0.17177996229523865 0.26713971822091837 0.5302398231010713 0.2940360137967739 0.18675763184360053 0.07243080649502355 0.013142301843791171 0.05634327512800811 -0.004179755401638452 0.04248643219501776 
-0.5106275166155809 -0.09079801261863285 -0.04389727194281623 0.33523674591270497 0.24049928932224074 -0.07528273160011661 -0.16935688565887125 -0.2369821726216054 0.025516005946806114 -0.06761572791276707 -0.06311610792876671 0.18815813683163415 0.8205474593428783 -0.7706698477095809 0.33248095602814337 0.11991744169861514 -0.07082892628998343 0.4877730667141877 0.12124921520390958 0.045385638645556815 0.08276870658977895 0.04351854176090656 0.026945466000371805 0.036101888348212575 
-0.8041835310908461 -0.13345477183350485 -0.26151318042159655 0.11689308911703512 0.2142462195296117 0.013696547728901332 -9.627384688005169E-4 0.07486911346940002 -0.09089246410504699 0.05249734446584356 -0.02004915652802941 -0.06886228895304213 3.403386765158242 1.4450591458386384 0.4654546959934833 -0.414354650631045 -0.5713927719721917 0.16631038057226236 -0.1683279163896686 0.04225445074330388 -0.034038624179698045 0.058462551510142347 -0.022746613540707356 -1.2075983773417638E-4 
-1.084553818411404 0.15355686852484096 -0.40394576976526053 0.08553756705650387 0.42490442136313616 -0.029656429924668964 0.09779318153508246 -0.034801396515090094 0.03594248484453149 -0.06754708113975705 0.05975943266593847 -0.04059031539804186 -0.029796710624515832 -1.2950368689066407 -0.6317574060944448 0.44518749060225654 0.17867880392233396 -0.2020340078864784 -0.18265008559315854 0.043837623626470194 -0.028005298724915462 -0.046235898161242905 -0.034700565576777934 0.1273407096423669 
-7.839078634727084 -5.612169001512901 -0.46423968759402756 1.601508050183409 0.7656563078577058 -0.5079950119067062 0.2785572998645293 -0.09212635771554667 0.1460107245503854 0.13180130087796427 -0.023683531311178785 -0.058518333382393484 -3.4025872256011236 -2.156881252280704 -0.1834931927581406 0.5800129462371637 0.33076887375689684 -0.05702046194783387 0.11611219788669118 -0.03645088891844831 -0.014385938543943011 0.09918126986290647 0.039268539483986675 -0.0851000162371614 
3.0962101670760855 6.533669708940987 1.9527381999267335 -1.7426332064272514 -0.5712421666088082 0.7916650718771223 0.2388333519539395 -0.2849973079085426 -0.008919692206163704 0.031439988364901306 0.04280277619314178 -0.19903596988079095 -4.39499173007751 -1.9023831381262102 0.2741857221683471 0.5320691588616214 0.33004559301454917 -0.06339333642264423 0.264834063556534 -0.30878405914273116 -0.04621727154911537 0.2061253290183961 -0.035214168701774566 -0.06614665975653336 
7.31319615296878 3.1471325648005344 -0.8893755869931718 -0.7090603628525782 -0.2799871077551066 -0.2259028173284927 -0.4198194173383026 0.3093197359214712 -0.025303559947870355 -0.29453999987520496 -0.12937644674359108 0.26566058699981665 -3.8746026047794726 -1.146261877497477 0.5992896663857867 0.3568252596328172 0.11761784373513333 0.0314443335778584 0.15752417973445443 -0.30742606422605945 0.029080064710526057 0.0355887544802134 -0.019282668086898377 -0.09864372374022036 
4.524283977973193 1.4810554997467538 -1.0139349865707297 -0.35538570301036687 -0.042410649874105144 0.019477482054157003 -0.34752065053310366 0.6908277340945945 0.2602514417410055 -0.47275241781836064 0.2182483964874683 -0.004239796319546851 1.1702953392825899 2.542114107135855 0.7499874607049891 -0.6042322884803365 -0.24942521227929523 0.15782929706914045 0.028235532436227184 -0.12501998093335712 0.06558598983130746 -0.06128740465547463 -0.1004698339729983 -0.04086012962715735 
3.0706922741627807 0.35292373557664725 -0.7787720935026559 -0.16259148042348492 0.14838701828495426 -0.2162342177287987 0.09916176190468762 0.3422393139610631 -0.07581503655477737 0.27713124052895505 -0.05355833719764691 0.14001475105764555 2.583944931427305 1.284058414988965 -0.40933751086156556 -0.19375861302558373 -0.06269769437912337 -0.21898303610036032 -0.23271038137583266 0.15100032249606588 0.18264771995731013 -0.2169752697152928 -0.1688479254492188 0.1432164822395151 
1.7065760886313157 0.30443180214536625 -0.35252592893349166 -0.20317078220078866 -0.03715359279095298 0.31334288086985396 -0.10536383497623714 0.07360284587173282 -0.1804219233966326 -0.07053341787075482 0.3063032233391646 -0.01363266302823335 1.7065992371689773 0.640747344523021 -0.4716544208281405 -0.12479460732850749 0.06636902734533145 -0.015361951717788869 -0.3278245918522783 0.3923246729398824 0.05427372219296924 -0.16260903838372756 0.02355574554161786 0.014003596932827609 
0.9702153033578043 -0.11673083136566653 0.007932416772905904 -0.20389198418061616 -0.09452255315931257 0.2841135915647398 0.1572333190107622 0.16493121254470444 -0.3529100372509817 0.15527630929687053 0.33313991617821725 -0.1592924263643854 1.001329541529867 0.31628751838353014 -0.43145152437337925 -0.18502598089281563 0.23953675503666372 0.06055969410162685 -0.15231324735947815 0.13838376420616386 -0.022712904701661412 -0.07796901640871932 0.15415063096315515 0.06634469420124502 
0.45472475186874917 -0.2063592503511522 0.007676020775910952 0.03964837085372119 -0.12006294618796609 -0.18461056743924564 0.606917346470694 -0.3974922340168734 0.23597777551019994 0.0760021629488643 -0.04576796682531736 0.1034030015929858 0.5758130127476809 0.1930574940245545 -0.27341549639551593 -0.16316136048636962 0.18350507692233609 0.14122044764722805 -0.016121094048968554 0.0073272756762939135 -0.006394086670959032 -0.18712122712979942 0.3410695064457266 -0.016467379736666937 
0.6926293179544629 -0.340543293325684 0.3354815047627806 0.27107688572770705 -0.5287685701265303 -0.14893657587912945 0.19996091325965648 0.16263556128687462 -0.2158761719032094 0.43777049934530343 -0.33997463500487135 -0.1175371638566991 0.6050006742555972 -0.04346118879505253 -0.28406921584788236 -0.10023292454577222 0.08597250676405044 0.07666577023451959 0.09992896245982463 0.05029995972607219 -0.13585953609642684 0.04139187133218103 0.14848770615613271 -9.742801536052892E-4 
0.11793004308994348 -0.16283444894828847 0.3039460162581187 0.04882886430415856 -0.37054581507435236 0.10620662165010442 -0.07836434995377861 0.052768844471766 -0.22975659605764165 0.34958316849442705 -0.380348020406471 0.014891844927924308 0.6817614228034508 -0.12335191856094448 -0.3757312407341349 0.028971496390518436 -0.018927566084747365 0.03212960117410635 0.28628365066121536 -0.13717235550228438 -0.15769494654459534 0.1327245869772556 0.11770019623263688 -0.011974743831077606 
-0.6763893650195847 -0.008109665681940825 0.7120050665754492 0.09221654273148183 -0.22719863900827075 -0.091292313683494 0.2000872798435246 -0.21109920587783182 0.28753575682221966 -0.10568980747245393 0.05496682450039592 -0.11211400757103879 0.8082605697727855 -0.3529185148005786 -0.3059362094163887 0.19876777060097264 -0.09049719873169175 -0.13518357576503667 0.12267347433201907 0.20623595619373802 -0.17607439742270015 0.2449239971603061 -0.1330861980939149 -0.029961137868033352 
-0.9060501750545793 -0.0025203084901903594 0.9466079620719814 0.042164053180278493 -0.2140652134928538 -0.3098215020593824 -0.2519967888048861 0.20089221607233299 0.45735665078127147 -0.050441444574023775 -0.5963392852758616 0.13661565494338845 0.36282645579608835 -0.06070048648775087 -0.24474841853501292 -0.3988198823819849 -0.13927337724185676 -0.006658608941853846 0.2988592226359951 0.20030454749821094 0.28583148425128496 0.22243372477468362 -0.14036228648105256 -0.06738598096150793 
-1.220162282291632 0.6380551808470027 0.9319591601050154 -0.3218940205132709 -0.3355172747222044 0.464628213270724 -0.08124329031084698 -0.530133993094623 -0.031209603054565466 -0.09698918560138947 0.1672795917115686 -0.08851565526033112 0.36132743420790386 0.0715410888139143 0.17712276835441676 -0.31386332693085967 -0.2099624188860194 -0.17587145932312473 0.1301972845147503 -0.06270989166659469 0.1983713999253971 -0.08866711389731234 -0.23385969854166858 -0.11330384596852865 
-0.698662865662298 -0.30381541274950763 0.9282142250983743 1.4523437930724896 0.10143363450818477 -0.15177781500144305 -0.8342767327845781 -0.3886274044144713 -0.927878368873104 -0.3220683167651561 -0.015417544568899655 0.20525061165709424 0.28696613162490775 0.7435718563391447 0.5913104095870193 0.045685832454763264 -0.31437340792765506 -0.345034111372714 -0.5975421243403914 -0.4207006875942964 -0.1560476539191031 -0.2373489512649595 -0.15914963166287088 -0.11398664145055554 
-1.864065322339437 -0.07208537999402509 0.18983362999900244 0.3287166535779551 0.2449391936492682 0.3573002207569105 0.10063539828911972 0.2717902793653544 0.3850390668732161 0.29612497031504925 0.46608504977192067 0.19348005197769425 0.17282800932090372 0.7031544942737358 0.4882771087403815 -0.0035013417856722775 -0.4012916546238385 0.048970997331799805 -0.5443824955457118 -0.3893767284644732 -0.5362807430834925 -0.32191870129721306 -0.003021443853148028 -0.15002669962119938 
-1.4449970499054001 -1.8781655970871105 -0.4562605016360699 -0.4201987812296243 0.43882677610437515 0.7789448283156664 1.449690239916305 1.0620321426252337 0.71737527757469 0.46504833126263545 -0.26829311931742494 0.3375777256760424 -0.015882517454052742 -0.1864487522052536 0.45410275673527617 0.4220969304366817 -0.17501868358340658 0.047405699267674774 -0.44562549163680315 0.046204996371359 -0.2248083546315068 -0.03410402851464354 -0.033325033106236135 -0.027682992659075256 
-1.3654792181327922 -0.6842332098054031 0.159365197251093 0.6248812919948029 0.6996611183512158 -0.14764610038323012 0.40992070997584706 -0.08733358122105583 0.7550058029720148 0.475208594276354 0.3027817106452753 0.29540088659379293 -0.72525738260176 -0.4833002984693402 0.32928970298913884 0.3532457577102129 0.520152897393188 0.45601732046991966 0.29393149026434023 0.30737273762925094 0.3745907563575613 0.4398894999330041 0.14602403281236087 0.31422038185584206 
-0.9003083654034622 0.5616047587719422 -0.4188598287334995 0.037970682554020474 0.39912872290743073 -0.04152175223439708 0.3479570862824677 -0.3476804632353432 -0.43843667302798295 -0.30929804320187787 0.1662092243131314 0.23733917232627066 -0.12495899047755572 -0.40386081119065054 -0.02958377821124906 0.029709647954835734 0.19456554322738664 0.4990355965896667 0.8222812107761164 0.4947127453130365 0.46327716398292246 0.39206909065511875 0.036537854743727206 0.3780251312071372 
0.03936248321487401 0.15793033748446916 -0.8167358154196993 -0.960105351444506 -1.2956704719318237 -0.6005184503778168 -0.2302924956869824 0.054528369407889965 -0.16082722689813145 -0.6363703422517064 -0.18923822048044012 -0.6990618169149462 -0.04812783329839706 0.17212985147644244 0.040629678731671705 0.3394508636225142 0.20548733759967863 0.2726831423765004 0.5009698160267876 0.10652299734176322 0.21549545305538687 0.17597942964268476 0.14187694309257645 0.23106859127608378 
-1.7725409291465661 -1.087664937160095 0.12054133933307343 0.283165596625523 0.852795941563735 -0.49172578645604026 -0.6970467895806295 -0.4930370686283487 -0.21453969943900417 -0.1553694724386905 -0.1318967179857489 -0.29926631619099964 -0.038184062295468446 0.44003738159905675 -0.3146521413788281 -0.10548335216532147 -0.15176323838602404 0.11824254443033655 0.3868800716839786 0.21476328866452202 -0.04713245436076811 0.014669830916518392 0.00622900561279945 0.03242814207001421 
-0.7849794363660489 -0.37598791626871186 -0.23222442297720858 -0.5160687559084909 -0.1436345037759722 -0.7405935104019097 -0.570486800172967 -0.3342242705498427 -0.0034290429886351392 -0.12969398003329402 0.02620385251698612 -0.12950214297582333 0.13884584028270522 0.11392393352243975 -0.10555925126638943 -0.38558845483408805 -0.4601616343887424 -0.3373921744662971 -0.11693624971038769 0.020724622355967604 -0.037223263018365045 -0.18478732576701715 -0.10982042153528804 -0.26018491088086787 
-0.37358521872659534 -0.49154825914863753 0.23284089918173945 0.1324024412819773 0.27840045398757707 -0.3262118555133603 -0.6425859765264758 -0.797594009250043 -0.3757384019004268 -0.6066457170606393 0.03980117097601992 -0.1447250908533334 -0.30832133135653345 -0.16268136841988734 0.2898984079899832 0.044147489348160644 0.1936690296642488 -0.37680683690311695 -0.4005514592866688 -0.27374770925949643 -0.08402149584191439 -0.09116518637265923 -0.0538073232088467 -0.10248771962743086 
-1.076652892843227 -0.48189980208857885 -0.556207841544864 0.272041590729531 0.37201217502248246 0.32890110754973445 0.09328584691710379 0.1446329726508343 0.03144191338767499 0.14362975736031935 0.05437409964453954 0.004222303058824355 -0.040549054438407506 -0.03868982084118259 0.131144077257245 -0.1656199885970379 -0.04450562421012889 -0.3697010221577098 -0.34751756313531645 -0.317612041311921 -0.10848142047072233 -0.22029424532978495 -0.03321152482628983 -0.09687714720151823 
-0.7017402068383767 -0.5466648889904995 -0.5871621753530483 -0.24333204473796988 0.013965513171761257 0.10394741527748858 0.17272126473434157 0.08877743754980208 0.02008930989858393 -0.018535782017519514 0.015440128077014476 -0.05866538032603087 -0.2275762640119702 -0.3063493033060305 -0.05628962457415634 -0.09608713050310076 0.009649873392579361 -0.2135680581570166 -0.2823606975682952 -0.3527081543543067 -0.17607576099968902 -0.26242616180370776 -0.010398538710369899 -0.07326449035951249 
-0.49925477899493576 -0.23236013882423312 -0.21565511748154975 0.1686584528925964 0.12209983926232237 0.15342992067579525 0.06441226860257376 0.17542612998599777 0.12410136252402648 0.237133788434501 0.13801894844535834 0.11809944336508008 -0.5748934913722855 -0.4925114404471662 -0.4494821395115616 -0.18813708673282847 -0.04180897340515716 -0.0652737010640454 -0.060354407668938105 -0.07265451179931126 -0.050477330238408745 -0.01830858778032148 0.008213585044209585 -0.028182642431394758 
0.020444516385169642 0.30272981913728114 0.23143341087255132 0.4723554017097469 0.37440700168991903 0.4022279123946591 0.21893290533567478 0.24513387514529544 0.1061591565304646 0.13388075281339323 0.02917436270672022 0.01812981007207619 -0.30024419543490505 -0.2660864662930373 -0.23193187865221399 -0.10995979283919464 0.001583812673443874 0.005032528870136045 0.04880017292683079 0.016231271162612564 0.019443856975405998 0.012241445256705721 0.036310269245180445 -3.497883031528398E-4 
0.2869352196618564 0.5709371651890296 0.382940783877021 0.478609127704158 0.3172183509788751 0.37558196218328543 0.2512432496232515 0.2844182892510214 0.1398389807869609 0.1223472532858274 0.022866227197057915 0.0503726351539551 -0.05563078914940389 0.07809930132631256 0.07707952692319796 0.19437033458263064 0.16518763923295354 0.15979387544779872 0.11091563726769847 0.13023818410149432 0.09684001155449251 0.11723802116803794 0.07482945958696986 0.05711223421910926 
-0.19410261986205768 -0.15005414211801904 -0.19066449007569175 -0.06842800362616674 -0.08834518070684672 -0.022226192086664653 -0.06709474455648967 -0.014412455570547433 -0.046111070159101264 0.0021331497867001226 -0.03591431903437664 -0.023752611311009864 0.15880094885738258 0.31576781808313437 0.25741857391387657 0.3212033696481534 0.25584105272566254 0.2616393845045573 0.1821121945118825 0.17340581556434698 0.09151019116408389 0.0835025529273966 0.04029114775461788 0.03512351329721948 
