0.0 0.0 0.0 0.0 0.0 0.0 0.0 0.0 0.0 0.0 0.0 0.0 0.0 0.0 0.0 0.0 0.0 0.0 0.0 0.0 0.0 0.0 0.0 0.0 
0.0 0.0 0.0 0.0 0.0 0.0 0.0 0.0 0.0 0.0 0.0 0.0 -0.017240327003226714 -0.029694796450205157 -0.03408672947262122 -0.02634866052158665 -0.01922973375293215 -0.02221456395568346 -0.02276352373366758 -0.012474322590453807 -0.0027431995519205943 -0.004243993477718607 -0.0073139631830949165 -8.492484009927451E-4 
0.0 0.0 0.0 0.0 0.0 0.0 0.0 0.0 0.0 0.0 0.0 0.0 0.01984657817909863 0.03012860143035717 0.027983115671599685 0.01746417778631648 0.012170611373364107 0.016758288395584676 0.017205340544345832 0.005737423649773805 -0.003569383212089402 3.067085069380915E-4 0.004950330602487095 -0.0014079959821051702 
0.051720981009680145 0.08908438935061547 0.10226018841786366 0.07904598156475995 0.05768920125879645 0.06664369186705038 0.06829057120100274 0.03742296777136142 0.008229598655761783 0.01273198043315582 0.02194188954928475 0.0025477452029782355 0.050651379653260165 0.07850316339049704 0.0872123060761502 0.08062412031792522 0.06665892986769598 0.05863638135051406 0.04971283497505637 0.03391853605950431 0.01860313906835819 0.012044815491765282 0.009140001121433658 0.0021681174078606175 
-0.08540022504213596 -0.13492799896637925 -0.1350794412237309 -0.09191552414132942 -0.06535643474949054 -0.08359671112027922 -0.08576130723353886 -0.035923754835002125 0.0065933503083873135 -0.007286115737392185 -0.02582193658210366 0.002950115344826393 -0.03760014476509236 -0.04769682202563042 -0.04169966333356903 -0.044960090228477696 -0.04296220909662939 -0.025676807377909384 -0.009804489583277018 -0.008982084377521732 -0.012329311469316206 -0.004105051752596692 0.006937734674784678 0.005319513190604697 
-0.10925402643871251 -0.1680454906883015 -0.19409719761658512 -0.19591459888311097 -0.16729857222834266 -0.13411078849140257 -0.10625785130839968 -0.08379373076101188 -0.059106092359268225 -0.03249138860659975 -0.014509035073249146 -0.007979409895995049 -0.03263989070128955 -0.040517620416390204 -0.02803253291114871 -0.019531784061176154 -0.01843466439334508 -0.016881368691689668 -0.0111928328957068 -0.003039749688672789 0.004156671666900212 0.006923667993945069 0.00472324879348867 0.0020087368193729325 
0.19328793801947342 0.27165540609634975 0.2732776830179315 0.27236056090936855 0.24138051403345773 0.17740766231295463 0.11668768000453227 0.08755460239875185 0.07065577991546362 0.03492683977766786 -0.002587741713087087 -0.010694962022327448 -0.024845234538569905 -0.042099894226093164 -0.04746454775458441 -0.034436471892426795 -0.026490614368806637 -0.0407945623247468 -0.047434248024198246 -0.02627000335816788 -0.004588311876183425 -0.010232803218387687 -0.01927989152842344 -0.006860416709289237 
0.010296571582744107 0.007345548068421581 -0.01782077496952139 -0.04449670877706058 -0.04037527995264245 -0.013214388774497543 6.445762690875656E-4 -0.015196961779497198 -0.03627163114847701 -0.02914550130620941 -0.003844954265689548 0.003344073428436359 0.03315756711635073 -0.1092203951475832 -7.13752930091747E-4 -0.11115769177948472 -0.012023983147807652 -0.05944436932300887 -0.018618858279444837 -0.025626889940634622 -0.013395320976504602 -6.94329802359353E-4 -0.020445199016192277 -5.770716499573862E-4 
-0.07063982043715455 -0.0963238356664613 -0.08082400928350952 -0.06431505351707423 -0.04934623778092073 -0.02166122400449133 0.0030902230503122574 0.008587870748744175 0.008941055331541978 0.021739350267575702 0.02668569759938686 0.0178696238104784 0.7535635527344157 0.6490739688078694 0.2086110711612664 -0.1640631100473964 -0.3279958450025007 -0.0335150441908856 -0.03288670075769788 0.041318788966649055 -0.03918456490675809 -0.05937171360323484 -0.003195104807349691 0.0380089196150813 
-0.0767628485594507 0.3436053156358536 -0.014905092675589371 0.3058962836685646 0.01413675312226953 0.143756762636347 0.006397452007044835 0.03257030488589582 0.011937232862206403 -0.023814654444475614 0.03218984231909071 -0.020530487862525815 -0.862908168828223 -0.3776155686612264 -0.2708255782184258 0.37981485232700907 0.3613707937156803 0.13817642742355438 0.049555725196971746 -0.022642439165573913 0.050401149847077976 0.06148607784430702 0.06867150293924908 0.007907573813821412 
-2.023873010112676 -1.8436963841109744 -0.35401337161283364 0.5893533948287453 1.1981120325035037 0.19946721918018917 0.2124713444086473 -0.06028539783389182 0.16410504263039621 0.21037655715650547 -0.011019825583428143 -0.11278444022209028 -0.8011948251071827 -0.5857204036990223 -0.15159200825442803 0.4022898823797123 0.4650039181134262 0.2200666113144956 0.11693841134344825 0.05114328240202933 0.11220080647256653 0.07015374513338297 -0.030157169797154205 -0.13255681569345493 
3.5756376729051738 2.0138785282743576 0.9312506408504181 -1.5107754899309978 -1.7482167962418955 -0.5383078926375009 -0.2527131600009952 0.08716699000854253 -0.26505707433913805 -0.3079223382835954 -0.19100670149202925 0.04494838400325646 -0.07167354768887242 -0.2902133086107666 0.0979092893222654 0.019043138081924187 0.1305323221542826 0.025738131031187782 0.024439476209185032 0.012791720006372272 0.00827104082313173 0.006921465169487444 -0.01228043413175943 -0.032348357179035024 
0.5067443941520811 0.8257007691113538 -0.09912585128322915 -0.36284881385642975 -0.5631812174391169 -0.34082873031105426 -0.21816970497601243 -0.17214031901866717 -0.18916421048548535 -0.04666804321301335 0.22875547889640946 0.382800634957952 0.2429640948183208 -0.11663553281036454 0.04378323975347078 -0.1921029930816899 -0.17724371061368513 -0.08977390005731922 -0.05757252895563584 -0.016617564377861934 -0.026067684538798753 -0.010396801999274044 -0.021879326978191855 9.058400709968014E-4 
-1.127050907625212 -0.12045333514301071 -0.43607672080718785 0.7248679737653796 0.5031864116307321 0.3366903442884054 0.1483995480718196 0.05012260545916668 0.163758736950752 0.08394325023182146 -0.05085650752554981 -0.1712779539154419 1.9200219902564397 0.886678833325902 0.2662136171439907 -0.6533195942518946 -1.0251938501462652 -0.1228354631383527 0.013953665184662825 0.05985398940385287 -0.15226551945126804 -0.09910282407897407 -0.046284121585457916 0.08124889238117008 
-0.40142100430244554 -0.4266238539711966 0.198300589955557 0.047840642225626395 0.6041415604082454 0.031289800889193684 0.18463257723914742 0.00808948757438191 0.027900190601847445 0.04563416889661918 -0.01545694163209229 -0.0073887914757315015 -0.14000289817781195 0.9709586689243063 -0.3393687370140217 -0.09322570225213293 -0.2649853736295444 -0.29214970151646447 -0.022068865985272468 -0.05017444590400342 -0.013704166927353259 0.09063872399682105 0.009724028885783803 0.18309710653959224 
-1.730345598636882 -0.019995660162073436 -0.01610343120094715 0.24383856478365779 0.7437033652732187 -0.3558607688225668 -0.49597529666256357 -0.18250988149954062 0.08320728347099968 -0.05676497210148944 0.06995187352859539 -0.00370357992341204 -1.499043394281583 0.4619109467348954 0.10050047504322697 0.6064542257689708 1.03204957884343 -0.06218193721510804 -0.2586830012398837 -0.20392016271716165 0.1304416822071094 -0.1132165474216071 0.12531163729005662 -0.03506849458066937 
1.228400434191352 -2.1374040751520336 0.7089937149557157 0.1573429973908299 0.11151642662827288 0.8818959307938252 0.17022431534699656 0.09469926217269675 -0.1077759829635494 -0.248230104036821 0.13917920171198545 -0.25027787165683957 0.01243283645333837 0.6749709481818971 0.8751126549449992 0.38154129322083313 0.8305115534479892 0.036793741866298184 -0.006051570860575756 0.03343911120409229 -0.0064856137189581555 -0.040285621583154026 0.11648447355400605 0.1429027239381859 
2.555168555972639 -0.6507960647572784 -0.9929247084369481 -1.1492458811241346 -2.3466497580095718 0.09793309098141384 0.9316526827375461 0.6185782063114943 -0.15972822288787772 0.5705250289633629 -0.5041094910677586 0.05537206991712024 0.5716074846579092 -0.5832489380348896 -0.6688589200207623 -0.46991935198056073 0.09677190381718803 0.2505062844685088 -0.1442405387008461 -0.11805986311539973 -0.1653515789505726 -0.30381239595303244 -0.10815496956727298 -0.19012961038053636 
-2.5814765909672213 -2.1361364962192853 -1.9386267362614402 -0.40024101448297683 -0.3422165382943272 -0.30598835461169116 -0.5110266998791801 -0.4927718899434124 0.1688247849381606 -0.1471539668863449 -0.07787967999593348 -0.4656347882105554 0.8966603562192655 -2.5970149398294033 -0.948129904706328 -0.2934247199296324 -0.6142144139794671 0.33012194279655577 0.16959971927092019 0.2149971024852166 0.06655470115985619 0.07125216235295956 -0.16345451000570546 -0.24352831350080736 
-1.540229540031323 1.7291173644762212 3.3142835544699176 1.9323886266622434 0.6802541362829546 -0.5134374795253349 0.27737182705306307 0.46540528390471314 0.4409616363718625 0.8041341471823698 0.5029462230843738 0.674363709495055 -0.9754091952739222 -2.1497214306699584 -0.7049818752103473 -0.25196199084780196 -1.0781907355789322 -0.12221933470039954 0.5003259094034611 0.24338640262542596 -0.05167211298091923 0.4530347189059874 -0.20547176277160903 -0.14951934461367136 
0.5861184135355364 4.463684029719428 1.3997792976212662 -0.5032000967134618 0.44070772142041115 0.19721538765753233 -0.01143441462352246 -0.4737055840795625 -0.6077850160729881 -0.5787911502052031 0.12601487465303557 0.17081124905661516 -3.3200398681562255 -1.092248748452042 0.3979927098858936 0.26179931365092773 0.03411331670214172 -0.2091618160467977 0.17839042575312222 -0.18510155255971225 0.07407338712157589 0.21639051574661639 0.12010931932712561 0.07829598161351026 
3.897598639543027 2.49845796428324 -0.5471820997472594 -0.3418803674654862 0.49646031886985575 0.21298922394800074 -0.819121188100666 -0.12111415449670848 0.3835930165604543 -0.5727605360951702 0.010358519922583881 0.185707085124549 -2.323840476262085 1.0979571245150177 1.904357135592912 0.6973461039405991 0.5120574225058029 -0.041020183553808855 0.12176523249316845 -0.04742801399346789 0.06297753429043647 0.2562859349878642 0.28016900910208187 0.34599856086114417 
4.65972892371428 0.7559394492333311 -1.2018720388105324 -0.04850445837189521 -0.3526595796942029 -0.04171625820796593 -0.49795146956168224 0.35579248693643506 -0.024711066520862995 -0.10787817248742415 -0.1919137863964154 -0.4561944208658332 -0.43991958121356084 1.905701558426352 0.6334445222719948 -0.021810841622376047 0.35018295446041087 0.05611639389139225 -0.2077624235784078 -0.23808077598781305 -0.025730994530589097 -0.38078527964703124 0.13229446919278307 0.03296620658847126 
3.3944866336655615 0.28911828117421656 -1.0979621840929192 -0.3869975043303371 -0.4592344806771469 -0.2709111059311592 0.1553346570426376 0.19294029037711802 -0.039507941275509495 -0.2001801466401123 -0.17859647369714635 -0.05012913812715333 1.3569464787415566 0.9109255313193717 -0.09554496540428563 -0.02828226714220557 0.08981325582413187 -0.023338981191146985 -0.3988516429969639 -0.0886875555896834 0.19610738836055938 -0.23671531366904539 -0.10695202040802898 -0.008601169622828364 
2.1574331601149517 -0.14875080400511642 -0.22516422702188832 -0.4152090034139082 -0.13199374218732007 0.27081637092293553 0.12462493354004911 0.08350952144696344 -0.3190415535632389 0.37727449400836166 -0.1763910361154485 0.18983074091705254 1.8627966797678603 0.2520689770374845 -0.38817179990933987 0.09470282957928244 -0.25124297210546326 -0.13837407513053457 -0.21185522101602894 0.09373642027599638 -0.057210023469041055 -0.0586790697473488 -0.22492354591644792 -0.09964773459934266 
1.0779070851180208 0.21802649694434884 -0.7489011094287246 -0.07368129351786301 0.11668763264401871 0.126739852955991 0.06614553933935985 0.28108999501707754 -0.05756390500003594 -0.105190928335927 0.3234532060061873 -0.11150198689840876 1.2686565884903853 0.1144696007976771 -0.33079535499434914 -0.06221541983965132 -0.27645226728226285 -0.0715960934682565 0.05593978368481728 0.08693792449614675 -0.1079337156123908 -0.03835835827932824 -0.06364431002773346 -0.048478619354777854 
0.2296286586844687 0.035278410235811464 -0.2118871764146102 -0.4892710525159796 0.11310827996160411 0.17458048774006268 0.18220875233804343 0.03050837378846616 0.1559469857485234 0.020664427602529623 0.23183201150126154 -0.12656479268217752 0.7801936283516125 0.13374182031878382 -0.20178835262296727 -0.24786281999998785 0.1297744157553605 0.13681035973725364 -0.08087985300588402 0.11809372042555748 -0.02066829639107398 -0.02884517734072467 0.10279748328757277 0.04364929062923151 
0.552419118909647 -0.14630512833927867 -0.11221464441351081 -0.16332022026034743 0.24757131009517952 -0.008004883934953244 -0.04127660341081141 -0.0413729092820736 0.04679893590578177 0.09319996140078846 -0.191775067422301 0.25350448673679526 0.3404148302966412 0.3226006231072587 -0.5210140831993031 -0.29293275094498006 0.4282840886499652 0.24115582230501317 -0.31166835399942083 0.22898774885387485 0.24380897759028305 -0.2599093829655204 0.1909338329567013 0.09661622290914662 
0.07959625816430105 -0.36781045231965415 0.06185759833940663 0.3731989199572976 -0.586758828178982 -0.07224233984335324 0.4209755639327868 -0.1095401876801334 -0.3092180848429258 0.36461458116217793 -0.22716934926392263 -0.12362036778824398 0.37683987844502315 -0.06081595558676126 -0.34429190735944976 -0.25259041088314127 0.16709720205392511 0.161088604011144 0.009643787760774541 6.026904479206063E-4 0.07800193980170474 0.09639863369056512 0.002645838738972487 0.017416187320729276 
0.13167879448818098 -0.5482309410996944 0.6772687527921764 0.3738819730804386 -0.8182310792355838 -0.47331620016734055 0.8817671955402507 -0.3358489708102472 -0.5564083024751605 0.50256214378081 -0.019847612481324495 -0.4028228680728154 0.3042087297879566 -0.14857373622455228 -0.2671710323072964 0.07171245896737666 -0.10325395303794527 -0.037760345337252435 0.24789583423806438 -0.0158179538596826 -0.22646766043818015 0.24496674586408992 -0.03960503363752808 -0.04745152422411495 
-0.6905208144398678 0.4186891833763031 0.42624684706089555 -1.0091653694876968E-4 0.1447178684652104 -0.07602966617717566 -0.30824451041981127 0.17593833320879115 0.2235447855338803 -0.4732125646591765 0.13793076781385583 0.14935032276044 0.011768619032975103 -0.16267395493890704 -0.11703919347076348 0.2411860760273908 -0.22734267306833753 -0.29464175312498986 0.4078095142954475 -1.3413193488442943E-4 -0.2662721493133183 0.12528736738020277 0.06947991827980304 -0.12793308617878044 
0.024851465847861576 -0.09383373751360047 0.5071038281476339 -0.19180767891535422 0.19159482088691915 0.10716981524371527 -0.42035406894870553 -0.13665830814748808 0.45982048203191916 -0.22278670328080408 -0.255510025048606 0.25937371413479815 0.45879779531919657 0.009694910928823278 -0.3770707337352351 -0.02674613002496956 0.0075432035830613016 -0.25170512772952286 0.30702746409537696 0.04978262844472351 -0.1682775485785156 0.013427090143113793 0.11571498301232687 -0.047685610169645974 
0.09770406538553544 -0.10698718929597995 0.4980576410739683 -0.06751448212697841 -0.4096437590352209 0.5214399118260884 -0.15139234670907764 -0.20873312320685972 -0.01851602915651085 0.35142690255237663 -0.317777897819691 -0.07091940035570943 0.17206507212232994 0.10745377693086722 -0.08653303586312777 0.00710669108094078 0.11320156125939336 -0.1870637176824175 -0.1290310491300726 0.05384724314049167 0.31227369134273447 -0.20504820526700648 0.04121227252457932 4.4739944346182853E-4 
-1.6388270313821103 -0.3144774875500227 1.7725755569913453 0.4878271459503621 -0.5636798762345521 -0.016935605980404 -0.117741278601247 -0.29286112793659236 0.06945475060558182 0.04996113974569205 -0.1391382287015317 -0.14963117600580278 0.9315313183161824 0.3019083596934083 0.11732337440997502 -0.45772343065089877 -0.41538754900956754 0.020429264669518592 -0.19638785569886644 -0.277175125454693 0.2132634461030829 -0.06440870608526683 -0.3333058562632873 -0.21060125179093944 
-0.3748767821918717 0.20664972760191258 0.05311009022842317 -0.36123840221262926 0.1827505332477659 0.5472141974821365 -0.07245775820332268 0.09249801368186827 -0.5180934227811546 0.005558129628594921 -0.04389194793341927 0.352510569500355 0.4162277245194111 -0.12314367168438183 0.1863606186238401 -0.0479400378456517 -0.3338697003590572 0.35273965081731085 -0.08155162418898501 -0.37808660373191816 -0.2899433950183309 -0.048191768857718253 -0.21668026424533493 -0.053291169606333975 
-2.533452065311982 -1.1563772750427717 0.3776074803404814 1.3282245730801674 1.1415603217741284 0.03299487840713544 0.12934220389501627 0.544251499772227 0.06981884053499227 0.14337380143688727 0.6074645687981199 0.6794624845795842 0.2571308696657595 -0.09977884815450233 0.7007254414505933 -0.020340295312915684 -0.3947782208098092 -0.159103615755781 -0.41705588448272635 -0.34049496873558777 -0.2790724884450477 0.04497686103080443 -0.15073328021737395 -0.05495563139316817 
-0.703666591207762 0.68339371950354 0.63645982352788 -0.343893082154926 -0.2606547569623894 -0.561744282819614 -0.030279215390254244 0.5069703741344851 0.8511321109337766 0.4492958782799338 -0.041038503833512055 -0.325592721829401 0.09689716303170859 0.6168417723367302 0.5560780997304088 -0.01177606155238936 0.15310840076797813 0.10803784769674385 -0.32021450825102027 0.40266627881132866 -0.011746578474494451 0.1299294330197131 0.11663967417700366 0.2260614136391936 
-2.2458247358714436 -0.2535129390373294 -0.6212756340101633 0.5401753718602574 0.842357431299953 1.0148544814378142 1.1123371034403977 0.5213875980438625 0.22205944908325914 -0.30683831767239067 0.3116348899006365 0.3542873638385797 -0.5361758138415526 -0.2065056658671561 0.41140075352023664 0.3328985667989155 0.39877519419722923 0.2743993021722309 0.21502069961902506 0.6502107244897685 0.30469955892623535 0.20153751641406756 0.20202283901099385 0.27458342590817514 
-0.8093819360072667 -2.0953077574109993 -1.115682651787481 0.0681143830544938 -0.12697322381908083 -0.2678291471234344 0.3966883167770474 -1.1040688718879355 -0.5589739916318046 -0.15912410987590542 -0.24589613101568852 -0.16308611104672355 -0.4532718466991357 -0.2698443418149729 -0.07150568876016113 0.07845800743244753 0.03310110697094557 0.2340413200295556 0.2996662546979749 0.2485666716893283 0.2746462388304977 0.17763165214925225 0.04015391408569561 -0.021604010769816273 
-0.8720669513875722 0.8524904610159663 0.019476457437451966 0.12352514007871096 -0.12160602738921367 -0.9371605959576471 -0.7292036610457098 -0.600861050685868 -0.13922678496092328 -0.15702875372739578 0.10382486535622662 -0.2255410985362798 -0.6232666722268356 -0.41300919698737704 -0.10979474711246362 0.7859059278313979 0.3218823058828621 0.3060301995269857 0.14228478400185574 -0.30049759645283974 -0.23457276761943333 -0.0019282362842251526 0.04729293477257701 0.1882230533224203 
-0.030729943352290512 0.9399250449218108 0.5306008440845558 -0.3709419885614953 0.12202365146935723 -0.2878607042105501 -0.008507597241125264 0.32239468343136546 0.20783651146437476 -0.15850386014032045 -0.05759523381839396 0.029133541667477558 0.37336736768574247 0.01588565973911941 -0.03902695835098872 0.09311588101824357 -0.24501735227215915 -0.25766133666411434 0.10938394658680799 -0.41503334783974805 -0.24782508384333332 -0.07752581974830845 -0.1699804975331338 -0.04139931753595322 
-0.7653507155184247 -0.5321017492416034 -1.1150331406087908 -1.5980142258259415 -0.2477879239928522 0.10677966140041496 0.8880807084439168 0.7096486097427311 0.5423725003934694 -0.3013637336875077 0.07560563698425815 -0.30649162248578177 0.3600877029048455 0.9263461355321555 0.2787331256457487 -0.15884227365513126 -0.14569979438777675 -0.28244583336085943 -0.0010085201959320427 -0.0238235635760764 1.7619438028424841E-4 -0.0820160296421261 0.04297371025634966 0.024532284457477016 
-1.9828421569990677 -1.4506686314995725 -0.4313469777113934 0.6495364229520894 0.6711697812992159 -0.016815265810122437 -0.7401057077281898 -0.5142236585829909 -0.156298382779001 0.14562083934907588 0.27815497576969705 0.001587103535887091 0.15635922966387308 0.44713450664745286 0.06286742832182846 -0.43967248866559405 -0.061046725977694706 -0.03337136818238847 0.20906706134291506 0.20375048924819503 0.07198182309420727 -0.12686432361557387 0.020163887343120617 0.037492887373953836 
-0.9762739532787199 -0.7312511073698087 -0.33574900860181955 0.08981275528731242 0.04092029085918725 -0.22534581507528262 -0.36037904521438135 -0.1110811889504606 0.04231207901991185 -0.06304301454571565 -0.1929713702068679 -0.2853647328429156 -0.4487676398472053 -0.3429470031823641 -0.5315379178224737 -0.6117969640845574 -0.19432159342095656 -0.08462252701416235 0.13323248682388764 0.15878214325453704 0.14129710841097823 -0.0875697782370737 0.02568208611993859 -0.12841556605423005 
-0.3943460134637622 -0.301903795956445 -0.04764350688441521 0.10416198687865974 0.16080972197642163 -0.02168386142553591 -0.011478904440721305 0.12150811503337622 0.24192125286853172 0.10292875113550515 0.016201607747807212 -0.09390856527581704 -0.7993468637666035 -0.6946119110435666 -0.36671987133406997 -0.05740485413066854 -0.0331372514351285 -0.2602490403708524 -0.4186580961915878 -0.28470587955249277 -0.11757604298486095 -0.07484660437078339 -0.055414123590958764 -0.15859443855174382 
-0.21329586774446163 -0.07764315746607475 0.2877288774451414 0.5100638844644454 0.5903568859314146 0.3630815402506088 0.1240698463285197 -0.08456370682906356 -0.08062864266323166 -0.01730835486950122 0.1295360626353873 0.12650291008276043 -0.36867918584990944 -0.3662343127337926 -0.15785021214998343 -0.09415372402127302 -0.04952636473790445 -0.20659637111586795 -0.17208902959765457 -0.09622165343547157 0.02563134007327424 -0.06845008115997746 -0.10109830810443972 -0.1719526395593455 
0.03370939153361352 0.3063631266792606 0.35707369326733596 0.6116254207555285 0.49586323806848775 0.4697181776394891 0.2736441350751231 0.32663523901378877 0.2579001070171536 0.3472933226233188 0.2831436301214457 0.2714365977282805 -0.03271019363775629 -0.022703556008612735 0.14918565684211382 0.14184126693888968 0.2292080064947459 0.08596951383381124 0.11286353104934237 0.07710759826618095 0.14847741891317554 0.06501603698447028 0.07343975615925244 0.010666953489786449 
-0.08426409822767944 0.06331836951371628 -0.06455697222774481 0.11854221041269708 0.02197262702686753 0.14874227873980872 0.01332652382066013 0.07502020936574783 -0.04257136827422181 0.020124943190309885 -0.023147457080367972 0.04782060433307217 0.12312442210536394 0.21854103913479297 0.3473988499332581 0.38854678612871435 0.4312204626021199 0.3307605636519186 0.25600469540480353 0.14808798764464984 0.13913376369392055 0.1306975178533396 0.17297478733208707 0.14577490988109346 
-0.3607313173088844 -0.3042738914205023 -0.31905755257431356 -0.12560097691213518 -0.2426221680555426 -0.1724227721715696 -0.2946978363348186 -0.1896066378625723 -0.22253964106549984 -0.11083600884781125 -0.12777590087207247 -0.08656827287033225 0.1114156630595134 0.23609937970995265 0.2334357972002669 0.3097334594257699 0.266713437422373 0.26573913742764416 0.20240892111835418 0.21302044870178385 0.16925307368481954 0.17658473751113324 0.13831683114215038 0.12697188321781352 
-0.38544877963930446 -0.42794776582057226 -0.41640204943380804 -0.28696327508786573 -0.3340617988129298 -0.3081296757996177 -0.35977325418092004 -0.2707067313248326 -0.2578100597036666 -0.18033624269395504 -0.18392853386411487 -0.1318193842612136 -0.04288339846226504 0.017970928443161043 -0.021018541782136597 0.05791277229699198 0.016012723880864405 0.05869640891265967 -0.002749196488042236 0.02237094082291326 -0.020797363612926844 0.009298994575546138 -0.005264878046259279 0.0186195749440463 
