0.0 0.0 0.0 0.0 0.0 0.0 0.0 0.0 0.0 0.0 0.0 0.0 0.0 0.0 0.0 0.0 0.0 0.0 0.0 0.0 0.0 0.0 0.0 0.0 
0.0 0.0 0.0 0.0 0.0 0.0 0.0 0.0 0.0 0.0 0.0 0.0 0.0026086359892764457 0.006389623237866811 0.009398192661526139 0.008993988830886868 0.008852167194562647 0.009806127457681483 0.00805244821225587 0.0036944261710248893 0.0013073226247685883 0.0019520476723350795 0.0018119580656342875 -0.0015716811932681058 
0.0 0.0 0.0 0.0 0.0 0.0 0.0 0.0 0.0 0.0 0.0 0.0 -0.003711741687722222 -0.007288115483568318 -0.01009152651142082 -0.011654412920034829 -0.01247870910854787 -0.011846947273963617 -0.009082929835563441 -0.0063920241512972304 -0.005153972141279384 -0.004053124749216768 -0.002599871572985926 -2.897865260793886E-5 
-0.007825907967829338 -0.019168869713600434 -0.028194577984578417 -0.026981966492660603 -0.02655650158368794 -0.02941838237304445 -0.024157344636767608 -0.011083278513074668 -0.003921967874305765 -0.005856143017005239 -0.005435874196902862 0.004715043579804318 -0.0023928812381554345 -0.004322110545833073 -0.0038230926844971904 -0.0017169634060622552 -0.0018767293680847879 -0.004005638221097989 -0.004434698033627837 -4.762733876449247E-4 0.003200828980097307 0.0029537735273387398 0.0036527123712924666 0.007801471437113058 
0.015048179047081334 0.03144878130750517 0.04437186852655167 0.04845422200643479 0.05071437811748758 0.050250033008413075 0.03932746182507413 0.024717711710429024 0.017422900360991034 0.015087445756152923 0.01051755181740921 -0.0022705858320783423 0.1821721014512141 -0.0013583866976227728 0.09663027103397541 -0.0966793779326587 -0.04605573711853226 -0.06456047823822877 -0.05709480784507029 -0.010709340769238249 -0.010789587197149694 0.006678723710670039 0.009346475666765516 -0.0028879129790128355 
-3.4544580907436284E-4 -0.002758059016253367 -0.010716656209784264 -0.01907622078503063 -0.019727000954489426 -0.013108101840912573 -0.006359636811653552 -0.010930035692279738 -0.018313937120787438 -0.01640504346009268 -0.016216913022582005 -0.022269121395300004 0.6543776375098173 0.10833909444773543 0.2149934517862071 -0.2916278358583931 -0.16107385538226565 -0.0769344110156509 -0.1070870760351408 -0.061066832064720335 -0.09595119689416164 -0.03458464362459471 -0.02543729399727881 -0.006841003176262548 
-0.5502565354330198 -0.004130245255805215 -0.2986297739893233 0.2860852609441611 0.13475246104099753 0.1855262944486204 0.16238556962265382 0.032051400897317284 0.039564746214689916 -0.014761720910466396 -0.022648907587456975 0.022155821424590667 -1.2965738471988288 -0.07116321329386616 -0.5538764641106392 0.6545146815349101 0.2867276934055843 0.25999412376490616 0.26897817177428035 0.13345597083476493 0.19048133617058247 0.04308396949285128 0.0163806679183721 0.0013633289054095603 
-1.6883064632572307 -0.32639663977515154 -0.5016741120852622 0.7290860216136554 0.414646023101354 0.1337467199538046 0.23557482956986497 0.1684503730876422 0.27286069988132966 0.11282237119008855 0.08745923749736666 0.013024849480257457 0.005991943414912863 0.15776359682264363 -0.14494071669438888 -0.06791661952250633 -0.15554808660454364 0.030514581202322682 0.11728971797825365 0.010494260600915387 0.030949082593685645 -0.03883571339688828 -0.009142222327719229 0.028147134685414035 
4.748750229367646 0.4067577115685527 1.9514799887962082 -2.2891709437976386 -1.026655214127187 -0.8031597491836641 -0.8885742866885262 -0.4653404051838268 -0.6996084266518149 -0.17877817004749152 -0.09046252719768141 -0.024007557986085754 0.40164078936793796 -0.04067501273843676 0.01205468625302127 -0.06041053342454631 -0.030440482596751195 0.037026833494190364 -0.031233066708457196 -0.17092915883398738 -0.10499419109315339 -0.036545224327756344 -0.0617254178693862 -0.050818106583753464 
-2.667824658454146 -0.6814928278963632 -0.7009493875193834 1.4723017401533882 1.0276210964432337 0.3896911763682616 0.16725113740917558 0.20628308554554614 0.258425401531408 0.18211032129908472 0.0451165637656879 -0.0836288357462039 -1.0038842362149398 -1.2235621373576324 0.1677356481836492 0.5765635322921246 0.531047792344864 0.12310036270961945 0.048433493575305776 0.2831836849742556 -0.020116689928234104 0.231016495104592 0.026302696302282075 0.056112895340544644 
-1.265419805938376 0.2954428870201109 -0.23515619503132645 0.09570900194793364 -0.08041362783968875 -0.0535264342411792 0.2902466158283701 0.5259225211703275 0.3617649686691109 0.06022997701830454 0.183698682886541 0.22293698378908172 0.4892522205029552 0.4245158073743178 0.4569978678452294 -0.40846216869661145 -0.092942954973864 -0.3488837913064607 -0.373917309994469 -0.1369152643007935 0.013541764742496095 -0.11186642819500965 0.08549733341765697 -0.025223936356518057 
4.3304312630406 3.399947184571966 0.08843703527755742 -2.1930445481355045 -1.651618147076987 -0.6103710256462962 -0.4991361024145005 -1.1767321450122017 -0.19747592799443092 -0.6997311876565855 -0.12852945645159078 -0.2787861074289602 -1.7878049495178712 0.539674863693188 -0.4838503454524976 0.13608540564276836 0.8405433518978175 0.0844506382384626 0.11032973876521292 0.17316537080759933 0.15423701036335338 -0.11387151929545364 0.00996720252124477 -0.08455025729674744 
-0.21813439288859238 -2.9075097167885655 0.18579317386204952 0.768888706436642 0.5917932725545154 0.743522725742997 0.5663712632067187 0.6369130029974277 -0.5122830561163837 0.5977418690153725 -0.26013151734201306 0.14924288692484658 0.5366277743694715 1.349836236338362 0.588335340203075 0.2335723373508737 0.2358610207310742 -0.17071592650145126 0.10646464592458198 -0.0013505733265759545 0.19724069264443392 0.07879928931513132 0.12558650978410996 0.1266427467725193 
2.1719474835745753 -0.6990411170715887 0.5401269643914216 0.7274556709807289 -1.8301124094473211 -0.2621853183392143 -0.3018004025756375 -0.368708267790802 0.2327383828340952 0.2549689331869116 0.23713005631623063 0.20686898457615596 3.225411668115246 1.1467852813021568 0.06911597612608615 -1.169879520024461 -1.106575778307764 -0.10393405955356898 -0.23002644985846213 -0.5094124650842552 -0.4243489447590057 -0.3293734101721523 -0.21338141189585594 -0.13143538874532718 
-1.7960612393137785 -1.7045716711731973 -2.2260071801974837 -2.065258119662804 -0.6987495588477444 0.2845284916096336 -0.1278151718648073 0.12596230253935548 -0.44506426467845395 -0.6535179513488379 -0.37589060284969955 -0.3998188025310343 0.7641780773207283 -2.4090984443768404 -0.9590004978188547 0.13293346451643215 -0.4484163488778115 0.149982249972056 -0.05219991825577752 0.16240687449818428 -0.19026080891518324 0.07957631333464449 -0.1848234067731653 0.06983501373199467 
-4.556840318092545 -0.6418776821421881 1.0869892839290656 2.733667424987601 2.3133806035474347 -0.06907172991890753 0.5380364646966489 0.6069806004695999 1.0419615105636213 0.9140189530419768 0.5694943219898203 0.39005090353496175 -0.7673295775126062 -2.0153062266688093 -0.5677647353253906 -0.19945667991998528 -0.8421649478612511 -0.11457787574870693 9.320029654389939E-4 0.05584101339392459 0.24714094010731427 0.17806906539815567 -2.6333170123505706E-4 -0.024773114162451287 
0.8537252759827831 4.291203898877256 2.789363507549792 -0.6330175641160906 -0.1347041873094279 0.19701918161667564 0.3030525843379081 -0.3381520546273261 -0.3461121932355971 0.029487919083906466 0.128156570140688 -0.15185311375054034 -3.149071010085791 -1.4876424180486438 -0.28550211319614505 -0.24732303135578548 0.06282743322165422 0.01555443128136493 0.36363620413743 0.1772702870036987 0.05902095947713559 0.21565512768648218 0.027846812394153726 -0.14399223282914633 
3.149042958464113 2.3489897779096136 -0.26426417350604425 0.609705432967328 0.41435974836727363 0.12530296390338547 -0.5200302895733122 -0.304174129389235 -0.5581604732092761 -0.6207411982239275 -0.014103535075257967 0.15720548267326284 -2.957499077405363 0.009553364287729682 1.2783916579347563 1.0276030816146842 0.7850193354828973 0.11182743044273757 0.34461091269039673 -0.04263743080192358 0.17618710976281093 0.43280366052574926 0.3637829992198309 0.03948726010548163 
3.7982101526652645 1.2629218529468336 -0.6938741118914935 -0.2613080295853112 0.0622785690773735 0.14067785085439233 -0.6896904071421166 0.049728806457676855 0.17793384877658797 -0.5331032587753323 -0.16763211149962157 0.14858060638725412 -0.5268128239150478 1.6990174757634293 1.365443596246541 0.13451372945655013 0.0467739423398987 0.1973008063439142 -0.026477500380621133 -0.369094060131366 -0.2994062444349835 -0.0691542226496695 0.0876049896028232 -0.01252351166281728 
2.8434144757823034 0.8436032479598339 -1.006566880154561 -0.5349965871218414 -0.1401687810946577 -0.3763833558659786 5.752223654708621E-4 0.5409524623328692 0.251377160269096 -0.10309643960565162 -0.37396033484951763 0.12137226314961963 0.5640820009699293 1.1316165939608316 0.20115705086174404 0.3216407081269586 0.1325294614566717 0.04512386246735347 -0.36762792982942266 -0.24564981757072143 -0.17510825923978116 -0.40606255443468137 -0.047057905469235474 0.10993768080574344 
2.5869779890688314 -0.0531552634381427 -0.9358159278655724 -0.46420774244115615 0.0022382504018416682 -0.14404007753038495 0.12218232951037997 0.34656682990571963 0.14733772333016745 -0.021871792276222962 0.04527000121934821 -0.0963659690002669 1.1353306397798775 0.6384432637159977 -0.17805450020961286 -0.058459766056258466 0.04100548774188214 -0.15448257743884386 -0.32739415596802934 0.039344628868726104 0.11200015724674776 -0.2554346888079997 -0.306961317996219 0.16915046603313774 
2.062413037352542 -0.3878214457803928 -0.746764418104237 -0.25376683498562524 0.046791523335024454 0.1322903406937137 0.17691713158870737 0.28435631159890784 -0.017537632766722294 0.341830731830562 0.020619124972963587 -0.050134272050206985 1.3133004259481644 0.23602825910048253 -0.46698837884107364 -0.14658531715509313 0.0670321667840225 -0.306071555493818 -0.19367559385727326 0.2982499309294721 0.11843129798784813 -0.14083402718878094 -0.27287232173035975 0.07255954773654903 
0.7827189525405132 -0.03669559133104627 -0.289611842287817 -0.22654360748464386 -0.15421804636311398 0.34978873489107776 0.20432110615035315 0.05999299521847923 -0.023609226445746187 0.010737221930559981 0.5559621125777948 -0.27311752411224577 1.190501034094881 -0.002027701061063425 -0.44906061834571415 -0.18328638582433202 0.07526714140071585 0.0196047944986123 -0.10872174318230605 0.16013790841351086 0.0934356513284319 -0.10513358126360317 0.12019901071591627 -0.11639782965086894 
-0.19435728379803052 0.12728863460483808 0.07129621357978214 -0.2140727031348182 -0.26303713306424736 0.29491690440474405 0.540532615617304 -0.21051041311192686 -0.018443258806491586 0.3031011348572997 0.18931057466233836 -0.007930602504038042 0.8517698346530101 -0.09110938540380935 -0.4011954686546617 -0.3314093313620478 0.16282200115980974 0.23695655249838207 -0.050252021061842865 0.0342664260852145 0.10482619492120822 -0.05842026624694866 0.21750481263693341 -0.015247773195485453 
0.14386004735947466 -0.30462720044756786 0.002335611329560394 0.0658043491064364 -0.06864884560066997 -0.284167742881737 0.2665398170429998 0.11358646702060438 -0.13251641763524358 0.31289375000121766 -0.399672755773088 0.23172568517925546 0.3817743110223398 0.17694223362616945 -0.5449350450074211 -0.12742084035158227 0.10463381582454641 0.18279911143174962 0.16532434771260016 -0.09265709861714784 -0.09375673125399199 0.0017360572763165383 0.2838468887949536 -0.011566063250156642 
-0.1734670140159693 0.01947251498929603 0.31084826105105945 0.5942871808049781 -0.4844590805256268 -0.26160107791502507 0.29656383932791264 0.15476029744220177 -0.2775626219355983 0.36601326653607913 -0.1540778787623952 -0.25681255710950124 0.06583527377584393 0.1777564199503754 -0.34862003741322245 -0.2271507535323597 0.18830822287381452 0.10061161691055365 0.24983551264852374 -0.045777668705375994 -0.308428415250807 0.20867773019710648 0.16193026209461128 0.10165055067048884 
-0.3730491154175368 -0.5136142324017836 1.2254172689988074 -0.24846102839979523 -0.3574085201060635 0.07965039175571342 -0.1696675488427516 0.15532893579285845 0.3872206488807831 -0.025927015737779335 -0.12388432709469921 -0.11397835705904424 0.27389831186219027 -0.25884251527788243 -0.16522120460023315 0.28241873604821244 -0.08783314603226737 -0.3589576403537071 0.23563626965532003 0.23928543902018617 -0.021462653118738545 0.2589320218326411 -0.14555761134833914 -0.0679784210803222 
-0.13340852373705658 -0.3014871092691802 0.5056154969848259 0.6245122462153767 -0.6835819644329941 -0.18882701364564214 0.009129760614608573 -0.09404864138192592 0.646973453687916 -0.15352167286452123 -0.43437442596068987 -0.14003023339635473 0.3230171149526093 0.04258237062227129 -0.26457187570540813 -0.08915366587417262 -0.08878031983038277 -0.030147615403744037 0.18139981455378282 0.2663901749274717 0.22467408590300372 0.1249485133083889 0.0828651251139938 -0.2032514645466649 
-0.6978641333665525 0.6323801575153176 0.40061560716337663 -0.7965643917434002 0.2944120344498158 0.7563181460446928 -0.2966519525663083 -0.4798653806278903 -0.5303964960907851 -0.2041348457964054 0.1771483518710768 0.37726978656364885 0.36352970279190994 -0.3534023409701166 0.37296297012961693 -0.3608761046268998 -0.118984357716031 -0.023334363488319614 -0.21165472682233658 0.4237164638606225 0.29492150582680826 0.09025204874356046 -0.2148711141348069 -0.06546049647694403 
-0.9801108498992894 -0.6812717918360685 1.5169647190849993 1.1357998600992985 -0.5440283983124181 -0.5094921088482827 -0.1841434024716575 -0.32681306912983893 -0.4927763071588252 0.08027164164022549 -0.5531895935872646 0.107317764719147 0.7047302832317969 0.014486847441374332 -0.044040642465117553 -0.06155607238412508 -0.5066220573555446 -0.015861724168538555 0.17048746277760576 -0.27679768605473926 0.0574174372454353 -0.213528819031905 -0.23032207342835276 0.0070571796843087635 
-1.0402870607121502 0.7364851317920103 -0.39914625244013013 0.5785234785389433 -0.07023223001825851 0.3099860298219925 0.5619332131673912 -0.9994382419150525 0.07233101182372903 -0.4135798192208341 0.5801365991230089 -0.041270866685963026 0.359695264902464 0.4333588665590818 0.4806907772700077 0.01952391038926356 -0.1580089925820246 0.06326648624340576 -0.40518640343268403 -0.6388671662397004 -0.562902329082195 -0.213061414732297 -0.10766135168699464 0.0412078260379532 
-2.0763879097596485 -0.3970001387316495 1.037618354181932 0.12163652822658022 1.0186063398676766 0.08192421697132368 -0.9316252105850584 0.996130847425873 0.17335738799435307 0.5917872709434081 0.05509767069840241 0.048068554175524913 0.5157476996638177 0.4290257812773743 0.5302294839166113 0.29948149710950916 -0.5924560762317546 -0.1816176816310989 0.021865710191968535 -0.3399210981025968 -0.20389435195605968 -0.019841127957292537 -0.10478188862237418 -0.04918633443258563 
-1.2288113981437652 -0.8098322687141373 -0.8017835421951127 -0.34805445697483184 -0.012878356894157728 0.27081052440467235 1.2926481617884442 0.7752641598133552 0.8252436435792105 0.1792915837488943 0.19598877478922727 0.2832709137216003 -0.022611128759636962 0.6263637346304202 0.39687044117517334 -0.0588468701039524 1.7741458897683562E-4 0.1899838680521492 0.11270041211491544 0.2251375428296857 0.35154513917157626 0.05011391718811945 0.12067856743792066 -0.09301649541204388 
-2.433091780174935 -1.1951904354151175 0.12759491221265673 0.7006443365276585 1.204662893820795 0.05494868875367409 -0.6150980073580896 -0.19440097568625248 -0.2575495671683869 -0.1566406759727611 -0.046770015553251304 0.09260587781312224 -0.5584800146213139 -0.14290179042330986 0.41210199424284816 0.07874446243961958 0.3732783364741395 0.3666838549502481 -0.15257136326265006 0.49979433611952295 0.13324396173636185 0.14290751584716105 0.16602751283216746 0.15063292869456105 
-0.7941017392255958 -0.7435109237575164 -1.1347458549810125 0.4655601847002614 -0.16379275076174826 -0.24647781022563037 0.06556837520916048 -1.0795849588480468 -0.7668509281096296 -0.18970759732710785 0.26903473993507376 0.21550995773136994 -0.4865773861897222 0.05577076502131462 -0.23683495644657646 0.4514221451351275 0.026409595845955185 0.3425675425275243 0.20208524372539968 0.19928721436525754 0.0696908696076816 0.13100253362737738 0.11898328325012998 0.24539493550652627 
-0.6183026953547914 -0.0014554399400303897 -0.03220647215366279 -0.5214041799298251 -0.02577147262094681 -0.7594831805642691 0.13962877249253358 0.42417239839800525 0.5696727886296876 0.34756431393992604 -0.4795078503710232 -0.3699497539130431 -0.7532332277985104 -0.40857758108323744 -0.006717132136623061 0.7234886498916158 0.49165314774538893 0.082851075588746 -0.2162775134471051 -0.40749453842396316 -0.42902495239132826 0.0023629947059935117 -0.05026900530984263 0.24326587957710352 
-0.6764737819846705 -1.5740120615156248 -0.01137798067222362 -1.0912966341514725 0.5231100387888477 -0.349676168518929 0.3090290406869336 -0.13188417032454636 0.20255985685712852 -0.4658185120895814 0.05540784244772327 -0.22163607693489593 -0.11512569271616258 -0.4781025426763266 -0.31210017372199156 -0.07455007451629907 -0.24898957229749422 -0.4745253988077629 -0.049609700018576786 -0.49026738917759455 -0.23809061479393914 -0.027177225463667753 -0.09507429105202692 -0.03259908137076636 
-0.23220607539986649 0.445792876713649 -0.41393762853186855 -0.6913932037213222 -0.6137479441906697 -0.1420053588659146 -0.08799579975566085 0.5542322453238868 0.5448198975222187 -0.02567420270950488 0.21085044911995182 -0.41861874358505535 0.09557468080398938 -0.22330320514973026 0.14755713728023 -0.4979518150174724 -0.02421890107879036 -0.38488998479978154 0.19706139467073924 0.12160803818602539 0.2878316007615926 0.03095841149631175 -0.15184640395650045 -0.16170691010536173 
-0.6417729710545705 0.4671725459446239 -0.007579755625934936 0.774204920144907 0.8771642019155959 0.8683594753484809 0.32820976138898805 0.32618728522179585 -0.04015263817407777 0.07844333738861087 0.209078463345667 0.33764169667967514 0.09102504941917038 -0.2959470935773699 0.06217211188186809 -0.5805417494758206 0.024658858265838673 -0.11822951098462071 0.26641255217647397 0.17480777058462524 0.29188295323722663 -0.11281916814578252 0.08482066530280553 -0.10670778800119585 
-0.9223771432318095 -0.3521381282209639 -0.47677699651749716 0.03970048797440229 -0.1301418509479498 -0.21383104809862952 -0.4611457718707114 -0.16968744393324203 -0.17246576613948694 -0.017441845288105357 -0.10080394895049372 -0.16446791040424347 0.08700388629730667 0.41272050002366495 -0.004772110384666406 -0.1285658233958271 -0.07420545871451767 0.12427607821576969 0.1578199216115009 0.36030166093041877 0.29300288222819776 0.05251451877484559 0.12109677099594345 -0.07517747039654823 
-0.60446339632621 -0.28720527831620857 -0.16647463232501358 0.2847817684281269 0.2073304173699717 0.0409252090512906 -0.30363362978496305 -0.29434763744985765 -0.3144461710236986 -0.13147718636293357 -0.043226954425470546 -0.028588129521714335 -0.17544309848288986 0.2646292631754334 0.05090093029710113 0.3098157774316952 0.32499615867506065 0.33707987021623403 0.1649562943863519 0.19684942676082118 0.056343151338184815 0.06499505492845052 0.06487568622190586 0.08558540148268447 
-0.5118725216559668 -0.41517971122692965 -0.32017385902833 -0.06098415767545087 -0.056214675774304605 -0.10111646036462849 -0.24553386900318797 -0.21640527613154276 -0.19704198273756418 -0.07825749715826942 -0.026287154982309734 -0.009971419294715903 -0.41150321191388467 -0.21665753905408902 -0.2415051182586049 -0.02358967673444959 -0.07940382091376977 -0.11227948761487706 -0.2119875721160223 -0.09812096824200185 -0.09199792205347102 -0.030682538774844142 -0.05880883801156852 -0.08044923285915337 
-0.32069598639382235 -0.29519445207869355 -0.23858411526182188 -0.10490008932525191 -0.13478786169640866 -0.1992374291672217 -0.27446507320382935 -0.24100207896151732 -0.1968939838895936 -0.08613400146165867 -0.02280699230414257 0.0036372466768579415 -0.2736640700059955 -0.1726354188401679 -0.12571210946664743 0.043966420617387446 0.019136791655205626 -0.03477282542517937 -0.1575885574709299 -0.1494521615982274 -0.15130084662331902 -0.07661287182739517 -0.03738960257608632 -0.023937132273445738 
