0.0 0.0 0.0 0.0 0.0 0.0 0.0 0.0 0.0 0.0 0.0 0.0 0.0 0.0 0.0 0.0 0.0 0.0 0.0 0.0 0.0 0.0 0.0 0.0 
0.0 0.0 0.0 0.0 0.0 0.0 0.0 0.0 0.0 0.0 0.0 0.0 -0.012119100757528164 -0.015652158960600182 -0.015283871686250006 -0.018901815272102385 -0.021548529620485795 -0.019629545829113304 -0.01709061415630055 -0.016557226817186705 -0.014254240590701924 -0.008504317478347559 -0.0020316027984192964 0.0017223031727446048 
0.0 0.0 0.0 0.0 0.0 0.0 0.0 0.0 0.0 0.0 0.0 0.0 0.017912579672366036 0.02293904261939625 0.022840304858417166 0.028488590169171796 0.031481798013988344 0.025729239715304154 0.019350885262130663 0.018518318456376765 0.015020768312289648 0.004750718883698532 -0.00571967503463323 -0.009342373802137921 
0.03635730227258449 0.046956476881800546 0.04585161505875002 0.056705445816307154 0.06464558886145738 0.05888863748733991 0.05127184246890165 0.04967168045156012 0.04276272177210577 0.025512952435042674 0.006094808395257889 -0.005166909518233814 0.06112418624953383 0.07949659747444547 0.07074777887891529 0.07156291083184718 0.0693909102650463 0.05694761779983304 0.043619832625511966 0.035442558758361935 0.02759538729987812 0.014260726437988652 0.0018708563280765932 -0.0023137298103948767 
-0.07191639015339035 -0.09229536629908902 -0.09144672210462651 -0.11381849341566896 -0.12676818847269372 -0.10663203788958242 -0.08368857702084281 -0.08039079559491036 -0.06644366582292183 -0.027008632868616933 0.014111620906270744 0.030610576165530673 -0.09481988075283354 -0.12976479520179754 -0.12246458115207788 -0.11407763337037442 -0.09730290215941229 -0.07168097232844374 -0.04661086768185475 -0.02785763352848405 -0.012596194603088398 0.005732207604172225 0.021271855748118393 0.02404039914894465 
-0.1474143636719063 -0.19234210927379192 -0.1665199755844326 -0.15777948578770706 -0.14478863655879204 -0.1175268344547079 -0.08901520936611448 -0.06613227847763062 -0.04956432898817345 -0.029277862879657487 -0.012668379437365151 -0.008364098651580706 1.2353867443449538 1.161443983815466 0.07645458255999114 -0.5642634247573143 -0.43055883650679444 -0.05931580438939024 0.03926737899693905 -0.11220177486489012 -0.1457979116350323 -0.02414582078040721 0.0630907774748561 0.0031835476856446935 
0.376345475230746 0.5089436786831889 0.473579538777825 0.44947536591313036 0.39662581918836154 0.3032506529563551 0.20997612896307233 0.14147488005004752 0.08395210918940481 0.010198784844833407 -0.05443397332804366 -0.07052260288016049 -0.8649691642303262 -0.8286726157905289 -0.02401311539740683 0.4649449282992933 0.3495420542467786 0.04896486901173972 -0.023325057550267262 0.11172688467803542 0.12265837633427822 -0.0061917261400242065 -0.07053926634060893 0.020984704046922976 
-3.893933863454345 -3.7379949970557367 -0.4660252630624492 1.4678487904238504 1.0946250945513132 0.03189470523254187 -0.21336264751387307 0.27534416722375155 0.4049585691710394 0.07934670591953913 -0.1489047269121532 0.03584903694767769 -0.4627181165931578 -0.4513625462488702 0.07773179393698748 0.3020493460266356 0.21497773068674741 0.05071214529783776 -0.030184756530111045 0.010367317234120002 0.046987270389730586 -0.032625076320694495 -0.07059488452509184 -0.03941182329235988 
4.396250852428808 4.16654892496347 0.13034526782660227 -2.3214674164193276 -1.795101216768082 -0.3282374147684265 0.04846031470383827 -0.5863096724797077 -0.6616802439053628 -0.06274573884814262 0.29384759366549157 -0.05445010377486746 -0.8078902241695026 -0.7701648924009575 0.053081037541819254 0.8614035677525544 0.7257688470269388 0.2668891042353099 -0.013921029999383458 0.006404608085627345 0.08591934588179577 0.10163034856467652 0.022144975708105363 -0.04345765814958815 
-0.7692127024914637 -0.6670570936673217 -0.22809822191978368 0.3215438672986153 0.3061416893591875 0.04608076351416962 0.08229696735383568 0.26665804608488697 0.18229003639001862 0.105069627928914 0.024975490641142767 0.10183512167285241 -1.2804190290541306 -1.4201587056978873 0.01313244071846694 0.47538494526466596 0.061256543594746526 -0.22147563584854987 -0.01635867061076013 -0.020885264256377562 0.1825725630974544 0.011003308769987412 -0.0628386822009968 -0.015740866724813923 
1.2376555672578131 1.2839694041918541 0.19537290558103448 -1.561582875781915 -1.386439019296392 -0.5045096888903885 0.10390941152736832 0.12660411636259777 -0.06247166206547211 -0.30755372185388363 -0.20780900922900775 0.026857329206016578 0.36556714156866327 0.6958100743184281 -0.14129053955531237 -1.0829300240031094 -0.8093438145836788 -0.3592090667205283 -0.02978593243980122 0.017669926322903724 -0.2081788892496863 -0.12278953700103601 0.19243242637707206 0.04735433931703307 
1.5266208662935443 1.9637708804237324 -0.537936404095066 -0.3382483156888537 0.7065243650312286 0.7844577498391725 -0.1920111840933577 -0.018456934428268457 -0.4423634110412692 0.1687407711124474 0.29043962113808686 0.042417920631677444 -0.6509507321220832 -0.501208474221564 -0.6319600660667382 -0.5096913673048187 -0.2699339439567853 -0.05644938705169992 -0.059631696088599584 0.09515956135685459 -0.008420249834685395 0.10258991173448524 -0.01012831008982674 0.020536122262404168 
2.1516326433303137 0.7637047149626586 0.7091359775801807 1.2572187470837353 0.43273888914693365 0.380201292230657 0.2749721877468386 -0.496761961191841 0.27518314755934 0.2737873005631988 -0.41618175071419666 -0.16680452120537917 0.40029091754021895 0.44875954138390267 -0.6578081234057674 -0.7173015776770768 -0.23374885592457698 -0.04175700827411558 -0.2108791094407412 0.16312799427712676 -0.09404629609012218 0.05332443700042796 -0.15588138769474 -0.06077417660131846 
0.7266509558385357 1.0967006736119682 1.4109004402808578 0.4412171577802461 0.20635456700788063 -0.22692656589125337 0.17566066750989928 0.2928624007915426 0.038723381081668756 -0.49337061848308295 0.15954679165321745 0.13705768009133779 0.5029745250391366 0.6303394411331892 -0.2246009807177148 -0.08022083892729637 0.36366620990687504 0.27432570797468164 -0.08048149222657452 0.12565745563208242 -0.1936097683866208 0.07184590892746599 0.025052183456099608 0.06307399631676879 
0.4367677698646606 0.37122588344602825 1.1943788536103748 0.20058912051476563 -0.4351075525109871 0.1264534937971712 0.5527108140479634 -0.518439534078688 -0.020876169856574534 -0.1364713380574023 0.32528156859764695 0.16185997928014179 0.2422548238676705 0.32270270896400205 0.5595085486881923 0.38847524533101674 0.16125292226901938 0.08849580665927285 0.18310502988549926 -0.12462698954892855 0.09913900812841235 0.08937245806505255 -0.2529203054835128 -0.0036747385420426624 
0.8751297279089609 0.2689919727824801 -0.1067548999570187 0.4307290143775202 0.04944895613956393 0.08835452513187059 -0.08943602056419653 -0.3845905148810922 0.28649555282655054 0.15833236364034997 -0.15544858888613378 -0.3111363185613894 -0.6462785010099431 0.20862187847339175 0.9074670121651841 0.18203274824804447 -0.42064133614941507 0.153324690536369 0.42997692187084935 0.04982114472476051 -0.17887402196710359 -0.14620239756206305 0.06803063796832685 0.12232756429232944 
1.3506287856920896 0.20945093848539642 -0.21056199836545808 0.09703708279204792 0.027432927774033833 -0.04292667325872351 -0.1417945578726113 0.21584546529126203 -0.14611996269833794 -0.3201815646936753 0.5000768560060174 0.06831669374711241 -0.16181586883664245 -0.6784516522733961 0.17528325472916326 -0.009550726558746558 -0.08065863312741943 -0.05161301528200581 0.46550264031175326 -0.01561343327138498 -0.10066862350691798 -0.09388898413317676 0.23421033913507028 -0.022184211322212488 
2.2085559509546506 0.5517225106721089 -0.6090301702267782 -0.05310506810252846 1.2370083353136154 -0.602210553972413 -0.7670174121423614 -0.223743533067714 0.6379673434038613 0.0370916875212427 -0.13194276595594834 -0.18315337001913584 0.9884800520622113 0.24632851983979798 -0.2933711795939607 -0.2694280454888929 -0.18005828443392188 0.11625607265589404 0.08255638859229313 -0.21301922119021954 0.26113870900165465 -0.01485019069074528 0.012293950869143921 0.03446655257943978 
0.2555022648517431 2.265215571321402 0.9196667245577648 0.47115834143102964 -0.7869113427157546 0.6265750791953304 -0.5050064110982141 -0.5520227251712222 0.10539380537552401 0.2058159524016816 -0.38910236027265654 0.16442113897565247 0.5026116162577098 1.5561560183331204 0.18536460124200768 -0.10225808013660909 0.21662790575642407 -0.07398284668295398 -0.22499366866330647 -0.2747536633902403 0.03545853646575573 -0.12866615893514147 0.34662677575314826 0.05469463367977682 
-1.5427471678574998 -1.4978759031549167 0.20824427736325202 1.0519525215247079 0.9967959446862238 -0.5951645690628384 -0.1554992597282745 0.6384012439208085 -0.6226774582153443 -0.06011582283509265 0.2522591666457714 -0.46258819891397873 1.6486510513428627 1.551099341463223 0.39484222215402515 0.45229683250040525 0.4469689808702367 -0.04686687770239064 -0.4156590745292296 -0.37834325759469034 0.032801222109779614 0.013061246051743114 -0.02000586064057454 -0.15868223094542563 
1.7184454963250353 -3.4342179096004526 -1.1752930258864962 -0.14871747161174298 -0.5023445941815425 0.17549887433535116 0.2274273719102647 0.6090340669677216 0.37782682871399764 0.11442066728991676 -0.7319044375542874 0.0439502071552034 1.1689562975981487 1.252896372472054 0.7249664096164935 0.5011976106327602 0.006741291807873491 0.06986555279894653 -0.5149301997443784 -0.05176069981826167 0.11883947530473941 0.017501957556577723 -0.18724478879428505 -0.14727199006926597 
-3.468868818810584 -1.2518587732566329 -0.7460769614667231 -1.1000576590823579 -0.24618198156420074 -0.23607181843525143 0.11374291994108798 0.3307578436468852 0.40334716540528553 0.04360559192189578 0.09947585460659067 0.3531287887273656 0.09607804607018695 -0.5402386162383946 0.07233469234610863 0.37670526022495077 0.24789818833171387 -0.11868573528038145 -0.23999796799126819 0.13074693404989174 -0.016310564643290466 -0.07516262591209676 -0.17650685959264703 -0.21022012047549987 
-2.288305802466161 -1.6164821110439023 -0.7780718848767283 0.043570599836281865 -0.18564625501416276 0.2374320454846973 0.9051630983002397 -0.24291892557947553 -0.7641369323490091 0.10144937235345423 0.24902366212978894 0.1983786153627783 -0.17169138086693078 -0.849005187079487 -0.844251619545989 -0.4184352776386066 -0.17327283008480707 -0.06097562124798872 -0.0030745862033539537 0.11544088843286297 0.2372917211276974 -0.05834070054363574 -0.32488358413821555 0.0696958336148331 
0.17239434332753745 -0.7860279537180082 -0.20737037017995785 -0.17430729487415686 0.09475221010739227 -0.27007394879636715 0.22562678105054257 0.6721369380447318 -0.0027638837539694094 0.17185770236942888 0.29131569558167436 0.09085795840873345 -1.6040590192768918 -0.5306460963334328 -0.4186696385884046 -0.729899163258073 -0.19000467234682392 0.19281553757246184 0.45877246696913815 0.16453284548651728 0.22973196071338284 0.22461476457797938 0.20905148934819243 0.1002344249829702 
0.41288805785676685 -1.1201177581313035 1.0881085371080883 0.6437131791999762 -0.15299319976291792 0.3754268032598752 0.18070919996559925 0.09202185447020936 -0.13099281008946706 0.2253167136970574 0.14682639437281741 -0.03400187852997982 -0.3371489623726469 -0.8440656037363893 -0.45360826365557655 -0.034239137656830065 -0.032422254315798676 0.1122572763461435 0.6579385904751592 0.2143027978073536 -0.15813362069296003 0.2223958850482517 0.16302116747114073 0.15313766109029636 
-0.0072886911413718725 0.09189733928736632 -0.4231582566939176 0.7895685410100142 0.30750550785064856 -0.883515810040226 -0.9003475317990062 -0.33031108283750915 -0.602420777864634 -0.692172372483844 -0.4765799795595009 0.16861576072483409 0.7262295954032224 -1.122209893033671 -0.2270259195999417 0.0065641387825988344 -0.16703201868951298 -0.15280784355635715 0.19816099043947502 0.41986843588538275 0.00323318283860304 0.12466920915366493 0.13224233960147722 0.07370259838552987 
-1.1870173981137655 0.4767520536625782 0.6906468493469813 -0.33564990513531345 -0.19475614093839488 0.20738114706819616 -0.5056655167004638 -0.3846033085604158 0.01009237678520325 -0.1337232453646645 0.1439079972869543 -0.2999132690661611 2.086008097718706 -0.723019896678409 0.3891446933924818 0.09763873957045373 -0.7844066291617366 -0.4307882539659465 -0.2871147341933147 -0.03269098237790443 -0.22475561409923062 -0.14201642630244724 -0.12654544093639997 0.08380616469786273 
-1.2063417148968636 1.7821668194860636 0.6724382325004208 0.29568183094569145 0.6167297367636697 0.2723724099685438 -0.025668831934851033 -0.3491557880961037 -0.08300602570711368 -0.022629945560704967 -0.1039521246798257 0.0027058585202345067 -0.8893530677950899 0.02619815132787588 -0.028025427716211526 0.6766195607748472 0.6652758384706328 0.07590816216676095 -0.34165888484348766 -0.06421296990528869 -0.3329450494865791 -0.3111391720263734 -0.016165084485404713 -0.1285124258446044 
-5.245609723421606 0.20380719180457474 -0.6271237876665263 0.5977403155207763 2.0456145732657816 1.0898474551533297 0.6047140526134658 0.19951715423321992 0.2835666561294646 0.3165947791428295 0.34014878974217977 -0.20246542152126823 0.6335992289147052 1.9366294412815293 0.7104763122797259 0.7892989831239445 1.20472358253471 0.44324646024509856 -0.26510951005575345 -0.2346692199338182 0.0013996211813792532 -0.21167375043032932 0.23020694739802292 -0.10608178341905028 
4.690066674897818 0.14977531623274043 0.3198033449614708 -1.7069852516425723 -2.808507364663338 -1.5524734505830757 -0.4305606619255079 -0.42973240451846095 0.2596772309229727 0.016086131341529253 -0.5262051223308994 0.5054291144862009 -2.0827228102000004 0.7561999242051879 0.044784928979744766 -0.026464666571269963 0.6576693924756944 0.05192101150938979 0.09859256556768192 -0.3046395245466527 -0.00843202678073142 0.009321485423702184 -0.001595674480097777 0.03843671402650601 
-6.036019279755222 -4.516940518555348 -1.2644646437227212 -1.7022133132130155 -2.0963083378290217 -0.2099353033912899 0.49210892846212495 0.3596926594522174 -0.1654481150739777 0.4819399674752064 -0.33558634608157745 -0.23302954679199345 -3.4925414188573405 -1.3518441972548498 -0.2941881669029592 -0.4355203752768339 -0.16048772058108826 -0.017386294173650896 0.4309182986182723 -0.1831198684340635 0.04443958326750672 0.33840298237709304 -0.03132429674702586 0.09817880874065611 
5.437031493869945 1.8739409020504612 0.8567538735892839 1.5250526450263973 0.714683014883988 0.7665007547126842 -0.2651439665622264 0.48467503293435577 0.1667974402368017 -0.13326699599799996 0.23870246667234624 -0.09732222092392093 -1.2156845546681785 -1.9880374733926012 -0.09078461602908809 -0.7878675056583377 -1.5731401869881319 -0.43216814519068053 0.010206686852148613 -0.04017866686259323 0.03242804186019016 0.26335803626041093 -0.27312203719162453 0.12881450315795837 
4.858532123664352 3.3972569906602654 -0.013034551271555284 0.28828249301679326 0.7654825452353834 -0.017480764973597518 -0.770749190922992 0.2916730408090021 0.19668780167002986 -0.6239376043186851 0.05166788548163448 -0.19562618003817567 -2.222221784097154 -1.7731294548727885 -0.21408721422808777 -0.08914034841263956 -0.7474931617989088 0.20518915898734322 0.21674324180764856 0.2281671185977869 -0.04758106553988062 0.27814800890823943 -0.10937298607141417 -0.18937163483686237 
2.8898446371925672 2.1567889818027375 -0.033557853176847896 -0.3386306377824633 0.4800177547688551 -0.35219628421988036 0.17024833721060473 -0.2751865946090736 -0.01867485302960159 -0.22104919154275793 0.0995338734623682 0.10028392163541686 1.8710364793929495 1.0635193153509312 0.21356201292312357 0.678606584819537 0.4057976532811569 0.2706032231247024 -0.03704131260360629 0.17157245980710312 0.025600284049393324 -0.10577326424692686 0.0627889879290347 -0.055225579205792276 
1.9042395008749295 0.6610238061868792 -0.17704713765539193 -0.5029506265706666 0.263503777625271 -0.2661542608870373 -0.37581694884723627 0.05512211743057138 0.07003122817886581 -0.3086129614771329 0.0621169087376541 0.23628228643892474 1.767919414755556 1.4386253052976994 -0.2107519539380235 0.06239240410841046 0.4979991253466289 -0.04108737606509216 -0.1645194043644176 0.10099082048662594 -0.004704079540397033 -0.39371874661878437 0.03781447490055428 0.09211277754276587 
1.3010683670858079 0.05149954823436076 0.29807412801183153 -0.1151505496384837 -0.25172056115442665 0.07902783329529683 -0.3514861497892854 0.08823311520226174 0.15332487483420376 0.02639047532200456 0.045110991257232336 -0.1475997165450943 0.9453774402685742 0.9505187025210571 -0.05370596834848396 -0.19582612178438544 0.3454228554005325 -0.15141295094663174 0.06856109681916671 -0.10135810701023011 -0.02465699373442941 -0.15661560639984143 -0.012395859561784073 0.1228801086361448 
0.3491620144510641 0.1340257915513554 0.45340531994817557 -0.010634763380427903 -0.3626456728428624 -0.10983069553590963 -0.01632373432979417 -0.1930092755565434 0.12480017635931828 0.4334988021052868 -0.03456409811746042 -0.3480226935762177 0.31037605330300205 0.5447907407897737 0.15445537392395559 -0.23665878048051692 0.1460798218035334 -0.16195603784332818 -0.03455399928240318 -0.06457079383247555 0.04020485952266136 -0.11078636798122254 -0.008712201304788827 -0.05175110224601028 
0.8312510595987774 -0.4312681184426719 -0.18766617693317977 0.0026897959755737277 -0.2431760861986758 0.023880785944450977 -0.21518156050561643 0.1529534229151741 0.027911654083460413 -0.12225825413444347 0.18506195557527766 0.02379608573455365 0.42767046072853826 -0.017430631129149294 0.4473227796691425 -0.18346740337825462 0.008285632000989937 -0.09729574265650176 -0.09517564789403472 -0.04104581659093343 0.10272623540793341 0.031822891125659614 -0.00713050589064244 -0.20848881498163008 
1.2080199947094385 -0.7319645828439256 -0.39754310695475303 0.1481055420638554 -0.17900792526320464 0.24728737631837017 -0.3403072456418612 0.21647434507154184 0.01212325998625341 0.09807050719475874 0.01827803049299792 0.3058376920371316 0.015343116821279423 -0.06750772534637021 0.3855707672802966 -0.1383818571918759 -0.016837377284441752 -0.0780847778578485 -0.016091025936951626 -0.09162265209626937 0.06659646187836998 0.12651369702073076 -0.04107524622306886 -0.08111618789084421 
-0.4113720052289942 0.5367866288194492 -0.6184199975441318 0.3558815077741385 -0.36839633094722535 0.1923560253376622 0.09603254954885232 0.00662875466101942 -0.09851537320306403 0.09863594940028975 0.040081444623930484 0.1509365355931213 -0.15092761112032882 -0.2928891921783337 -0.282125401425986 0.06608712531419612 -0.08630397400957879 0.09052694511153798 -0.07284636187398304 0.15082366434570374 -0.01488157558019182 0.15340298648776465 -0.03142479640815893 0.1170625813219567 
0.9244441964011116 -0.14747840604059448 -0.48793007158723833 0.2279149522959174 -0.2495234186152624 0.040186018341030236 -0.12365771154617367 0.15502101485934205 -0.011775695632529448 -0.05648939072427206 0.16115189602741975 -0.16824435483296887 1.035558204414942 -0.6815109184950486 -0.6031251026597683 0.21198357547223087 -0.371436210372893 0.036978902504156586 -0.13933356262102312 0.4806747104797852 -0.09544113451140573 0.020441089575390852 0.026285112769880648 0.1725602071031315 
1.4258217921139273 0.1551563696906637 0.7039035096610209 -0.23547628508304563 0.05099358250608943 -0.144149370401493 -0.10496724193151108 -0.26879090501583724 0.0845058586334273 -0.5051872646382221 0.20789941203254353 -0.0903506347962662 1.5608743615802698 -0.08532318182186789 -0.21808401777301537 0.12584943475853325 -0.5572205013321913 0.015599835064756956 -0.2064820531038921 -0.06144910429446796 -0.293134969893273 -0.13605385120512561 0.11581819427748803 0.07183187851329052 
-2.8172515172068486 1.503383302205613 0.7506704474219754 -0.19216628792424517 0.7256057491288168 0.304603366675478 0.1781933379613898 -1.0878399565293855 0.20693604760222495 0.3386588454878421 -0.14448629152095055 -0.09119934407756908 1.7688465908995379 0.07584419283862982 -0.23057672036536503 0.27209977024388105 -0.05236338445407679 -0.10056904650220684 -0.21507398307981598 -0.20808163697347323 0.23128687900327596 0.057200006702061414 0.15599610960238808 -0.17280814011375498 
-3.2231472331658235 -0.032674679838050835 -0.5834682037296925 0.1883738236086201 0.8157005891773087 0.01334784597616745 0.5645531841067468 0.8124065532387871 0.6715336648593777 0.30922338490960954 -0.15455404443434845 -0.10308160532445015 0.9073382595339851 0.6945844847549255 0.21365301787191213 -0.5059482198959179 0.013161498668395277 -0.19207143851338013 -0.2752880083868597 -0.16470836980231437 0.4547156346149459 0.018537375863611445 0.19650582319962373 -0.21144026619945588 
-2.0576110636576264 -0.2810954597921267 0.8474859462042135 -0.8003094127815586 -0.47478676858864166 0.26314454965882056 0.18680402467414536 0.23866719665244962 -0.9991502357553326 -0.6352947356043721 -0.1256097045462985 0.35654555077238803 -0.6881460448770368 1.0304469188937733 -0.03279737873898051 -0.43594362509348433 0.4729586717894776 0.29214161648478676 0.18789172265286777 -0.020738737698297555 0.4708304938982411 0.09159421112397503 -0.01057718649532551 0.07019956429659248 
-1.6760132132626389 -1.0363577035752431 0.01453670665416551 1.5864399370333646 0.6117053453596328 0.452794353646976 0.7165914398726903 -0.43791937219981164 -0.6765979035326316 -0.0738226016829493 -0.39105635105365366 0.3200977163771229 -1.3170629920015582 0.46425818808471425 0.02040958659378019 0.026220543825714704 0.21799907790242065 0.04703073948638604 0.22626373217925078 0.170823879612055 0.08994132945741172 -0.1303579988609415 -0.10841125699707876 0.11402816673071768 
-1.5263803925273307 -1.086115942607111 0.5500601284469879 0.4166315306438355 -0.591272644330778 -0.7915447366142866 -0.4615009578801852 -0.4004607807151935 -0.5314896498964936 0.2553992054121964 0.005496421274678587 -0.5133876978181331 -0.7012446288625864 0.2816554258758259 0.4432807366771491 0.234654361514716 0.0018642943118553819 -0.1252846677301272 -0.06655481114753244 -0.26474062535476484 -0.8937156164092137 -0.5009858258319849 -0.40851103268703187 -0.010147438079496715 
0.46242640727370343 -1.0229390026847014 -0.49598405463242035 -0.4987582795812211 0.21994629334111493 0.3996002706535629 0.20991447884615977 0.6194989030864436 0.16787938355772308 0.2549504109841498 0.10512666364639933 -0.010199481221342621 -0.6235598765181356 -0.09228039702660995 0.3966596585582458 0.5783363725451313 0.03758965848545572 0.29480140383483194 -0.08778731346032558 -0.3193022322805896 -0.4890006245314713 0.011555195652321734 -0.2839520644160503 -0.09698627000564304 
-1.0230969873380382 -1.1327710878648753 -0.22709588318394092 -0.4616733890184139 -0.28450012551494885 0.6655955943459088 0.6398069386300079 0.5041799350736165 1.2597579699271313 0.703276235558033 0.8518318861647707 0.552136463810111 -0.3045028097305032 -0.4219473964087508 0.25445808871174164 0.25548480640177057 -0.17454334135049507 0.015622155999651555 -0.02490287986590885 0.06059203878992649 0.14549802322307084 0.4077960774721327 0.10763805504968206 -0.05870740233907442 
-0.05697528630287829 -0.7361889398665311 -0.7868642632051075 0.29058327922909566 0.3455501104953511 -1.1601800233376174 0.42929943199857035 0.06766696674755238 -0.10521983985003025 -0.3324267037128328 0.03763210974945119 0.07829444557993007 0.09065007438003231 -0.7563818298764936 -0.5694170653111476 -0.1770677128189155 0.4586261501726257 0.36119570777417415 0.43365080216491037 0.6469744607454855 0.4560448601076537 0.17721833982811222 0.372152060061192 0.27896291963594366 
-0.3531711165475303 0.03635121521005624 -0.06787403340189346 -0.7444936679666345 -0.1304445288564109 -0.05852105761765114 -0.4964847948586639 -0.3063209289155273 -0.8314341078618295 -0.6743004696557104 -0.28367046692589354 -0.38151245420154617 -0.04574125748338498 -0.4420671710181782 -0.3564546273822869 0.07410505376280023 0.2243931548917567 0.23600934521110373 0.6088486714601177 0.39174312359805286 0.2724900985511518 0.05531904877087327 0.39551562571073245 0.25771805474533255 
