0.0 0.0 0.0 0.0 0.0 0.0 0.0 0.0 0.0 0.0 0.0 0.0 0.0 0.0 0.0 0.0 0.0 0.0 0.0 0.0 0.0 0.0 0.0 0.0 
0.0 0.0 0.0 0.0 0.0 0.0 0.0 0.0 0.0 0.0 0.0 0.0 -0.0986985437658537 -0.1349853194515405 -0.11948550562941274 -0.09791098738907217 -0.0731278465183754 -0.04696787508588026 -0.024895720844492004 -0.003158286315147659 0.013442648178577024 0.019010697972548857 0.01977321682884242 0.01984958216296707 
0.0 0.0 0.0 0.0 0.0 0.0 0.0 0.0 0.0 0.0 0.0 0.0 0.059484328582464364 0.08002724826021507 0.06817156363837856 0.05650697111534398 0.04278498393825498 0.025133407508932597 0.013499197192422105 0.00150632060915451 -0.010455516670394257 -0.013652231438749385 -0.013110382168333054 -0.0142655874783083 
0.2960956312975611 0.4049559583546215 0.3584565168882382 0.2937329621672165 0.21938353955512618 0.14090362525764077 0.07468716253347601 0.009474858945442977 -0.040327944535731075 -0.057032093917646576 -0.059319650486527264 -0.05954874648890121 0.07290010622913841 0.10107375413511761 0.08972075486104854 0.07319712982944174 0.056637750725877366 0.036768989116412375 0.01558963828852202 -0.004468936488457337 -0.017414008320226233 -0.021787056446204447 -0.02403751363962382 -0.022159574658122825 
-0.32650080139617366 -0.44255972395795595 -0.3837429493592548 -0.3163873944296402 -0.23804672159232804 -0.14585203515561818 -0.07784117284400432 -0.009256391300185018 0.05153052227904831 0.06947274127507144 0.0689909717482628 0.07257113567937551 0.18152692560698647 0.18406167163651152 0.1904070381052314 0.14963551784747653 0.09788187557471166 0.09379132002680561 0.050990773213888584 0.03013852706151096 0.004917932702306375 -0.00778658120330616 -0.01418753985478297 -0.014385301538519538 
-0.05544991798932841 -0.08194140042637488 -0.07729078990351823 -0.06139769227350511 -0.05088989138146807 -0.03738094977142803 -0.007848328443563896 0.01803500511546452 0.026476763821154548 0.03062479870107762 0.037617055044740055 0.030193156134680724 0.6925170988091273 0.10913071912235134 0.4210563491610044 0.13145618347770846 -0.06909303969774681 0.13804531836799952 0.041405305368389204 0.08046929111482821 0.012775460987826745 -0.027908399511104173 -0.1343146382080455 -0.0669734432174685 
-0.36880800217751464 -0.30873633551903634 -0.35334746091981606 -0.2713412263220688 -0.15850891125583783 -0.19223167256588242 -0.11170457415314579 -0.09469565426954366 -0.048156152285361936 -0.02046870269944362 -0.005905733201284749 -0.0017150466962323543 -0.8355724075831974 -0.3926186897041461 -0.5118407755648388 -0.22027609195079312 0.1045622362340146 -0.22572405147448882 0.011056618167299312 -0.18971162254705223 0.013058100982381011 0.05353684925974537 0.19637408008768 0.15874445794879538 
-1.7603020647391503 0.010652106768107683 -0.9199102748144943 -0.12315867231969457 0.38689375348012145 -0.25004251114122567 -0.03259705291712087 -0.18921338291436235 -0.028810990217006185 0.07166382660292347 0.38107261661238306 0.17851467435130822 -0.17361139062040007 -0.37326265855468765 -0.43721837503922045 -0.17729034753196707 -0.36030406519963215 -0.15982751357073685 -0.19457646807518159 0.05603851812547508 -0.03930564475267362 0.09340595719881124 0.14139027199963392 -0.01596314785753036 
3.0326424947283295 0.6889995915572411 1.5730891197907497 0.3753213714458339 -0.7706252527251667 0.637650899952747 -0.09863666510912378 0.6635026703558851 0.04000009635098564 -0.11165732045508761 -0.6918590492985988 -0.47782299727532435 1.1069287224476687 0.6812010851057608 -0.5856913073513983 -0.22010819399691783 -0.3638053332119778 -0.4131069389375128 -0.15003692793316054 -0.042693390201142 -0.23637379779383597 -0.30783141299866085 0.05660306266475738 0.04831678979229285 
-1.2353409945810503 0.5389786116995492 0.2711460448588603 0.14714205143844478 1.3360804749520927 0.027160304681467795 0.5693471212599699 -0.529179711573675 0.10031557376100161 -0.20399876401753414 -0.043577102905504705 0.3161365749968178 -0.6170133438264969 0.9068347854584126 0.1380729541455276 0.5241173509444325 0.8916001316170691 0.3837517895003437 -0.08795857407275563 0.03298577248578847 0.1557667699860669 0.08890183928216387 -0.15501370464161338 -0.02695215526310212 
-3.9520747045995708 -2.6165028433020394 0.8081983012977015 0.2538329937896151 0.45831372764411005 0.9084877363353094 0.03743412255779047 0.2033676806635387 0.5964019591071421 1.0408568316067677 0.03660993856338701 -0.2154763663958657 -2.4614190281264596 -0.16373419964775007 0.7575390460409253 0.21607012580266197 0.4488624505947356 0.3820928019851279 0.2675557367330161 0.09686741539413303 0.2810839487487243 0.1471508493293421 -0.25453447181392413 -0.2297087804691473 
3.5830965664042904 -1.0571010321774899 -0.951683728004553 -1.6347665363248827 -2.902376131555724 -1.536716297833538 0.1632432754676889 -0.05810320552555459 -0.7743122315532851 -0.7712987672744958 0.4818792366062303 0.12819782470088528 -2.259538321911434 0.3797599701695407 1.0106888253316617 -0.3536089203330037 0.846122247153268 0.4431041816539875 0.5912830224906142 -0.3303148521018982 0.18640088156509663 0.28381889698377544 -0.06709174630431182 -0.00201449844078568 
8.007680798615038 1.9782420124390108 -0.08811313190031922 0.6180652879195117 0.0020156987445347774 0.27331079525486635 -0.6982519524120315 0.13736217114942573 -0.3659378472380438 -0.2694598668146331 -0.19098380361269388 0.3052727192800838 0.37152950910070554 -1.6689256331817415 0.14073143101845426 -0.38213084560188154 -0.5989646069997955 0.12033358655143818 0.06691021271015231 0.1210324070297046 -0.13307061874920936 0.28025166723489203 0.07260291787949141 0.004854018214204466 
-0.43660378045405235 -2.897673726679598 -2.3127647145371144 1.0258526653725073 -0.9741372520579237 -0.984563769740273 -0.8366589087269616 0.494767599489076 0.022282832238304684 -0.40029710575816 0.2714950070954712 0.06180552748120008 1.6603661829116885 -1.5120674230717117 -0.5815608313154823 -0.6833624858503388 -1.2591575922319032 -0.5659306464988679 -0.17271733524388658 0.2709147040338819 -0.2918389698207267 -0.45264444200455706 0.19809019372362213 0.17251189026931427 
-3.0568130584725157 3.3105604034942386 1.0665445015086195 0.0699159297465648 1.2910881088945962 0.27141071263436234 0.3366545765246588 -0.4361649429328904 0.5973162834589754 0.014600999143923737 -0.07600670031970769 -0.19684227242863653 1.83369675934288 -0.7816767586067778 -0.6962970012457147 0.5242604422585407 -0.4825074099035891 -0.256757527667759 -0.4586744292418847 0.12281395320311983 -0.12871942330979969 -0.3280291954018266 0.06833952058977125 0.13491791418160023 
4.134244946213002 2.8129420415100306 0.21566994923742455 0.6893956003126067 0.2305604400649548 0.16202568297331787 0.16394201673100345 -0.5840837605860423 -0.38042238743961443 0.4446041257598971 -0.1698798962111292 -0.13828035025269733 -0.6604679777485956 -0.5634244335177293 -0.8179346271950392 0.2510532111555824 -0.17643948627430642 -0.7079474970392249 -0.4415229942411658 -0.07624094931110774 0.15703973883057717 -0.15892729784362994 0.12725237497656014 0.04310098017934033 
0.22116615725287048 1.4679644041645297 0.7365605399495556 -0.7864875063261602 0.8471890823938628 0.47028865190134805 0.17747087258464006 0.3083459915776254 0.2215730325303148 0.2921771036318182 -0.17531491372870747 5.619156022318716E-4 -0.29469689535779126 1.450852040560796 -0.03261680804081971 0.2137265574737431 0.3745624994948294 0.002980934853965648 -0.007490527252604092 -0.19634380182417596 0.2549596125708184 0.060027738688544746 -0.08513995288393787 -0.06438138982331972 
-0.09418945507095877 -0.2861024264615555 0.30603114782753527 0.7008947499421226 -0.22286927998463768 1.039839751743909 0.5675019259665451 0.3512349801671413 -0.2609647587890966 -0.06230326447121739 -0.060608011129709274 -0.16619950707225514 1.0843489391098864 0.42706586966373133 0.19312365102599074 0.3462308393910381 0.3205691691532717 0.1296598254280623 0.23194409842488364 0.14648144071454441 -0.12231037276278622 0.28228745969161245 -0.10948676485807823 -0.19377148985947626 
-0.058505171757161634 0.5075265157976432 1.1192143263360235 -0.5770133174894225 0.39411547043490425 -0.1764391263128302 0.15734620366470028 -0.31479290783695424 -0.22729136857873863 0.08797147819384676 0.12477721579139595 0.01026147545110151 -0.8016576789212655 -0.01731794101438459 0.5093801993277062 0.03284667185051585 0.42863612908335363 0.3564824831747346 0.22357280755632084 0.3482090415149773 -0.0488167833311974 0.18650765525892096 -0.20358936563737498 -0.1401874431228358 
1.0210337933883586 2.0119633767022798 -0.5550278970337816 -0.4540340122788765 -0.5046102614153811 0.09641009579622017 -0.5218279440836777 -0.7119586330223857 0.21094093140327097 -0.30015544059595456 0.008534333603053779 0.43818433940129664 -0.934626721783807 -0.061954533735003224 0.4652848570315156 0.2914538177316173 0.12439534672419872 0.34715923821119743 0.2966611201095443 0.017541867215108937 -0.22748222539247065 -0.06146802764323519 -0.03572032303258223 -0.13866620334645305 
2.0685275697870082 0.3708853256257658 -0.36105053560290457 -0.30756314076720814 -0.2978488141408264 -0.12744396964901117 0.05141738494078896 -0.20468432637254308 0.13207053742772323 -0.148419774082576 0.400882010817036 0.11893232173396334 -0.5903326258224831 0.5383538624887159 0.6466032432609771 -0.21221864854783357 0.014290709436834895 0.11697285765768461 0.02790972339155698 -0.259905997890336 -0.15079034458758292 -0.12609051639337956 0.04276254793660413 0.1634631941916572 
1.6461743395083772 -0.03191823017060713 -0.3496909922975475 -0.3081917916138365 -0.25007317786936856 -0.026135541221592618 -0.2695170250001322 0.24355508778960888 0.24180096438508447 0.24029644459669955 -0.09149943954478262 0.19546367982567314 -0.10970378057237558 1.0118618102241521 -0.1674218020089324 -0.20969164373807914 -0.12667888849685083 0.1853008535359053 -0.09206140618710988 -0.22306714364890368 -0.08145093209950417 -0.2026290823607814 0.09146712426106618 0.40185283299047575 
1.3999224326502784 -0.08559426823206095 -0.923263855815025 -0.013278482178441853 0.22397480035139328 -0.46608488077697763 -0.052538426051743414 -0.01283177457194351 0.20964964869310343 0.1960170847776584 0.046506458555501756 -0.35876777733605836 0.8520708484533047 -0.19209391118043495 0.07693715452513179 -0.1718180370338981 0.013255487509264826 0.024693265476319004 0.03089124185890117 -0.07882978654550817 0.05194978120967978 -0.005428921986666131 0.12232477200150808 0.11619600445918338 
1.6844477036738503 -0.795382257041263 0.22834416909907573 0.0278985896409778 -0.3854854031709385 -0.2901720092475126 -0.1936658200260819 -0.13868347797597447 0.4165041720690934 0.13551337705627242 -0.08867926304937762 -0.5285241100351197 0.752092570162123 -0.21773236504849347 -0.029362627428984545 -0.05494738358812614 -0.1397573765216035 -0.06903339153024579 -0.06076894350650971 -0.046929367290408495 0.1960878786035625 0.08375912950556157 0.013331454245171218 -0.08235440250878927 
-0.5068216576556424 1.3288990726023986 -0.8808795798766116 0.03984577970707903 -0.26990916401783593 -0.0695055320650082 -0.07918194312293969 0.2229243161467731 -0.11113041004332058 -0.07974147435236406 0.03249760656480927 0.13233820328680962 0.5520094742283691 0.1217746612686863 -0.35899002604698627 0.1556090947888776 -0.019600590395477197 -0.3942458872075945 0.05925364921523827 -0.008320005009827103 0.07144498005403732 0.07527055476260495 -0.02411845311949992 -0.15479953588571793 
0.3432686741749684 -0.08596780544235649 -0.2827952479798006 -0.1699117717922185 0.4161409338800566 -0.017325040986839957 -0.07388843594500494 0.26646514430147605 -0.18607264205739105 0.12689833564502606 -0.12448937628495002 0.19697389704060694 0.657059282977278 -0.12555998483313532 -0.015751410759814566 0.05865488728205043 -0.1438868853227174 -0.18466413378502144 -0.20955092491722158 0.08276530459366578 0.08119936303176119 0.014876714967308108 0.021613158493997236 -0.21854778051462923 
0.4144835247146119 -0.8056254778375731 0.40927593086537195 -0.3812005858284765 -0.11803659698767266 0.5802292967154696 -0.2901880657379967 -0.19044607068118746 0.2966031155942337 -0.02548705880453328 0.1367668745317877 -0.2571181732167679 -0.23452128560241428 0.5925700844996618 -0.3876882413393335 -0.11993931691494193 0.15327212648719055 -0.10444626812249573 -0.19449379170423664 0.24490118113323325 -0.24283692550753547 0.0625993432990326 0.020155406423255126 0.047428722209569674 
-0.7473827364431109 0.6485599726781288 -0.36947935399247234 0.06245711056260428 -0.029761030717867953 -0.0610470222826871 0.5404900160331113 -0.18029419834299154 -0.03096067984496731 0.06375602438043271 -0.20565337251485855 0.32184741976055675 0.22311306866742933 -0.08602959724079096 -0.015149930554256544 -0.10896766867954029 0.004521382954138693 0.11645914970666582 -0.07267649969791845 -0.07333124041953587 -0.007813253864458117 0.08858318448478714 -0.04524897381430774 0.13908690193976206 
0.7420679044606402 -0.8160750699568293 0.32552719714772493 0.28347928927449345 -0.5067745611804453 0.26569426295040255 0.19711020600071216 -0.2883995559306929 0.539824385373074 -0.2359683486171652 0.012613385409998151 -0.07238472470187432 0.08235897213588987 -0.1955812334830093 0.020249190647024424 0.007084561236882669 -0.18635758122853527 0.2622531328332789 -0.024273979289094583 -0.1244403666351005 0.02676657491900558 0.08439528553216465 0.014634820186736014 -0.05125312438458721 
-0.48986272170033374 0.1773457823396445 -0.19547108945820746 -0.17534870330508262 0.5969457671140268 -0.20943497322430385 -0.09950807272060402 0.5354356081848364 -0.28424351535343684 -0.03361057290301939 0.07333428971886799 -0.3126535330361261 -0.44995419143720444 0.2563794763279583 0.026983511361862018 -0.05514102311113812 -0.07057843924889647 0.02890288390074519 0.3583835891825495 -0.1746976743660772 -0.017955747170324554 0.07148858352227717 -0.007474557489978846 -0.04891636515484229 
0.03864660093555372 0.01672531778069697 0.26152422665716624 -0.283551362605281 0.12768274778198574 -0.13233612631355873 0.1026329165061447 -0.17498987403979993 0.3429448085914517 -0.22998961675930119 -0.0466314171452836 0.21389167633533518 0.12393499327469233 -0.2963988651258216 0.2130046939003604 -0.13314572969217758 -0.10855463504280616 0.2770589500137348 0.10380098005511024 -0.1432398455345432 0.17341015904323773 -0.061666582679446934 0.008093150190713582 -0.1526300396725054 
0.9541904896310456 -0.5369786501745093 -0.41842840283277905 0.5113955058359059 -0.13525436745239405 0.051259520647057966 -0.4874221067672535 0.28709398380979356 0.12134635005681749 -0.15369909211533084 -0.15360729876728113 0.3254583147064789 0.020250949179452842 0.10185147403150256 -0.25644730401014343 -0.2655222699419523 0.3219885567722706 0.1353757463852686 -0.04777597885755815 0.057319416711876715 0.11766742065367557 -0.06443844295421401 -0.07203569963723382 -0.09259994014794175 
-0.3517636810291265 0.43028374167771233 -0.20200822786607048 0.3395443737805319 0.18498941123118362 -0.6958298340264828 0.07966428285870619 0.2654907928604581 -0.18320102446176634 0.009075659027331318 0.10180472908093197 0.06644947044433941 0.2840606683734593 0.1766118128973971 -0.4621439679041963 -0.1968247087008803 0.2119048417656706 0.1347420441907051 -0.16967332481465378 -0.04596228484017212 0.2531113126448457 -0.02577712071541736 -0.15670181670168293 0.1027180373198887 
-0.35541042825635216 -0.33498785170337086 0.8056370498338412 0.3096702383278678 -0.39767323492738393 -0.33381535852364763 0.05530418067578968 0.14323702459907717 -0.37417286078785444 0.040172118066306384 0.21522331551746166 0.03886739035319703 0.1256751008633253 -0.0748256336110001 -0.299186112269399 -0.05601916957601357 0.06640480634920969 0.11026922133139934 -0.3345102780127946 0.29342995210728745 0.1545579599786158 -0.0587415648428396 -0.02686294330461832 0.12596328517770897 
-0.1587349452411253 -0.6141055201470635 1.035923404036445 0.40778539725137897 -0.3768223437775311 -0.34402481930032125 0.34028974722858435 0.03482546008607462 -0.16862952392074956 -0.24959385970386772 0.23905872581739374 0.04903302655231004 -1.2994240090556133 0.3050529485247007 -0.17283772260540173 -0.08910217862128045 0.10102763748717532 -0.24518139295049254 0.14985787055225033 0.15926480227797638 0.013235624379354041 -0.07992994107104752 0.04418304056847994 0.17305131931736017 
0.4806508191470691 0.20969288157087895 -0.13983588197583963 0.6453325028285231 -0.05356290899566574 -0.45545065071022084 0.3857959950861911 -0.4778632061248771 -0.34961328014953824 0.15186036177878748 -0.14164546722165705 -0.04372331888063327 -0.21553526532205622 0.1624064234284234 0.5781014723739091 0.0224909940990811 -0.3294509883481859 -0.5179628807281523 -0.17518227108873388 -0.17829425123322404 -0.005957872522317109 -0.0025900642266984777 0.07619582319400571 0.0280050961282993 
3.1284777224360028 -0.7572154705335148 0.789241405854975 0.43901977739404563 -0.29014866419620144 0.10053199091828136 -0.5351552360032455 0.09824650138850612 -0.23518768791898653 0.19302136038423334 0.1476899987450515 -0.4114091328908259 1.1291571582900162 0.06119070282296827 0.34439187800223525 0.4029056657851444 -0.3358736939077054 -0.7067341298271964 0.24122222538675686 0.08460308540039176 0.015105023407073445 -0.1970891004812061 -0.015248935904765911 0.04412437252392673 
-1.3524109661287476 -0.7506521467954155 -0.805326368197151 0.22658006595929114 0.547342890326509 0.9977948785515082 1.0185734855579063 0.6464092576475335 -0.3230201612217847 -0.1733652992976487 0.032320209471615624 0.1850731816898671 2.1395445377274487 0.1176171046196881 -0.11813942831490727 0.20291748297894227 -0.14604335557450132 -0.07532733653983477 0.48889113553923685 -0.053643290544081866 -0.3327140712424475 -0.10960587481480268 0.20150269980417237 0.12395430734259065 
-2.6296755274732657 -0.31750511443282114 0.3354930131403948 -0.5915553816694383 0.3303458382844977 1.0495548055504034 -0.6997656741675439 -0.781120028001306 -0.22724115360584668 0.5042862722779686 0.19782269518505513 -0.19773834130472034 1.2735773852747876 -0.27359603444089614 -0.03348803320097297 0.15703833618947835 0.23500599670795244 0.22840870716269793 -0.18032090744181106 -0.05343455705563038 0.005087601960372538 0.10738499302309427 0.25800282201023883 -0.14941967022463926 
-3.058906169080643 -0.3630136103385322 0.4414565993261723 0.5518676334234383 0.07431990648748865 -0.7039800484067775 -0.9985721924493702 0.12274993020227454 0.6445556664212345 0.3250455302763279 -0.771219914854176 -0.522421636701458 -0.01117703920546731 -0.03658508943793922 -0.18699475511233118 0.07828776480292181 0.4774031547969413 0.6097919525698737 -0.03010498060950025 0.007861263554814832 -0.05572267685582794 0.1706137887931626 0.09896420912632348 -0.06943313184860885 
0.1609931680875878 -0.13024663543926795 0.2663140216962323 -0.19473901490646295 -0.7586551624005486 0.2661933329093304 1.014380325325826 0.5203798362780268 -0.7342384076216137 -0.3783390334720378 -0.22454840512276913 0.3905972869787544 -0.3685613316426288 0.09166883943995696 0.16621420996165467 -0.06382964129762876 0.1243322893200746 0.1381881812368261 -0.6056471571917887 -0.08028319612930879 0.12080559484854013 0.20456139082337502 -0.07957965893524947 -0.2408913379508689 
-2.7142141962927724 -0.7345261179783744 -0.2097526071380762 -0.20669141183096196 -0.34036607372179173 -0.4399002428375766 0.2518154276397222 -0.02792446515657737 0.09764649635358269 -0.24389401280213324 -0.053386867753442674 0.09920476309395626 -0.42767189627658647 -0.015857936034320137 0.27734061523772985 0.2529046516784854 -0.18308935180241206 -0.35444682903789787 -0.21220213339881347 0.09253556354011337 0.019144397833483984 0.06718304525156864 -0.4181082100711664 -0.21651349435458975 
-1.6963375189393148 -0.4067553789327709 0.16245498648755508 -0.020786935149351926 0.1646919604289141 0.5029503590553246 0.49198198736327625 -0.4649332419339537 -0.3162033531176412 0.1750718713470741 0.0776451484404369 0.2141224726501792 -0.009940614586620248 -0.22264434085550203 0.0038962663547622936 -0.19361583217537084 -0.16748198422339464 0.2755418820019054 0.46950966169607056 0.23009860122080528 -0.35415794687540486 -0.33811774432458974 -0.115556698947188 0.2347633328657174 
-0.8472251367374324 -0.1771854304888203 -0.33863572878267867 -0.2938223614905735 0.1619144004799935 0.24098192563391896 -0.10076662327165498 0.33779977868792466 0.37810494566879627 -0.15320905788793399 0.3320079385777203 0.21535625352659885 -0.9049572039339706 -0.661743154714057 -0.1243423272907127 0.13058995239496282 0.05361688666320674 0.08704015712056247 0.1406010738190646 -0.08209408776446606 -0.06758161148030832 0.010527323432753866 -0.02385179361688308 0.10126634660464984 
-0.7426795179302214 0.2590160433824611 0.31906678345424666 0.4296739564494554 -0.5073494468312574 -0.9008733973321337 -0.21785763430669713 -0.35277808930664006 0.18800620834699405 0.5906717220446318 -0.07057571144678668 -0.37176845683471915 -0.37389106715514747 -0.5070989961879234 -0.13122901678284027 0.0658074745800445 -0.11153915878980454 0.2616519951111124 0.10528371626404813 -0.11525979705207734 -0.019379249577237485 0.10383894522640565 0.13706047018850098 0.11512228790997238 
-0.476171584995407 0.9178176350061804 0.08496847625071613 -0.823691714815254 -0.16519603008132622 8.91163994465094E-4 0.1849320170175151 0.16228022182316398 0.048286550062190015 -0.4832759084491737 0.09227894304081835 0.0883511880224559 -0.05990807096111358 -0.13890505917457693 -0.08414833738536405 0.12491030707810595 -0.18383890337472727 0.02843237060942405 0.022215023139117756 0.04252225965930787 0.05339504450730664 -0.11811503724702342 -0.011689159517523529 -0.033127072194115544 
-0.760191093344885 0.5670400768834991 0.3443399343193785 0.046725317772854824 0.6628646520789876 -0.1619602454582858 0.03328151842654686 -0.031394072345341334 -0.09315640658262564 0.028588460948477 -0.21367176435661506 -0.0677418583276665 0.059942536449570295 0.23987385867646274 0.008551603314895942 0.010253582542650888 -0.44560033572570573 -0.27857884804552024 0.13058916646295196 -0.07415660990556376 0.044797516532867815 0.11168315132091484 -0.03579793925389533 -0.11662094554856396 
-0.6587451361467598 0.08551773028439147 -0.09882729205915242 -0.47707896338659106 0.12832406114905281 -0.21377176213127713 -0.29298126905563027 0.04954099122935168 0.3585011196116862 0.48217768440121367 0.4386234435852051 0.16272417085541913 0.012700874202318505 0.40740972936015973 -0.06540404850314656 -0.32393065903876267 -0.12123021907752296 0.03376335521060695 0.24278092321457936 0.022085188630982744 -0.119076036899674 -0.28228441002305016 -0.14556110207076148 -0.06570222656498743 
-0.8312203517032559 -0.04445558028603269 0.3853098576644931 0.22560683310717122 0.6826915147306704 0.04219460986729817 -0.37066849065898033 -0.07393864429304264 -0.10149362602635748 -0.2271045283433064 -0.13635414395729406 -0.05909211160550887 -0.17853890644809142 0.21557691977948354 -0.026526930706206226 -0.18178536217971974 0.04298317189017912 -0.13091308094741064 0.046596563143409896 0.020714671719917466 0.014693933029015449 0.05327119636595925 -0.07476951693483219 -0.06348541166652363 
-0.47875957842317707 0.001336275510467111 0.2606956600875985 0.058659504633875814 0.18858119582540128 -0.20247632930014775 -0.3414357480834593 0.1172969419040664 0.40968327048307795 0.4914238162658685 0.4903034390534422 0.28113299435633937 0.03816426113953467 0.3950919216499383 0.1542406743616976 -0.22001207473591478 -0.1421777433424367 -0.34008886188400184 -0.32950344136639087 -0.08654892573761862 0.11114302709575863 0.19796683266002013 0.19000670131042185 0.06994520272797934 
-0.3145671528624021 -0.0375999550679893 0.24415925036462172 0.3242121703017806 0.503786569070276 0.22513128096838142 -0.08228093148976831 -0.1274160628424511 -0.16282928110536787 -0.13584819408172816 -0.015203211286237028 0.06350996492144428 0.06947444619229855 0.4613649330934229 0.4301265219923986 0.11616675075865668 0.08920996306472151 -0.23876220343762092 -0.3443742088776937 -0.08479055630333487 0.057792568658948405 0.10271295718173838 0.13655356176464653 0.09507961824766013 
-1.0315645189857907 -1.1031858472744451 -0.4909740114943095 0.13365459222384857 0.64430976400656 0.7150264879701866 0.5513352754589363 0.33592647771691175 0.055739865863915494 -0.15735098070963588 -0.19197212668158897 -0.10841247559199546 0.1262522393753572 0.39816328254582595 0.41786867510392894 0.2468807179536824 0.1921245856011116 -0.03788538554910962 -0.1395561318484533 0.013530638076986581 0.13314636440883343 0.19121053977791216 0.2132506240516361 0.13996029107106805 
-0.7632412199988448 -0.8762893181738454 -0.5292348725217486 -0.1603909629637852 0.18719734144592648 0.2997298115449938 0.21606862420290296 0.07111825671053928 -0.09789962969362143 -0.21085600140076938 -0.2048770463837181 -0.14955823137432184 -0.19366334060776533 -0.11240211182479122 0.03605533867423901 0.12836084523712057 0.2429449328592038 0.17000944093296547 0.06448889587729616 0.03557959059265423 0.00533522524106166 -0.0028308894496639945 0.03401168456050505 0.06494914330752902 
-0.6331792629810273 -0.7738088905740829 -0.6062133037810034 -0.43968108259438854 -0.22949794716575878 -0.12611943794112507 -0.07194213038443498 -0.022562132103388532 -0.022220648449295527 -0.0447038994083474 -0.05461151555272563 -0.03221378070898172 -0.35154593784009486 -0.3641973313721644 -0.13779360203111374 0.09569341223755896 0.29009932770485664 0.31580145714766084 0.24562366390576243 0.1503173724909412 0.029725703349674597 -0.06494311901323724 -0.09008932968688378 -0.06339331415426509 
