0.0 0.0 0.0 0.0 0.0 0.0 0.0 0.0 0.0 0.0 0.0 0.0 0.0 0.0 0.0 0.0 0.0 0.0 0.0 0.0 0.0 0.0 0.0 0.0 
0.0 0.0 0.0 0.0 0.0 0.0 0.0 0.0 0.0 0.0 0.0 0.0 -0.007034466189349331 -0.00827777927665413 -0.0049689177740041 -5.117126426920452E-4 0.004302886601747935 0.0064030685764736766 0.005781027867836963 0.0035809604933193517 0.0020955924069670138 0.0031007158011833735 0.006546306608699075 0.008577475740714288 
0.0 0.0 0.0 0.0 0.0 0.0 0.0 0.0 0.0 0.0 0.0 0.0 0.03947788134500622 0.05208552887136269 0.04777826788790666 0.04404444642475353 0.03376269090246222 0.020661284203312768 0.011243176711118389 0.005177307327460634 -8.503745861925353E-4 -0.004824383320510707 -0.008157550268121094 -0.011841926856962596 
0.021103398568047993 0.024833337829962387 0.0149067533220123 0.0015351379280761357 -0.012908659805243805 -0.01920920572942103 -0.01734308360351089 -0.010742881479958055 -0.006286777220901041 -0.00930214740355012 -0.019638919826097223 -0.025732427222142862 -0.04953607667728447 -0.0670831322290623 -0.06470860495552065 -0.0636427591006881 -0.05585102825425762 -0.042100949099842605 -0.0294080799054826 -0.01829616627371361 -0.0059475898135537 0.0014825707181571983 0.0020873437283369565 0.002840704776817582 
-0.12898534331904266 -0.16867325552906925 -0.15078818032472613 -0.13290090823829867 -0.09483374280476475 -0.052379249745227785 -0.025057988331599723 -0.010160481242402875 0.005694512369028126 0.019124223663307183 0.034292110717411894 0.04839199418195922 -0.013178981082452227 -0.018365083082872758 -0.019489250055127406 -0.02565322321496462 -0.030011975867298268 -0.02691980227024186 -0.019686323257242077 -0.01028045443535707 -0.003534855427282472 -0.0038548933354907813 -0.007772857805589066 -0.006975570930776605 
0.21310090169137474 0.28558602445172154 0.26951990502892503 0.25737873142121365 0.21496995616515524 0.1524924721721417 0.10075323388224766 0.05996873944234227 0.014995513256147036 -0.014009823986125186 -0.023408086543716816 -0.032718111421432355 0.016729777350920294 0.021795973603728508 0.015962708510218204 0.008384432013175952 0.0038855468115478187 0.004389479460324648 0.006724417988087049 0.006970843192082392 0.0026671865843643644 -0.004203376025684195 -0.009400977215667322 -0.010198165974672232 
-0.056461808314306694 -0.0752810940622613 -0.06883882568807415 -0.0509621271016749 -0.023903380383304723 -0.005091432140055793 1.0811028846952064E-5 -0.0045144471550789544 -3.6578956676622254E-5 0.013918518297759877 0.025203156775576996 0.02441955489197456 -0.00313869270950858 -0.003786920824021304 -0.003975033968506079 -0.0010749908051135755 0.007321836862042422 0.012943382131046155 0.012169255764702916 0.00902118179802018 0.006917017777031753 0.005312154571399716 0.00858463237075407 0.011630807604865664 
-0.06534770098708087 -0.08725066371462711 -0.0739560495269683 -0.0645875486797636 -0.060030481450617276 -0.05602155291298097 -0.05005073724799537 -0.03447842809986719 -0.01142279131114176 0.005910833356276117 0.013108488791822193 0.016848290346866163 0.062064206005585675 0.08090957900244772 0.07479631906910293 0.0771831333672352 0.07237285667024171 0.05647207243289215 0.0394278451382127 0.024315338251814256 0.01104141196754192 0.00668748059527981 0.00700285134653876 0.0014668547183613 
0.01965503614871089 0.029105851026168986 0.032874898858738774 0.03130720422753068 0.02070096541699424 0.013047616404195092 0.013836229939413046 0.009999557134641311 -0.0018473886784227365 -0.006772568722092618 -0.009720074062619821 -0.011283629516787033 -0.008911568787040025 -0.009851410201840535 -0.006477645463829891 -0.0038116693732775653 -4.0076529479875456E-4 0.0022121002722967262 0.0032362354326163196 0.004036265970953017 0.0075979645048652004 0.012117101611993733 0.014236143007969998 0.012728268347455036 
-0.011150138556891065 -0.009336185099836747 -0.005725914451790222 -0.015305334345094741 -0.024450786745719377 -0.02599326939866018 -0.0244430109876735 -0.020234277457960626 -0.017223317785605666 -0.02372672226203837 -0.02695502516423469 -0.01926708337213546 0.3153397393245658 -0.09590277894968796 0.09276396174986008 -0.07178395333415238 -0.21424686083543457 -0.009327308710080404 -0.023568081098573168 0.06418562876861901 0.04457320012841833 0.061928712127338775 -0.055658303714467304 0.023540401317209806 
-0.05682588316828152 -0.08468410276413488 -0.08352095683417352 -0.06416822614917664 -0.04049093185135741 -0.02674187471410637 -0.022501758399162942 -0.023745320388891288 -0.01993020923404027 -0.0076140087290640784 0.0025264847296954454 0.004292436709110264 0.23871729919436943 0.008523241094261063 0.05715890393286895 -0.059850039847288095 -0.12668202122637442 -0.0606874683744846 -0.032157233516618304 -0.04654517900125657 -0.05157496028069727 -0.029419987885142367 -0.00942621648489065 -0.025272941111194724 
-0.9731264593022821 0.2573526500295887 -0.2940500069300924 0.1985020265110472 0.6133060496898622 -0.008144881223589029 0.038822500217012126 -0.21016287564395797 -0.13610098141858798 -0.17945458302225448 0.17396012053906645 -0.06156094671771191 -0.9141216720685702 -0.05923567148902072 -0.36150114650754755 0.2771980828077634 0.440779999625539 0.07473562326663301 0.10312983224775608 -0.19218239905412185 0.012279504984513639 -0.1710371088812103 0.1365628428551747 -0.05817981201974035 
-0.21550870106170184 -0.12980828982132692 0.005560233299283013 0.10395364334132401 0.08186861087832664 0.1861858274401133 0.07867517488692516 0.2445993932314097 0.2123163239801602 0.15935132531344254 -0.08189899745959844 0.08568212548958536 0.7088632966925985 0.3087889742595557 0.15634817682272117 0.09204631210875058 -6.37489350120729E-4 -0.1553599938414685 -0.19224451404324616 0.1782590904360772 -0.19344360404835984 -0.18538163122165388 0.039829599074134005 -0.005160105063554008 
2.8105562865955296 0.19093292289582142 1.034236930004124 -0.9309605175136353 -1.4079705569871783 -0.3566639902756691 -0.3844209743739858 0.4221405628942545 -0.17018509934624682 0.40590193736033925 -0.3944308126351118 0.11457750829684808 0.1712679625417636 0.163251849058886 -0.2822227280579378 0.11216510845534278 0.30000253368710866 0.18528020538098597 0.09469611176538573 -0.1272388091700258 -0.1226076050392823 0.0925150573448792 -0.02407128804736437 0.05879271004170374 
-4.075257146194983 -0.9778411619759184 -1.2167089557694453 0.22442410953691286 0.9720598395375251 0.6135976613363392 0.7658535210260745 -0.8746743109662292 0.5774426618748686 0.25585262474460074 0.16723315409438255 -0.0682964756075077 -1.2567319624793143 0.28190944922679056 -0.11212824175531293 -0.43614240832221035 0.08498849217478772 -0.04419321897706755 0.08702400664309594 -0.11303188039743928 0.09733193769098684 0.10632626167434578 -0.20906192839092755 0.1008227799905337 
0.44294387563906756 0.19161353893022634 1.1637527717780851 -0.19822853195277557 -0.7317971657010629 -0.7776914143146598 -0.5888550081487197 0.7311904039649388 0.049158664751904724 -0.5052504047724712 0.12160790890416906 -0.1609497762942766 -2.347725847406471 -0.3892508391063712 0.2873346525209987 -0.5863179376621801 0.15402828105633262 -0.09977041564096194 0.10098903182541064 0.08980477463375451 0.30264617897320023 0.5002272673567039 0.17062587253143627 -0.05298721380009006 
4.7384933918544725 -0.9758769455189009 0.27718703767824127 1.0460148755275251 -0.5111835612890943 0.5292791963908113 -0.08017982815499569 0.42917011388838533 -0.1893513711418761 0.29594871135681045 0.28726742694354385 -0.0790225721864534 -3.1440458301939374 -0.9497143140350345 -0.28865874578166467 -0.012883701624057433 0.6716037029635005 0.29147554668761144 0.08307079741821892 0.10002454860636083 0.46362852238054786 0.3190658163430739 0.04018469727558573 -0.09332280791676627 
5.446858559790215 1.3577033319864262 -0.5747150242827153 0.41719791247759885 -1.1284336997428666 -0.015193510880019356 -0.2643713952596826 -0.49919597343431626 -0.6947266197574752 -1.1148279080158772 -0.9663255666540013 0.2789021979865911 3.0865205756103578 1.0905720863057466 1.0447413794246005 0.4386930758723226 -0.4726601799913744 -0.057049662628607965 -0.29355047733072254 0.16300246395228085 -0.1478067681539717 -0.0399388474049284 -0.1827903679883485 -0.069136353732021 
2.8549230023112564 1.288256883601085 0.5185011796059489 -0.044638007806102054 -0.8444330023320745 -0.6420779304438153 0.3543993223268992 -0.559554768085684 -0.441500263012085 -0.39655607266291804 0.5906458000467105 -0.008254038997642765 3.770782218209629 -0.27010799610375574 -0.5076916181808951 0.20696020902898746 -0.7460025709828635 0.29433294815842936 -0.07125344443598385 -0.07915154162749612 -0.296655470629485 -0.3073842132769525 -0.03551657037474154 -0.021684584635247816 
-7.874832656420397 -4.212169634547006 -2.09112843745957 -0.9689813179029296 0.8528080947945504 -0.020863863011522654 0.07450684860250048 0.736545453095131 0.6186534151489242 -0.03918147054782173 0.5182898263176312 0.011075018307381113 1.8177058640221464 -0.5998692190143123 -0.7209372607207317 -0.12459122773551427 -0.7943370955210667 -0.3701326604801148 -0.06977842140420804 -0.17803990280590334 -0.2758476218628714 -0.6044168814803639 -0.1597622544857316 0.12599036867700836 
0.08699234533089051 2.6193835260590825 2.558468598809354 1.118223863630827 0.7362032543907877 -0.3508844720187251 -0.03585861677813572 0.0487540255061501 0.04392502329337904 0.6802781324536402 -0.34849055841804777 0.11994477155889505 -0.727209713531443 -1.2280577587857548 -0.35010067293850883 -0.26434018535435105 -0.3610235461022899 -0.39511771437015564 0.07543140860369078 0.1346966873629739 -0.0904759176274676 -0.33483979529874625 0.3240351349768422 0.03089638955313358 
1.3777062962139581 2.4917476678003645 0.5681130482777772 0.20954065996567706 0.46425945845890226 0.9496077413477799 0.14009283850545895 -0.2692306618125233 -0.10989639732159312 0.16000563386693534 -0.017470623964427306 -0.16316831332270287 -2.9652635052215266 -1.7441479038174321 -0.42712326957576074 0.019952730889767716 0.43661775395676 -0.2655733755122707 0.04533824450737082 0.46350906224109073 0.1512171037466088 -0.02871291250798567 0.17008179098999424 0.04438982239451042 
0.41028266658840806 1.6204715087846644 0.2391824555528017 0.15912155932264777 0.4329119541426194 0.05803941048700034 0.0953121015643476 -0.46075677272077864 0.19420239610557646 0.508369761025942 -0.11357937974278687 -0.013821541842001517 -0.7217740518766375 0.6246614003654409 0.9555867471750824 0.9469154217969823 0.221465154914825 0.012743184736903723 0.1933779985678321 0.09451237034555277 -0.011487898773069488 0.45657697209794995 -0.07905893560784151 -0.08584459414351508 
0.8593126986154243 1.5197300855424984 0.3498844428959882 -0.5492883584181432 -0.30539951695164547 0.5713943222724267 -0.12709324409085365 -0.39922633451467693 0.0898634175029992 0.1329114526899844 -0.10941113598998198 -0.055211292175701865 -0.5360800729614142 0.7076163714563363 0.4897220086019809 0.29836971995058437 0.19560747284834537 0.3207724539201368 0.07777920369271782 -0.08753344350701946 -0.08065717460634586 0.34797578417836267 -0.15662543878283208 -0.1434882061245275 
2.5115112997600697 1.2314081160916928 -0.19917734002499832 -1.3431078925682096 0.45663727735158655 -0.20000731669175964 -0.48239957118347576 -0.16978524917943139 -0.021491187799708655 -0.6759056932517341 -0.0653434955817459 0.3235000434159398 -0.4483285114223537 0.4407865718457966 0.5955520570578171 0.03838538202355799 0.07601837931179078 0.13420087554015003 -0.05759525418573299 -0.2325542988481251 0.08231642129121743 0.19452129367693624 -0.2922449661735122 0.004141239342304666 
1.93533219851237 0.5634302497778414 -0.6818730797392656 0.06554622605935267 -0.13442562169061745 0.11631374317674958 0.19561106380121718 -0.15211609306213858 0.23992191845008703 -0.29178399152931467 0.4282877503035485 0.09863551242190893 -0.22973707172713276 0.9064723188152843 0.30788343668964824 -0.4650759311569321 0.24409921448581487 0.12881366480929177 -0.12052320025380826 -0.24936591650447737 0.02457483859126248 -0.11265341035727512 -0.1335739497663785 0.05566649186042185 
1.2172584509069964 0.7762617111296031 -1.0315949543030227 -0.26345187898677414 0.11936986857673304 -0.1170229265856112 0.10674571017551115 0.11335100309732749 -0.12777611824161972 0.13715360210478283 0.4943060756309845 -0.10316866216772091 0.4993374754854389 0.7097066034968448 -0.0554332363155115 -0.5008131198597114 0.40559031033357346 -0.14094481644074636 0.03826918582855099 -0.18077884362246754 -0.024768773515252567 -0.3159159111712569 0.03775819439685335 0.187910770360827 
2.195650338223359 -0.9721136684223097 -0.15755706003394432 0.30611142826193527 -0.8690634560216635 0.1434611327914772 -0.06009628400892231 0.20730328886037575 0.06928136695016729 0.06434203608355132 0.011485927702788334 -0.008876414965137067 0.30564856388238465 0.5542307629393713 -0.37835314485008925 0.08207146469335591 -0.16153701982517035 0.2047948415776779 0.17525462235746989 -0.1037563548826414 0.005132301667552815 -0.21386181538533178 0.32417599037964384 0.05311834951863142 
0.8833398034482585 -0.12993973529876612 -0.29503564093112444 0.03904886590963352 -0.392814736483611 0.20925343782311562 -0.469353454764059 0.19284159072671414 0.13813540849600892 0.09377902645560365 0.02978283252807412 -0.18647630397301823 0.810117506933171 -0.14289532262269708 -0.130515325786661 0.08466791606805812 -0.30226062570869355 0.13026258252601897 0.02067792889200626 0.04784757094574188 -0.049888999743567385 -0.02770989438675034 0.1853243744277924 0.046764287688985086 
1.185345830594585 -0.6461613158260882 0.08490669812505303 -0.3319185404689189 0.6062777403150656 -0.6612089637606476 -0.04210322080140738 0.11940767777109229 0.09156925007861427 0.3714887424512702 -0.31197859928392785 -0.019065715231336655 0.6871009984711703 -0.3894174843144412 0.11169141200251874 0.08151850215917726 -0.33606352550403223 0.11261373023606401 -0.08037262892772772 0.16178789920650014 -0.04051919743983612 0.0029486100398210904 0.061505892609346226 -0.01987947176600893 
-0.7079418160781294 1.0419715026995835 -0.7612808560225384 -0.19844064282552143 0.2884811475344491 -0.10547562588760567 0.035715391895734916 0.013756095804743573 0.010746939424858937 0.06670993208117437 0.1000652158409654 -0.2383668751015764 0.3557872955065928 -0.14353194770485445 0.0636917770650109 -0.11477354762564995 -0.005310244050530044 -0.1310659817487046 -0.11906288580141282 0.16396267109634435 -0.035943342425210245 0.03105477291983121 0.01132149378876828 -0.01259223719910347 
0.929988152573042 -0.38981683447816096 -0.25950868849579356 0.18030067615198098 -0.20152082151859685 -0.037015526061354165 -0.07151282055563613 -0.1885176612981394 0.25453319380525063 0.06903075315130269 -0.20817294178169599 0.0767072858971688 0.29894166213298295 -0.09558210291346884 0.053800599774830316 -0.13296350071908877 0.152833073333421 -0.28596251110447096 0.015616137176401054 0.04226530599659797 0.029439865484396106 0.08934767420993443 -0.12102764867411579 0.09231693713408778 
-0.05634324406074853 0.1724838671418336 -0.3139032788157339 0.12725990047613345 0.0270152765848104 0.29035466421958267 -0.09745999748270617 -0.14508375302770304 0.16448346390832147 0.1518437023460938 -0.05608447758934665 -0.19658609293996054 -0.09974369515629415 0.2520563519577734 -0.3095172949624064 -0.07577587548257968 0.16608362713496952 -0.11321530788685576 0.041718484793410414 -0.02925998377756689 0.024190817313179958 -0.027856542221718943 0.03401425038037398 -0.0949342640412046 
-0.037278441813054286 0.0753288106931933 -0.30018388980284016 -0.09587830996248004 0.278511455789622 -0.001236575500829007 -0.022363937641389997 0.0720316841975217 -0.07361860861630531 0.06087883468900723 0.12917919345357554 -0.31690691771440793 0.2505363271891798 -0.07926120521293445 -0.19336323640247263 0.08405611168665983 0.03646370572850085 0.02302608774197269 -0.024542821231720024 -0.059155101015649414 -0.04379696344595333 0.14462715883239977 -0.06592444641832278 -0.058897805667488624 
0.07492256658380114 0.053229624240586304 0.187608629518204 0.1669764766794481 -0.4497858725245689 0.21628082249269903 -0.11401450394161938 -0.028738625610386315 0.10225038869609704 0.15435551797747893 -0.1706536029177923 0.24324301882782579 -0.06965799499676766 0.1609204471457201 -0.2725658626340045 0.05564514417929145 0.08967311177675152 0.19291752174414675 -0.040323588358677144 -0.13600839364814454 -0.047029837922756244 0.170064262809465 0.08411395261293797 -0.2694935008869866 
0.11274626568322788 -0.09240609738873395 0.06982506654465537 -0.09172594700965583 -0.07251136414940973 -0.06905686842383041 0.010392896368980553 -0.06922492195984953 0.41704062174922285 -0.36610663116158915 0.04688496013749516 0.03348614701574154 -0.2180079400731246 0.2694566711270105 -0.08020407746279812 -0.20747791663251836 0.13788643641592593 0.17726865816922868 0.08632703439678813 -0.22804406153400533 0.018932296642111084 0.13126808230745338 0.049611908341801236 -0.2321146774215045 
0.07761838718141334 -0.22641002025436308 0.3187898309125319 -0.04175171353815299 -0.06649264877592831 -0.25448775455135686 0.007132350588139991 0.3335697309954162 0.060243362493826114 -0.14485635315700301 -0.2672792187701204 0.4366978773559246 0.35812784594174296 -0.30865868903295574 0.1696978586219018 -0.0067155071648469416 -0.3914457820634773 0.5652323388834555 -0.26510374978477713 0.034596114299726234 0.18170988383276088 0.010490684408952186 -0.16073370521867847 0.041114500288057625 
0.6153974681075134 -0.5932213804403634 -0.12516225811160975 0.6309195350438757 -0.32679446533247614 -0.2976582614864871 -0.34191846809663407 0.5750096904966364 -0.1094119854415031 -0.18331947666611198 0.028656276354335875 0.2827096852860561 -0.2204242041275505 0.2088434369344648 0.030275124829420425 -0.4544161886368707 -0.12693193017152504 0.11410981299763612 -0.06423517910793507 -0.04814899781743607 0.4006445559707244 -0.05019487406039749 -0.07831834669370878 0.035035915068507874 
-1.2507865724535705 1.2296133328652683 -0.22399128401936885 -0.17419974285277684 0.8516930242573961 -1.3651154976263389 0.8574524276455193 -0.454644274737808 -0.17965295920682262 0.031489887502883784 0.3206618546298228 -0.004712251171504367 -0.39857911363288484 0.6239045515273195 -0.17238256414806896 -0.14818945200422648 -0.09687484170981198 -0.56965107914724 -0.31802796938458716 0.03067470972020699 0.21392614977330027 -0.01676012688760739 -0.0025354238649217633 0.29806272928900673 
1.4382213578833714 -1.446948084751944 0.25039024952234445 1.3377466335582682 -0.15080841015149682 0.14392756412075225 -0.22206160483590393 0.4693290743590708 -0.6649448853126261 -0.30369512931034004 -0.012130536481350096 0.14908346607393239 0.08803943958237781 -0.05619658806840633 -0.47295903638709874 -0.19609601616021055 0.1052316454591602 -0.47256088733050056 -0.331526463080379 0.24200418793913817 -0.10647035689638933 -0.2430259975650145 -0.060059638410797034 0.4426364809619841 
0.8619437831921388 -1.6712603226805314 0.6481612695397616 0.04940309321733016 0.13613884876301796 1.2336725700867437 0.9012878271115363 0.29438590990357805 -0.30376863689051326 -0.034388146172066814 -0.23927954075751212 -0.3906772009050337 0.7458854769612268 0.42387902546211337 -0.1763812748258011 0.23718608592512305 0.3039812486741265 -0.5866507444263503 0.36583096522817854 0.0018459183085839752 0.19020787042835283 0.053316981809705954 0.05108134273033826 -0.012183870658160942 
-0.7050860284624747 1.0258052115377554 0.8576385742701214 1.1074061654894538 -0.28471231396276764 -0.17936963335152667 0.6307432214114945 -0.5255179656414711 0.2720569240895102 0.5786975328664068 0.4888058892803944 -0.8522172827331318 1.5952189698891095 -0.31678752763024837 -0.22625530764343282 0.632787886558838 -0.002730724956317173 -0.10954340849504163 0.4513810354381849 0.112322485153443 -0.08455368064340851 -0.12159761630960002 0.010654950282720463 -0.0192284226740367 
-2.4167893101643276 -1.2784003916659215 0.0015283780841459649 -0.7705877665937388 0.006701230140651937 0.5564853343888517 -0.6664428811627154 0.03724149033671101 -1.2187774751929492 -0.5696573890146075 -0.08305038644206425 0.5324897352065106 0.7017037406645734 0.28099777365104517 0.471604962381827 -0.08396437899285529 0.3735697451956604 0.5220206723954283 0.4303038013619989 0.1785005894663214 -0.2249449645777719 -0.26486804101234385 0.062934979402595 -0.220991303963888 
-1.708069005105724 -0.6930154673685038 1.2524726181804506 -0.15062159621271132 -0.07789742597136229 0.8111514074548231 -0.7923393570133328 0.26093382868217535 0.046220575768817385 0.32873234103973037 -0.12220996448723542 -0.25481473395972964 0.27710734304506907 0.13434062528102952 0.8254416070649953 0.5662596271975295 0.027182759312044318 0.5005179405181442 0.23741691792321803 0.005800003810005634 -0.35230373662380376 0.022660296579259942 0.39145256647039983 -0.25709209831514906 
-0.7416759504799568 -1.6548433041805373 -0.9640706395608838 0.9303101110469786 -1.087977830819666 -0.827649967502716 0.3219177122379532 -0.6343417556572094 0.4839844310031488 0.8851985727783028 -0.12257655208148216 -0.026404563400070774 -0.5369306170292223 -0.880746726913476 0.31335150777609155 0.23359214136610076 0.0750666892675566 0.34465693500431444 -0.4306413678778598 -0.11791599463628773 -0.38026285278237437 0.07952432910212393 -0.058142334741119295 -0.06787668828680012 
-2.3739647374398674 0.8110047919519747 -1.1358867381023496 -1.4418216549234935 0.18107893858125834 -0.9888558039601754 -0.5756878290584939 -0.20712635407452773 0.47758718086287266 -0.2167113377678282 -0.6657887273110961 0.19850616151560616 -0.09604083964418408 -0.4466088457489998 0.12626693577045608 0.19064465890187807 0.17578040922055957 0.4492054155159902 -0.16486801056987252 0.13233089194743566 0.35225180812320084 0.4131384652608758 -0.12523079720444744 -0.010001664505769484 
-0.47304959290958903 0.6118296594142674 0.25565353289727144 -0.82576416133665 -0.34798701993832815 0.42251813508340774 0.5171554584934444 0.6250195656239258 -0.2936722193928537 -0.5355085369171999 0.36316599919322395 0.509459352329243 0.33989698218387554 0.1601502519175281 -0.3387778746398468 -0.03118344415003001 -0.3747237825037349 -0.6903974325019456 -0.3018944420221331 -0.11838890703608289 0.32244006583339474 0.43350789318648936 -0.012836916634104745 0.15500083922732474 
-1.5542596649583555 -0.48652541191890686 0.26380972464000474 0.15548156327346888 -0.9752340590737099 -1.1615488903862095 -0.3953541984314608 -0.7657395078006992 -0.6217065234027838 -0.20032949989514567 0.010611151488753856 -0.4927416983070781 0.04584611550389539 0.5851992955027878 -0.2615858343170076 -0.3920776921283677 -0.11128078535248753 -0.3336033990360501 -0.1636000645999747 -0.03330481249984079 -0.10540353189620329 -0.1900141310786431 -0.1345231557340251 0.07603124292567183 
-2.1712194332723396 -1.486528957997681 -0.6475852470125206 0.2252088343985874 0.6143500155190229 1.329888873216138 1.1374342229908359 1.315423141249883E-4 0.0663110856357928 -0.4235160257175066 -0.42226574157909286 -0.14578315117070278 -0.18223318308462186 -0.3879294150647041 -0.17357030049517042 -0.10049469134323137 -0.34847872016861264 0.18505894790410674 0.18165897049465754 -0.08900111762370137 -0.40103892926986795 -0.38926147362653535 0.0013560348162787172 0.005647287865802005 
-1.6624181637701785 0.10458621414958547 0.10049015480356926 -0.7910750764060093 0.03375277691004541 -0.4417309759183903 -0.3950270175072656 0.20523209507989504 0.6138061240371593 0.2973347998682544 0.13049661027713766 0.29803368448856354 -0.6536336550324041 -0.6847314648303152 -0.34089548634828076 -0.12252899562385122 -0.5900504539180822 -0.16671381946698097 0.034647803660891964 -0.3993635573533174 -0.35692167958756 -0.3842789967553574 -0.25627761335827753 -0.30495223384700504 
0.12772920575018798 1.4800620915741334 0.8580242193010004 -0.05100176746721674 0.1929557225756322 -0.4925676658628221 -0.02798504345262595 0.4065371170547327 0.29168824469677845 0.3834437340807061 0.29915516535019593 0.09712979733401617 -0.4758806553648265 -0.26786936597121974 -0.31530497633333815 -0.33875424665817305 -0.37544894017505975 0.04056363329155214 0.16567999109149978 -0.10183096799520815 0.06950062763978138 -0.14265571782517986 -0.16879130095947095 -0.022931932573535253 
-0.7428330193724069 0.08437345778613148 0.5336914505280865 0.6611738510779246 1.005614449152232 0.24982083755421347 0.08341202380759422 0.22914837688894907 0.3363699358294032 0.5490276104718201 0.418733538098942 0.30065852898157763 -0.17618124881812905 0.46828892625726065 0.19424347859898483 -0.29549115591188096 -0.1646526444266132 -0.29544584202784124 -0.0853145888378642 0.14204550593510032 0.27080076298381917 0.16122981349171608 0.048277415845836204 0.09337053043722032 
-1.203370039376746 -0.6728144819022948 0.08172903412523524 0.5153471106311396 1.2547659999231089 0.8624220666051797 0.40117472905890655 0.2936663053952224 -0.0034727031796732977 -0.1213952775437499 -0.060010302611582134 -0.07829977569660407 -0.11347824084091214 0.34729041838368957 0.26468426965602876 0.13435474936437913 0.3185665444674299 0.10617810605007143 0.2747179179573045 0.3316461617765294 0.20772662195122304 0.1859222615766397 0.09659680002870878 0.054295046149125316 
-0.46832479475232436 -0.22384227788398237 -0.09409268840550267 -0.1877760477195446 -0.003194428483853262 -0.2328883160688674 -0.3536631372494392 -0.16446901689565077 -0.05101569097607239 0.06606486520533417 0.16524709672051807 0.10563687969221269 -0.37024454460639555 -0.044175918328393037 0.20683017102247978 0.3332810487026568 0.5480378099005483 0.2787425458890093 0.17691749402265722 0.1921175333337278 0.17299252791023842 0.20901115794359257 0.15733141145971277 0.11529124855120354 
0.33090981596288316 0.5922987042581216 0.3778634797997087 -0.02959106616161955 -0.25833947200861473 -0.5697474072014959 -0.6336012167960228 -0.3915926713825555 -0.13779880775415287 0.06715832198402993 0.13610798595328155 0.03175548353132268 -0.18442715845371582 0.06958533904151269 0.20224341373403107 0.18365390881276025 0.32363118225557524 0.11888239756752834 -0.027479921910627852 0.01763099302808911 0.005075121149213231 0.031538586721730925 0.0748568772071226 0.0377816022276049 
-0.39923931322303474 -0.4156553803088976 -0.2348662853765895 -0.06620020663366621 0.11805375541644916 0.12967793679052325 0.0700475146670872 -0.004574734723345325 -0.11544459561407222 -0.1722826631228475 -0.1513198405626282 -0.10024284628599639 0.1438894247631953 0.30962792598001837 0.20224908873176609 -0.029242033798508326 -0.12618057826010745 -0.2941920770786037 -0.3163720966849151 -0.15405007003036755 -0.010039786658523458 0.10111186132835852 0.1440444719710653 0.07965199965993011 
-0.6846313047802433 -0.7856639478143752 -0.4546144085913145 -0.09640253635008039 0.22324836120623204 0.32449174747289944 0.27175916883252693 0.1608261852248024 0.013516385691686922 -0.09683727354485183 -0.12629746559137683 -0.08870471939031421 0.1907286873127152 0.2972105619543998 0.18231112972654487 -0.002771993007948966 -0.11495286573772734 -0.23926331339203954 -0.25433406063580216 -0.15078602723394083 -0.04390787964944245 0.03903808847207723 0.06228535268190036 0.016281407911024892 
-0.392222508670347 -0.46374472978778913 -0.2846010104052894 -0.0666442112297892 0.13455338968904568 0.202568337829746 0.1427729599910313 0.021471764891772938 -0.09655392772342192 -0.15527292101530052 -0.13568359342034864 -0.0730890178267592 -0.15736480054867266 -0.16137351082726778 -0.07950139868725185 0.003953265162542676 0.08937755640674121 0.09759203557915898 0.06967139310452342 0.03424844121925306 -0.014160351634285034 -0.043531778634828155 -0.04013146689923886 -0.02231713627283931 
-0.24478464825160628 -0.2752883068656322 -0.144202546865576 -0.02105308483971116 0.07826930806826901 0.1115973324550114 0.0930382424494117 0.04774216051170786 -0.015520502751150689 -0.05846081448597523 -0.058566195663559306 -0.030665654431370593 -0.2422398736564825 -0.27487968477542685 -0.14694784250421097 -0.007117429010000527 0.11392902496854558 0.15245269472745704 0.12638613467132953 0.07523447021637063 0.013194753298375161 -0.03416235404700457 -0.046260525414695775 -0.029470392595738564 
-0.1470682398413352 -0.18672266830146572 -0.1515680201777032 -0.11573472787647887 -0.07758938723479296 -0.05665096243800969 -0.04960620145492543 -0.05077804602455722 -0.058445096489798315 -0.06087555674780136 -0.06479107482882038 -0.06231096994695026 -0.12590725937480465 -0.14370341448564594 -0.07809427035492526 -0.0011852140724585246 0.07096421663369823 0.09387437391693278 0.07040563070017204 0.02624328471804808 -0.017462118319952643 -0.04012477347780726 -0.037498019522314935 -0.02020178486075733 
-0.08048881822530163 -0.09953592423125643 -0.0802873761924747 -0.05050499099673397 -0.012467325237485387 -0.003256686575593845 -0.011209654458483286 -0.028752319966144413 -0.045122289820250364 -0.04154889353758769 -0.02296214864305364 -0.00568256554300299 -0.07449158796477089 -0.08553874133598427 -0.047254460611671774 -0.004129962915046599 0.03498323746921956 0.049279778319766515 0.045209135734901255 0.02817841496229825 0.0019198041162062872 -0.015155196450405466 -0.017232063022162427 -0.009002336466412233 
