0.0 0.0 0.0 0.0 0.0 0.0 0.0 0.0 0.0 0.0 0.0 0.0 0.0 0.0 0.0 0.0 0.0 0.0 0.0 0.0 0.0 0.0 0.0 0.0 
0.0 0.0 0.0 0.0 0.0 0.0 0.0 0.0 0.0 0.0 0.0 0.0 0.011865948975207393 0.017247909477032586 0.017947539862791812 0.01589882842197073 0.011395487512096255 0.0069946527631322515 0.0030009873785287375 6.939164328440365E-4 -0.0013096090133047726 -0.0037345551553710685 -0.005821158813110609 -0.007040373708218574 
0.0 0.0 0.0 0.0 0.0 0.0 0.0 0.0 0.0 0.0 0.0 0.0 0.0014800736792756435 0.0022573792224592584 0.002225392767999194 0.003473989340719149 0.004750794710335238 0.004087328053832283 0.00357628044603898 0.0038410282657836414 0.005478760902002139 0.006674163378995036 0.005944370470179483 0.005156974091926804 
-0.03559784692562218 -0.05174372843109776 -0.05384261958837544 -0.04769648526591219 -0.034186462536288764 -0.020983958289396754 -0.009002962135586212 -0.0020817492985321095 0.003928827039914318 0.011203665466113205 0.017463476439331826 0.021121121124655723 -0.014795175319468612 -0.023467153943539126 -0.02749179300934303 -0.029672174473588303 -0.02783749230046838 -0.02086979878730119 -0.011386963420314533 -0.003818189668261205 0.001680678138712699 0.006296969382564049 0.010719078074573873 0.01303337172928216 
0.013358702424984159 0.019099726548171103 0.020245131490190138 0.01342627461079865 0.002840847137138669 -0.0017700050167984704 -0.006227360270323834 -0.01048221014808487 -0.018400696225963575 -0.02562432287004171 -0.026564849630204362 -0.026031482838108272 -0.037888729444740456 -0.050775247737038266 -0.045006046293306706 -0.03500235379898938 -0.022560607180708597 -0.013075238659278565 -0.007492734294953257 -0.007024992354882631 -0.009132242345418151 -0.008231049793550946 -0.0038083755543464096 1.459090386040409E-4 
0.037706174745913756 0.06085159855653183 0.07235281328293403 0.08230338611536558 0.08209205333283581 0.06349439887030281 0.037274570396105516 0.01669567407882605 0.004158313696843691 -0.006078746712671293 -0.018874809408619436 -0.026084373768792343 -0.007281204756147315 -0.011449197935503438 -0.012389618095758975 -0.009512937076186953 -0.00451471466179192 -0.0013906023679509706 -0.001506414304961091 -0.00322846815843722 -0.004602902696090812 -0.004752951699450755 -0.003546269022177445 -0.002079529556651955 
0.0770141774984534 0.09602807971730001 0.07192042244426539 0.04000712570632925 0.009542563607563503 -0.003013462602014086 -6.605633809860928E-4 0.011686265375968813 0.027281983707789767 0.03333435547004509 0.02959426958701486 0.02316502033091191 0.04515430247990556 0.06126480130857781 0.05624570937546994 0.04759663136906436 0.03594060270015665 0.023495747850908202 0.010486248025978943 -4.645485099644732E-4 -0.010192010583246825 -0.018351709552152626 -0.024802307518490652 -0.026456537492001792 
-0.045581970193914856 -0.0558603112091519 -0.04251141077813614 -0.03244809958511663 -0.02399317678612542 -0.016190422392936034 -0.00726711766537181 -0.003480582585247291 -0.00510380483868992 -0.00401681860557793 2.2723897254550707E-5 0.0027614582101014966 0.05985293797272432 0.08555225257368625 0.083798119472686 0.07516592895953365 0.06294107195947475 0.05032011132226635 0.035763706530232246 0.023214493363133012 0.016434367075085426 0.010906424841242624 0.00319504560430293 -0.005338444939740249 
-0.08046013254481821 -0.10633872249472046 -0.0910598846056846 -0.07198787664615333 -0.05193834590385067 -0.03241483793790366 -0.015415260317521998 9.99563713845221E-4 0.016806394791543704 0.028399841732869482 0.038393306272330605 0.03891521364845018 0.08540907367002297 -0.1722688099253035 0.012500364941089212 -0.08833149540898305 -0.09005147056670791 -0.01809838592385794 -0.04417996186633372 0.023553508142897014 0.010712036675579286 0.05189859839939307 0.03532086142433792 0.04983915389695057 
-0.0631154841506234 -0.09462175805851669 -0.09755139161014903 -0.08719689958699406 -0.07599070778988137 -0.07276524742855145 -0.06263920072632326 -0.04760445517951119 -0.03990699307028956 -0.03633076436781136 -0.0328594645641861 -0.017944135608340732 0.9374314036725968 0.18430373137458445 0.34638727868312635 0.049795718495616 -0.25707888843540583 0.03582415089195407 0.0020737347571249 -0.0027430511383870516 -0.022190687498622838 -0.028069019148566753 -0.04070836451135431 -0.02680399131294002 
-0.17044628653326122 0.6322152329178929 0.0619393180370042 0.3323760119342171 0.3056957408095652 0.07956910768736744 0.15956536374849078 -0.03691232275559028 0.012547467796851727 -0.10620446684701743 -0.05992722045527858 -0.11599964445071868 -1.2906365012096617 -0.23112946740236642 -0.5530911529431274 -0.09817023093388803 0.2449639830657393 -0.2802513581971327 -0.006766328947587411 -0.20871640954617668 0.049488596797583224 -0.0694403751767295 0.03433663226768963 -0.03043330234942786 
-2.8128831042174838 -0.978048483039212 -1.1581728481488596 -0.38401719936214984 0.5684264451633841 -0.17965484788143382 -0.1009786339697529 0.023704514064631615 0.06359772115452458 0.1474923931300658 0.17130808079512208 0.160630861198506 0.193544356053147 0.19699803639713467 -0.06201199273995806 -0.09939230824815219 -0.17006437200860228 -0.15336781658882367 -0.027304917313542416 0.07719805917235785 -0.02179638277340007 -0.022030265920610626 0.11390879363715327 0.05194440186752383 
5.166333181117597 1.0287630422027265 2.098524302493053 0.3709329660430886 -1.1090388715777013 0.8617840368799357 0.024053443146955057 0.5914943077303039 -0.18341175271361304 0.1448093885141194 -0.1667003632103924 0.0409276222933104 -0.16775066658283286 0.21171796781769645 -0.6773799112939044 0.1958615700785827 0.21547668008353962 0.2342252450868588 0.02136056213112299 0.07801443320304333 -0.09592719331700787 -0.03894144210638454 -0.031301170699946444 0.06350355973403449 
-3.3121382861354935 -0.8838897718923375 -0.9298079056182993 0.19170154810302678 1.1415697144295587 -0.003769262258364492 0.08703151151507185 -0.5934019479395318 0.12346176550514304 -0.0957468942865479 -0.32119927409808896 -0.25224097458292677 -2.015667053556948 -0.37153579388451385 -0.5078840674179627 0.1166388683212225 0.690128994183953 0.32226701325753143 -0.029603553358339918 0.037966828445916055 0.1626881484559253 0.10353411342399647 -0.026001822539134023 0.14009718548626834 
0.5824333041742422 -0.050018026108633595 1.979896580653437 -0.5430680720341193 -0.6273059340741409 -0.7110494203847435 0.0014786046127094332 0.037597608637361446 0.27039702557256606 0.13223950318044303 0.28022996909116626 -0.10007440576210576 -1.091809496485525 -0.08655091253854257 0.8637954603458388 -0.18621882708659113 0.1694506184044322 0.39885192329812097 0.13940026441436262 0.15761487955710818 -0.1007381061931979 0.34794231355931804 -0.16605677244854122 -0.1437629514813351 
5.526067994925038 0.6759494327700097 0.42479321502483636 -0.2769332852872133 -1.7428270061402555 -0.36003915902168837 -8.805546276103304E-4 0.18675237827335467 -0.6513711133563409 -0.1568250044750854 0.025848382261744823 -0.18915968123259097 0.1270919318909424 0.7957203937359111 0.7692773890366204 0.11754036883949119 0.42646700501410045 0.07001704904326751 0.13820604544454082 -0.027381338899625535 0.03407310838126129 0.11003491743885385 -0.12738907080930761 -0.2710770302015602 
4.022658530043906 0.5084961774871806 -1.1701626388660307 1.1639068639979822 -0.17519236650609082 -0.15663678463276542 -0.3501913170247918 -0.2714274940474639 0.5062190052967226 -0.8684784970695659 0.15794612595531438 0.44067583006214783 2.937789379819236 0.17165435202301568 0.259437537200661 -0.3459075609638256 -0.7647856573141197 -0.2520109719265258 0.054122683247342394 0.06670268930959694 0.03890624656853381 -0.12041736971232503 0.09975723223372975 -0.22792917964036333 
-5.413526694743153 -3.5503080548979775 -1.6626104629684264 -1.0144070264314975 -0.3638880843967678 -0.4910267272641561 -0.1517516639998 -0.3567453798982425 -0.0966685495007191 0.07450735352189503 0.12210985989775983 0.2906149981096271 1.7318077929975442 -0.9235267442158194 -0.41117399894990303 -0.2572697608200349 -0.8278939629161203 -0.39068378042238877 -0.1557883723994116 0.1466717153166601 -0.0989714272518924 -0.37381573866842244 0.07012877111383188 0.08165911851630468 
-2.7611374904493697 1.548147661656313 2.2452858080480853 0.8633914814294994 0.9775815769964742 0.11047727951606762 -0.08545389044322291 0.10923841979436921 -0.12367299606084628 0.37782543331892793 -0.06717246642803049 0.34382579348787523 -0.8320694966392876 -1.3777576262569682 -0.5115255577133881 0.046875328915178795 -0.289457437707798 -0.5826369954506908 -0.3299783331009842 -0.1871804406522434 0.157564054113403 -0.2853822887648406 0.09316258675748183 0.2975862985207131 
3.7225426261790435 2.9267039233329015 -0.04940901158251254 0.6451336884571328 0.16446791085682289 0.6784551501710615 0.33411584927984006 -0.44359572459754215 -0.03951083092187928 0.341470246335935 -0.07197863488807837 -0.3857120184943687 -2.8525720416889455 -1.794988807438506 -0.003870204433592539 -0.16989302391449765 -0.13075831961241005 -0.30045406230362753 -0.10284139785798461 -0.21217545256817472 -0.07730550467319333 0.10242615368258164 0.010544417627451749 0.228155179240335 
1.9508323595006711 1.403263067142646 -0.44218669141882305 0.1935105198081306 0.42900194899050803 1.006533263001698 0.39680992563834083 0.33353900025891614 0.004947983667093675 -0.14581307718206404 -0.024497386924211995 -0.11391955719799352 -0.7746764159527985 0.1716714153368383 0.43788244740698196 0.8894404416369356 0.2275731242791504 0.306139234546654 0.06937752310101557 0.12949592493952278 -0.04809080502830135 0.19965350849261534 0.07730916641019502 0.06249628123410883 
0.7882045053486628 1.907100664674374 -0.3072635999341946 -0.16978747387732024 0.3026766884434454 -0.037692532096088804 -0.08435937846662805 0.16763068757400812 0.07093747465489092 0.02904814772464609 0.06913906726349534 -0.16497786426844344 0.6155878149557535 0.8342320585805197 -0.1211389901733065 0.5155508918330738 0.1834794112600542 0.3990923264122142 0.34824629229121373 -0.06674934655890698 0.07207331428803505 0.170056252481843 -0.02207334971657232 -0.22388631674221204 
1.030060817824216 1.5429350449750618 1.0605657600029805 -1.3974692623140808 0.2257578153657117 -0.44986658299031923 -0.0843488458730356 -0.5848625611099743 -0.03462473376432733 -0.06492404285327369 -0.3696588167344024 0.04596987267258612 -0.0369265096535667 0.690883771402293 0.11296197305739286 0.01417670009554542 0.3859542260988804 0.19070930228483682 0.05340890338780855 0.20677253717392918 -0.12697959545570295 0.07179318075315914 -0.187614999861245 -0.15412331681191646 
2.3361649521500105 0.3541717586751343 -0.43736826677349483 -0.10602909598098287 -0.2843482561109416 0.2093780939304275 -0.4700436418381129 0.215853095763624 -0.23594441507027394 -0.20914302827398923 0.16682212916673378 0.20600221679697767 -0.2658618338200662 1.0221379895100735 0.30883429385491007 -0.23169820165714947 0.32007143932257004 -0.1351408419917045 -0.1262457672051329 -0.019477943164470306 -0.023540131224958488 -0.03895045163126506 -0.16453406758579084 -0.10767319108613228 
1.2876316650606974 0.10707620593538714 -0.7160202771713515 0.11910123057332567 -0.43534825702893976 0.3108700431339295 0.4294253471606576 -0.31088981535767934 0.539327714896785 -0.2420970314422238 0.4895060817079038 0.16296035270504533 0.5296603408217843 0.3338252888284818 0.5116991891731656 -0.21041311795419962 -0.12555876159373516 0.040935141323890055 -0.02404681212642243 -0.28440933497550674 -0.039396022121100965 -0.1516919947834031 -0.18678258989343124 0.15589317028494457 
1.4570045831906207 -0.44138388433600895 -0.34547346291175896 -0.23297811534957513 -0.3269845933269391 -0.012638319183099656 0.037490826631924046 0.08907814419127158 -0.14541835600078978 0.23448599691291633 0.13315882079971475 0.09954646897372382 0.7658682769840048 0.11419231121360725 -0.10819482244044797 0.02970758758540326 -0.1350417963374286 0.11360250887576413 0.019271908043088076 0.022350329903274235 -0.08925396700294212 -0.23019909044725498 0.1729915419397635 0.19011304256808667 
-0.11934002016144163 0.9392369999951882 -0.5204792094473841 -0.7027553987671857 0.623752268754916 -0.4616638004052258 -0.2659756437287868 0.33175291960272224 0.03830030306423349 0.1683374289034828 0.2075206071294009 -0.3684817642706206 0.186413423800411 0.26561446435499797 -0.24393148225113004 -0.07052558223761955 -0.1445556192299319 0.007513830705128455 0.3099306867741885 -0.11367056326138114 0.08636472761787646 -0.1967467628868901 0.32237816087060056 0.11474929949096198 
0.7420459638090655 -0.404485571995588 -0.21055433331413465 0.21577645593306305 -0.4087731299905837 0.25483748907271275 -0.1801588705226549 -0.1725192614263995 0.28233119185482813 0.2762370128949224 -0.21115975936330517 -0.09861585241944926 0.2111903237782601 8.448428655842832E-4 0.03287260959824403 -0.27948326498744397 0.022039701682911805 -0.13342419171022546 0.037238346551674906 0.13986376248671148 -0.19696382479649086 0.06887730271213405 0.090601903704375 0.04892296818100788 
1.085870703350242 -0.7082163432998172 -0.05168539521677351 0.10630069164486522 0.039212868992678285 0.15459064689063795 -0.3915418645846185 0.16092057723529962 0.06635875811534664 0.3272677492274435 -0.3054691108223879 -0.08220638507125405 -0.10984481762497289 0.30770134579363706 -0.17382116897307576 -0.07893095813027888 0.09308701283780312 -0.049649982847908634 -0.1476612320434921 0.07964644278065496 0.05403792709639118 -0.0026005558897749617 0.06961924372544112 -0.12470463701856227 
0.2208282500999985 0.3798082587147409 -0.6784881988217963 0.20094363440673124 -0.10083399849455565 0.07950703229964484 -0.011441102595184827 -0.24509697208515158 0.4314438908631262 -0.05161107138546617 0.11784796866248415 -0.1903601251689831 0.3858998483818308 -0.20227536489197698 -0.06502538264471332 0.17839399060104402 -0.2153428599964052 0.12732677189779462 -0.11970198423392238 -0.12337007831477896 0.14259075554875425 0.12915318516527727 -0.1122725182364912 0.01284665937324217 
0.47080328956801054 -0.37601395274088745 0.234951230225674 -0.4585461136131832 0.19052166449349262 -0.22504862347496596 0.09264916843795445 0.12910244659013342 -0.19836982772908907 0.340063138713002 -0.16584098805981712 0.0515042831598331 0.4611664118575458 -0.07702795072475421 -0.1505185523658746 0.0754533590914364 -0.06165264269644429 0.08576815898769068 -0.08334111662913712 -0.20150162456394247 0.10812117291246308 0.20512872184267705 -0.029628632887589518 -0.07285742417533984 
-0.10811987444531113 0.036239327400878096 -0.15879649810121843 -0.036982113241044834 0.16160105224822474 0.06267680856213081 -0.06314843433217421 0.2135000388405205 -0.013076781869216791 -0.11762023734368862 0.05584373396488301 -0.20401116465471936 0.24900766507927763 0.13976800074190354 -0.22809497754411015 -0.08525549291900686 -0.02792774935361501 0.21666524660633876 -0.22110621983064527 -0.06403924768760512 0.03272065289301088 0.1302013148558763 0.1273643948083916 -0.1592561057862861 
-0.13315446994974067 -0.30534802546862316 0.14002441152056133 -0.001096511805555922 0.09295327171062095 -0.09429871820367708 -0.11566484882871242 0.5361269454642908 -0.0357444242558711 -0.2551138333214764 -0.1855810948108188 0.14319140719763362 0.12932377928015448 -0.1489099853921451 0.10772620333890694 -0.232236651235002 0.08138722352233844 -7.876668129419839E-4 0.07382588897100417 0.01227742409538963 -0.11952965937152367 0.20225205241403307 -0.03327999599422867 -0.11646751016297219 
-0.22421586537895877 -0.07482870714710188 0.05326014316309047 0.22798531225993818 0.031733445957725204 -0.6358636601550159 0.7560345655300844 -0.25649147845941495 0.25196923044748454 -0.14462652993585584 -0.25437516238718977 0.24156463017097501 -0.42238038960083496 0.17103302818689445 -0.07715928406211776 -0.23088383017373448 0.185494617016674 0.2483982198679965 -0.003543667436585777 0.06824742513545728 -0.008611475279338551 0.027827508569278486 -0.13038919046899447 -0.1243065884278735 
0.1408799471943709 0.12625002070953784 -0.19425570042320128 0.10568012734133125 0.011293797071727063 0.12658461132243337 -0.5384199984061874 0.32726593295393225 0.027696144227131292 -0.2531898722330136 0.08910844809890528 0.17811891623590248 -0.1244866678319898 -0.133501449177562 -0.10831141266215605 -0.10279636888738786 0.20350196006364854 0.10126379565154466 0.0524437954724755 0.206949978016248 0.03362843619199033 -0.1119572098586591 -0.25234132747846766 0.019971473194547385 
1.022004085785138 -0.6926587802488857 0.23982141005701618 0.602281057706715 -0.3540530614823503 -0.7929595158049141 0.1588601427663206 0.11318826968932794 -0.018962640272702336 -0.2020647435957555 0.3096665339170044 0.15144484610976666 -0.12559556687354956 -0.09927673233277456 0.11149070004621027 -0.28871882734703763 0.1915112968846575 -0.09026436966368294 0.14958435629289588 0.08825066404463945 0.1449181784739192 -0.12412168299968855 -0.11765375698225805 0.10282138000105497 
-0.38280444203581965 0.4040713586149547 0.3716780160600666 0.12014472213321925 -0.32465935476028696 -0.319542177333362 0.02559097613574296 -0.26956286265882456 -0.001163797471748662 0.10947690308445074 0.2894220394724871 0.12833687964459564 -0.45285907977881834 0.12014383203935027 0.01675776215986517 -0.07947864059282998 -0.023165989177161544 -0.13185414307641077 -0.21139269664169136 0.03775196681250398 0.1518505084826036 -0.1532830427925001 0.03699054645369596 0.14962868977416752 
0.4144130298567852 0.08409082089851339 -0.5641788152171743 1.0869094969051072 -0.3748238687802403 -0.14200715683606946 0.02527600938043159 -0.22282907278695485 -0.16835533412483308 0.046405131404477606 -0.0015706871272065381 -0.04200849153653646 0.1740175372130016 0.2515546288944508 -0.3159137540694174 0.15346203927040403 -0.12892327431055758 -0.7006090521198596 -0.03254584011441791 -0.17265388419293803 0.13843438273617983 -0.0014917573311057086 0.06821412489557344 0.28019670071735936 
1.8032527144950024 -0.6225562759822125 0.15747112573429844 0.10180182952062511 0.09117716825215672 0.1966708610672434 0.1625501582118312 0.3820187037545617 -0.3531590342946141 0.08242431864437016 0.13375541925992285 -0.17404048426344854 1.1190856032780079 0.3821346367669278 -0.4504042885285598 -0.012814895910397528 -0.3580682927574142 -0.523729099819506 -0.19143277945772064 -0.1172246217686937 0.17525521548965384 0.15772070295743432 0.23448782776116758 0.0858267188627548 
-0.5930771041192777 -0.9340088496336545 1.2946661174281526 0.15106638620180002 -0.17520150005689938 1.0507611213543622 0.1880180720715302 0.30535913906144885 -0.2582681700698092 -0.18406317938239808 0.18285746933656621 -0.5379565740882892 1.2533860213273602 0.014370089825559132 -0.2892900892682339 0.2284438230094247 0.34649666686670044 0.4111339644540382 0.3245960624902596 0.2163654159785021 0.07802085499478083 -0.2912991178943407 -0.015471547354810303 -0.1586813801072769 
-3.2363161848818116 -0.23328271641974485 0.7934684153230824 0.6265109652160654 0.6497343391502852 0.6552609830299401 0.5185182831633556 -0.18198310327694533 -0.4819730259682221 -0.24845105039441442 -0.5062555220429019 0.11883076433220761 0.8661941969805392 0.2382945314726054 0.4070912377632314 0.21420925246915545 0.04375858985361747 0.22128329961540313 0.17620494600646816 0.100190851114541 0.07670384151646793 0.07745394360588635 0.3064312237815732 0.0211029979555936 
-0.8259605844368885 -0.15365622835939785 -0.014307192206864494 0.1392234600291129 -1.693592454829406 -1.6047041111795326 -1.1264962405661094 -0.5899244172067076 -0.3380109032723715 1.085740169606892 0.36484942558863676 0.28760002448746613 -0.23869964872839144 0.1093530840512947 0.9349850354973007 0.3393510387196639 0.2834826889062991 0.412902292026942 -0.024243070417378443 -0.1986465316501935 -0.581372214331401 -0.3573133045248898 -0.08411387066371012 -0.24583682856107048 
-0.6788881362878101 -1.727616181037157 -0.40931593273788736 -0.5349044648004977 0.7190968760775576 0.8605535784879814 0.2911924765112466 0.529087928545017 -0.5433991922427368 -0.784839186667934 -0.8765342302108321 -0.650127777418107 -0.7911969564909525 -0.3078789797884056 0.48641176817558945 0.544537385545679 0.05501296837025086 -0.25345987484654303 -0.5468864710436959 -0.18457800709958497 -0.49853783605874263 0.10052559209865912 -0.03171268243049238 -0.035844205371255364 
-1.1556921822311041 -0.5149013694788325 -0.9088968150332648 -0.28627901494891006 -1.0603308352394327 -0.2905920524554845 0.37441018664972003 0.5457632181010481 1.5165615560616508 1.1560708023290311 0.6203384354116617 0.5840331824700795 0.803665209675704 -0.3805423097677507 -0.5321597699688076 -0.15588066796509223 -0.981031397386822 -0.7362757207731438 -0.01134410604139983 0.061058608442649175 -0.12318986286566058 0.5935118175959845 -0.11764524648822931 -0.0410528193603773 
-0.6978595165118464 0.8709767935051893 -0.2184720777904856 -0.7943499539319601 0.16806462424454605 0.758584578207545 1.4087244826865286 -0.19609289963206827 0.08635425254099466 -0.5851931430514613 -0.5388619796629373 0.07814680145466701 0.38333616880611165 -0.7237971821718743 -0.338209853068397 -0.23497197693996222 -0.012332692819201796 0.14305236668002927 -0.17918926412382674 0.21691542925584983 0.10063507227273127 0.012057309613356493 -0.08957620366338315 -0.1140809928119048 
-3.227470523351982 -0.3113257863273189 1.4867501902258575 0.7365882084901207 1.525017863247566 0.6551075512801172 -1.651229925529551 -0.41050982844611256 -0.28331803706725545 -0.7946183049892979 0.5489490397793773 0.046621193132211025 0.3302285672071739 0.3099236212478133 0.17013616908350718 0.13411103085533646 -0.1571542488207338 0.2287607823504683 0.10365292179813035 0.26632367464936074 0.5471731603182467 0.12339251567321334 0.16610877497540785 0.17974764491006434 
-0.7930074721457063 0.34198757390270895 -0.5925098761622575 -0.34142214570012647 -0.5365793947083364 -0.04145332341990726 1.8415803249723623 0.3564781640510478 0.05463538750352248 0.15433343815116107 -0.5721109214045405 -0.03917880431345838 -0.07681987284720138 0.36224432703619747 0.35286690477887867 0.24715096753619678 0.4158224876120489 0.7203334608192707 0.47046267259441965 0.013944767447419524 0.06471678555646095 -0.2808834560758353 -0.01853029403364903 0.12298218523983401 
-2.0988039060356956 -1.1801776234210322 -1.2322864230979005 -0.9150760116308362 -0.23654607930079008 -0.5768554486931632 -0.15297649988758788 -0.5294933376885922 -0.10909849237435332 0.4161299647080799 0.13863658135623974 0.10345305062394916 -0.6453004245540918 -0.09653830673628594 0.11048999855720631 0.08748995211355977 0.10915686445392891 0.34481856439712555 0.014296424496709426 -0.1260479804815474 -0.19344066731189025 -0.34470702759596245 -0.01469073394436482 -0.008902384863085163 
-1.0317332066283855 0.21866973094345354 0.08244551453475735 -0.709970746480072 -0.19862086731742257 -0.786434304263627 -0.7517902479177119 -0.17843544735308703 -0.19490587647483926 -0.3479169096726442 -0.27811486835042143 -0.3192156830107041 -0.42942286507558897 -0.3113452606511786 -0.6835214338458896 -0.3207557961749153 -0.3887441548509514 -0.012880941811325153 0.7216698924792904 -0.10164927180998651 -0.19278606087568037 -0.09775714077043811 -0.3920181554207433 -0.1669724904501569 
-1.1722063824483673 0.039948055361166634 0.8178024992057311 0.6583926525394141 1.0285680061903224 -0.00685765148939943 -0.3974339125746422 0.23509091870059706 0.4217745968575961 0.4906279517104921 0.4460232150854122 0.21334678707008936 -0.7122083669368346 -0.42754000302900447 -0.5813185340943824 -0.557534158611492 -0.3182538022730735 -0.33284635603593443 -0.08261261412833203 -0.19627792430768035 -0.07826795061423975 0.04308948692102479 -0.0536237165622919 -0.048633684640178726 
0.03196236128739649 0.6659605164651454 0.43300996422359517 -0.16588908926050583 -0.002903972901038554 -0.2878093965878137 -0.20120064612198174 0.27913385128641277 0.3675570255145888 0.41035586696126924 0.4502502279931032 0.40679179881394223 -0.27212585994178645 0.22191440824867534 0.05097889450387231 -0.40452534538542323 -0.3035895789357362 -0.5567274458187182 -0.4738661026422038 -0.12229372391035535 -0.03026875066202095 -0.03761100447536366 -0.008578500805245174 -0.050384730083264134 
-0.4940265891830826 -0.12120300709486465 0.33638695434082777 0.4854856355938567 0.6203568803102384 0.1723711655767335 -0.18043345840045688 -0.16944421408530108 -0.1555260915263481 -0.0922748843719512 -0.06467481712864687 -0.11364963636783781 -0.11655094500313501 0.3679052283683257 0.40796719917432717 0.10226884022719718 0.12035427562873047 -0.2507498877184732 -0.2882776479957872 0.06657031002066581 0.2153835595289553 0.279896462086379 0.26343563131782116 0.16087599993005128 
-0.5544455234356684 -0.3664979625745568 0.17021660345559209 0.5900587981489764 0.916253432429828 0.794133624659461 0.561307832921807 0.3907132907709281 0.1845507197031957 0.05636752179466842 0.0029696501723436297 -0.004563281041948086 0.14959897265450164 0.4509081773846773 0.3667043552721923 0.11214392619679825 0.10774092849075867 -0.0662743291677619 -0.06997457249773786 0.11214406282013185 0.16881495716020042 0.1997337180356331 0.20406725937377598 0.16288245104382237 
