0.0 0.0 0.0 0.0 0.0 0.0 0.0 0.0 0.0 0.0 0.0 0.0 0.0 0.0 0.0 0.0 0.0 0.0 0.0 0.0 0.0 0.0 0.0 0.0 
0.0 0.0 0.0 0.0 0.0 0.0 0.0 0.0 0.0 0.0 0.0 0.0 -0.01200631298314588 -0.013037211146429714 -0.006340059306507939 -0.0026509656489495104 -0.0014279643906765689 0.0016336630455562329 0.0072041199674396 0.01250728350295686 0.013530004041765112 0.006005157688974139 -0.005822299488250693 -0.0128520781626242 
0.0 0.0 0.0 0.0 0.0 0.0 0.0 0.0 0.0 0.0 0.0 0.0 0.0016015808717000368 -0.016674888318328973 -0.04960800644972885 -0.06241660493641118 -0.05191564661623508 -0.03144240119209544 -0.010960687746738343 9.285847607014194E-4 -0.0010529818087696152 -0.010767373579219438 -0.013273956174538018 3.5163955232053734E-4 
0.03601893894943764 0.03911163343928914 0.019020177919523817 0.007952896946848531 0.004283893172029707 -0.004900989136668699 -0.0216123599023188 -0.03752185050887058 -0.04059001212529534 -0.018015473066922416 0.01746689846475208 0.0385562344878726 -0.024327309513819895 -0.04082960408764776 -0.04974487815334442 -0.04952521235399787 -0.047337793343620316 -0.051446745788768324 -0.04437182905098693 -0.010095837044510817 0.028635749191734016 0.047125574184638475 0.04631653013254892 0.02957771472876844 
-0.02281421208981893 0.03046884823534235 0.13931393038942463 0.18327336633580926 0.1536049932626904 0.09677769814462067 0.04368824319137443 0.015975170972331032 0.023453951488956515 0.04130985727111952 0.031088419291238012 -0.02033303590089791 -0.057475522185365925 -0.048286544970987354 0.021105888470390004 0.07463214910544987 0.08933085641617748 0.06450240773589282 0.008795769188182867 -0.05008232185079333 -0.06801011316242314 -0.03056233717189237 0.021337969275812455 0.04690921161598857 
0.08438903458636915 0.1072543881452721 0.07957766926532095 0.056938953894088984 0.06521088339951575 0.10595138829399464 0.11127136555727357 0.022299925647366936 -0.0976342233196803 -0.16203165118947518 -0.15449380004326577 -0.07856662623585636 0.05534828689470572 0.11347641537675941 0.1620557011579623 0.15079841502510502 0.1039727959351357 0.06959427600403222 0.034059452011246195 -0.023709741989486832 -0.06287415808872963 -0.04349337371571798 -0.0054062915056542205 -0.002410707395927932 
0.14824151873763203 0.11078825755997057 -0.09359641108406858 -0.24838947578996984 -0.29845606436227545 -0.2489334119230101 -0.09282917029434479 0.12033607747426123 0.2325524450844619 0.1636951005769535 0.02196644142657156 -0.08216620448610124 0.22103417890752505 0.31462749832452946 0.3043161237117996 0.2632764028750459 0.20899266081771606 0.16247586278343187 0.11617691315510319 0.06019123904417045 0.006870188925661704 -0.03161561903121827 -0.059480737257969395 -0.07822397135940397 
-0.215553787148405 -0.3414773173533032 -0.3506917548176165 -0.22861092706557695 -0.08160396582089446 -0.04082826211494994 -0.055532009193197784 -0.01857307779137518 0.04348321534314087 0.05127202642731454 0.038246761914047966 0.07670494096825806 0.5644516633334855 0.4815855515965346 0.25381551117737994 0.022018923706422572 -0.13914969330831212 0.010692723507370125 -0.009138237991133965 0.027892333304119516 -0.009049469811920141 -0.0740212418152985 -0.0809957789560723 -0.10270426057316058 
-0.535945337945007 -0.6890477939889584 -0.5584997287045055 -0.4637809018094955 -0.3999655645802527 -0.31726006500120263 -0.22144080889869944 -0.14416204444080927 -0.06771533461943918 0.02950487555637947 0.11316035008648934 0.13670309457525678 0.2770545373853204 -0.2442021150243321 -0.35563917513211146 -0.4499515561972183 -0.47240569119097114 -0.07257168942573246 -0.14947717896575535 -0.002471953449177694 0.008435089323166297 0.03174646936980855 0.10008764486968703 0.019680802867893404 
-1.2668725270727679 -0.9375842408698671 -0.44941720545660035 0.09857789578458409 0.5334147134334407 0.10803654431098053 0.2029918988328528 0.07087198669254363 0.07964807596803067 0.1271271867667073 0.04289658249499223 0.1201115059529464 -1.089044553651262 -0.9802190703396239 -0.4341448419548824 0.05843062425476044 0.30100670325460116 -0.1143746946528904 0.10722911161532156 0.00536537308522526 0.1486713025661514 0.20254020445549828 0.0010801156111518533 0.11969829301762595 
-0.15726272345614767 1.1414480643912488 1.0226838396317577 0.9378707813766046 0.8112516695834705 -0.10565074685877796 0.22634041258989598 0.0830294055798349 0.1891647468025181 0.03052811229783145 -0.2806214034729617 -0.16291189558212563 -1.2379563295018696 -0.6422844814186677 -0.31533711906559814 0.07398937575223352 0.3508853836716887 -0.21915463181621128 0.07626632791747794 -0.00426231428150405 0.1876643672990749 0.10764302425128554 -0.0872178251873666 0.01986597326829186 
2.8622385665609515 1.683931964475465 0.16115098687889917 -1.1047286414229083 -1.5902326926665595 0.1964911627725089 -0.6011099547834602 -0.14826492205737304 -0.530970733066292 -0.5568602053099063 0.23189729186031793 -0.13258244300592856 -0.2781562447291408 0.5170472056800139 0.06981450722732714 0.09333588533921594 0.37268164315064456 -0.08799453026626998 -0.06149174578743986 0.034098522518524466 -0.04905124113973055 -0.05469437003318219 -0.09868306976706386 -0.016381459838009937 
1.1133681037437424 -0.07295245240562132 0.08222753232453917 -0.08409576046244993 -0.39079801254531843 0.29597652121666695 -0.048188865842976714 -0.021806647221338793 -0.3253990319995025 0.0485694988408297 0.2803134709659263 0.20345214924981866 0.9013353924773737 1.196231443776241 0.5540308750136101 0.11522237183932427 -0.1116378236602213 0.05291063243979136 -0.14117010219159312 -0.15970233214864776 -0.2248694141300216 -0.2473837864861166 -0.008020836579536708 -0.017396643215603955 
-1.0677192064852905 -1.881525599511474 -0.18863257348497253 0.32955351068646355 0.0163946250459015 0.17120650107206803 0.5247317754116088 0.020994445537557083 0.4840836887882326 0.28218960359475476 0.05847835457673975 -0.013926136948995943 0.27987900163242124 0.7117164491511065 0.048905958025029915 -0.45347655905759776 -0.15996145727107192 0.2521558495854142 0.07142599394621507 0.11647214473316651 -0.27459572347634303 -0.2734110842176447 0.18740990486620732 -0.040046121173260125 
-0.8962900143651478 -0.6645174849440041 -0.464517005227137 -0.12493741019605409 0.342851481707904 -0.2517403133279316 0.08692985406714099 0.47750671822831314 0.35624577826532067 0.35315456730385086 -0.1698494250925625 -0.17005011896378008 1.4777288671510835 0.2707926788343307 -0.02855431040569023 -0.08100140492927548 -0.26756313253540026 0.32264309026660415 0.31458259466787336 0.022683894469740683 -0.007729493874788125 0.08852094108090418 0.11636899227609139 -0.0364981237769627 
3.0274306207181327 -0.15543486670866358 0.2878053815796475 0.2761218606166871 -1.477173067979955 -0.2861179687114344 -0.8829472965771643 -0.7473380389816986 -0.048005967769674585 0.11108051311151729 -0.10525097470905959 0.1743070546206512 -0.6096817494272829 -1.9409227859640932 -0.5002279150263583 0.637093997778528 -0.10570075836374167 -0.2849357423674095 0.10863064738037886 0.24434652716949215 0.38146956555503336 0.20168069098298802 -0.10158792481012742 0.10073108958805499 
-5.36739341131122 -1.7483758553100186 -0.07032851399070017 0.1856242793602647 1.1586752315738107 -0.44329051469139424 -0.2880971138522104 0.294307911629067 -0.03616572209618449 -0.13143877916026409 0.013071158780551762 0.2188299247958832 -1.46010208329579 -1.9372599514949336 0.14247202956106195 0.3663809927591642 -0.26354172660632386 -0.12910658449735465 -0.08640637433651686 0.18664215655490193 0.024340057719569912 0.2808941851690696 0.11403518196116673 -0.28580916410125284 
2.996877740269594 4.483171943563812 1.114956925975884 -1.73700932742728 -0.07441497479582682 1.1217888288560278 0.3863533172301479 -0.6204457326712964 -0.4641192576961149 -0.0805557961221518 0.2717818370705649 -0.5105594275929926 -1.2536916655801724 -1.1278069842536398 0.8130644612629462 -0.634814123159897 -0.42561879077892045 0.19142560132383757 -0.6779848042574433 -0.008478595227005633 -0.07153724202746402 0.30772931044170976 -0.03792549050130506 -0.09508160042106566 
3.4992926757464913 2.8279589644045586 -1.305508866108441 -0.2175147944515632 0.4320976149348116 -0.5683739586195988 -0.2885013298269645 -0.14586590459159376 0.4912822500698311 -0.39370983358652345 -0.7004713768658749 1.0298106144468002 -2.3043608601250676 0.42641568878149066 0.26265794675214776 -1.2492685427395527 0.2789529504906167 -0.26253478199096586 -0.30922719949968747 0.007728965868435633 -0.10141862119245097 0.1678742153848177 0.0724079105181303 0.3159866214425089 
2.3551625739297943 0.9398186761949674 -1.5337978261503207 2.3821337670022924 0.1629721126763058 -0.7978530507188447 1.151209224182543 -0.5018153451903513 -0.09711822777029033 -0.6809718910004822 0.3652967646180689 0.05406151105838963 1.1822330054495092 2.495671429854419 -0.8011610242826498 -1.0738612707210178 0.3037963895037648 0.020305486034625602 0.10254710987692779 -0.516089286651303 0.17930620924275634 -0.3145692871104842 0.11365543277637992 0.22096241521770232 
1.8665467522338837 -1.255946287970068 0.46607502181595883 1.873858360364136 0.20312283636589445 1.3041347710689395 0.2571565311706545 0.21180582028328754 0.08458962651825608 -0.33485337787555197 -0.25091003654759114 -1.0114404088573345 1.443688342410649 1.685009855744546 -1.3878096178078045 0.6310475341445443 0.38696190725121465 -0.2271885956490931 0.2803181903753587 -0.2738029473311309 0.3066495912800696 -0.6448993518978328 -0.20750054480669963 0.2712316600800194 
0.26655168567737064 -0.9618897198121306 2.632648054861633 0.43888790732792327 -0.8713167540226625 0.12461800590788186 -0.19411694289944503 0.748986264845172 -0.7986915736485963 0.8337238373538152 -0.29396513141771674 -0.15282116159403214 1.0998275412551115 0.8991272049734014 -0.6553719772866763 1.4518849426787819 -0.025545976618529826 -0.15113848174265435 0.46347396844008454 -0.27752364679558983 -0.0895028980575136 -0.3708726677108995 0.0670447007078121 -0.23651706703550532 
0.21253309264075604 -1.2762164048255307 0.7746970468089955 -1.1390344670480115 -0.2116436734693481 -0.34804369998568285 -0.4567928174120468 0.05014213238403728 -0.07787985083122462 0.7836403579298261 0.2516612055721168 0.31955697053295284 1.0868879627058288 -0.4250342182998139 0.4417856582298163 0.5509889358412556 -0.15567501038537546 0.4012392680329655 -0.1702606404552526 0.12227135281590466 -0.09078794426470747 0.07876707901617562 -0.15921983820575747 -0.297111279411914 
-0.1173132200389766 -1.7474278802975056 0.2780070932131897 -0.46707464732797943 0.44699329744951655 0.4816516300364295 0.11776199315364 0.4115874391460433 0.2526252050769908 -0.1276007557704728 -0.08712295856522134 0.09811402246976184 0.0251929741120908 -0.7397617333128164 0.976278875356007 -0.10030225532707211 -0.48624781455878213 0.10704196526436312 -0.33759079557253746 0.39105491318876245 -0.22723578532903652 0.3396003156296354 0.05968245246843958 -0.06207351286306404 
-1.202184683025429 0.41192544717206125 0.3180385279507316 0.6738728301683206 0.010992841785931295 -0.07809984509423096 0.6119989845098699 0.013691174685137864 -0.1687049300504151 -0.09049231836193483 0.12332839164343357 -0.24557416265348941 0.3232492417665129 -1.2482403205737567 0.24333120015523116 -0.21675410385588978 -0.1364920545987605 0.10992428429545968 -0.17348967984932076 0.17497407942258528 -0.05706445608899724 0.261610061646618 0.052600923018174615 0.05411298928660894 
0.8983316511741908 0.4133245541275228 -0.0678593117772559 -0.1666589752990264 0.47610843202604436 -0.33147981733093346 0.284259542857209 -0.40595299587166567 -0.07157167805189157 0.25198922861078954 -0.40884608185869387 0.3159649435883811 0.3341682580033156 -0.8063306634144026 0.24805279354824794 0.28327751551997227 0.4178032254760873 0.24840213964210403 0.3614083434564968 0.08698440419131437 -0.03666869843914546 -0.14241857541955513 -0.047526694095519816 0.001694830126698114 
-1.2650370682653662 1.3881283396832256 0.21763664883852485 -0.6389799914948187 0.18327492303866944 -0.2712508291883804 -0.019572552715868996 -0.06600988837486413 0.2554119590002083 -0.19098481920065902 0.2547199981643292 0.04829254211381638 -0.5069885869550896 0.18172495063861924 -0.0784910986517584 0.043634570541941864 0.13605334517257636 -0.30750486941783006 0.3700459589513021 -0.09898241532143053 0.09169429162045602 0.0790347466110582 0.09904010872879108 9.531333322207181E-4 
-1.0883918014289549 0.1834626636901202 -0.4159503478754507 -0.6604807830563266 -0.8925574196051143 -0.16697929684280788 -0.6506772686029809 0.19048475810210122 0.1505728558691155 0.3499012209075547 -0.01023867953910973 -0.05390382029398541 -1.6140438921267544 0.4562892524964117 -0.1629373984548527 -0.4087389241329949 0.44213821427359806 -0.2927482495263604 -0.011773788235108976 -0.03601473043025264 0.26035961052987155 0.04822937002655527 -0.07341828443217402 0.05365706028100153 
1.3121428041414127 -0.018318459525095143 0.7275573419551042 0.7898800224211451 0.2871657320837815 0.7621645029151964 -0.03067048661394156 0.012419543662545995 -0.5548600718722867 -0.376552554343492 -0.37309563570273174 -0.0634991807089683 -3.3685207783146343 1.1894111985273697 0.3559388960783676 -0.4756967603756052 0.8475505050345024 -0.09872257344128166 0.11197882742833332 0.006120676357683499 0.2558053071697988 0.012878636269680036 -0.25303452642941215 0.05350099190834982 
4.451873391351064 -0.25231980375755203 0.1659925370290125 0.3451277901419765 -0.9022516153173057 0.030057265196359317 0.3251298745115722 -0.3371235205996128 -0.4475144942052587 0.20008498610254022 0.12531658837135867 0.2108896241567689 1.5944310243515971 0.061305530626623916 0.537417722987402 0.025817341981397252 -0.3574298774055777 0.36404829050102405 -0.11628078521036682 0.05273619862276622 -0.2178362410050373 -0.04946002353726605 -0.3137222116432972 0.029184366931077593 
6.070392670288527 -1.962214022175047 -1.1411514818488095 0.28530600303284537 -2.3545294942087422 -0.07360138988411902 -0.8434126065581455 0.1794322219029424 -0.21296028747200113 -0.15471261060719188 0.9460459434973315 -0.24460715583661022 5.482027408784437 -0.9261538928267198 0.37148553521293576 0.47152264580150316 -0.8200365202216692 0.517744695568922 0.24948237183792812 0.0889802715632303 -0.5556613751477196 -0.19123605591216544 0.057439012099177865 0.07310839210787073 
-8.250809807557303 0.9714938531352244 -1.0938491049356998 -0.48564579930636853 1.5005798257578806 -0.8412412219462223 0.10453614700022154 -0.05123017688639564 0.6331316866840846 0.3873613196512028 0.2713571657907504 -0.050902933523397254 2.149921509472757 -0.24472069698342777 -0.7641866412062139 0.25723690558181395 -0.688997338772336 -0.2769641230991608 -0.17021960098843691 0.010259514655207339 -0.11545435246310627 0.25551468081781276 0.3742857384416372 -0.12803724039041617 
-8.782597822757715 2.148236390508676 0.24302155729865316 -0.2093011202591919 1.5458595722111954 -0.3554203402202787 -0.6688207383720506 -0.3974679428837535 0.5718009631262007 0.10351744661867307 -0.6184329607099612 -0.15192807819249743 -0.18077817434398882 0.4639205632748076 -0.9557663214348056 -0.6953833817513694 -0.37378790474908724 -0.27074038285502516 -0.39714855840881436 -0.0711798078308193 0.070933115062549 0.33286058821606157 0.18920329945278067 0.18886925237811558 
5.428604109455915 -1.5733829191491302 1.766465941073923 -0.17927936495744667 -0.7854541322102664 1.0018591096619216 0.7484927433838354 -0.07945198217188687 -0.49353206211504075 -0.6955740849638304 -0.21530117484990652 0.548661806505961 -5.502854666542677 1.3109717263577083 0.45117716305052963 -0.0508297838888363 0.20087849296506874 -0.2741188580181148 -0.0842837979872441 -0.4282167760709703 0.4704598285866453 0.3805857936416945 -0.1481526632359669 0.154517356740436 
-0.2269797651861154 -2.0815373258572922 0.29598995945079576 2.2182729311124927 -0.09014880097740707 -0.18293040712311553 0.02605477047649067 0.4070825480381459 0.13757224173991456 -0.6118266729478601 0.6217652154593181 -1.110997282985636 -1.8486321321069006 0.17573188562842787 0.8709533752942162 0.18596308667259898 0.10797668708126655 0.18120362007765656 -0.05230193443426908 -0.07795761445546896 0.0013810694568649289 -0.1193119305486336 -0.28590624317302704 -0.09366228953920719 
3.9799451632849276 -0.8465344677549167 -2.47386479516336 -1.546943473325702 1.7159485334569757 -0.1051296144404594 0.009949786537683247 0.8311449058655654 -0.5611334383827082 -0.39672400149061404 0.09571606741401145 -0.03492040134813601 3.619454097410969 -0.7648945100339946 0.2666682323631475 0.565152730137145 -0.22775157498512746 0.36733538288097267 0.2327665252273604 0.06293816869477975 -0.2292457492163754 -0.30284570653061 0.0805505638877267 -0.2563936559370679 
-2.5123719533515203 1.2576165079262855 -0.24967320046535435 -0.0833583260928612 -0.028771821866225178 -0.3455368384020578 -0.14264345664616732 -0.6188935435360727 0.6014584428894396 0.31202819652796565 0.08377714767716093 0.4208498943521726 0.15454729358736627 -1.2358878937966244 -0.0506501549124511 0.4829101303124697 0.5810967907188521 0.004426109544147776 -0.012336764707590528 0.368499208549558 -0.22310862013337784 -0.4878759823221561 0.19035324849269322 -0.5730971389504023 
-4.287062088694288 -0.9482763059389354 1.2392928239425554 -0.7239219267662045 -0.13288789681047497 -0.018843823341525345 0.13454228126308315 0.24472155753088323 -0.03773791504067714 -0.24896440010991333 -0.18795883262200805 0.5519191856482606 -1.0037700776788683 -0.6729749456535034 -0.24575897444042857 -0.5052039950380731 0.9117772893749935 0.058946120541991893 0.0925250347332111 0.2532714838643054 -0.39581351486731986 -0.3237130413885477 0.21062907332728087 0.03898007843121564 
3.4428819800413937 1.6769972746245907 -1.4086383853648086 0.3580317668953348 -0.9090209580002382 -0.2393516313050259 7.688172365623025E-4 -0.4052034034431868 0.5452003404690325 0.777921473328258 0.1925429199992481 0.3148743403673724 -3.1266366284968927 -0.27240271788996856 0.7252799154631354 -0.07922683567453588 0.1865476962017866 0.0654992941255146 0.21701868796286652 -0.2169423011842937 0.012550307517211498 0.04869044323532504 0.09284185079232771 0.29900628451484024 
4.013628429625076 0.9626999858564407 -1.1571052793923469 -0.25202653470558056 -0.5792587666009981 -0.335060579614951 -0.3393314546033148 -0.035514615773793834 0.654436157429455 0.34146848427488286 -0.5905540387288748 -0.0988728596493828 -1.746431976375529 -0.6056151830231751 0.3732271414237258 -0.3146860191111481 0.17302127532750036 0.012647286370723413 0.3143249892095301 0.16621191977896108 0.04642195786037177 0.24301623185515978 0.14601565185853196 0.30392295522566487 
2.7171926729794755 1.1193365156985031 -1.2273138951873088 -0.0816255150995655 -0.36522947557632346 -0.38392634264188874 -0.5567626526015679 0.17205144666914685 0.21772048410273903 -0.12925957537040755 0.006549198353611174 -0.15077293654352641 2.0708409480246224 0.07645389081304572 -1.0500177302668672 0.4574970790994359 -0.37690968792985363 -0.6940682669788069 5.875067791774047E-4 -0.03616688739671298 0.5720657493097502 0.5036049119766249 -0.21200801916280107 0.16368902255812354 
1.3150784939632576 1.1473996225936336 0.028949154582628034 0.43996477156468994 -0.9238474640049334 0.015501673214735834 -0.529666951446442 -0.5425416268621668 -0.013263860438645692 -0.52442257132606 -0.5330089273747856 -0.12702604157328473 2.887267618085858 0.20613401887012847 -0.5761915515022423 0.490530266982734 -0.38767063280780495 -0.42579192773265073 -0.4030955425479031 -0.2681290869078346 0.3435495046854427 0.43983204789559327 -0.3507346393647284 -0.3162199884294068 
-1.420365896201564 1.355285783816857 1.1483875884483055 -1.360455123538108 0.39400245449129034 1.6675720432165513 0.0941740453205937 -0.04318923570886135 -0.8371468985261677 -0.29994773480114545 0.7997944218106067 -0.16211613634504723 3.2478120079911244 1.2879183342589249 -0.5101291334408486 0.08899909078679137 -0.6606574995833059 0.18622829518210457 -0.272929412452342 -0.24964979976322424 -0.043161465260887766 -0.24904755718272645 0.0013348333936494816 0.02370736883946703 
-2.5793951400419797 0.22632329518687833 -0.6163813667034268 -1.0842025314345114 0.20413716678860983 -0.08343398934621887 0.5444868240793137 0.8764929861387141 0.15122133468758026 -0.892683579696528 0.06502726763681263 0.8554587055395979 1.6829166094740586 0.8305551314135653 -0.1943639660657348 -0.14913201729192616 -0.32910861170646183 0.3995926449176082 -0.29797482008907766 -0.2001478089914341 -0.1926544065117015 -0.29762570581176456 0.03404923780093235 0.04392849004741567 
-5.079006533991278 -2.283880323374894 0.6257387657782645 0.41346086403966104 1.0527507077768226 -0.893143396907725 -0.27505130300741976 0.21148353945837917 0.26496228232228936 0.8020136003630058 -0.2964733993331364 -0.7131374166183688 -1.0590843583080498 0.9027450686334818 -0.14003927663830332 -0.603123673177964 0.33337475326408866 0.6544200162616142 -0.011873579918337929 0.3134862627501959 0.03017203905492764 -0.37419305697791766 0.26519641906613023 0.09522667385442411 
-1.9043510155640604 0.4753172819488132 0.8733654641148529 4.028296515838914E-4 -0.2658957555283141 0.09708145852404954 0.5488701829847977 -0.0694345874714847 0.01364476867223019 -0.18252612147284197 -0.08702273020571105 0.016699128421129056 -2.1394930344079417 0.5395849570152937 -0.12217097837868396 -0.2793373579508695 0.44766637766042194 -0.3444859444807544 -0.03754171948511601 0.3261248448073009 0.12436940532938368 -0.2917408687741885 -0.3265405311935486 0.18267088154835776 
1.4193651164836258 -1.4774464154645557 0.8236320029540756 -0.09338678454726357 -0.3711053441425136 -0.3859457295034254 0.12760310562286548 -0.5106842371543497 -0.8588747326832756 0.46755270702076446 0.08023016353347778 -0.02841636934908512 -2.5909398469420086 -0.4433882268579337 0.3937078582864262 -0.22156206591709782 0.19508851847958023 -0.29397726241451416 0.0030847232246468126 0.004018162456130884 -0.2164474911906239 0.2105585217184864 -0.10718870096159959 -0.254019111723706 
0.5898981379443926 -1.795648529814172 -0.34881505015528047 0.007233366711559386 -0.4269339402329879 0.6964250103938947 0.45578477821951907 0.25920234002317577 0.3400316262022117 0.14976947329715817 0.8562970797841513 -0.034914462740117225 0.05872674515663423 -0.2864179330015781 0.18201094606619916 -0.27349102019058075 -0.38021710248480695 0.06761547130296285 0.5013358203449544 -0.02869128696795666 -0.12112794015933054 0.05141241050542019 -0.004105178655645747 -0.12759349544865375 
1.4466884300805214 0.18176726308039992 0.05570544805405264 1.0747317932609668 0.5480042446904188 -0.3108833855991051 -0.23776277029872084 0.035110588342656276 0.7511113271291703 0.004190237822546572 -0.4465672014432688 0.0747267141333724 3.5635211785950127 0.5548598366208576 0.20766011799869002 -0.13443680336066172 -0.7164990255568794 0.004505159669041507 0.27614664683958484 -0.42417765387407264 -0.3084616921936159 0.12615010101167135 0.14418738153641872 0.049655212893058936 
-2.094192907832411 0.5049642416810696 0.7112959033662669 0.236816601319211 0.4152007575096406 -0.14329612733699915 -0.7724543400892724 -0.25625813931611774 -0.42796444075600115 -0.1050821183899936 0.18869148824959947 0.3479080730258616 0.627105269672927 -1.2649544952028666 -0.03839411997448224 0.3935065938485709 -0.12492824014441532 0.13462429920488808 -0.049172967872641714 0.1940513743784964 0.4015313226386721 -0.12038722529421701 0.3020255298185246 0.10171540863488006 
-7.929152896413012 -4.292332311074749 -0.3294038278027682 0.19513200823089577 1.3573243836568105 0.020399360354896978 -0.08671727574149324 1.0195789641375148 0.4505083773766786 0.21652819982932633 -0.01852918530850245 -0.36879327591125133 -1.9964608315747923 -1.3027304720679018 0.5148224076246334 0.8142996048207195 0.7286353504320843 -0.025022189184463972 -0.4340456162336219 0.3426438138730526 0.28265747728623797 -0.050447529856574365 -0.1547463557657995 -0.04380603545603282 
3.396502992172378 4.236264742872002 -0.04107805230342332 -0.7334865223191177 -0.45680928928293785 0.12691073980222944 0.5277809345588305 -0.8151859710097427 -0.7142608668375585 0.40476216817641936 -0.26379851773880564 -0.11830069362244555 -3.9181054024424884 -1.4753496597038904 0.49525102328454046 0.37619241902755896 0.8802348677160502 0.21448952356034623 -0.10841742701639127 0.3914126798549458 -0.25164402945752967 0.03602244935179607 -0.09225716423552123 -0.012696849699798266 
4.690722974802504 2.224308428688639 -1.1125747969850026 -0.8830154593820272 -1.2018967832095449 -0.3709202516153275 0.41425644107809345 -0.7133569374296889 0.0462871083112352 -0.0993893158909368 0.2439168688483323 0.43924920382562443 -2.6255021318084384 -0.835046895877999 -0.22258050189396003 -0.1715072296023857 0.5422854486939865 -0.42013122543688136 -0.15458756544693775 0.1238150623456521 0.10303275894502735 0.20834252156359026 0.10904653818521899 -0.070125948669704 
3.350185363887295 1.6726928509110461 -0.3828716818962372 -0.3526869219570043 -0.945893262205332 -0.5911048920329256 -0.6976889174498919 -0.5640282280973534 0.5290782821493094 -0.055190708585250214 0.3342399538777458 -0.018022617743181535 1.8588479873428767 2.1346081001130677 -0.2134004216864901 -0.5786631291275254 -0.5212078312002562 -0.5759205620168456 -0.14576445666657278 -0.6154894011416644 -0.07999737577348694 0.30450304163279657 0.2868796286973043 0.1292563556259357 
-0.02948768684515457 -0.5054056774602742 0.5092344926755188 0.5192538968569962 -0.024989975963952027 1.6398008525831185 0.9897803466036812 0.5225549056443639 -0.48025947395183743 -0.17852292648060963 -0.6446880356724352 -0.20855446784177134 2.4697420632714144 1.3003642114328395 -0.46278751660194706 -0.47109568036723964 -0.7982276480540683 -0.7199184019503178 -0.29160053150253123 -0.32243812040587877 0.38467441290613197 -0.029944842592827408 0.12944735737513868 0.16215473124894184 
0.18006436096757739 -0.8027025043927445 -0.21178143207421374 0.30136818694394696 0.5183608006950342 0.8493118737535434 0.6773123517957551 0.41332631087822413 -0.2109954483855614 -0.469180151427134 -0.6801349515703348 -0.18216792466655474 1.4036986774213658 0.26147251560100226 -0.4945883680507411 -0.14796807645932117 -0.2608898602708856 -0.1269803620860189 -0.09768876481866322 0.14494283160952773 0.5034664020879122 0.035978664459855016 -0.11569404317046526 0.011986784742549328 
-1.1334427135518812 -0.43908652795798453 0.19024262790982682 0.20324402726921598 0.4606591295024769 1.0686265713423913 0.6015574009628635 -0.2347198456998414 -0.7376992651397254 0.1974399333084873 0.36276224944695656 0.034857663540485584 -0.19488497464324142 -0.5357243129214835 0.3000152996236568 0.3566435031223134 0.3603074355332341 0.9121167563527447 0.5499838493044472 0.3818729612063076 -0.44066235945597865 -0.21358829405210752 -0.5448175825790826 -0.21349680228028797 
-0.3089331550234391 0.8551157293568945 1.260389354638832 0.2492222422148493 -0.40604823412588953 0.07542333484549468 -0.21051115017349342 -0.620219347253834 -0.8526010285204831 -0.35110813185936374 0.17759694082944566 -0.17568903766195798 -0.8853613928137664 -0.41204932858280596 0.581347004534187 0.2786876528789604 0.3752827472914766 0.7737284803569467 0.5509463408185237 0.08456029854181202 -0.7657895634485493 -0.29562239323631884 -0.15950722347198573 -0.25313285767424537 
0.799665995080078 0.27285814442935674 -1.1268967995519745 -0.5246036401453952 -0.6437077651531924 -0.7096051470210911 -0.21625945032503635 -0.10629114890852986 1.1625303944835594 0.4032059458918278 0.5608987658649225 0.4286964954967942 -1.9312162360953622 -0.0842615193101303 0.7697599796439286 0.08451302872207288 0.1406874521389839 0.5130336344646439 0.486951119027308 -0.42511808374270926 -0.513639116975569 -0.14838261533305927 0.10852603474347249 -0.06731189782668981 
1.8695941850928968 0.07747314516200277 -1.2972527319458738 -0.17077093798562867 -0.05530399385156093 -0.5827577081355557 -0.5666182450158658 0.09543106685713232 1.136258412148444 0.3148040219901522 -0.3006815393633605 0.38031123237802705 -0.6593658044256238 -0.07242111895062475 0.17483202893827898 -0.01930278162802181 -0.37399638804129404 -0.06686432407980882 0.2249525905931629 -0.5158461660245943 -0.10017908410952407 0.18788048568857643 0.2623525667039183 0.3391006337542683 
3.5709423246760377 0.20251932206985224 -0.8402162677296061 0.15970153120323632 -0.13677534705163907 -0.14138381056101512 -0.6812424086978743 0.6828091984728031 -0.19121163454748202 0.30963170238290716 0.2763233853129422 -0.041206777999437505 2.3926655947601443 0.33628324695326217 -1.1929348750249096 -0.3516374758808866 -0.6824033933584733 -0.1584755201819215 -0.2674100633105623 -0.28961132901442654 0.4572255331373185 0.1492996632031203 0.21072265875675386 0.2757892314352767 
0.28352609345545243 1.107548497388521 0.5925530019128109 -0.035021998575401 0.462474720947216 -0.008094361145116857 -0.6528774427665631 0.5327689771292825 0.12480723832360985 -0.8679624671706327 -0.4671730690063193 -0.958039302176647 3.265872763906781 0.6163318313327116 -1.012063793619797 -0.1315817942763006 -0.2984441831876765 0.1540865744868667 -0.23208917067201254 0.2761192421141256 0.4871877341608248 0.04546918710645507 -0.040509232432551355 0.08095700181335534 
-5.585296743381633 -1.251029272543689 1.507004958593412 0.4624343177921507 1.1446130575228395 -0.5215102599705461 0.6291003384819991 0.5438738829986747 0.2965793819840209 0.5466902008628594 0.011976554416140317 0.2705040684683011 2.624461439822269 0.04953440939610069 -0.1505129968744213 0.2404316297665885 -0.081210994523686 0.412087117704422 -0.2655289686610784 0.3521248358123987 -0.004769098434475816 -0.2533980191061807 -0.092324975043744 -0.35336432981349947 
-3.34990457259861 -1.0447480515293615 0.5653280357520076 0.07260805154881589 0.19933435342422934 -0.8549542068913902 -0.5255221065897648 -0.6634590017481802 -0.5692002985997817 0.05986721143081092 -0.046980426617305504 -0.018415196295908265 -0.29771032423654614 0.09869090272018743 0.43180726525656304 0.6111920784649237 0.5750774389324752 0.18053052322359253 -0.01709035723757113 0.2987137849661171 0.20831419800865728 -0.3168449430309808 -0.1295042126334118 -0.38178546136930686 
-2.4857266617637372 1.1300643683404914 -0.3750647940259406 -0.6154083831586377 0.23842782028091225 -0.9542152408011444 0.05166682919696175 0.2245486804743384 0.1700994292176412 0.6059109204007275 0.3432019892496674 0.5490741585006915 -2.4462109075003764 0.09769025464893118 0.44711499380226716 0.032390038143745414 0.5197076038036695 -0.5852698558118067 -0.0161064593329943 0.35596833450631055 -0.07750692812660005 0.32337079189080614 0.04922974794804552 0.0025020825051461637 
-0.37312797464385705 -0.37907103121413144 0.23816608245279802 -1.3296768834947779 -0.8096649772292461 -0.3333334404005953 -0.3128896164113311 -0.2037097765069007 -0.4368953793191722 0.052962002153375765 -0.24427314852284743 0.04803203691507835 -2.3777898468127545 0.06608130696803653 -0.13045033253129348 -0.46540022904752915 0.04875393555216593 -0.4875235609692637 -0.34976002008399415 -0.21531825854524297 -0.1873605177553417 0.17849254617683982 -0.021196288195180896 0.06774751291992104 
0.26494768014212 -1.8769385466480972 0.3292409538362153 1.0664066708827113 0.08998991143856871 0.9734889242194766 0.5711034713917651 -0.7539057331408968 0.46294770672351626 -0.41996957017084147 -0.037066328475225285 0.22977420434736928 -1.6311133507049422 1.4357628274031338 0.06604213015962834 -0.4363927858552115 0.31233479979088713 -0.602416468940291 -0.07778125941614067 -0.17775464983901698 0.2658820519405216 0.5962614647248787 -0.072582793575609 0.5410185997154964 
2.4081277968867245 0.26050948506082316 0.6045261594148101 0.6279012116707288 0.1272915011889033 -0.35623560649390973 0.2640396325648161 0.4717229806951664 -0.1535428840866941 0.03732981818607595 0.20674259683068352 -0.06200775797901026 1.467150263850276 1.3636041922570208 0.4261882890217987 0.09983646516654192 -0.4210962502040219 -0.1977325008027303 0.32484163402536326 -0.12093384835951342 -0.13905386608072706 0.09425214978635588 -0.37059652485743183 0.4073276170588654 
1.0169855045857983 -3.497014372006387 -0.7563712229858317 -0.2850190731757565 -1.1670548183008238 0.864485249066386 -0.003454017042689883 0.42009625139035583 -0.7692229742201626 -1.175057381790259 0.33544249729972897 -1.0189617431987534 0.9243177342291468 -1.1283425258905988 -0.29131350813431967 0.09226800591904509 0.08129862072759024 0.2889454080036368 0.30725058575329056 -0.169250767784665 0.05189724036867397 -0.2551012320766292 0.07022861435783863 0.08685124065021504 
-5.150597678416525 -3.659845695306049 -0.49759269620157465 -0.9534734069651698 1.082146138252516 0.31436589958414096 -1.0001357742701933 -0.42790922369398676 0.5963515593948484 0.1477494586040169 0.6812620131619709 -0.5495828404884564 -0.29195829257211425 -1.499652287765625 -0.4314075211668871 -0.4750434504587149 0.026700485488542574 -0.03996908388204865 -0.10156902343238661 0.2924532268040013 0.1704836495931544 -0.05467904589173752 0.21578794861235587 -0.2632707032490747 
1.2713572151063044 3.4682666212071354 1.7542409060473667 1.5802899624435254 -0.6313332692760083 -0.22864805283045908 0.28143941754939805 0.20366267240767483 -0.06769123612327688 0.29012430585007576 -0.48501187971438486 0.21300802365144722 -1.5497168867472662 -2.209547573740325 -0.09968336695597031 -0.6144135906248919 -0.5121239922017021 0.20478522497823307 -0.25341830049159353 -0.03699468001185626 -0.08656654437503682 -0.18187288078790234 0.350694643424484 -0.45481168565070634 
3.156816819342814 1.2768258517509379 0.6434426583988722 1.1203770452372326 -0.22067072978913216 0.3102382961006588 0.4262999855659319 -0.2974199102254971 -1.0157597019146 -0.5312238879588789 -0.030394060499327136 0.11181946834311352 -2.039064465525599 -0.9775002426639712 0.7130981043930871 0.017064278627038593 -0.1411155712112883 0.1303443003875344 -0.29593428855093573 -0.38698660469226276 -0.1875224590001929 -0.0462980289337955 0.29448319685060037 -0.19549145053527117 
1.5124289159479272 0.6632925756860955 -1.0278387994181442 0.5212964725977178 1.0207255923251066 0.25219337587342794 0.043583004514028134 0.46583563469167977 0.29653228955967204 -0.28995206614510405 -0.36081339614307395 0.014772159337580665 0.8868256067259833 0.8992895503431 1.0205727954747734 0.8349358038595639 -0.25196394432744856 0.19134751187575105 0.1103468015357811 0.03891051572424422 -0.5462805362203116 -0.2933151063451391 -0.03329407771725577 -0.0421222915981333 
0.8460598677394611 0.6751420554463845 -1.2458471566480804 -0.4751694979233818 0.6794634210858232 -0.3170877159304057 0.006595297900298919 0.601964109240799 0.9768071735539525 0.5766817314029933 -0.2642868191754858 0.13600944327429043 1.1874737220572615 -0.0035067593211718004 0.21748618412235063 0.7123306051773524 0.23453422304187585 0.10447583983783604 0.06902874444724375 0.2631315997954802 -0.38364958108520275 -0.3656243619310207 -0.05760293108921349 -0.10988183809151582 
-0.23374112926996915 1.071239868330112 -0.36283257285347725 -0.12674417755485923 -0.32550851173114026 -0.48902758244218003 0.16025135677487123 -0.36276088449820587 0.5748669348033815 0.6161168152045569 -0.2681832672245382 0.32727991098025866 0.34781442102073107 -0.0713910181483423 -0.2738651222869121 0.42296429489797455 0.6487490592232514 -0.08512838504170628 -0.18181445115285655 0.5792563937164376 0.2763274070463866 -0.10206926735316894 -0.2728945412539457 -0.06031761233598956 
0.4674806757799779 1.083372483392445 -0.3415190072505131 -0.6925944452185357 -0.25115634688663624 0.36742125574495466 0.16087957609377912 -0.6725164500169947 -0.003978281280846652 0.11261475715935282 0.09609966830904546 0.285211106796322 -0.2943154641135018 0.3560688701538943 -0.15803717137589088 0.011872381840547877 0.4056479283553811 -0.029864831829316724 0.08681331875566245 -0.08377365609993508 0.5132562132827488 0.19178646199298988 -0.1783948326894009 0.04560896327484789 
0.6582752488654755 0.6733504161580921 -0.6584075072561913 -0.6388839384486289 -0.46021170135841794 0.16532404516086663 0.5118842188758578 -0.634693266828736 -0.042057204162088135 0.24828922303622303 0.2776769838764974 0.12112416458453357 -0.18772936946809557 0.21874179921810052 -0.27880676865131976 -0.16230732319744084 -0.43792587945128175 -0.04803205648981377 0.2744811553998601 -0.27385573814363345 0.28492132616803195 0.3384246950853856 0.09276936913575691 0.184083659751098 
1.2829980710122442 -0.19411982892928847 -0.6239481753190508 -0.2547167629981406 -0.4701287691666811 -0.5546690342439788 -0.42966108941718173 0.9892512687058693 -0.2544993968115591 0.18523614150819054 -0.0020324466578009737 0.10226042664760931 0.35990350367568763 0.11268325786788551 -0.5551402427939713 -0.21128573719191124 -0.44418547040818873 -0.23912397777009645 0.43400373740014403 -0.13574976961582755 0.04104769138828152 0.18529867610167572 0.136553556771111 0.22882306199105837 
-0.07831171848181562 1.0537606268366773 0.6148023171347509 0.14123895092726574 1.0977553377627274 0.11611373202172803 -0.36792177666922876 -0.3720775294287376 -0.15463648593535811 -0.43546796222601886 -0.4974253171483858 -0.13349572819867905 0.8431170853275495 0.39359326885358925 -0.43558573514579396 -0.10922093889994004 -0.40674801034275304 -0.627281893460236 -0.179695037997855 -0.0816764584822815 -4.122194112981907E-4 0.07310457053251973 -0.04240834788168877 0.10280709257062097 
-0.2439363515734394 0.5551176044494959 0.6872968089359297 -0.4487986783307494 0.30241654477735747 1.1093983456248133 -0.7012286383341098 -0.3965750098695111 -0.07083171455905624 -0.10140267851455334 0.07399014850815411 -0.2739481327852468 1.2100284098470662 0.4419162177143893 -0.46698302293465344 -0.2901974918805792 -0.07493318961488286 -0.339319077078068 -0.3468330868181488 0.37258935687594247 0.012840944747139482 0.04633818414220816 -0.15926744645416616 -0.004147585642798546 
-1.1076087958243315 -0.8820481070920678 -0.007272793946299538 -0.2141801640825044 0.37375967269782184 1.2151360356071783 1.1867531073278867 0.30324924790579877 -0.132654387054445 0.17229492145003578 0.3668907299385862 8.071665890987401E-4 0.6457154271235631 0.8449290359875469 0.25350721025285655 -0.2437798657592157 0.481967221499007 0.6698362089800826 -0.19403338189826821 0.07030129872709327 0.3462464047468338 -0.008714520410979273 -0.01805026735383536 -0.16529845889515526 
-1.8324386198576967 -0.5519641151080839 1.088038449025435 0.793585270148482 0.11666863221042023 -0.08622295480249997 -0.16649927096129313 -0.46618019058922644 -0.3040132804934341 -0.25765985275646125 0.04361186916121153 0.047551736182116056 0.5396647211692791 0.6004867956623183 0.5523455580379867 0.1941409260584194 0.5220148126791226 0.9437279460241097 -0.22631242155439998 -0.39258630538331857 -0.19218460153380432 -0.047629889806876984 0.18616737765172578 -0.08247213610092059 
-1.2212068657103763 -0.9274856213471736 -0.34609013366857133 0.25138657396529723 -0.25527237045082507 -1.2955842447048629 -0.05318631466083246 -0.5481788352501598 -1.0767849172086708 -0.33119581387212704 -0.4280853754134084 0.20164971400310527 0.036540838887484904 -0.20454051561766132 0.016576442554315285 0.17680519002056724 0.12049351276929492 0.6168642852452498 0.4189934479547673 -0.39278479384515697 -0.44134942222137347 -0.19163542907518824 -0.04320025079400047 0.006252822880556129 
-1.8061314801382542 -1.2236240254099062 -0.8003311953168945 -1.2640048255299083 -0.949111871685687 -0.46642535229149507 0.5976783373234498 1.2068979478584239 0.9777873551194696 0.293232358567159 -0.08702393177102594 -0.1269529981894883 -0.7365219525788129 -0.26507895347897764 0.28784862933950445 -0.011604323143572811 -0.3250777578092487 -0.3242557407146935 -0.2262789294073271 -0.3939708600427871 -0.44159677222084354 -0.362583069311982 -0.0642317129830144 0.07770258412784013 
-1.2303848823465076 0.06740339491182734 0.8871827005619193 0.2841993136949891 0.5451693863379907 -0.4453556213840736 -0.4523160406787867 0.6450645602174445 0.5504935618032235 0.4717551030137903 0.5618093827867063 0.06930106513323253 -0.9823467774564615 -0.49750503135094687 -0.19547725273418828 -0.3598980088283677 -0.34797178355877173 -0.9701984930609715 -0.39909723995620233 -0.0017049257978304737 -0.21222203007095883 0.04376721386164589 -0.0441103419364291 -0.13238521920101484 
0.3817162461968078 -0.25417176280065146 -0.3921438561083237 0.8119918697143546 0.6916810272437584 0.46142995568118583 0.7119023802696653 0.11911069180533262 0.20713779666314924 0.42861389673652595 -0.25864037098980264 -0.11938169176646796 -1.1059519648034046 -0.48479468544702575 -0.11312444418317907 -0.33845407286203444 0.18463350664459854 -0.1501850424499119 -2.9421651551849354E-4 0.624247607505152 0.43334218600205726 0.2525396599611338 0.17066803312719916 -0.0825579929981049 
0.6319096034914771 0.08030334140103967 0.036247954929708226 0.2930822528282689 -0.0317534692392325 1.151083580491711 1.0869933837346668 8.295701698772806E-4 -0.05479404776763408 -0.5301882245417482 -0.20994612999473278 0.5950197183946395 -0.0019416160050561941 0.21020092008722036 0.3977648024318509 0.5436368370659425 0.590071963662685 0.36389416661558255 0.24084532885343432 0.12711787638509017 0.07025665265769009 0.1410203955868017 0.19510043341691596 0.2202542110224319 
0.5805771713529673 0.22431005768656487 -0.0354904899512517 -0.25308407651044484 -1.2145509638308711 -0.8140898258796516 -0.1710937253367215 -0.3437273796332483 -0.01959539810127353 0.03658504246152683 -0.21315027476190396 -0.1421383458258771 0.8031860524168053 0.26735379133097936 0.0049059880569625736 0.49651560911224224 0.08176386531137118 0.43495719874572686 0.6382970567802483 0.03847292808082429 0.2018392980620678 0.1835189881602737 -0.10510690023091111 0.15644150467105242 
-1.3239904969094187 -0.8024402755934419 -0.4844383898121694 -0.8141732243904385 -0.2719305091127495 -0.8992782304504028 -0.7333539744358963 0.4951299667814645 0.45309020121236465 0.2447083433908847 -0.04623696557799095 -0.5800832409043586 0.7804854218801824 0.39436404336172376 0.0875382930461599 0.07642223893948323 -0.41587873712576257 0.19916468458876044 0.4403822844696436 -0.008105739416959181 0.1170133409254981 -0.09592997211787713 -0.16824033119815898 0.14136815670255984 
-1.04989186085316 -0.6148613282963487 -0.14651864790827263 -0.12392721901301851 0.5664779512464033 0.18173926491506215 -0.29281511098579793 -0.24345829074293385 -0.6523222220130536 -0.5093913517106117 -0.025174252505440198 -0.001154726130126127 0.33607692817745577 0.21077426474905037 -0.090884767680393 -0.3276518503264188 -0.637491064924433 -0.4417462115686463 -0.07584938024107683 0.0048133000980633 0.0836917406826929 0.002703032121887411 -0.17055207176300927 -0.15846817804800079 
-0.8943121460460066 -0.683203095692675 -0.170852845230261 -7.62892738893961E-4 0.3253682845994179 0.05567498132807283 -0.17329277684972566 -0.024987756024402397 -0.08947065858823838 0.030589888897952472 0.2007868524715124 0.10042343843908451 -0.5087729343589112 -0.3370919025915571 -0.27321128968236286 -0.40068020738452076 -0.08464920103643499 -0.19909906542247277 -0.11114956203489217 0.2786745742282413 0.16728124027397642 0.0682711954998773 0.014039224156976412 -0.13651588932712622 
-0.642492788611106 -0.4676313265109697 0.08037104079897306 0.3231663086430393 0.399272834086344 0.033672202937049464 -0.2235761834065764 -0.09810841852450475 6.098097509492917E-4 0.13553517334233073 0.1749940315023722 -0.00698715135359626 -0.426868148900246 -0.2799056831448475 -0.10143232207339903 -0.08016188847819362 0.20370328937999962 0.09373199494180778 -0.06537235764080995 -0.04697899382014465 -0.20584211288983575 -0.15954617590585593 0.014811863759061156 0.01588148624977568 
-0.001371229953711861 0.13522043128854 0.22175063488129626 0.16432063393509488 0.06561965257658511 -0.22794750319397822 -0.43452475212083064 -0.41356869201247415 -0.37521953549156606 -0.2825685056352184 -0.18843878005282638 -0.16761936031124489 -0.2771940403713655 -0.1650836763427356 0.04113963580086074 0.10334445173694147 0.19633059308988152 0.04300024488764695 -0.08342775950471415 -0.03259875449517161 -0.04350082717353424 0.012388708604727206 0.07458855579448943 0.020395965049630444 
-0.21575787219856934 -0.18435604235241376 -0.03852342174385415 0.034016683084567956 0.08524239911782082 0.04235452235066431 0.0339179495721844 0.09176915871153599 0.10807855510811751 0.12582637327354151 0.12500297247954573 0.08522221449571153 -0.13944721604921728 -0.05563600394058924 0.0966984634501431 0.13870127625626813 0.1315994030813249 -0.03379841465596147 -0.15000546770334403 -0.11643200923316556 -0.08817318144096338 -0.03499693641397298 -0.005167096723021865 -0.052145344967985056 
