0.0 0.0 0.0 0.0 0.0 0.0 0.0 0.0 0.0 0.0 0.0 0.0 0.0 0.0 0.0 0.0 0.0 0.0 0.0 0.0 0.0 0.0 0.0 0.0 
0.0 0.0 0.0 0.0 0.0 0.0 0.0 0.0 0.0 0.0 0.0 0.0 0.011405624670998074 0.014306387834315685 0.011873114242904437 0.010560656662566966 0.007700906817089829 0.005217640881113872 0.005595753883266126 0.00496342048282263 0.001466370982863859 -0.0011458168324216163 -1.5063901061151963E-5 7.229506964183211E-4 
0.0 0.0 0.0 0.0 0.0 0.0 0.0 0.0 0.0 0.0 0.0 0.0 -0.0025905694869064653 -0.0028811286302886374 -0.00266595635388688 -0.0030732004376964697 -9.394741877437792E-4 1.1044125356289107E-4 -0.0020888991672855703 -0.0031791338823314954 -0.00176996629771356 -0.0014088574136723968 -0.0033849079076807933 -0.0030793464189486594 
-0.034216874012994225 -0.042919163502947055 -0.03561934272871331 -0.0316819699877009 -0.023102720451269487 -0.015652922643341616 -0.01678726164979838 -0.01489026144846789 -0.004399112948591577 0.003437450497264849 4.519170318345589E-5 -0.0021688520892549634 -0.01645657313110238 -0.02332478171781635 -0.016480662987435325 -0.01574938495118411 -0.014967280535502678 -0.0098880684299013 -0.009434220919290007 -0.007262651203796914 -0.001884173033300962 0.00233391288937553 0.0016134834111454454 6.865457083792409E-4 
0.024880145467216508 0.03010296764233944 0.025807540426017295 0.025060586306939858 0.014369782788866081 0.007495137560982135 0.0146603283267559 0.01698253237122843 0.007509455367436468 0.0025078469923847657 0.010132127871450652 0.01032246530147346 -0.0030152365163470898 -0.0563264495362906 -0.007000668255908425 -0.03850459549261862 -0.010402626213716524 -0.020334414593546124 -0.012012858179649394 -0.0017095090641605082 -0.0034923673342010983 0.011070939705166876 -0.002136402883384505 0.009118944516367147 
0.03692964665969889 0.05492286133227933 0.03653821874929733 0.0347178617000824 0.037716950212074996 0.02591663650921283 0.020972498594492073 0.013296687425776527 0.001897791416184652 -0.008255662164318972 -0.009906514169161662 -0.007220869775874453 0.23768819217656892 -0.2933576966072544 0.1837862204647378 -0.08437979753794227 -0.005564119735649899 0.04312895185376478 -0.053568342437850164 0.04430144848444916 -0.025906330633346603 0.007479294726375897 -6.382857390537418E-5 0.004874179213890813 
-0.026527550787305287 0.12005833619125862 -0.015076775971280043 0.08231387063396423 7.980433094773309E-4 0.04021846420436115 0.017158694416802955 -0.008964947244640684 0.00732864982021518 -0.027366262784708717 0.011385061586326073 -0.024830824705791697 7.650671859599593E-4 0.14266691021008793 -0.13942968693488508 0.23659600301948577 -0.10364838932279781 0.026067277101953435 0.10046560048986397 -0.0978217595560919 0.09245514117737813 -0.03188384309274618 0.004330781283933012 0.018535905678264287 
-0.7215776024154401 0.7921762420443567 -0.5665358459242781 0.1928307804626137 3.755084953745852E-4 -0.16140144152632546 0.14266858261872858 -0.1348208670938808 0.07341028172505887 -0.0040633787933161 -3.897894325381318E-4 7.852552727051765E-4 -0.23413395229091996 0.31499791820819567 -0.14464329081967078 0.050406981372085345 0.09685491646363947 -0.07156385829970396 0.0944136277660702 -0.018668474566500098 -0.022858543274946602 -0.002400789010139473 0.02103774214773019 -0.06332818380768114 
0.40183856844690613 -0.766524453343963 0.7456336335674603 -0.7637838821327831 0.3439856716156097 0.022952345272890973 -0.34758451515495425 0.3845065882993328 -0.305612213319135 0.09606323458512186 -0.00761857834866015 -0.04928831425760921 -0.2802113452989432 0.5364715501875528 -0.23886537181333414 0.08224735308355786 -0.0456257996585585 -0.02846153563664991 -0.1073612453510236 0.11317899214181859 -0.03279668215200292 -0.003159292112037184 0.0290829793049088 -0.01970174503653788 
0.5251484439153531 -0.4467794985246969 0.09011288643893955 0.30654579396720005 -0.42444161333190966 0.24924127087405978 -0.07989677991783986 -0.12743365664670994 0.22694385281069956 -0.06276804381881584 -0.06351792064485913 0.19499242642307774 -0.3615915103457228 1.1613569354775226 0.10134296844989125 -0.2516436092497843 0.34075422610841094 -0.12220860733535348 -0.1526870038195894 -0.10111550217433125 -0.13252492365538965 -0.028116373649116594 -0.0021961872790692955 0.04746082682256125 
0.19074346194412772 -0.869878444086873 0.3731949732871136 -0.22128569536900256 0.35008400319879496 -0.07971828508588175 0.45052511173815796 -0.3521955288936819 0.028951910733403585 0.011463946064152707 -0.04429981072223984 -0.06282917517136434 2.245419109111103 0.6522592288569433 0.5281287003758224 -0.5570754859418362 0.06100423067464441 0.40487771338726625 0.21629525740666902 -0.18354821334119664 0.03433604054734418 0.00370042650994847 -0.0010410285975157075 -0.041674823078128524 
0.46874448187311746 -2.640217569016756 -0.6843454211337785 0.6765125148300764 -1.024936335621451 0.2565596956591213 0.20167478063094066 0.5368766980256203 0.3037029906649585 0.12258538641451827 0.0245393885914596 -0.13482679473810102 -0.25480518779181277 -1.9049103781071548 -0.426643343269341 0.41639238162608416 0.07679332830834702 0.01263062788813222 -0.07325802815168114 -0.011787137074051499 0.30738173191295687 0.02018116351063652 -0.12222050639814498 0.008921110213610731 
-6.306216777865285 -1.6265831046687635 -0.45152331377364785 0.7224592152612872 0.46122034073644713 -1.1953400072814384 -1.1372560676493515 0.6029960509867576 -0.446999903888297 -0.007714760061390602 -0.04852414717427239 0.24064576555736575 -2.538862837816187 -2.6158550404515752 -0.2046065823516381 0.5291393528515139 -0.0211651328630591 -0.4743238801913414 -0.06515685016949314 0.5696529911068667 -0.05773228349725668 0.025943867846628627 -0.1207875926545598 0.060196777813945966 
4.538044127195498 5.646303966087714 1.7824020597773433 -1.4145038062261972 -0.7103897670257768 0.7691602483074415 0.9337678942309583 -0.5696680353647752 -0.4572254356173209 -0.11372218128795375 0.30525576677559213 0.016491625417880497 -3.037068994581798 -2.264189253541757 -0.2332509284755694 0.6188500307026914 -0.7536506462349516 -0.2622929339786472 0.13330802861883792 0.7472281233363817 -0.2762910540407515 0.08755506759566412 0.14326154597035928 0.02223856994746203 
5.772682152731498 2.834425909715618 -0.24635902011353306 -0.7631955933954078 0.2563061174901352 1.0869530791639823 0.2799491054466286 -1.507882135519084 0.5826129743663133 0.05178612637550284 0.1777047781493733 -0.319078718691193 -2.6371804974980675 -0.4143246166711177 0.4859619164461321 -0.4375393810127692 -0.32038656158292367 0.19734209925022136 0.11587620019294986 0.07848499530374276 -0.20647579389857293 0.2528289223327568 0.1513553951622079 -0.024465113686811563 
3.540502000320121 1.9218456844163239 -0.08717478253712763 -0.43721017294965026 1.3384727147065598 -0.09770804562764723 -0.9068518917735631 -0.6493685787306038 0.6177697136599076 -0.1698302595909208 -0.518359711981441 0.07831973754379226 1.7000525662348187 2.4254206305446906 0.7155396235434465 -1.5258245622867717 0.33301978994847364 0.6056842368247906 0.33267695210780823 -0.43120784652454364 0.017816484286985828 0.1525202255866801 0.013492149764636807 0.03664652883512277 
2.104095778066606 1.4786198861802848 -0.9746206419548087 1.546430541661321 0.3979487846190499 -1.353932158064558 -0.5645747752259405 0.40739133675844363 -0.3650700968311925 -0.7381474879081773 -0.09078259328237942 0.28312705055484455 2.0124400747569497 2.1058573479600544 -0.5154104524023455 -0.8641568152653193 0.9259943281772655 0.18647090831865842 -0.20182354066506192 -0.767329406209889 0.46829259676432217 -0.14251274139469483 -0.1415528024835631 -0.06552834630736082 
1.2721796158234877 -0.9520549137786913 -8.59999323585825E-5 2.008156813105753 -1.7802704704356551 0.17255015644733995 0.3579989782438181 -0.23368123192990797 -0.036833352879525494 -0.176316050906154 0.399023003197558 -0.3945508457105066 1.4353616696671816 1.6071321730831312 -0.8203784350192901 0.09821709213942993 0.6050793122311205 -0.40597022812693195 -0.5489673855265527 -0.408964134630801 0.3108795461643839 -0.4739326050958508 -0.1258518722835224 0.108691940326541 
0.8695231207089655 -2.0461958350670377 1.256327945791119 0.6065913593728487 -0.9623052744705536 0.3924112531705134 0.25299429243312377 0.586262409710235 -0.49496328265693657 0.4825672462172039 0.14367182801056316 0.11394161185803892 1.4323333197381558 0.6916932898943732 -0.9715146919588983 0.997920742585848 -0.37063734053240194 -0.4085752411555281 -0.2795615823381792 -0.0527780259687319 -0.07157157928721163 -0.39496932515193856 0.1557322852317949 -0.09232809580864458 
-0.14829668000260376 -1.137142974209409 1.2584862286477785 -0.26194185822370386 0.20336180755799993 0.24703093313561308 0.33126573097656276 0.48808828868590326 -0.24992233192037205 0.6416101886339407 -0.2580313057773451 -0.16316336408742793 1.3015478340828812 -0.4884749053809463 -0.28540496246142677 1.006955835479192 -0.9269475461405324 0.13332397596138038 -0.1420605328068577 -0.15969738725327617 -0.16149751527721648 -0.01630352633344957 0.2616971908661129 -0.16406760976031345 
-1.4826660332348158 -0.5039159532874757 1.3106373196318177 -0.3122823504314942 0.5180446672194281 -0.16544682294211022 0.2874765954222247 0.2048406543567337 -0.04381086944913437 0.03779736777759085 -0.22945229449031246 0.4444175971692389 0.5284619187067424 -0.8157076569232399 0.5638444862342582 0.21286457610877565 -0.5206810589543918 0.1624619086009267 0.1222410660878096 0.28150795593242245 -0.3656327814746121 0.1974231838074115 0.07776858694130906 0.017137876530804192 
-1.4563693094532653 -0.25777013852563346 0.8289742005315723 -0.5532738384296518 0.260397197140951 0.05150726661951066 0.7669394251698407 0.4361218075066712 0.22208298634822288 0.09497946731400125 -0.199506508150343 -0.06758600908516621 -0.1285966953504607 -0.4060129322363724 0.4576615099172967 -0.1483096472066603 0.04529488456435893 0.09955357941925014 0.09228670305407709 0.23635064500141764 -0.12468282172755583 0.31832964570893135 -0.14761771274896654 -0.04154788756245562 
-0.06182632068593108 -0.038759282139205986 -0.22044949885355258 0.11366362114949569 0.5712202076011461 0.0027873606257844408 -0.331565752926944 -0.23227821749741623 0.3659324026326022 0.16361305545493912 -0.11889633162686508 0.014739304764495476 -0.8433297184210478 -0.13873155631354997 0.5558015831381568 -0.1680256300930328 0.049267368263156607 -0.06270470538263191 0.23053216128349388 0.07819599410311923 -0.006869608749200266 0.03965165836271909 -0.08823232066329491 0.18540772662551866 
-0.47292645022566404 -0.1516825130744266 0.6510451081385735 -0.029985902394217945 0.04088938367406414 -0.13574689690608466 0.36392679598891586 -0.0024042103912746693 -0.08074550277857284 -0.37628659233152745 0.12954385103783084 0.17631944480231065 -0.3976912378185323 -0.34810304444245127 0.18943970286976697 -0.2730427135937403 0.3682512763614443 -0.11919065193813645 0.17133210049378775 0.03468454183856673 0.23559023368688972 0.02094584408232378 -0.06279667494160951 0.024627723401813285 
0.5556016924145268 -0.14076509707242923 -0.26780288358615323 -0.06984942817011275 0.4799964691634018 0.11629437496858319 -0.20261357383779455 0.18951568099634897 0.1282122013618643 0.15447542251219792 -0.12928051209451463 -0.23375830965105554 -0.24759600903545595 -0.22119490923635418 0.26348817543210973 0.003990034266160514 0.5157542468230347 -0.06310988713517161 0.02112015128268452 0.008816250614285648 0.012622681957353702 0.04519847671981073 0.005151368597336892 -0.05128791031071025 
-0.5720096025478973 0.8375419022683319 0.28433178428857175 0.35761082701137337 -0.7987447627245097 0.35232571526252066 0.18846703414390276 0.12117123274408836 -0.3658276140770774 0.036710751538400505 -0.005924393091689684 -0.01722037208283056 -0.5198407457139748 -0.23409202753801125 0.22080793096353016 0.07019482436007791 0.3007302511699878 0.10246432139815924 0.2225417722311924 0.14648241111234409 0.045648648665144696 -0.08974220260902373 0.06259819109654889 -0.14858525346531706 
0.7305032825815534 0.13021323789847727 -0.8275573632248809 -0.09210484635178151 -0.5562254596686711 -0.05191928405300339 -0.307196325852491 -0.3205146909079547 0.47060541240979337 -0.17848104663945707 -0.0666163153541155 0.2653729441391968 -2.0360609595759573 0.20784634249279352 -0.1889318574753666 -0.48446448131966885 0.27794458177279874 -0.10870162730112966 -0.07318963083690376 -0.13025073553199631 0.3309175987932771 0.04468890912144685 -0.06299220992202907 -0.02544698990002377 
0.9991449918327469 0.4151044020541539 0.2684985550673469 -0.22944266638361732 -0.3431904054198629 -0.35903303158976907 -0.25140714469731307 -0.18683625777615515 -0.38888805429797146 0.05941825007137122 -0.08958282062201539 0.3725095783031357 -0.20214253227417567 0.5422517265523399 0.24381608343002567 0.12542820861571066 -0.19984703012339722 0.0028717619035089625 -0.02149636930652582 -0.014493125837919932 -0.13103292428578012 0.17877494076386935 -0.19936528525842587 0.3922036499062866 
5.878207273952077 -0.5530853744437207 0.306909303450559 1.6770707624863892 -0.5816144548073179 0.798078630298117 0.23689240809352463 0.7342716328524597 -0.8530103749075201 0.009054945881372012 0.10152533143673542 -0.35228231514396735 3.5944909727262964 -1.1668651026411634 -0.11227575704538036 -0.4339632816232526 -1.1712755790476623 0.05064404199851139 -0.019073803302333565 0.3364554900661201 0.05007843713554592 -0.07102166769161287 -0.02646750563762551 0.14138537070198806 
-2.539434001410632 -0.44756397121758873 -1.0143497993392252 -0.903261603254844 -0.18650917478499462 -0.08128852762356642 -0.019088224909527607 -0.362742551622359 0.6890790524389196 -0.5933820670136221 0.5081006392881624 -0.8850036921601081 3.74854428904912 0.25724949244163015 0.41533338676271336 0.2886275563414927 -0.3137588178982676 -0.026036314491184116 0.21175260725370504 0.07783769932536061 -0.468369292626514 -0.28687796419116124 0.026165468502470684 -0.030904269894862297 
-8.283680138975646 4.062142732457839 0.15069408511454618 1.5466944669535896 2.8792606621568817 -0.3427236620316389 -0.366134375839383 -1.241928014183213 -0.21861345236528995 0.3609841149778782 -0.28605552839632786 0.46997346726485456 0.0258013526614335 0.6301589623524384 -0.21764184263263106 1.2338948679326436 0.2794327176621103 0.45440649254318943 -0.020333649900499944 0.06771386083196418 0.17984068819732443 0.05177040289660854 -0.04535316618486118 -0.3127254287644872 
-3.1655441688507513 -2.6642581287215163 -0.8993939960527868 -1.0301371876416956 -1.13235151020716 0.2894770580486612 -0.5851515744919744 0.5677504677655993 0.6990213623104555 0.744087558096602 0.025711203787104203 0.05409449678331163 -2.9014113146025586 0.9939776744530636 -0.16163206016925372 0.22015684281573256 0.3043268558252244 0.43356136649507554 -0.08614876178673218 -0.6630286195387516 0.11650189561091283 0.10932774361964197 0.1571250917943911 -0.12267303934063101 
6.113858299687836 -1.3352151827490721 0.902356929705233 -1.9611760491181156 -0.9469914400825661 -0.7505236401675652 0.5809250325862478 0.06588354066258795 -1.3975035944352614 -0.8149910753635656 0.47877954774184805 0.11634487667778447 -2.821655016996921 1.0940291037208605 0.6805892124081648 0.025365114621002032 0.5551082461705241 -0.12260929790246772 -0.288800177257901 -0.5525419364628018 -0.10506039498964366 0.44983344702838596 -0.03395451151931039 0.196796533401976 
-1.0339692769346964 -0.7308180369733237 -0.9052850411268074 0.19020312633381087 0.8136363088590561 -1.1780726380408297 -0.2341716437621465 0.9724375295709953 0.9290184366411669 -0.3333777027018261 -0.34569217416409886 -0.34017027884468 -0.13111329048894968 -0.40539770043060835 -0.137423276582768 -0.6657269671130862 -0.731371917622467 -0.37319038017372863 -0.13594863787839748 0.44311871278285825 -0.10047505984775988 0.03487963575650551 -0.18489381520275325 0.003446872515802111 
-0.8845025339429098 -0.1866646245788388 -1.888128029572938 0.8604289661028304 0.2409420141122012 0.7588790797205097 0.3247761905694061 0.21335426430249463 -0.018430804561714642 -0.4497835957080656 0.0015096951372048362 0.07671625487292238 2.306669429849727 -0.8560833051887 -0.060992681186788834 -0.33054676229134466 -0.4210637628721945 -0.421936075536922 0.3501953735519918 0.19476033401148563 -0.47553536344515096 -0.42661019966214014 0.08344723188467373 -0.0474890906220631 
0.7269761194314706 -2.022340306514808 0.9081183133346027 -0.44375879391290995 0.4677975155628572 0.6543468386258096 -0.049231239848361086 -0.8353410324029288 0.31091014691696184 0.45684491099933544 0.8190275756976855 0.06356819013833634 -0.5587308469399441 -1.3579112721315747 -0.29707588084402786 0.2419149374193498 0.2546891404100264 0.0774433463029253 0.08188176659064184 0.29743506737902 0.1797073693570951 -0.27926749606985507 0.0030496770570096663 -0.17324232383259952 
-1.6866226880444284 1.8787958675877698 0.17863329603489442 -0.6525548021207213 0.4891192451821169 -0.4009251518901189 -0.5621312900266203 0.38549181961509305 0.338156640762294 0.06972821677227403 -0.35392202284306534 0.0569429140524656 -1.2719081232399299 -1.1954489936357275 0.18754931789291648 0.18524754014674852 0.6819704361241178 0.47090136909465113 0.0878508180080963 0.023904200299940958 -0.08539239861137048 -0.1436965896440582 0.2406094481949367 -0.031624250394746777 
1.0432833409358953 2.310185533338096 -1.04743806139864 0.22095019818753725 -0.07451972790598083 -0.8305005611442913 -0.036363203236058794 -0.005936450222363943 0.21160260590787727 0.2446688792675693 -0.1771253463449928 0.18944336306334697 -1.721760296900407 -0.9101677337200577 0.8668157547289891 -0.2957229111571494 0.6882709645171383 0.3269788285474607 0.11495055847159047 -0.11776039026537012 0.04787827152549562 0.31153195759052577 0.24256720086925362 0.049668958930560114 
2.7730682250246677 1.233419436401892 -1.4729977958850662 -0.027668150387638812 -1.5338106725257328 0.08859867232160679 0.054789718238966056 -0.27306062768761064 0.28740016177693906 0.08739418908999208 -0.22224218842626617 0.1086514195946574 -1.2780153991652716 0.8688097410522045 -0.03520978156540492 -0.30595299092957146 0.3908750297271042 -0.44806418344614257 -0.03788707739555123 0.25040153063757914 0.21525647206982831 0.19300498397798246 -0.07351189461486031 0.05984457501784782 
3.662411553598144 1.030851110238304 -0.8665134048923846 0.1309666136919969 -0.5855504191346328 -0.5713515591224354 -0.7025434193959257 -0.15278363795546657 0.19265357183315246 -0.48658394793110094 0.025486055881525055 -0.11129293942443991 0.8292492648114408 1.0232473070119694 -0.8523070101482783 0.20439418717576585 -0.11230014639896124 -1.0870940477228208 -0.06493030350245836 0.029142387604875197 0.2640986579905465 0.11434137825305153 -0.263786026390276 0.1301005023356087 
0.8378594031202624 -0.08796614401894765 0.19380031247798146 0.31029596291576333 -0.4279904983848697 0.8136928974373809 -0.11537994976003318 -0.29228917843109303 -0.29813825840982855 -0.1436603215623382 -0.23469204011174333 0.027777340242815585 2.367616059825195 -0.0782891900923784 -1.3094740378742078 0.23460117427567895 -0.451408916070366 -0.3552187917364888 -0.36184610035445014 -0.3114109481531232 0.24466470402987883 0.08098296495391773 -0.11250383582364387 -0.024462032966517232 
-0.4768600425462246 -0.0988635974873926 0.6760839148646709 -0.5612144199914614 -0.29052937577952864 2.068234469466284 0.2435125412708159 -0.08374933766524834 -0.28792415797037835 0.017171999834579843 0.6204576586685737 -0.16042110426755823 3.2982220120054557 -0.17042248958811315 -0.37478993377674746 0.38449609440494964 -0.5138256614750492 0.38274709021583875 -0.398222761181153 -0.13725777214412507 0.18695792186199686 -0.2682919282585761 0.022539021693668133 -0.1265017804443316 
-2.260144156378732 2.0331443605418755 1.6841256578590298 -0.38538115637294657 -0.32709444599218696 -0.16553796676328653 0.6673000389689455 0.6266550666266498 -0.20630508541093207 -0.4074326796546015 -0.18221648234885887 0.20660160091576826 1.829389474157529 0.8499112657540334 -0.5577962422956562 -0.10729019976098082 -0.5461245338418611 0.6782818108446785 -0.032513729732020165 0.07129792812734548 -0.3774957803150339 -0.3206167653856457 0.18221043455609923 0.14833327853507167 
-4.683252702668725 0.4815633267222319 -0.4873062762526663 -0.6746831098784971 0.9054785390941733 -1.229977397669618 0.10078486978304396 -0.20048244405196275 -0.41413678025228634 0.4501780158907591 -0.06836878808092159 0.1788002715720786 -1.1010541347956642 1.1504618335804415 0.6107886849382532 -0.2793245702706009 -0.29385606004399584 0.5545600219429438 0.1002450603739295 -0.03023926326208524 0.06825435967493464 0.07993105066087965 -0.055548799975634035 -0.008368043196061178 
-2.547112689291074 -2.92791340338586 2.4488841349236186 0.6889009071422236 0.6123791457038625 0.4279533984712965 0.053525075179913284 -0.4478164096197722 0.8974553936762271 0.6016869665665092 -0.4369101204052934 -0.5868331832822178 -2.4044280011444896 1.246849379361305 0.31705315953088326 -0.1610274509735346 -0.09182179514638962 -0.001800669750514905 0.04981490035288919 -0.15050393677324106 -0.18150696733916602 0.05545259973515967 -0.05270572647405344 0.19619570569068057 
2.969786628296939 -1.0697202162648494 -1.538661378482383 -0.26038174093724364 0.12130200850443407 0.10780872102016076 0.2496648420435435 0.5442041902442184 -1.0445674765387618 -0.7271809752586145 0.9144508776236931 0.26140041741961834 -2.1493559080864535 -0.21582388294700858 0.10879287417895656 -0.18198032781207774 0.6631313719095041 -0.07653375765323352 0.3157880823110013 -0.1511404972632257 -0.10453625341309238 0.13682363046511653 -0.011602377508523712 -0.10321788512367858 
1.1266201815719046 -0.9317620060484986 1.2586437303812383 -0.10944948792296949 0.34045920474185154 -0.8290290168566312 0.4434153517800282 0.7058235597982825 0.6534311647498037 0.014889016714606296 -0.5155091357790059 -0.4232855890800434 0.13667545745272372 -0.7700044373838324 0.7076042832138958 -0.017660569836244644 0.25807664445486794 0.41192526907514027 0.5066964563181247 0.19843835400615714 0.40184091909294795 0.05578347854132796 -0.10298458167943547 -0.2592724627803142 
-0.07205141384085431 0.13095927689457687 -0.21856469651834587 0.27043307109033266 -0.9479556061533337 -0.3718849170459536 -1.0415245154500175 -0.323880936971313 0.02148409445020251 0.333106099421361 0.005737852131505794 0.40668012984202706 3.0936894594838353 0.7124090646372864 0.13653689740375272 -0.46792190005199447 -0.5498754370959222 -0.3743555410214528 0.058355988578125885 0.19111898048490658 -0.40301695434129753 -0.4026753531359304 0.14367732732764507 0.02573763386075631 
-1.4362200405803485 -1.218239837814076 -0.3339770557000876 0.47647521063716947 0.3727780196681426 -0.5679755897210671 -0.8209696150276802 -0.6090889080304779 -0.8410931490970989 -0.09580700639746237 0.32640013737910667 0.11834434884752043 2.8848265907042876 0.16345598294989708 0.39449502963121513 0.23544123744388099 -0.5599593188336024 -0.23229918403079544 -0.21054069026605046 -0.20588199617218694 0.16984121219411077 -0.06753770434246816 -0.1784122081140618 -0.05984911163172261 
-5.02986163907844 -3.06370849429392 -1.1519616776529782 0.85042160993867 1.7547689123290553 1.1003486305167374 0.70678935971302 0.6283034827038789 0.9117455434085819 0.536193095705211 0.062464259061701666 -0.0866274531264325 -1.2753723710549056 -1.9373324524719575 -0.29672925306521486 0.5844996479079846 0.25271149522649317 -0.1712510150404952 -0.5689988990139878 0.13876721589661228 -0.09121425574336611 0.1474712037281939 0.057066660810977825 0.15329136263550047 
-5.048954477922166 0.17520393069605866 0.541857132054909 -1.1057674696787811 0.6689749020014644 -0.8682482385455903 0.20088048499666067 0.8473773384772474 -0.3012231963117184 0.11595863160008575 -0.008635714901918445 0.0029155372993542317 -3.599366608268731 -2.1360583900838024 -0.004139393432475454 0.29397685800194584 1.0182375384387667 -0.2545982017376925 -0.21808569133503233 0.24660757081729556 -0.1209070595202998 0.13701066873765483 0.12831495691934278 -0.05394911521219847 
5.560432917994771 5.2462347500553825 0.23370596879980043 -0.691944532475646 -1.854188532999474 0.2920044524877936 0.1545471315797755 -1.4684157079150124 0.025191885287610613 -0.2151903307619947 0.002055795839084884 0.004520447709608744 -3.895440985495865 -1.1769284928712573 0.07670677969521604 0.09403233501203256 0.8402565552414032 -0.21000562164217942 0.12582934143549296 0.2894163682545193 0.26638082603317315 0.11113748582921783 0.18880859687352905 0.06795797293118327 
4.066732505689238 1.03496371026268 -1.0143926986290506 0.36572770783848996 -0.8774558729838926 0.5999911045064823 0.10940857304403917 -0.3005520251729189 -0.03509514147571377 -0.131147299376824 -0.02834050176761327 0.2346177440660952 -1.5068909946224742 1.047708015277302 0.4464681260033599 -0.4425563919722302 -0.20487130078134222 -0.5217789247626378 0.0055874964241128255 -0.1036965724813111 -0.1267796291182022 -0.0604549644753787 0.13646015487112187 0.07463902138613325 
2.098617825603453 0.037197094536541186 -0.6039571013966466 -0.1674229838560633 0.0072146340975240975 0.9962458239172394 0.3750372913828519 0.3340190597654043 -0.020460962108939856 0.3263336037060124 -0.49410913812603807 -0.4063524753033528 2.525604701892378 2.1980552591835227 -0.3607379249222807 -0.2564222128178606 -1.022409375732246 -0.3334038244391402 -0.23668415443302973 -0.7145343486734945 0.18396889593765642 -0.14905551129352565 0.2099922684406452 0.14333031870135052 
1.202626052140916 -0.3634012873764263 -0.3787157108569472 -0.04035906807188194 0.352887220796992 0.3449678500275999 0.07387291582278399 0.2572496720809724 0.10194211474116349 0.026561557792218277 -0.1699337125327226 -0.015565065352564772 1.5531640544222585 0.07357382641890275 -0.7601021463189389 0.1395701949063256 -0.1890233505380492 0.5126821112213542 0.26341123580893383 0.13971107488937165 0.3248057436006587 0.07401906161794468 -0.2504447293051215 -0.09031439952402852 
-0.584327960908201 -0.6487485286756325 0.9980812496805909 0.28036549393312177 0.5978680473068221 1.4197275530446554 0.8823674234894923 0.3962864894785254 -0.5952334306337972 0.15312177453406106 -0.557124404100296 -0.3003791036851128 0.440941388690358 -0.38647058621004743 0.09632161207381511 0.0627713060601408 0.21472436084417834 0.6083368187449704 0.37920202582466206 0.5642735578166583 -0.2314186655549131 0.09262197107967661 -0.3610829765633004 -0.15492376858984366 
0.7487132356782897 1.1572150426120587 0.46489456478914737 -0.2768771157750794 -0.605712527974394 -1.1497960937212883 -0.9344902004360826 -0.7508189646975945 -0.7221261380152613 -0.26659856964468237 0.7545013191348802 0.4525742568290608 -0.21476321069690663 -0.3942231959463527 0.40680100384989776 0.11873363334900326 0.18849512702123317 0.5278445091897951 0.23898550351500067 0.34810931409582074 -0.4998554688580145 0.025913746688028653 -0.12528369990690819 -0.07549024099985398 
1.0027500677636922 0.43630068817244094 -1.314727075441139 -0.23747787818488691 -0.15765857404931793 -0.08138266044322773 -0.2583872279617011 -0.8547672952952872 1.0858291609340118 0.19504775418543288 0.12692227573006173 -0.17565083062463452 -0.7428427504900567 -0.026983617501403323 0.5453555936477986 -0.03650143015963375 0.29549970992031827 0.5491100963406763 0.16446734744402816 -0.13784138187630765 -0.5045456064045897 0.09542965454455003 0.013986957098431674 -0.17248692019963782 
1.0533766698956892 0.27674369203859506 -0.44271455984577546 -0.13763828205988737 0.16516515041136248 -0.4880105707978436 -0.07270626899662125 -0.16155137781958362 0.7609772255313025 -0.0721426720975536 -0.1361059527271769 0.148541521116758 -1.0338006245381381 0.2996808704172249 -0.01082428705214363 -0.40875858990893826 0.06471602134476669 -0.2676378645364101 -0.16905256386900436 -0.7827714940626617 0.07375875374143341 0.1660301755904505 0.179867567025768 0.1344797449946469 
1.491868573453269 -0.12756200088469072 -0.18418096894534353 0.32025036755442704 -0.674069921647011 -0.558495497439096 -0.0419265845623229 0.5151768416684429 0.17685170680668993 -0.23039513787315347 -0.15378163946456247 0.369098024769952 1.1284116183519184 -0.013891741981280367 -0.7406704968172138 -0.18913168903799896 -0.28736192336834754 0.035632305130693244 0.1345949552033643 -0.4802110703313569 0.4953937126427262 0.038134237315593456 -0.0787525960661419 0.11271136866739433 
3.605555856447916 0.5401037758889498 -0.06790562730231953 0.6705345310820783 -0.5416549182098476 -0.10832608161412399 -0.5355628305287585 0.9125234490085257 -0.48891367217590054 -0.5519676503867407 0.35525057565488827 -0.22323940585217317 2.4581603568315287 0.013465403045043622 -0.7700492458390031 0.032095106749235956 -0.32419415560933124 -0.030368493121058365 0.027144458084138273 0.09171952517702271 0.3663056176915365 -0.11614411212016522 0.03233358462905624 0.19638523146688747 
-3.6585743805681763 0.3462958721911047 0.7198799487387739 -0.0741692176418729 1.0578372303663297 -0.37812182042716724 -0.4307438128057255 0.048828502284728736 0.2245934718594348 0.32055753138324605 0.1175017997374549 -0.32789447314235187 3.1640515232856057 0.8119619372861836 -0.22362926238599226 0.044054552464864706 -0.6463031351218081 -0.28716733449642196 -0.19100626870552093 0.3813598124714836 0.11486464375054474 -0.2555479473856772 -0.0102913310145486 0.015619861606981367 
-3.7458829235881734 -5.814536344335153E-4 1.4154027188291751 -0.036713809709445266 0.2717940412326858 -0.4870919299406329 0.04026897087266523 -0.2035357836587947 -0.36181051006967957 8.13329634742288E-4 -0.3687484262153543 -0.09211792432775252 1.8841323067822426 0.49853577520702963 0.09295020209596716 -0.05693892504445608 -0.17158588299184538 -0.13030260827641327 -0.25469948352944816 0.40270182374528735 -0.024438318065928 -0.14786782698390524 0.08236848764874287 -0.21520587991126663 
-4.324566606385503 -2.29310519798155 -0.25494735485311404 0.5417108805555947 0.8581150039971467 0.4923894302134243 0.24317632085352797 -0.07087297941234766 -0.23129380549805478 0.2598582142731367 0.23909185451420462 0.2566776991867976 -0.7624854642485538 0.3223818734711073 0.5289767725952161 0.48621893108636405 0.11289718520318655 -0.20540031745465614 -0.49887288270070645 -0.31957684882023524 -0.3989215758535883 0.04782445873814384 0.10268659564442091 -0.11872534129524787 
-1.7138449509901492 0.3641969853541882 0.14065741820572297 0.5334112571167127 0.0729638439502801 -0.15267388210517996 -0.10842444677004082 -0.23573128137879817 -0.18765507929937175 -0.0780145108799703 0.04735008532028481 0.13009214771705202 -1.651418031992575 -0.07497907305222588 0.25843578013918883 0.5721346576113323 0.3617790070716525 0.05027219756395518 -0.1902518452033537 -0.36582912215009067 -0.21805841979206608 -0.34678748759732375 -0.07431516844574915 -0.019431970294071732 
-2.3871369741215274 -0.8032389677165281 -0.22967771873514842 -1.817888544314044 0.818560773397973 0.07087010801907467 1.1402215441177468 1.0236567976054363 1.3342804840350457 0.21649807542617083 -0.39860724296362743 -0.08282348527901054 -2.658651115160724 -0.21352371214532107 -0.0855556874627823 0.10490094219178216 0.5522697460207286 0.1546666137291122 0.2587881086578834 0.09996163521269252 0.17083007643518264 0.16621681742924876 0.05143350209554474 0.16300984790503728 
0.23965635625756398 -0.5205773496102668 0.6274605603526258 -0.5733180701086228 -0.7937658646826848 -0.4271488615353236 0.162501894850617 0.34668669428258536 -0.4904223954600315 1.0628558618501966 0.17304662786080915 0.13592857878736675 -2.3606670957622615 0.17625051048202112 -0.08250549038751842 -0.0767299536189013 0.6383417127857299 0.12798300960352063 0.24120116717219905 0.07202352421075701 0.2146547077107064 0.31095830708367816 -0.1382709376996495 0.04229947189422165 
2.674636085472813 -1.2101468940633593 -0.24168186353821852 0.7803727175929159 -0.3653293797485566 0.16562707874115956 -0.6686511759304511 -0.661966872881117 -0.5924003767232728 -0.8092274243796931 0.02194307695730824 -0.23527006006347162 -1.3759551895851108 0.3005851393449259 0.098832928700391 -0.8730639437883339 0.217825764263434 0.09421375242924294 0.2675770671536864 0.45760256949423805 0.4846851028435924 0.41114555998079255 -0.2787806141623546 -0.012017973961027911 
2.8372698064994655 0.03889941708154043 0.3941759617698133 -0.5355295129800635 -1.2501162178336447 -0.5840013962767843 0.07240841173746104 0.3910099812322074 0.13172122794766833 -0.4980266822280729 0.25188773845876544 0.07941701942661761 0.8741656149805431 1.0184133448691186 0.40930561423309264 -0.22251001691849992 -0.280973296513813 -0.41616816658117733 -0.28523728074606575 -0.07804626292649804 -0.446667539303911 0.15860014707206274 -0.23539395853228973 0.2418615952345036 
0.44192186951285395 -1.9847327690972094 -0.40953420554491515 0.7824090084866777 0.3932586571831509 -0.13334488189792382 0.38253708421326554 -0.371312554352089 -0.4308466361995814 -0.23649733247707216 0.3983140442244584 -0.018513783715552234 3.443200288942437 -0.31295170367854336 0.06324855481389184 0.21750029467264667 -0.5146051352737032 -0.6975882893628937 0.09047859019123168 -0.1158519921520371 -0.417575743874336 -0.5230072139039342 -0.050257294244551644 0.049063834060318966 
-1.2664833807040863 -3.1885244467006975 -0.5165301113433038 0.09319383519999613 -0.33013999360709967 0.97084161852775 0.492619607016956 0.4354983237975655 0.768803352189856 0.3006903746826979 0.6910430198241033 -0.6980343450901038 0.9013349712059471 -1.1541339752693733 -0.6984324475981216 -0.5884576456447971 -0.2888491646243834 -0.19785047090241772 0.26269919651870893 -0.023795967643329512 0.16469006174554002 -0.1483004983062364 0.39671131188440206 0.06503474287815496 
-5.603088187752723 1.3424201488633898 0.023925508576664534 -0.1864898405150539 0.7184979139592804 1.4809704394275738 -1.1501925441438936 -0.3366550677076847 0.3417857927786412 0.36043568887672406 -0.04686268099170576 0.006264120013932173 -1.7007708869325466 -1.8129083175436902 -0.7522313225156618 -0.2573534698582091 0.27499201500781484 0.31522086671963295 -0.030308964532179145 -0.05128460272119693 0.2681287280238117 0.11044561717857893 0.4514897014894019 -0.08820128005786354 
3.1557699215144126 1.837724883909361 2.2727434475033883 1.7142928484551936 -0.5461883523485591 -0.7976076442322799 0.05067563635991379 0.4450691408399938 -0.748665171778063 -0.3515916979862618 -0.7156578345863587 -0.12807616107258946 -2.8273204473 -1.0542850729149311 -0.01727342466336183 -0.3300158149520726 0.0439547315790075 0.8745381459021608 -0.16548039010926666 0.2092268614902908 0.31955566758835297 0.17803242260503135 0.2452193578181111 -0.3099620793417203 
3.333107879201245 0.9408675182288322 0.45252298257872425 0.7439199114337063 -0.32369320846956384 -0.19478285067680778 0.6944359631383241 -0.22224415470971237 -0.4764985582870571 -0.24169314767832917 -0.25280463303851614 -0.038889035550718765 -2.1134287664784934 0.36997099103793746 0.7959245673957606 0.24131105568179198 -0.03120848703534092 0.7102635019062619 -0.2784992177738084 0.020797359757282603 -0.016853624549011847 0.12874473684482146 -0.19589033048501936 -0.20976468895689707 
2.7473799277189297 0.1751070873613747 -0.6790085743542482 0.6180364040818338 0.059091372870299974 -0.8148961741265417 0.06674652370364714 -0.24938771717229302 0.21927852495764621 0.06765752514513046 0.05835592239317522 0.25442847071738256 1.0511197586338896 0.19710364256414023 1.3695445347733244 1.0312427457586522 -0.3757656731460406 -0.15335236349534756 0.34846586217834724 0.28565564045584185 -0.4219079697914778 -0.16356165629540226 -0.077714448609486 -0.1424714483918983 
0.941393108580499 1.0638160740235705 -0.887972182681799 -0.36229478537374993 0.5094835124558736 -0.6411758013440811 -0.32273033449433497 -0.051818717973389106 -0.09162518194217789 -0.23542313322343644 0.15380143197358542 0.44430587098963736 1.3179725609687643 -0.3070443106863527 0.3955407775940997 0.7690062571966472 -0.24336307692292083 -0.21694246647466234 0.441455044721273 0.16554444371542057 -0.3229625647544492 -0.12677987168821 0.2105298478969481 -0.023286410789042967 
1.198268030923117 1.1849396783195711 -1.1656425741863228 -0.826328040417035 0.16452030662684392 -0.11435407841260059 -0.4861388013587983 -0.49711049889569336 0.3246220494239309 0.13595826367249864 -0.6858175212639515 0.05774073083292736 0.9580071992210989 -0.30224203170856406 -0.1419332219718169 0.4162790614233389 0.14132904563187856 -0.6424607559496504 -0.04473754755198359 0.15513258376120717 0.007149267554529058 -0.008083945969923734 -0.009159343590036432 0.1578481865935862 
0.15374614469285852 1.357084154808792 -0.4907823502875375 -0.8409166379068009 0.3536815554209267 0.10577350089020868 -0.353486508494272 -0.595016094994274 0.439717373743148 0.10449609812261673 -0.5123074549007971 0.12931406675863774 0.5988446256430494 0.2210656836420911 -0.36680977255123404 -0.07806520906463106 0.38601818528105275 -0.5465175332598321 -0.33391390386470077 0.14674026565513346 -0.01972076475803795 0.04133152609758184 -0.3696100534807189 0.26310174512598467 
0.26718181199945334 0.9351991420944561 -0.4518038246359282 -0.3914898539216575 -0.2869947855078623 0.7390114426052646 0.21633725335956644 -0.44318677994547206 -0.06784055554860391 -0.07805025261812493 0.4188883966004758 -0.0616201869478762 0.14213091257123592 0.7300386876211 -0.5198212336273406 -0.02871954472141573 0.08057951689684857 0.0018520381549573296 -0.284941487680833 -0.09385540456799275 0.15865249887398755 -0.009444053744308753 -0.3722435372605774 0.015570227118983683 
-0.3895976588868173 0.5254892912098548 -0.14446223980329426 -0.3455182514275455 -0.42281349731993156 0.5716940379264828 0.32777334974058514 -0.5190013744139002 0.16376841481820337 -0.2524134533708702 0.7102786334835286 -0.28531890549791483 -0.850139357159974 0.988285816693546 0.13548636600636116 -0.18211274914252895 0.36002482563945576 0.32329077964966424 0.3435723117247958 -0.32211519963569685 0.36894912323250645 -0.20239549053956607 -0.023224861666566714 -0.046277193899221865 
1.0435471949992472 -0.5893789527442603 0.22066107145357752 -0.9878685994924155 0.31102928230672733 -0.3528704613956096 0.02805573256627225 -0.253551645481902 -0.013360967735559365 0.34274520065216835 -0.1803799536743822 0.2183465356042526 0.10481236904123718 0.5070787150330451 -0.03028296790625486 -0.42092858699051866 -0.3990614139331426 0.11808465504788013 0.31333431990996746 -0.5466174123203582 0.0902000497508616 0.012886586594559638 0.2490584416969599 -0.1770968499617299 
2.3159815246728837 -0.8454842478524878 -1.2334738963513738 0.003610982306164856 -1.0254049554047353 -0.31815788605834694 -1.2900626832720123 0.2765119366810316 -0.6943697898608937 0.5012848431061684 -0.14299869476366794 0.12816228718023892 0.7168447295822084 -0.31594620449488353 -0.36776548923938585 -0.27441937901737057 -0.3553858995034256 -0.32173393204839296 -0.3311934094280426 -0.5016021458346123 0.10953668591401154 0.10110814964638219 0.4413315842859033 0.05198964229601222 
-1.4000448869041087 0.09944976652649196 0.18355090735687618 0.6967312901830434 1.2114851853339674 0.8296834394540391 0.0852523101359628 0.7989088014681368 0.09062839753835983 -0.4935591606403231 0.09835173563319444 0.2629297665982365 1.3560730543206077 -0.39839746303886986 -0.26630062483339034 -0.2556050534709301 -0.021482138416874758 -0.45491565174572246 -0.5054106132899271 -0.2211267666101161 -0.36207906297072595 0.16153149023917654 0.1656125448208543 0.1919191704024424 
-1.3183358066817643 1.1289135450591292 0.977389309963214 -0.36456005921316315 0.19311624967672503 0.9456188836468374 1.2927552892398677 0.4595748396149173 -0.21683632556079085 -0.13758572166377106 -0.7530819640279697 -0.4635794478829435 1.8985429067005226 0.13072219215526756 -0.6188097047021992 -0.15363824613224622 -0.26197814810754877 0.316858434718428 -0.23983903448929986 0.32115554208996494 -0.3382842498435555 -0.07542104829301262 -0.12626822409088354 -0.002724826514986863 
-1.207513302285252 -0.3813854600834592 -0.08586865720354542 -0.03696791831996116 -0.23378490498337856 0.37998810898896573 0.2528785861801134 0.3182972028815034 0.834109489026567 0.17758601231960844 -0.37217595350479415 -0.06154010807148347 1.0403824310107332 0.30389267365020284 -0.39569495024152773 -0.035943486573760376 -0.03363089862501312 0.7312437393989318 0.6462456470306294 0.6823725247242942 0.33189472067575587 -0.08162879698965969 -0.22398655651980862 -0.03545039219117461 
-3.4759129877381127 -0.9972332110133149 0.7576650000354346 0.8313753249544058 0.48316453407658394 -1.0438855249810943 -0.654358717826188 -0.44664889029554655 -0.05125758607433073 0.39197540150524046 0.47106982207797693 0.2985717040600595 0.08323347116458302 0.5376824012605373 -0.1054036536815659 -0.21853178004456528 0.10447127131039607 0.665267552374802 0.682646811605894 0.21410441780471426 0.1523589459574912 -0.2529333560305935 -0.6199067721883523 -0.20993086747414855 
-3.4424035894081344 0.2508451236121054 1.4804979130453493 0.20659405782054008 1.1673537390090774 -0.36929557442879024 -0.8799276274228975 -0.795096907749514 -0.9878451342321378 -0.5134533312558498 0.15823551213964696 -0.011794632799741134 -1.0582062043498615 0.006037956457035272 0.31130628146346967 0.14444131474008684 0.3486655516197928 0.11979695538855421 -0.3159442548641203 -0.26079181838332594 0.24438536030668692 0.27577116242737665 0.13048367650699041 0.11370761261261979 
-0.45059107661407233 -0.800248950570265 0.5104169858834644 0.16925429285028204 -0.8208668862506912 -0.6755419317686906 -0.18878203877630906 0.3739586415162832 0.2370641481960879 0.9667340182157387 0.8414326197148669 0.14134041690363103 -2.048982689540498 -0.18865997639809975 1.0289071782073775 0.3321151505221783 0.6375262898524191 0.1950284866337361 -0.3052122724493016 -0.26394302504238465 0.058193174283768 0.16984969784515044 0.2226740805390405 0.10783492019306525 
0.45444435520231197 -0.49799145967608993 -0.8961634945179692 -0.13923134648815982 -0.6277658496791196 -0.16357455378289876 0.9679230112475349 0.6903688921255662 -0.0432074590287031 -0.9371067833177706 -0.9488083818442103 -0.3240473023311286 -1.3610445171400627 0.4088967400964925 1.071346438215355 0.015214740600946316 0.7028225687359283 9.453426100179593E-4 -0.3782014402674849 -0.1311420331224502 -0.4412134158810684 0.06365985367488998 0.15025910877489798 -0.11859932198419032 
0.7226111085781588 -0.05683499017491789 -1.1407258308050388 0.007942575542220776 -0.5318545411365747 -1.7318314952052485 -0.6626472198134994 -0.3975527151059327 -0.6981559465273521 0.09425303400074958 0.3565695274527841 0.13119327824655747 -0.011959076359253048 -0.13595936649127918 0.38383994255640635 0.49023870677442144 -0.002125613847663077 -0.5516532117379213 -0.390868360583158 -0.012546840452258104 -0.21155500644467273 0.20557689557646266 0.24729918552060828 -0.08989322039239346 
0.054128869415937864 -1.3475520768750457 -0.9079699932564642 0.24160569467173176 -1.0856201397557657 0.15601317945943483 0.4916092838981524 -0.01591513007105544 0.8034051607727873 -0.2681924001730252 -0.050110268054005536 0.3490769024813666 0.7682824979336874 0.07846989024959461 -0.38195400964195986 0.1879593775195314 -0.4673005234549958 -0.7868331942364786 -0.2099277439530579 -0.04219458226887052 -0.2121665216856313 -0.3583781602440059 -0.13933800719865366 -0.04813093250661395 
-0.21455610464312613 0.032409457503050465 -0.6351995924165073 -1.4918803480529281 -0.5855628996693789 0.8196238368239062 1.221979906647856 0.7647411739713683 0.44842285762936085 0.015546139913977963 -0.34981399374206035 0.0744579756745638 1.0222184391972524 0.1477690683217149 -0.5795665904979669 0.010733205299003882 -0.7673321185148598 -0.7318379982756879 -0.04790885737464601 -0.13813843450293084 -0.10987249189813038 -0.18277553132621116 -0.05388947227159071 0.0631630615298998 
-1.381819531988108 -0.7780233542638579 -0.0030645847863552123 0.04680198275082048 0.8009898999522698 0.9211973629119599 0.6553926798760308 0.23580569439352728 0.020002703949834277 0.177381144457633 -0.17760259965082714 -0.15128685352528992 0.3538598406098412 -0.46534282716401437 -0.6946616339972885 -0.3295231125955458 -0.8649042381293629 0.08377080105686296 0.5340520625687009 0.14411704542520196 0.4289318991568842 -0.06264442766089927 -0.088606221067194 0.2701411246890002 
-1.6260700083115758 -0.7849065564456565 0.14552123645380755 0.07314481560566477 0.8268367945539873 0.08109040789555264 -0.6008123456785006 -0.10899782382943152 0.023162757578515547 0.419792855664054 0.5819841100659671 0.1918859716601863 -0.015324032403309632 -0.05603866041134997 -0.36255275533226256 -0.615817950388264 -0.34248100448035057 0.33141104864750603 0.5957937273844852 0.30461778623203645 0.21828389902092005 0.06480859317859564 -0.1497112691986092 0.09359887225174372 
-0.30169370057936096 0.45713441159135093 0.7856544943002441 0.4476624506290727 0.8028927275206397 0.2739674907530227 -0.19915077764477163 -0.011396767446261363 -0.27076048667244257 -0.2823824750653654 -0.25019065675643726 -0.5200604695784452 -0.5293680623465922 -0.26371950179359516 0.05669626147112095 0.0628327473433087 0.32560573867531295 0.28849858156582125 0.13972538008497584 0.025587857639022642 -0.014916207805772222 0.07896872610833468 -0.01568855125389128 -0.001270236195123157 
-0.7086469231375707 -0.41705344419050405 0.05809913403698075 0.15514326917273796 0.44092869998748785 0.14900562696085667 -0.13812954674519845 -0.025510953804846748 -0.06104724412226087 0.05100217013969026 0.13561384240657226 -0.02195183305408971 -0.4885558049082251 -0.11264328229808977 0.21847515869606357 0.1481949991379288 0.41132210535040153 0.10525904788307743 -0.1829419995245645 -0.035002174456966115 -0.04615939184844014 0.05969140180467081 0.11006130208502585 -0.03045821679646381 
-0.25242688753533393 -0.1707914050106487 -0.12944231799130468 -0.1826954860626422 0.01712673120958061 0.021744008681844118 0.004875140154452118 0.11729868646416697 0.10685632821753915 0.12487030889481085 0.09264818794054411 -0.04055724258278243 -0.10647792906149182 0.18673162954774492 0.32348568738181704 0.20614787402330145 0.34175117166197216 0.1431030714789566 -0.04005548179136312 0.0223815813331492 -0.080232093679441 -0.08797780547711659 -0.081391036468146 -0.192341967442713 
-0.18503600010891397 -0.13301380125038742 -0.05235583348860873 -0.05626121346226426 -0.014246523341687911 -0.10857499471809032 -0.15399930600441897 -0.06833902741374734 -0.027167474321154905 0.03709225826995344 0.08038078146239881 0.043509008551746345 -0.2251968189057972 -0.12609380403160106 0.0014380392643611923 0.005672067038420066 0.11222233621945395 0.02986930352156807 -0.043541190648548826 0.019917650755193084 0.012233862030523643 0.04458732255999818 0.059823966835200276 -0.008807442709082859 
-0.24406537490921387 -0.24508029852194213 -0.12957508408241225 -0.06507893012333055 0.0052268241993110864 -0.026551412844373623 -0.07104945264107201 -0.05712747464125867 -0.047004090534672555 -0.011494102699147205 0.02159898312008745 0.024235011946775777 -0.05263577017550277 -0.0084077929843173 -0.009975868716201689 -0.048071968603840824 0.015841928955865312 0.0070609253117893634 0.0013169695310063696 0.05132665405740542 0.05010253464625113 0.05681287479833796 0.041485213390530774 -0.012122941145984133 
