0.0 0.0 0.0 0.0 0.0 0.0 0.0 0.0 0.0 0.0 0.0 0.0 0.0 0.0 0.0 0.0 0.0 0.0 0.0 0.0 0.0 0.0 0.0 0.0 
0.0 0.0 0.0 0.0 0.0 0.0 0.0 0.0 0.0 0.0 0.0 0.0 0.004639419904182891 0.005920488398997188 0.003677858056119143 0.0010519590468229256 5.397062088682847E-4 0.0010071391336444007 7.28951848874467E-4 -2.6692291354703707E-4 -0.001977460681252393 -0.0023104571126942495 -6.847462200954927E-4 4.6852543627075766E-4 
0.0 0.0 0.0 0.0 0.0 0.0 0.0 0.0 0.0 0.0 0.0 0.0 -0.0011338530426761768 -0.004013445211682019 -0.0021220827263276807 0.0015434908472798288 -2.017875174254539E-4 1.5699722460775038E-6 0.0016374000835482627 0.0021172100933065374 0.003691445757893902 0.003582907996768969 0.0010092613367388703 -8.998438230725195E-4 
-0.013918259712548675 -0.017761465196991566 -0.01103357416835743 -0.003155877140468777 -0.001619118626604854 -0.0030214174009332018 -0.0021868555466234008 8.007687406411113E-4 0.005932382043757178 0.006931371338082748 0.002054238660286478 -0.001405576308812273 0.0074046706541448515 0.0013167361506518649 -3.182307912073153E-4 -0.004550622519708845 -0.0057863043045026374 -0.0019718270897755388 0.0017071714777051512 0.0038163065962351084 0.005879761745924879 0.0033981541120434353 9.990618588375706E-4 -0.0014814994149287737 
0.010360688984302868 0.02092106823354184 0.011883035263161756 -0.003052533971605098 0.0014149218655787887 0.0015059987837283684 -0.0038187724773330878 -0.006752014650240168 -0.014040528295560295 -0.014214409659348282 -0.00405490334035985 0.0034023196236236952 0.0751262365085396 -0.11195060417060188 0.04215582147130798 0.007087767536631651 -0.0379554071668185 0.0571633511255605 -0.04368424177662499 -0.010577692710766454 0.01573541865668704 -0.04359570522536402 0.019901044941364004 -0.0050488941246047735 
-0.02739435645458599 -0.014410742568726514 -0.004986825257958932 0.015178134544929084 0.016651451980718518 0.005162481877462433 -0.00321212819444891 -0.008072912463585241 -0.01061902108999449 -0.0030872575064561647 -9.69733906332787E-4 0.0027433384329744737 0.42058318330728045 0.034005147244568656 0.24196332782146693 0.013205678079467627 -0.08077833253597762 -0.10147448299886296 -0.054355853147214916 -0.09483716346335548 9.403431912128543E-4 0.029275034749884243 -0.03295205079688033 0.03260596126962197 
-0.21864066115460012 0.3341764511976731 -0.12949083886912321 -0.030430308452593882 0.10473093619679381 -0.1755820030158793 0.13156536165378774 0.03616991873441254 -0.03893055440318528 0.1357964300983615 -0.058191148540782375 0.013072225002920948 -0.1798909844537572 0.09706830807439716 -0.12748075410832904 0.011275891144915562 0.09398091778316207 -0.08182866106110619 -0.021385811919854895 0.002139761164687601 -0.13514679818512462 -0.018357159747032354 -0.03306965942554564 -0.015309051585388719 
-1.1611671345649386 -0.27640459841276316 -0.6662366205666157 -0.029084024138377268 0.18905787181572048 0.3899460324954595 0.09318863682946094 0.2638512924383812 0.01555636552393111 -0.15589915279042488 0.12797851365113874 -0.1040584128073268 -0.8993755190301206 -0.10440463959701096 -0.5875965535066413 -0.10132782149885233 0.16074805871715037 0.15034012992698917 0.3802091918910698 0.24717648665569666 0.0843458033274725 0.12064048950859706 -0.002004400223856076 -0.02780117472297064 
1.1169200314007508 -0.13928692806763132 0.7249501952424773 -0.014749128064698608 -0.36673104140140844 0.054600206658048406 0.012138280770276677 -0.14913340059528618 0.3783121729528508 0.11726301722373314 0.03067995115754131 0.10273034999994049 -0.28338104526440305 0.49705791128468674 -0.4760703336974217 -0.3027046878838398 0.06209997615184546 0.22204094386851828 0.1471918485490047 0.10962415669938468 -0.019043600047990532 0.0734671077807831 0.05263768813793803 -0.020177946469658616 
2.0029518543581 0.5355348658549586 1.3305823182061647 0.31132100884753844 -0.22986173537163146 -0.5609490127404689 -1.0841261634259027 -0.6569507127658258 -0.47227779475043 -0.3557420195949331 -0.0393920830839264 0.04131780010337662 1.1959256862481282 1.797012841074167 0.7108969381755283 0.47675470245495816 0.2772213380181306 -0.07976548941493834 -0.39789177086512156 -0.3748820791054352 0.08732269497319867 -0.09786339449720134 0.04161744701149644 -0.04576108837705012 
-0.9505570198229103 -1.5629670147902481 0.3003106928367516 0.7074812387059677 0.1278908113349334 -0.36625731200346995 0.27864721613445553 0.16769845123836205 0.2621173258779669 0.015316540158266334 -0.1324189145870639 9.179579565450763E-4 1.2504945052061378 -0.8635653976522596 0.2697543674472298 0.3014344244718529 -0.11618310061730251 -0.3065628812488376 -0.14857995440928187 -0.16928465697825104 0.2565319687756012 -0.18108856021783373 -0.038291131943155955 0.11706944717969943 
-3.7152056676974925 -4.955603078273956 -2.5866076838903385 -1.820463314888585 -0.8899170686068423 0.8396712600710338 1.1536094817427363 1.2300816038378626 -0.18831429585822296 0.18866426923391255 0.08467560548895203 0.08413104834552124 -1.4673825532141027 -2.3970384192655523 0.2737782214459949 0.5616823614792402 -0.288694245335331 -0.5183094267107279 -0.18210755434128076 0.39921407993178487 -0.31025056913750976 -0.1783450142097525 0.059649498913256584 0.0720468167653497 
0.22451527681013417 5.196978236953605 1.8742820939490394 0.14683976038780439 0.3118459270681045 0.2739787139988099 -0.6609896785861972 -0.5847955879623772 -0.5332654828200563 0.3883255534628115 0.08351950270056996 -0.26988461566023014 -3.600461828638011 -2.8615276485430474 0.10939233650526663 -0.1502575017479415 -0.6741175819260355 0.2517343537266505 0.5311891665568417 0.39598759046382304 -0.11422398148626967 0.27261647484768387 0.09512321349530385 -0.06788585693489047 
5.8175633656838865 4.346677497779689 -0.277738046687964 -1.0934053364311005 0.544243442767776 0.6738612543905746 -0.06798505304173419 -1.4783459329608108 0.8561653170111108 -0.007211483617948211 -0.3263097884675131 -0.03942136338428484 -3.1308556733237496 -1.2479794824782369 -0.18636605351768099 -1.5192886011569984 -0.10851127633132085 0.7196828831587164 0.23345473616641957 0.41885484688072117 -0.14686475418306652 0.41829412653411097 -0.08020793643287188 -0.013784152512391687 
5.084443949400434 2.370475642812071 -1.1823011352802355 0.7947247547210501 1.4331633014257308 -1.0385553703431918 -0.7041230161438342 0.33394944824622974 0.08254946390210904 -0.7045950079588548 -0.2122958580947429 0.2663517346261195 -0.04808495887174372 3.1228824734047076 -0.03893726944080685 -0.9281604447580988 0.8263090852890258 0.20718001724121346 -0.45350027171221646 -0.4999770775588739 0.06788722306859103 0.12478913162812257 -0.19468303803619028 0.030088812685565087 
3.2473970159786063 0.20158666623152133 -0.4992179087226578 2.4134599914157873 -1.125041926791693 -0.6631103472341147 0.4748119420222961 -0.4858554549086045 -0.055627506670106075 -0.5197578296575871 0.47320709518522414 -0.14263466926047852 2.8120305227431124 2.7374592396328565 -1.3183702484941013 -0.4268824132451487 0.6524031264076477 -0.18211959196778937 -0.2642199170462777 -0.7474102012701115 0.38547542084960046 -0.3576260928810788 -0.08257997480031809 -0.04516019432141569 
1.6538533282780055 -2.099123767486433 2.101833833288807 1.1778884307386566 -1.3324386440192384 0.3209244630875142 0.428112639018437 0.4188904056881412 -0.281030740185221 0.27023133159826324 0.26781017498277226 -0.30854440077882855 2.7311914703517353 1.1893342341074935 -0.6889277848331364 0.8644331286698019 -0.004298902226903989 -0.6658141569946707 -0.26142074893356193 -0.023184502820421133 -0.02761358829617518 -0.5318815036616823 0.14327763108134509 -0.05488741778540938 
-0.9032328919842367 -1.6309005159696284 2.035305214509819 -0.004339934704457704 -0.030164963732682626 0.5404801135785897 0.15855687051596323 0.7214141921285677 -0.11847084349402559 0.5782536252467293 -0.3186228806053164 0.38350728728243627 2.197497763803216 -0.04041264688566389 -0.10533389296138429 1.0847767807701287 -0.8340842857681657 -0.18535161423183874 0.09492279477920762 -0.13594191487399157 -0.1698255391234139 -0.16324814032308424 0.3142378632013925 -0.07494812696334234 
-1.033815507673351 -0.28128346840983465 -0.3827793423970647 -0.5896746682282332 0.8986215265769376 0.3570918702344682 0.23826676641001798 -0.20013186681109293 0.19681189720259434 0.342043775574034 -0.24621376344350798 0.16794300971089024 0.9145690175298894 -0.7646085667836419 0.3489835948444154 0.38277840348586417 -0.3752586520688855 0.29966578220068046 0.006406928676159958 0.14135700969102652 -0.08089944627848515 0.13099920676366308 0.17124913597255864 -0.006850267938970793 
-2.001261857455363 -0.5860955426497862 1.0590903580044309 0.042911198588845956 0.261680845214716 -0.12513920811207546 0.28496649398888274 0.23148142596298732 0.21492779200622794 -0.06591963067621975 -0.21249452520581324 -0.15603399361531092 -0.5843898770479417 -0.6131448708924175 0.19376860727161915 -0.022694511814809193 0.08534613137740311 0.3715643846619538 0.11379830152282604 0.19071565620178502 -0.026760683075519237 0.20603362595838326 -0.09425134750413917 0.13823106487940187 
-0.5408392415760996 -0.3277005537954283 1.5429904770082548 0.005927653634412167 -0.3525855922862813 -0.2452632226691947 0.34568704125349736 0.23978575969785185 -0.20503171909989232 0.19932033926874848 -0.29900141063465524 -0.01822295651304255 -0.9031093660062224 -0.523353510871536 0.22563825023232642 -0.2357147868778736 0.26676522124227 0.1622039157229817 0.14319180717257077 -0.018790738728863072 0.11029420894347679 0.04126534236195054 -0.16923987852527492 0.05438665168092766 
0.6034486061109625 0.23174263940042117 0.49111448299230176 -0.23405756019135282 0.33940020156671746 -0.27303549395544013 -0.23654817147425455 -0.07069158973125973 0.16273301388377545 0.03151446552422221 -0.00947501449732524 0.0618970757561971 -0.8077865870857677 -0.5927959538877792 0.7319951268632883 -0.0443492128960119 0.18692236554602273 -0.1659854482492281 0.18693088373353875 0.158761532459684 -0.09409932493775441 0.0951310568832151 -0.1644843504219645 -0.002192042676141981 
0.37315735856215326 0.8798579731796696 -0.7757061555879794 0.2559540717954869 0.0594661846741269 -0.05557173401279458 0.0694486776238743 0.007326857222619804 -0.10797334056660979 0.16953070038796136 0.1599961167780728 -0.10418248001764677 -0.33739955654273857 -0.15142381610228442 0.5937548192589297 0.029182576632656332 0.14927227666711773 -0.09568364200699442 0.11892023113346166 0.01810723591143923 0.002257437005751095 0.13017275605177006 -0.09641110446277051 0.013429819772909834 
-0.03490039626718655 0.5885130555260023 0.02245329371268312 0.050945628196344295 -0.5051121399035563 0.27797139230740875 -0.137706975396922 -0.12857372017844865 0.44869657755284986 -0.3364179818854715 0.05145976235371619 -0.1064781038345829 -0.3505728900426381 0.29716411674346555 0.07561552056178537 -0.12924933176754308 0.12770367522973933 -0.23476819337163868 -0.06758088056448448 0.0805003271399428 0.25257239122358327 0.17289241408745334 0.050254847929757186 -0.07822253948096794 
0.7905339292411906 -0.051814313551365565 -0.003943386128725024 -0.2241216704574054 -0.3781462515524976 -0.2337157397796359 -0.06049425018555388 0.21440511718712862 -0.3547858119516828 -0.0072317051817148426 -0.04023548567186441 0.025675173963617945 -2.0351936477305803 0.3433932589891171 0.029461770376787655 -0.29744294686958134 0.177587536453688 -0.21583122475483582 -0.060690991094027424 -0.07873582068020371 0.23775982134497212 0.12669708254936163 0.08966519550876732 -0.03277594998804997 
1.446478990899358 -0.19391356746445787 -0.12161346342268153 0.3937283062377226 0.17509539399081175 0.5203410890428966 0.031165934123912997 -0.4157317011333425 -0.4715779240944378 -0.3987815739532997 -0.0601237570616282 0.23163586720846857 -0.7380502851063007 0.4927520738575167 0.09016080066413397 -0.13278058096432588 0.06547903320830654 0.3528911002368342 -0.03666117520328268 -0.0699135768511783 0.170402180582375 -0.010193205601898828 -0.28977056209835944 0.07365305052489618 
5.738048608170622 0.2408915077075484 -0.79205808815066 0.9768915733835417 -0.8134001916341211 0.4707370918839689 0.16708519614553907 0.38711330974067787 -0.3611155537778823 -0.1793787512262094 -0.053207710040556966 -0.1749116155750226 4.282104621495582 -0.826581299518408 0.06202323141329039 -0.43512619945077846 -0.9682488696569599 -0.22551318136610865 0.14334205816428688 0.31368272557120086 -0.2723247499002503 -0.2423639508267088 -0.09106690996186297 0.004129626089066571 
-0.29450688041300044 -1.0360960766760048 0.1460282427312487 -0.15121925083115162 -0.48392226948766415 -1.1329283242348962 -0.14151317295262045 -0.005187085901688371 -0.05934509328117543 -0.21976484205752778 0.9272575608331409 -0.22714386063995112 2.840411895488445 0.4858264950307067 -0.0185403938022195 1.132379393152741 0.42213675555457675 0.32943939315762366 0.012005285898655923 -0.12746893196838305 -0.2867263081568376 -0.2646851340000731 0.09045036134659001 -0.008271271232710894 
-11.185286999589376 2.849020839609632 -0.32383393344556133 1.353730706429367 2.85610918915762 1.2694585109575864 -0.4041808711401478 -0.9319153671423009 0.256072022342437 0.6303517813505257 -0.26072541473366007 0.24267615962062808 1.7056751691335237 0.5643247902482468 -0.28156598568031715 0.6428428761276209 -0.2616465635568223 0.560006409703533 0.128770963995303 0.0603141682653473 -0.11990297639297444 -0.028506876381824364 0.17877531111223174 -0.012348977688564106 
1.386911108314023 -2.9554577185076196 -0.3001043593685724 -3.1918294397434135 -2.926069563068789 -0.8673377999667833 0.28078311007078866 0.626189433213296 0.08000721231591534 -0.009591438241447925 -0.22771598875484667 0.04765579330877595 -2.3239255816413467 0.9123520006777496 0.6032571734867617 0.3355037890028007 -0.3256600223131249 -0.02620779358437993 0.0186755757338824 -0.4986225792916919 0.12853449247379606 0.1350710460329446 0.09631319778815584 0.16413058449567922 
-0.2196858935934607 -0.4924020421213844 0.2757061699402019 0.56866803945681 1.1926131458269082 -1.3420773993606865 -0.4303758373520745 -0.10951745461285622 -0.07108277739750435 -0.19894482398877622 -0.012046868583258374 -0.2752645094836938 -3.5504841063547907 0.3023093501778609 -0.15268150437471886 -0.17923982864815743 0.3045749093396389 0.22925104990520453 -0.14237716739852482 -0.4019165901496966 0.04031551611325073 0.31572085822019996 -0.33090077682612634 0.04676471316045513 
1.1944693115130818 -2.1024406378437455 -1.963513329421918 -0.7651992843532751 1.3248058191170664 0.25146301167738017 -0.18444241704830427 1.0794816957086648 -0.28137117083259294 -0.2103296774867106 0.5139786943934725 -0.46056527957482774 1.0563114479291935 -1.7288943623470825 -0.09723542584667481 -0.9973018858848514 -0.8506861420493111 -0.6102057165393124 -0.11507352737427946 0.21917923307236528 -0.08845294904458285 0.047619637986009565 0.051464215639966095 -0.1684538248168538 
-0.43761378212453295 1.515584248744112 0.9659150647052681 0.6781351146787702 -0.18305322995422454 0.02230495541989108 0.2555633946149732 0.04718827205910442 0.31581466557693894 -0.21644167368744283 0.36112957417055924 0.35649255658106455 -0.19990235281596144 -1.1201223502885356 0.31620709192352264 0.013819567338434258 0.5002188793606653 -0.41535646439913165 -0.0014060847950678375 0.3300732273298648 -0.10893975215405359 -0.2600357356736938 0.1354343610915366 -0.32669798287661544 
-1.6730592912080215 1.2272322231008799 -0.35350252921108105 -0.25465731969983985 0.3138220509697111 0.28108817226086535 0.28303407621010324 -0.10970112933978007 0.15191733796244228 -0.1437019273501433 -0.5686968570516537 0.2371387347269583 -1.1065512760527552 -1.0091863132765175 0.11656990621864072 -0.004332312852513083 0.6585058943938411 0.1764175210571209 0.11629014912224239 0.5430758065484659 -0.25904251427215413 -0.17890172817241687 0.3253991087027985 -0.1694178239818435 
1.8137854662149753 1.2031285782719099 -1.4779205059357845 0.2719383551147896 0.19744839181859009 -0.11082058645503423 -0.6598958295960748 -0.5051457240782282 0.0390922246671388 0.5478485079640215 0.12298782386469495 0.3559774319952594 -1.8937197334443725 0.20398107413015998 0.750708188600616 0.2611067097226376 0.48295458831496424 0.0864170661166369 0.22458343578232198 0.14871848261954004 -0.12391779049003131 -0.06996374873583727 0.06150826212805329 0.17818829065028394 
3.388423515501593 1.0813461372219084 -1.0913052627573139 -0.5491039660137456 -0.8409626749508643 -0.2112267805565199 -0.07558325230950746 -0.27357872586806675 0.6341175924387694 -0.055769583795192146 -0.3431477565619907 0.0479457546636054 -1.4478622328847768 0.021997218460108787 0.08933094605462437 -0.21288579179868394 0.4296072576700934 0.2554700832615822 0.3660425872802086 0.006767957178895843 -0.01972888786283254 0.16914791418742328 -0.097898458267816 0.11556945237974614 
2.712804014853777 0.9765840692931178 -0.9173081343234639 0.04203830866781022 -1.0545246319388295 0.009211233478673031 -0.23887824847218742 -0.3170283775353724 0.4464679098088693 -0.05051659925740659 0.06383023754156786 -0.08347582533811082 0.7198749126860449 0.45639400612783704 -1.0109579702171085 -0.004156539758891705 0.21014060854586813 -0.4471020156411037 -0.25583659908847217 -0.2203551921739569 0.3650320373049607 0.13973077644292117 -0.049144911878148186 0.1708134041332319 
2.2210181331269077 1.2745128222099495 -0.9018015531811143 0.49895007891970167 -0.34901321016185927 -0.545337987490735 -1.0256024761924663 -0.22406367414789552 0.007416158980074639 -0.3519631163016992 -0.24542268908664222 0.11015700625440494 2.081491560477638 0.45785972253490687 -0.6782811759820561 -0.06485417079592587 -0.4413644812213145 -1.0009995552698292 -0.25477260948850855 -0.3036950600857365 0.36200405694235355 0.22628134917741557 -0.1894054311847049 -0.053148824501974994 
0.2378634193441833 -0.26263678260562173 1.4602015499274414 -0.2396190480752589 -0.6789481662135168 1.3975410639353845 0.5826235796108211 0.13116232658355687 -0.742653170518396 0.27675294488851154 0.2215600257614653 -0.1875684061998361 3.407717815622204 -0.0821729776278796 -0.8102664918593439 0.6171431565928683 -0.6109955474026155 -0.284515191684129 -0.43023372932501047 -0.20839987749308353 0.14308081278942997 0.03242047441369208 0.027578253893374472 0.05983545263090464 
-1.6185808681765241 0.32737739556655754 -0.2452165769365986 -0.21371277525443338 0.2953425358504229 2.097606970024612 0.27798366211451386 0.41341110232967815 0.14266596177534124 -0.8982484034003979 0.1462036428821753 0.259438518600393 2.673494966970498 0.85753469645178 -0.8320910224937307 0.5981582535300379 -0.3668000315695634 0.47796818383160317 -0.34557478579193424 0.0839898792270251 0.012779334087033708 -0.23276967604416451 -0.12122127014604456 0.08200744879366356 
-5.590549931361117 1.6966707154984526 1.1851988531323094 -1.4530597340237272 0.4562841372628761 -0.4587156702266135 0.40002987034935394 -0.010566133294908686 -0.050399429957053876 0.12536462105086654 -0.21471769012296432 -0.33762293940381877 -0.22418530353063115 1.0746115460633485 0.14002462617192735 -0.7626547764238024 -0.5348187474200409 1.4889923857673184 0.23230970037775733 -0.15413197099100917 -0.13855357782633881 -0.3341795428263434 0.045269199756449406 -0.06313695920010715 
-2.8852600924319365 -2.2777450161974278 1.7319728626976438 -0.6888043386961779 0.18377073280863443 -1.0511141719045456 0.10241873581406997 -0.40516908188973805 -0.37704871356169756 0.42204007374961683 0.3363799792937063 -0.060838073524594416 -1.715994817178886 0.9160999008148013 -0.045415175433753806 -0.2755267853952455 0.20778476548494584 0.9393038657675395 -0.04064467912406241 0.0796625334855781 -0.20245007339571167 -0.20911917915409597 0.12814027226781635 0.01075599652620853 
1.543758942063783 -2.1839102149136744 0.05153295159453819 2.285891062917021 0.9812939775675 -1.4950755224019918 -0.02652305837222893 1.0028483316662924 -0.0671350993708601 0.6191473347925344 -0.009335741713648413 0.16198076746297904 -2.3856609590276032 0.37298085341192166 0.6461036996623833 -0.5709564552357276 0.3122706971817796 -0.11900490634735532 0.19364335930553042 0.021929264239022427 -0.1412197705733816 0.0902391219402905 -0.24815706996757392 -0.08940735941087248 
-0.03775085335231587 -0.48063184167178274 0.45786190013354844 -1.256607817539071 -0.5905166807567266 -0.20212470119031734 0.6131941638474925 -0.3322837306076567 0.7583840166693795 -0.5177822228089439 -0.34090814812593173 -0.02263132441163146 -0.35923128903941054 -1.0249443710797737 0.509502458860491 0.23651248602629346 0.3096062470328275 -0.6265075389291426 0.14126887860344547 0.0687198670424657 0.07956307292409474 0.20546169821051855 0.19096127796901344 0.1052901872533983 
0.14267832618188203 -0.3208284320001349 -0.11605676457279301 0.543711371104902 -0.09338424749978214 -0.5261956865416617 -0.4362879215839486 -0.11279660165301664 -0.19445648335244764 0.3245584035092754 0.8683975834895765 -0.08850423572768279 0.9409794585754124 -0.3782455802088592 -0.019859534269044854 0.2911412104289037 0.2776074961673665 -0.5556469126390773 0.5750219852578912 0.5868858753112296 0.23345834189146641 0.17404231495738284 -0.05476985303227955 -0.16497824690111848 
-1.1070259173727544 -0.13445279441487656 0.2872603441998365 -0.5272519508689988 -0.2077088957562071 0.34396852695271707 -0.11650546839040665 -0.05350621635748065 -0.5520772403431881 -0.04705055524030932 -0.6753705172149466 -0.25146613368945836 3.0511366826067103 1.4164082197045806 0.12909046448529335 -0.9683420251693761 -1.0811141063209866 -0.5872610452712871 0.015488568013643511 -0.4031688763669694 0.2480937479541004 -0.1538397324000705 0.05740097070309517 0.14423702422071896 
-0.7445419016522352 -1.22226299791555 0.19641233236852873 1.0477894982952738 -0.04293240343485921 -0.10118139855627717 -1.386739198026953 -0.8971980513924844 -0.11227949653897558 -0.13834544386393144 0.32220500192769763 0.771332912805248 0.32582828373983835 -1.0614642393410236 0.1762200416263148 0.404199938356061 -0.16115790518723958 -0.45254768631679543 -0.5912330768732069 -0.09593160557620646 -0.13312347399880756 -0.05948870301187087 0.3062242871892108 0.018938850761258508 
-8.747550787255388 -4.279139217827818 -0.08564404179299245 1.3963791943738713 2.627599716173772 1.3471512906308518 1.0419540980280642 1.2694236233629854 -0.026985720599657773 0.17518889807787097 -0.24001476945427783 -0.8852609713402537 -2.9318750409738024 -1.855258775072376 0.5911857264593798 0.5609999772818127 0.46363721977482175 0.19960405044165794 -0.512868220726597 0.054844805453637756 -0.41779021873268407 0.06358736359006135 -0.24631483580738478 -0.035501267970240835 
2.985455909903684 4.935907497729406 -0.458264696455323 -1.630704016584716 -1.0275648379030529 0.3298559905696572 0.7581815258264367 -0.4864667047846303 -0.05763182122779015 0.3919047858857978 -0.26795315195839026 0.1715766308139394 -4.161336867194122 -2.0276741667847045 0.3458136746166167 0.8355778283487482 0.8890279432556847 0.6480040948286675 0.001141405613344748 0.15098349165251168 -0.27896274249572967 0.3221897122858203 0.05053207360171765 0.043677607233422476 
5.823600299770693 2.3522382829797728 -1.1589583207663772 -0.8710051252744421 -1.1063043378465758 -0.47036231893522396 0.3496388318626893 -0.423406306022321 0.6739695781992714 -0.502937760885358 0.35865306715025175 0.15491581121691844 -3.578742095471624 -1.1079339078211612 -0.18318181054253316 0.1593014416854062 0.876475955343865 0.47513432095904023 0.7097931853219127 0.47013762164366507 0.07565798777224604 0.11993868059291718 -0.17750772702338954 -0.43427046822612986 
4.453893156417092 1.5450707520347677 -0.30437155199462906 -0.32525182692681404 -0.8430642061917393 -1.136436878259242 -1.0440057817842998 -0.5037335616573662 0.37413108154874886 -0.7658512512397778 -0.12872513717972012 0.12021169982639446 1.7573479926245483 2.2307880571519814 -0.2801567747653383 -0.7296427091660954 -0.599436237107619 -0.4892534654510154 0.08233159284788778 -0.48509670698922164 0.2106300493456094 -0.16039147728939965 0.09694186001551602 0.18552279313079958 
1.2544568759027808 0.7400808784829849 0.3869548176042601 0.26574877448870166 -0.09407846571347989 0.6548947621681807 -0.18633180413230566 -0.1323558131316419 -0.4698411353046654 0.39425087486190724 0.2228944042265557 0.44323289883190836 2.8233858469991735 1.6363661035944255 -0.12003548439168625 -0.29084056688640497 -0.7648781099441084 -0.9355521580362529 -0.36313641617752784 -0.5266888849705323 0.362525245144889 -0.4178987990092855 0.265914864089743 0.13701276999284925 
-0.0020163560360053623 -0.9503779714781437 -0.39075094134462673 -0.01015283896800162 0.26463093735325605 1.2349878463710011 0.7791720652802708 0.8232981697376953 -0.11761661251264988 0.4244848998803642 -0.49089940054309034 -0.5291502923859543 2.314973535015314 1.0129154696902336 -0.16744416296901224 -0.1593485571188795 -0.31971141855249224 -0.8688063235911422 -0.5695029706347142 -0.19229764666619964 0.29332188340940796 -0.2683438463929986 0.10163264192377115 0.11203602274105345 
-0.41860248500027986 -1.3091356660470481 -0.7556621729163195 -0.15603291859463342 0.634482420213252 1.150581792858413 0.5274591568629874 0.49314448319174553 -0.16773231020469617 0.15559056058242743 -0.2580043934372923 0.06855849734454511 0.1946734108770274 -0.3641707571450124 0.08618743581250143 0.015606955656086524 0.12970115984493139 0.6173313655008458 0.20544669040439065 0.39328948193837415 -0.27901961220562105 0.28327350862015005 -0.14013213937286836 0.09057650075729907 
-1.65449776817732 -0.46906738477091636 0.7692694321726975 0.3636846909714919 -0.24821039349762852 1.2221385771690687 0.30760764962219633 -0.2395907698204609 -0.6568889812294597 0.15851044507895784 -0.19317366411910958 -0.028559167653084278 -0.8057798733739873 -0.9928406715874797 -0.013490451996746292 -0.03870848248069555 0.23183909779372666 1.11247701306049 0.5464760267651092 0.6681253130568674 -0.36611536209269496 0.2309269589465783 -0.3164560612000495 -0.253592122940077 
1.496677349342356 1.5919378565644084 -0.4516176765919063 0.03200914255069531 -0.22676127982283178 -1.1906746997333904 -0.5668896675164403 -0.7807797891676862 0.6368538856706027 -0.3225824235978396 0.49442795413317037 -0.07879216580642392 -1.4485443428838574 -0.438534293505809 0.09266492149907964 0.013309272970414343 0.18656585585185503 1.063997105279975 0.376775796951325 0.14899384901911147 -0.2767594906573502 0.03459942633613285 -0.13494408960461324 -0.07219772681610954 
1.4576833469146386 0.5776072819785671 -0.5023018335165944 0.011951577901420651 -2.645060098820373E-4 -0.9318149465145672 -0.3130816028253429 -0.5441156332531912 0.5784363758277855 -0.029209484869237134 0.08225260927182679 0.3053014080097612 -2.0921815929700034 -0.16066205799417096 0.3528627323969696 -0.027107240887263667 0.04657225077061836 0.3984017682515166 0.48549919077635223 -0.5381428266039548 0.06865245544086418 0.13969139452378296 -0.008311480093522311 0.17185810192756487 
2.370939986105313 -0.5168701189043627 -0.3978713045689124 -0.020094180970840814 -0.04918809108618638 -0.9644327611396941 -0.292523607767218 0.19842536785077625 0.044883483238731925 0.14565224654812636 0.009114738681079204 0.11822138996145101 1.7466971824621982 0.577190114681696 -0.1779891006264672 0.0832585982517054 -0.4222717322234708 -0.5879145139869782 -0.10020133013313089 -0.76558523607592 0.11277297597687368 -0.1396184065279809 0.1635495651865592 0.09082361958349705 
4.184915692351211 1.067322776945982 -0.3161919510297082 0.471058075394051 -0.4767137401778063 -0.08618769688232897 -1.2860729525814714 0.8852351314821723 -0.5668611463361168 -0.49468107356537405 0.07441738388750294 -0.6426402513197164 3.1688400588088803 0.20380854398982665 -0.7586455521638754 -0.04218917190923507 -0.3970807774436545 -0.45021541360844974 -0.20514937540195266 -0.11182771595183061 0.1963197646789148 -0.0708283855421698 0.09853347848897438 0.12775667732030951 
-5.107030370762525 -0.38449023496438706 -0.010705315955947814 -0.44731990095073604 1.2782785339315428 0.1502552174114251 0.22020999776101657 0.8013005366923919 0.8711837188219329 0.32900859033417157 0.0076968712656547145 0.12270780510782375 3.264715974243661 -0.004169897592509149 -0.5370787252049728 -0.030963647800389998 0.1569774891393315 -0.20490218829322102 -0.2889423828131464 0.2554075958798669 0.08056984387071338 -0.0636869947525271 0.11645596728021305 -0.04204394165167125 
-4.309851651078083 -0.10000829196090066 1.5800518286685494 0.35213195361907346 0.5272445138122168 -0.1385126949647777 0.04599972061639779 -0.5100700698185072 -0.4236730360005594 0.0915974998642497 -0.21263889248738416 -0.08021183152435377 2.0138223703367006 0.3153475939978687 -0.15066585247689512 0.06379555414361633 0.18793940193149336 0.4153256268241594 -0.3565686258941652 0.7573399557231477 0.07787177799624552 -0.1613891654888672 -0.07426517946140769 -0.31980899034205823 
-3.1758242649110238 0.07930510832660609 0.2652429811968773 0.13225982331781794 -1.0220996854991924 -0.32356369721880673 -0.09173279592671335 0.12985518086151537 -0.26842010354118695 0.04357394409089581 -0.1967250249721164 -0.03686099498121653 -1.311589704485632 0.040674235985182015 -0.30620523385792153 0.43660597283898933 0.15315389159982593 0.09383911664211375 -0.08722903391569736 0.23741419949017462 0.19481855239538337 -0.03831766203176834 0.06891293346883567 0.0031077721541452837 
-2.822154471584641 -0.11061767669312061 -0.002168542175435384 -0.010118449171075017 0.10965716374308121 -1.0952551200396914 -0.0603956780551107 -1.0510620577718328 -0.23067456914329343 0.13220374602286544 0.39942387039061156 0.39657111975097853 -2.0849796149750044 1.3568015991127238 0.4791272999304397 0.43259396102098974 -0.2391715170968313 -0.6205989732721179 -0.3332029397547785 -0.5917685576777721 -0.5027197507964961 -0.08422875771357073 -0.26267387855807783 -0.23798590067658887 
-1.91610984705235 -0.5012082505538231 1.6990205710398092 -1.57601261807263 1.0276105341666328 0.3471090800225407 0.5350947988438629 0.3595539321985308 0.1902288282071498 0.4236584533501687 -0.5050733105798502 -0.12500698699227825 -2.8753944986053166 0.6023041319693425 0.009591425543428844 -0.08673814999855885 0.15171675996291692 -0.21903000038767373 -0.10520330829050749 -0.32711153747465205 -0.08387907762819614 0.22332587463977593 -0.1735234828263148 0.2676009303661737 
1.3152299849175924 -3.8801564098588575 -0.5742188660442356 -0.09151370874867193 0.2199039552697981 1.3879478362309023 0.7321947424954452 1.1503862275463017 0.8551617505147607 0.1542415183753254 0.7295568859907163 0.6778188665109437 -1.9683266777459594 -0.1312169391749802 0.13350690851810562 -0.6150119498915761 0.455644290169747 -0.03266320411629172 0.26521615485554334 -0.23765194238656476 0.2820764589067724 0.4093551849248683 -0.05079572495792698 0.2732298182299185 
3.381667002653809 0.15716207900144696 0.5224938665009908 0.4331719031022929 -1.5323733611513017 -0.9080751741910824 -0.17241808133046888 0.010465650626404255 -0.5597010304856256 -0.6374225660046621 0.1587789157067756 -0.9802876594597203 -1.0288597143785794 -0.25957184168646935 0.5972845288260605 -1.0441604795317176 0.5792365058915162 0.6975819652256252 0.2175185371821318 0.2634180970179105 0.34781531439584396 0.041167565245781725 -0.34644034809072116 0.08475249729452762 
0.4339371368001581 -0.04615202394581508 0.18557408453965696 0.8303251399161917 0.022716240892807438 -0.3696733805840047 -0.5022877025345747 -0.16356208982607523 -0.7019390165172229 -0.5653212990743239 0.21988493212107962 0.004522001294944067 2.5088466435012218 0.14078507930406067 0.1941633828210878 0.37527191618510547 -0.3727720574504702 -0.08953867267437869 0.15369235566437286 0.4204776190949535 0.006064229398037191 0.0893473841338529 0.1955720535607953 0.31003426768070846 
1.6111157201421054 -1.6394949184509362 -0.4727294907303188 1.095549396190091 -0.6115051263194207 -0.8668262072468811 0.49978040981247746 0.22627379983098778 -0.07466673146439018 0.6599371663376482 0.7890837106271316 -0.04261604626786131 2.8272325619877585 -0.4493056180046043 0.26247867823560583 0.17581163058686408 -0.9653440222375421 -0.996991571892004 -0.06829745223056981 0.17565732231533726 -0.3118622701714939 -0.38161369187455013 0.2358249111181432 -0.2953250127475956 
-5.326034304330222 -3.404183149044848 -0.6590973358918442 -1.5485182038478875 0.8777860102052681 1.6359393707819379 -0.06498157006914652 -0.2189507043408505 0.5944519128100314 -0.7624805001973884 -0.1723116721518475 -0.7211197431271112 -0.5163590033658195 -1.0349897796080676 -0.5950412086897828 -0.22258467331308998 0.015775306004322292 -0.14626884526474823 -0.11755344080410146 -0.10103782358245324 -0.08999107964519738 -0.148718528986542 0.38276790524995724 -0.14286623640072507 
-2.2200449627442786 3.1840944955647763 0.15739354200992395 1.0951586832237403 0.9361238209050945 1.0800931658019588 -0.18617879087147354 -0.4888120090622199 -0.272309684634771 0.6059981101805205 -0.35259751551119034 0.26850825099409414 -1.9158424769263405 -1.3405886259432596 -0.6839081026370394 -0.48134769649422954 0.1274021493637746 0.1603289403791829 -0.19875668672180033 0.012850878158718456 0.3480945685999243 0.23254644419051998 0.3758674083232297 -0.1379909714392926 
3.898594488340809 0.6470226078705315 1.655636194238884 1.498274516338637 -0.798424150732417 -0.90432653131418 0.19335222021970522 0.49709428536788836 -0.3331443009964403 -0.09219618403613405 -0.35757817055963104 0.2775585618661416 -3.4221282719278334 -0.9048375794363667 0.05853584203408624 -0.5904031910643862 0.5341285668230823 1.0665168541818526 -0.2554914551361057 -0.1747740390655582 0.20460548522773347 -0.1022990024048092 -0.032438591187641884 -0.1878435049279461 
2.746328754585612 0.35666808092115243 0.4216280521154352 1.0161961255795173 -0.15560649394190196 -0.07768007733637106 0.9668835748334526 -0.17030132949953702 -0.6551523303609273 -0.37284432431453896 -0.2458852651386657 -0.12798228444660997 -0.9651941244683524 0.7279463750745366 0.8838863551369928 0.7472511131878862 0.15134162783626445 0.4463608430015187 0.12740623710260537 -0.07365562953516532 -0.43966964221878674 0.21761931833659395 -0.08720399124567933 0.009911282176707855 
2.4571636527883314 0.7240427965860636 -0.9668221170468585 0.2621726481673825 -0.17873453284048058 -0.9847245701944551 0.12496161248670756 0.1461160730744826 0.1720567799899092 0.03383772426456888 -0.12835202377518418 0.04065603937707918 1.4583707488301456 -0.4733002674478593 1.190393388384912 1.1536900024464563 -0.41782135674055443 -0.4176003978264404 0.5219304753184223 0.4009852281678001 -0.6644106763517862 -0.16172629670394997 0.04459382867935493 -0.03152663212448339 
1.3962528284370173 0.9617452759834002 -1.1830363677581834 -0.528543722254291 0.17225412845033294 -0.21879034376245965 -0.5342021983127908 -0.09235601431002105 0.7940987015284144 -0.10987679897961278 -0.2055986151663758 0.3572256657085018 1.0662268634688534 -0.48698208717353975 0.4822878520082423 0.8180826467359905 -0.07355804388974252 -0.33478139435937204 0.3833325741064831 0.359507066903565 -0.38450690350059924 -0.10361059258522859 -0.21805634690418244 -0.002111582680567612 
0.19852020492466949 1.7643848126829855 -1.1132117609790428 -1.1904255670838273 0.2911096082931288 0.4190297953781854 -0.6218963191624403 -0.7448340567302698 0.9354622121142473 0.26149894340825275 -0.5115029815838408 0.12953448316203586 0.7483757166968376 0.04061353176181489 -0.4079484824900108 0.4925700609313359 -0.1394532046084432 -0.32954576817241954 -0.04075532278060847 0.2799889999866428 0.14385622591497102 -0.005002539586429831 -0.1628276019755515 -0.025029366709818184 
0.6769698881108823 1.2974433343933107 -0.9520406819431996 -0.7117527070028491 -0.1698544328394791 0.2247869229554248 0.19031481833857722 -0.8033474653078558 0.11666566407870138 -0.17584315613069512 0.59985925447821 -0.16608675829738548 -0.4545151573764408 0.6761207769648964 -0.49938944712459504 -0.0833695091548821 0.3494440355096627 -0.01868253838161607 0.059471403308514116 -0.2762504377353668 0.6891856465443883 -0.1822172921126124 -0.14372848807434413 0.06514802919859689 
0.5716779728608863 0.4343531720956637 0.14152548751568195 -1.1239330422523461 0.41067936162975505 -0.21787589903613874 -0.11503092749715105 -0.3383552013865283 0.07920462096985265 0.08182852159939955 -0.042598152670822564 0.37740035150947737 0.12715334124961805 1.0505371100534011 -0.6423842314186716 -0.5405766640911508 0.1802014071034267 -0.11813178259701052 0.024594306197181726 -0.5338928667428713 0.6058073615908521 -0.02558500203534177 -0.14373140576803886 -0.09029648281684598 
2.5732194165982314 -0.40160123461762787 -0.31223665063176065 -0.3116814572053853 -0.9358628547469683 0.15571011858955064 -0.9660491040709778 0.5331558712242086 -0.8453294425325532 0.5266102882626511 -0.008865565399852504 0.03784864393899037 0.8398918452113167 0.5625980796445864 -0.40297466688174793 -0.5651006728401724 -0.13883138586487379 -0.32396610919501406 0.052934342399794075 -0.4238492855115205 0.04600878837648287 -0.045140210342199595 0.20086058827750816 0.035803542713454976 
-1.1310645830678592 -0.5377042329717483 0.4940389176212525 0.23126880029089314 0.13350959793659334 0.8079635453521541 -0.11749727654920794 0.18859287523231183 -0.40096231935268184 -0.01297277268239505 0.22405364565930708 0.29845623049438585 1.0043419449185917 -0.1272699052778051 0.08894750338566533 -0.611330229375654 -0.11830001306042 -0.37865426406372915 -0.4032718571294116 0.1837151321747197 -0.30317013262693226 -7.494942846088445E-4 0.11130829469492586 0.22162695955443293 
-0.9913343695586949 0.09567779799325749 0.08062660364925889 0.3059483902460485 0.3852246066017231 0.6837655283463207 0.03274496566522345 0.20472635291728558 0.21872276911052002 0.006978122036800982 -0.13604840951937924 -0.23402532593020464 1.485916963139702 -0.6676005320246663 -0.3780222999910016 -0.19025404189871056 -0.5936765121280204 -0.019065920811297987 -0.6595045623118744 0.2673734380823212 -0.3593761750952036 0.23485584996970266 0.35174527671675265 0.2652669773574749 
-0.659070968816426 0.5675233716236363 -0.3217486497818238 0.4012427221488988 0.10503567013666937 0.6540591882766638 0.5953876090229833 -0.7252858387572259 0.45668891302911296 0.3438930875661511 -0.31293161469583675 -0.15154354221922395 0.088001593156672 -0.4978400737854856 -0.0339471688129089 0.27809294734032614 -0.18117709942850382 0.5328586211846499 0.06431270673485236 0.019680488964133918 0.008926071138170066 -0.021281942385641506 -0.013399398362896922 0.1554372063152612 
-2.1205282799465914 1.0485865591586787 1.2297240330427823 0.17409370756174358 0.8594036455370551 0.28986005956118976 0.6560221400785496 0.1879749139720137 -0.1960265334378397 -0.35639019177072995 -0.7956087653725387 -0.5329524017766294 0.04959268630095851 0.03125260304078381 0.018646673434022782 0.538599783388709 0.025519279623734164 0.5605668379741785 0.5130171428659055 -0.18601908308752044 -0.049395749779854135 -0.01970543806343845 -0.22414649102055637 -0.011101879871895074 
-0.8304724073439269 0.479361607801998 0.021331709363217488 -0.5370827003879327 0.43995137675443885 -0.5936595838092299 -0.6220739839604281 0.137927127812546 -0.22036588149301217 0.23255721137829494 0.5940320186745776 -0.01839185052818537 0.33841863019008533 1.04199639356525 0.2657148374724884 0.15843300944855568 0.3351725259240362 0.5468011300481393 0.2952500047708097 -0.14363376767886246 0.26292383909442973 0.05183656983205348 -0.23140752024062214 -0.22454150252654312 
-1.05441170919782 0.04600087078172521 -0.14685359622533012 -0.8406882486516627 0.14120891442163586 -0.37407559953326786 -0.8975756664407875 0.33117711889496093 0.7054374157111449 0.12176237432104442 0.08290924685708267 -0.2672955321600387 -0.2966840890873114 0.6415588778399762 0.11451897163237756 -0.11472397695824461 0.8024003043969827 0.35938786345287754 -0.05034782861477934 0.06750831882296361 0.14114219014955856 0.08669320190324288 -0.03137846583305811 -0.1990575785013752 
-2.2073851447610675 -2.0571729648836374 -0.4306043475652328 0.4333346719099349 -0.5413845420777295 -0.6543763723205257 0.4864364979702228 -0.36598563818211205 -0.7828145788286686 -0.05069290497589651 -0.05796806008878108 0.38925253055211007 0.03976316053848642 0.6696312584787122 -0.09204807141628302 -0.5648733662857895 0.38045182204235956 -0.3223715834421906 -0.8240518984475546 -0.1983613825859686 -0.2356799482894364 -0.11060997955071562 0.08319214340072954 -0.24306507086657358 
-0.5420196439760869 0.39217721198156763 1.1121351466098748 0.033056952287543684 -1.057129308237809 -0.757945136541795 0.25281038495756225 0.2374063405004519 -0.3382287552186871 -0.4748447393033628 -0.375473328491685 -0.13960185681265147 -0.499213608587006 0.04641406284165939 -0.02743267358696781 -0.324453775625421 0.13983626038330443 -0.3917327905284185 -0.8083433757260652 -0.36831672325874426 -0.27494178720273393 -0.17869201776041732 0.08420873523186263 0.00277451674722388 
-1.2059579215702527 -1.70262033823406 -0.3320184478055359 0.7206647979998326 -0.10223497804291748 0.5653899350216054 1.2748886856830606 0.7798966647677065 1.008507048840213 0.8626907068426455 0.5736468761467728 0.6469565243978418 -0.17045591319696066 -0.16197259063529854 0.14861217774261984 0.24110512924565722 -0.4938798087706257 -0.37268464251866495 0.28269821629976777 -0.13831887107290844 -0.2743727659856977 -0.0742942646831361 -0.2068790719277913 0.07471218505798628 
-0.05748449503220954 -0.2705176310680417 -0.11384852534427514 -0.010991984820348577 -0.49787464874568343 0.1912396183809221 1.1332283668809888 0.8631861371962841 0.6346019634849058 0.20114662169302533 -0.4855244269562822 -0.4044710793245762 0.3981169145991714 0.4100826428503497 0.476480212009764 0.21874632540615288 -0.6410642633648036 -0.19927048055323585 0.5524494422245331 0.3154911991529748 0.25188573721094026 0.09582075498868163 -0.19415459534390914 -0.006664527481077043 
-1.9382849796421242 -1.2399077714529372 -0.2634490448160174 -0.26795624727309064 0.6606275544880849 -0.01091482222588934 -0.8018671418907938 -0.2639189233113028 -0.4461116402233719 -0.16580579142468227 0.6176947049268915 0.2975505866341136 0.03856844152719555 -0.2650113808970544 -0.014941554723142217 0.2902886635749184 -0.26028941557580315 0.20529614150248746 0.7740235469228232 0.5107946494102094 0.6093185660763267 0.44818956684583044 0.0899209928190466 0.1606592753017494 
-1.3702068587376655 -1.0694269999600428 -0.35159019091417654 -0.12887150129445324 0.4846322155911006 0.12801868374165998 -0.3661600279291098 -0.18715946291896807 -0.36657662231971555 -0.24805875513574377 0.18496654314998312 0.055094694512443754 -0.14821112344810108 -0.1616119671047818 -0.05421689255472362 -0.044767741631208 -0.13768974215884247 0.059956324543382955 0.34051037735616835 0.3163180680164579 0.23676844481951406 0.11282614344465641 -0.06524777025354034 -0.0804262137290317 
-0.6653020642991114 -0.5081315110968962 -0.16832295085115856 -0.09126143448787027 0.18737983651610002 -0.018888022166225926 -0.2974877576803595 -0.22731448340529561 -0.31885935648645636 -0.2572753052804613 -0.03136158736349967 -0.06480418842591638 -0.9078248001881256 -0.7017950965994301 -0.28269457101265655 -0.20616367005082967 0.22293916120873122 0.03040624540683344 -0.22601497489751118 -0.0015402701076848528 -0.07215472811752037 0.013686088095478341 0.28515207848509655 0.1458437386406771 
-0.24934258235941265 -0.1515698599317168 0.0012391053374662953 0.034963833680665246 0.15181843671683637 0.01535724472094152 -0.1404924572927334 -0.1040702868060932 -0.13932951284209416 -0.0915970517130544 0.034747029949534436 0.01798494939253393 -0.5659549271748247 -0.4661102947524441 -0.1781275844059009 -0.07524936909995024 0.17869523691268463 0.07199391763571512 -0.10000832619654987 -0.04015785927578027 -0.1253486403833611 -0.09991662721138843 0.04530454550294218 -0.017423480871195024 
0.22475728273312612 0.4065489483311904 0.4082200200961308 0.2686170953918391 0.15821696029902332 -0.04580283893603043 -0.23665600251644847 -0.30084270104468563 -0.3432710106096215 -0.28509490742246196 -0.16265177392817393 -0.1214257567279628 -0.10490052924381062 -0.0031539543114389446 0.08420446682153748 0.06192334846247316 0.11139212274468376 -0.010603465581426108 -0.1428674073839973 -0.12882665388067296 -0.16061027015563092 -0.12246413195097688 -0.01954636014192677 -0.019123999801395133 
-0.11737175072931016 -0.12843634541675364 -0.10547892317011853 -0.08306265893445719 -0.036872057038414896 -0.07450566078058316 -0.0965509269214157 -0.029921776271932238 0.02167512589195028 0.06560092756942185 0.11469799992349371 0.13567592127705203 0.1093418260425351 0.21027811892211348 0.20976142593191735 0.1397191169130026 0.09694460126668954 -0.03049117102814175 -0.14242449398441806 -0.1482159316919653 -0.15247423204217142 -0.10993185573662595 -0.02912467983611609 -0.003674518125369751 
-0.4165858923827308 -0.510236405420061 -0.3675773370619786 -0.21801823356772854 -0.0524512848403256 0.057853827328814736 0.10914369928597356 0.12209122296964287 0.08246913461341424 0.03151810093123124 -0.012697991924698997 -0.06627767496399004 0.16755003910301655 0.2587770119504375 0.23261577487995413 0.1509450212916276 0.07728603223778041 -0.029245897831778254 -0.11360166408366908 -0.13350611091896603 -0.13498540598858957 -0.09546120533977642 -0.03583800282928678 -0.00904366536085647 
