0.0 0.0 0.0 0.0 0.0 0.0 0.0 0.0 0.0 0.0 0.0 0.0 0.0 0.0 0.0 0.0 0.0 0.0 0.0 0.0 0.0 0.0 0.0 0.0 
0.0 0.0 0.0 0.0 0.0 0.0 0.0 0.0 0.0 0.0 0.0 0.0 -0.001340981682607989 0.0013734138063533075 0.0049320803977164025 0.001741406831157255 -0.0030432549728483713 -0.003838489022854589 -0.00202445523247576 -0.0012357932542469048 6.564380730291197E-4 0.0035802284895033363 0.0027893770368865776 -8.702655293268968E-5 
0.0 0.0 0.0 0.0 0.0 0.0 0.0 0.0 0.0 0.0 0.0 0.0 -0.012670122961959093 -0.01696429817662227 -0.016019274214328704 -0.015068275556528113 -0.012759609347884985 -0.007965921827627046 -0.005019372551587159 -0.005350600323017892 -0.00706096590826219 -0.007450290721923265 -0.005469787927301077 -0.005332427365071835 
0.004022945047823967 -0.004120241419059922 -0.014796241193149207 -0.005224220493471765 0.009129764918545114 0.011515467068563767 0.00607336569742728 0.0037073797627407146 -0.001969314219087359 -0.010740685468510008 -0.008368131110659732 2.6107965879806905E-4 0.025004341817644438 0.03036343820756172 0.02475380611741689 0.02738158040391288 0.030531043632468124 0.025818009162406008 0.0186571629122199 0.01567445386310301 0.012751881617234525 0.008290159617478735 0.00800058580815625 0.011074307029019709 
0.035998896361965294 0.05295301523939677 0.05545594323956071 0.04781693691632022 0.0337139455843824 0.018140031948599256 0.012021434806047837 0.014198111087683318 0.02216755483433025 0.0277212149000248 0.0205934293372331 0.01586674226581647 -0.0015446936376705505 -0.007790271045116444 -0.014570233093589097 -0.011525144549853686 -0.006083925590701866 -0.006763856072116751 -0.008797289048276915 -0.006891901604230273 -0.005579373867837957 -0.008026003455836641 -0.008411080335501767 -0.0037034378332875353 
-0.09301247363391596 -0.11756682224238355 -0.10198938997203102 -0.10605320966989876 -0.10845010368959557 -0.08652404346151765 -0.06198220613968361 -0.05412241713315069 -0.0493394222688687 -0.038731086302448606 -0.0342984720930853 -0.04115629221996736 0.8012322982904759 0.4409257901089045 -0.5747391506111075 -0.7229986381561847 -0.02200684856243071 0.46895596974642056 0.2552071070733027 -0.14423249385913453 -0.22438573714580365 -0.04970069136891056 -0.006906015257126537 -0.017943511750472204 
0.053151790253881614 0.08009410354701114 0.0873072736702082 0.08498992823777456 0.07704171107617594 0.06931132348139096 0.06041965306338619 0.04959060326063652 0.04042317562840454 0.03807321078447922 0.038198411497718084 0.03181899943924532 0.8230852073745689 0.4416018001130128 0.06663416599614225 -0.09575105340752449 -0.1952849505307964 -0.34412659174926513 -0.38388182205316657 -0.11048188533368519 0.08737451181673377 0.19875246851182019 -0.05208179449548205 -0.006422903847088636 
-2.408250396769562 -1.3404681558995806 1.6934955454248495 2.1451851983143553 0.05348642785994047 -1.4209380879370939 -0.78374706465115 0.41870861525366765 0.6620600868212865 0.13318539069599444 0.003547423580477386 0.04611548632350025 -1.2937672027309166 0.05983750957928053 1.8745551772356392 1.8703648044584262 0.351211754614198 -0.59525444811087 -0.14680539766384662 0.40861710604032075 0.3746500195391825 -0.17154850708142133 0.0781913166143614 0.00660641763049806 
-1.2756377641939185 -0.6604017182710429 -1.0421890224473063 -0.7905491068532333 0.5386005314020036 1.7177268294341825 1.524549330221281 0.10922825089532973 -0.5956557351609486 -0.6544944291346574 0.1579158649868979 -0.008500435464651429 -0.9022697090839352 -1.0229155462142872 0.13451754780393022 0.508316545239035 0.14517876263288096 -0.14658761041467055 -0.46496075729476166 0.031735755591292956 0.05296930248471967 -0.08513345236865587 -0.02051851100979903 0.007730592039217603 
4.452683911782734 0.07316855992880189 -5.160906773620192 -5.2793781054996725 -1.3928647776951033 0.8750315478946966 -0.35363085172709113 -1.3097925590714596 -0.8552500254917399 0.8221982549013837 -0.3287311486807594 -0.040815827659513165 -1.760443646109036 -2.2822777631020195 -0.6932747020750579 0.17781997111138045 0.006465814590057429 -0.22806747326106033 0.27855787355933875 0.32246040772447265 0.07923290161238415 -0.008756420120846356 -0.01043616948279516 0.09482612316190157 
-0.6705062367704606 2.442022384275681 3.110955789780938 2.2723219444276834 0.36468102595505497 -0.6389106631904926 1.240243818485642 0.8186339236493213 0.6401703243307587 -0.051032864212247814 0.26589323065773357 0.05209288031309922 -1.6283034793402684 -1.3616731455531912 -1.4422287460447158 -1.0614096488886056 -0.27701586099042247 0.5138615071962572 1.1512959527498623 0.11694682934321839 -0.20138580588301688 -0.08456810419997769 0.09659635161025008 0.11708138954668323 
2.5705147778458173 3.9551530821331156 1.6967472455359012 0.08028975933975557 0.12104873681324249 0.4415830781584247 -1.4772679294613467 -0.9033754442967461 -0.19355164776171963 -0.14227613140267126 -0.019132750806554966 -0.26865954105107975 -0.3818019463624971 0.05014013256190412 -1.2614051092887235 -1.3176664448935707 -0.34890890663266855 0.30438912350153324 0.2814806282955212 -0.3335047634063287 -0.08586160289756888 0.3445675551804683 -0.01947897783566253 -0.00825911823598304 
4.5503572407953445 1.483625457286374 -0.14432979389120448 -0.2861540926071302 0.6126913571190981 0.39286654271354693 -1.367519989161178 -0.4448207945216822 -0.3223475063769081 0.08144707661730316 -0.2866723887809545 -0.2458227474089178 -1.4573205649350525 1.4489974338503824 1.479010976838974 0.6841711093643584 0.46721404100541064 0.10076977669204808 0.23246847916614988 -0.10475465717650763 0.1025800982814888 0.10545892605647773 0.11796894364877249 0.004124690857063194 
2.987658012087323 0.4019466257377431 0.25095134608205005 -0.04714075230155368 -0.47014322337911923 -0.5540244255619229 0.1058091672097552 0.32244909023302815 -0.11640630144519992 -0.27774438105479665 0.005988594545572212 0.13291934090944446 0.5968638954340119 1.0107804758227266 0.4608827838399969 -0.02061754861172223 -0.06801349617880505 0.48643332683668267 -0.5905256440793225 -0.5266226472940929 0.14411633615261477 0.11568760155295754 0.12806309646656003 -0.304263437925619 
3.4928838409139438 -0.12836668907777948 -0.6031791910090589 0.28352387215526287 -0.741365116964996 -0.4434162414064631 -0.24870016734835865 0.5199856279139572 0.29385735632803245 -0.2996755175556184 -0.1005742729646475 -0.16107063323835247 2.564883110737623 0.4587990546564941 -0.5226926933405843 -0.4868529270540534 -0.31595400775436844 0.04706153575085342 -0.4423141545804456 -0.1555164299331958 -0.10251999792864686 -0.09316102403384251 -0.18117718709880157 -0.5072821208989308 
1.308659791484482 1.7288077278470126 0.5435235925748376 -0.14269657720627427 1.0021174623917046 -0.5995755102916183 -0.2651009081297888 0.1940892863677129 -0.9340030875720342 -0.29877763897508314 -0.4963710981143886 0.6017547156404944 2.6703386310642334 0.4076544464365943 -0.20223479329421068 -0.45073911928838756 -0.41368182610731213 -0.430936027550538 -0.3227680461919699 0.284099547271141 -0.1532570347520816 -0.3739661022949872 -0.20113621559245295 0.03451512640840267 
-2.304792981116104 -0.556202257737743 1.2774621628841545 1.2221826010073904 0.8244230374967914 0.27445747782583435 0.14487751224993062 0.08590839721056287 0.3940108804724496 0.3714467776789739 0.5080390188454306 1.0416059279223493 2.7570642247235093 0.732054887400046 -0.22629255377932048 9.769687463975958E-4 0.3185981931499309 -0.09900702062964255 -0.3410933877392619 0.17266634855811405 -0.30304057862409445 -0.08340508798971415 -0.1401186991966466 0.27572616786290643 
-2.1245194700903536 -0.6070989292420581 -0.08266495098192461 0.8357472411375453 -0.011991822288076381 0.3798467974735422 0.8773244659865203 -0.31281093622869766 0.2932880407388363 0.508592778212869 0.30509059541789196 -0.5719643188961144 1.3281184113615334 1.2115523527184475 0.3174794710765529 0.3203812278615179 0.6721352360044751 0.10799751197639813 0.00857765731907569 -0.005417233493925829 -0.2888357724643786 0.047190228590749506 -0.06507886809722985 0.5715750389982667 
-3.061719202469166 -1.156578022733382 0.38879274210728365 -0.2086289432558397 -1.190105054074898 -0.6361063334001157 0.20336730881127252 0.2554366935378203 0.5893335280448806 -0.453145462180452 -0.08094902214084798 -0.40138961955876734 -0.6417831104802191 0.4832209861415559 0.45009537357219415 0.3358338602251412 0.4054388126586101 0.03755830751558642 0.06038511960065943 0.10206206783612566 0.27288448241864316 0.13165404823801866 0.32678787978432094 0.17001746551316188 
-2.2972323319235874 -1.6056614478105105 0.03541988973361443 -0.3884344886592128 -0.007024199835875877 -0.4682861406078377 -0.32007877836768683 0.12557683868586167 -0.16515709396511402 -0.028052204817618692 -0.00664047332955979 -0.39147262761374735 -0.8359193455066011 0.13372759744601162 0.06682083257150533 0.025099096304917173 -0.3278716312038445 -0.2815884729225026 0.02275226255987069 -0.19345876540788476 0.005233774061083755 -0.051395560771819136 0.0023210638159234707 -0.3422492003938212 
-0.2930872187588296 -1.5065839568781842 -0.13186637819019742 0.8267718852303456 -0.39437721170513906 0.585849024319765 0.5624237756250559 -0.43947169375509376 -0.19541999943150476 0.24480712448016173 -0.31645908613380636 0.4413076857416801 -0.8062567139916995 -0.48608497140707957 0.21373757451956865 -0.1793884166054461 -0.5760153385079156 -0.299863445750167 0.04047872982938089 0.07508942827481878 0.12685538098147545 -0.171919353680441 -0.15712347400666632 -0.26660952715677627 
-1.0010774254257186 -0.8332787545076918 -0.02279788854770004 0.2427495379797011 0.5737591501385775 0.6136345373811095 0.6295394449000166 0.6150195536414136 0.6699634822937777 0.31380316719801954 0.41588243596660074 0.033434629635125446 0.5954955242053467 -1.079808987588822 0.11042211444021022 -0.5237574926402734 -0.4754203040021552 0.15245155842194727 0.43345520348832495 0.23113209470746296 0.11717099674736849 0.23494893771691075 -0.11034090239162488 -0.09291171446081321 
-1.2910265137430015 -0.0845144551635526 -0.22331109231076507 0.013944293241041628 0.24754928646162222 -0.27747633514408837 -0.39287799231072185 -0.214552948764412 -0.20879290302899156 -0.10831508714694806 0.17915994523107073 0.18598533328712508 0.9690262098575859 0.4772452814641384 -0.14635905869489516 0.7860516639661181 0.06567251308337922 0.37153107751846565 0.2742442262144252 0.10937587545492995 -0.12087505248478125 0.015992644903536718 0.10644752942431428 0.20107332101555286 
-3.5847492570475414 0.9227307640986391 -0.2501240965267324 1.5892517852562595 1.098273463087209 -0.49397813614175284 -1.1427935048647728 -0.6802788179318681 -0.5099836324084761 -0.5563379121547961 0.07657271816287632 0.014923691995969823 -1.2845174566646407 -0.7637704767423492 -0.5341182711903586 0.36985558007360636 0.5866727510575984 0.2628120081936148 -0.14349072814621436 0.16663575002033884 0.19770451729784155 0.1459654755275274 0.08621968172321326 0.17948753650900165 
-1.908329932520676 -3.816324560573765 0.4208739018840042 -2.2046342303062882 -0.8536519074295925 0.025062128525799254 0.6258575718641749 -0.11995013433324275 0.7571787153739659 0.6318997294459594 -0.466146815504887 -0.1526568084854006 -3.405997724415647 -1.0418715731194175 -0.11402580144644696 0.20076861968178453 0.5964971127652899 -0.08802179120334215 -0.28318258855020173 -0.3276508596395038 0.16259616482903116 -0.06336981825122101 0.125329628005354 0.08873107373096549 
3.161126653957041 3.323937728424462 1.2574644279259912 0.24247205953254689 -0.6356585060886104 -0.32607071903467855 0.5506438472512113 0.06781089636481247 -0.4061358788012257 -0.49420066768101634 0.4798767711649398 -0.3357069090056167 -3.6596465583443005 -0.7499155682393086 0.19942690909285718 0.29914180270165064 0.5225521712990587 -0.19589464568580453 -0.13787485755589945 -0.535763226414293 0.04333179242420863 -0.12363958926494918 0.16128574162146217 -0.05310344297256634 
5.554028704001649 1.8404967820317886 -0.635027950197786 0.08502829705754433 -0.6749760672463379 -0.09736467008759908 -0.39004890271810877 0.39435477300575905 -0.7485052743197103 0.050725745369825076 -0.39848096528602306 0.09510741259502191 -1.3869793353756308 -0.992740343559436 0.8219354566539921 -0.5277489219336632 -0.2769951143344374 -0.12632958148674076 0.28993026245626125 -0.25312744815860405 0.10259641100804806 0.09358957456285975 -0.11275853435335491 -0.014792235669513737 
3.663011099724198 0.3440667975137881 -0.3204538977644088 -0.45300488653060866 -0.5587209709015943 0.15491920022235997 -0.22121569490593257 0.66985840764151 0.11286298516573612 0.10516784767811863 -0.44111743181094226 0.05035191037345757 1.0912148352956372 1.4158807171287402 0.6337635319478828 0.3050538892355128 -0.321650163680383 -0.2917243689923137 0.04203803095882155 -0.015157232728172728 -0.28485106381955133 -0.20479008720397696 -0.009089485306916056 -0.09009179832017249 
2.001665850722638 0.6518319355598798 -1.255973305232772 -0.2736489914737208 -0.06113533201978827 0.1635559133575023 0.14199655557396318 0.33840845450422075 0.18989005036634077 0.05144674807781269 0.33262588904311874 -0.30130951116639654 1.8570721931405554 0.7166772328605141 0.04039445665729794 0.11164904207524191 -0.4010305379752641 -0.16967818778992497 -0.16573386446060745 0.1394959349172525 -0.22979071551330174 -0.03128244048256169 -0.30165835525450796 0.0771374099761729 
1.6636635747096342 -0.32937199972580444 -0.3333534904001642 -0.49335096390835886 0.02237161733926385 0.4186420962197118 0.15850702522871069 0.1412557538000998 -0.020780349685597166 0.11980909257692068 0.14159179992111703 0.13277694783560995 0.9374103612334453 0.16898782056691145 0.07161194751022744 -0.1690750419530753 -0.2765881553282732 0.10984675022023778 -0.02044226863813108 0.2394787012387544 -0.057786709781585864 0.06582138699032142 -0.10329731804397319 -0.005777216452979207 
0.9824858870872646 0.027184482070042648 -0.7497615238518022 -0.22974579047930632 0.2375692525590254 0.2798084452834999 -0.08270866940360805 0.24016829517470661 0.007688539645861581 0.13725244436810913 0.21513948461147114 -0.17751733606457296 0.14821589483495975 -0.12135334309442906 -0.33363391180556395 -0.016111899838253268 -0.10916349828771788 0.16159953009877512 0.1300006385244761 0.19841400665884731 0.07291899635267685 0.12535948350494075 0.19769340665778845 -0.16006384554338482 
1.3603699978415484 0.14942706255797233 -0.7883956309855761 0.03226863883140996 0.1216912027938184 -0.23274731640135216 -0.047536276502753716 5.423835900038032E-4 0.3773238698707333 -0.13519916143799385 -0.07248227546319891 0.0057874721814834 0.17242985032405697 -0.7835243723612395 -0.4672938818158728 -0.08089754105929174 0.22577583996928804 0.10231657989355954 0.21358653146627318 0.17737575023077765 0.12445638957790367 0.27759843064630535 -0.02145152323964646 -0.01925417914482036 
1.7086649546518018 0.7764924337012786 -0.027550499523374072 -0.4881230933288454 0.21669537011608808 0.004452029371708965 -0.1449837091337329 -0.18647688036727317 -0.227919048469855 -0.19712757542955228 -0.15341729323808861 0.24237676329082117 1.9330754066859737 -0.2572932378949601 -0.37593060470217243 0.0763394077314139 -0.17794826085916127 -0.16841185918756194 -0.371321231154043 -0.0067238959306723895 -0.007449509810543042 -0.2824135471631342 -0.12993518605520818 -0.09078886488379136 
0.7832844899551947 1.646547141542296 0.7074226428832401 -0.12146968930571411 -0.6445189613471316 0.24937056449492867 -0.4511150493050464 -0.17754890912124321 -0.2763457243614499 -0.5457961894631647 0.3902247585648363 -0.019407564407626032 2.723674606771033 0.9091309242851254 -0.776111918041814 -0.7011436172051937 -0.0025332405881870468 0.16563983463181922 -0.0737201708221809 -0.05502695665879043 -0.0191623974298758 -0.20485106190974725 0.06286099060854346 0.1036465305808415 
-4.52819757902748 0.05050415626276106 -0.36987884667969295 -0.381894849604986 1.1545191172069842 0.5439850823980453 1.2330444104596672 0.3493856293223473 0.3568718661935823 1.1897915998700972 0.3735915257630782 0.10744677688135584 2.1088138542121153 1.5640384484759802 -0.1685913938870057 -0.6211371604974368 -0.2469175635817111 -0.1647042848945668 -0.23454691955247717 0.3841664300638481 0.061847870768973155 -0.0969423750269819 -0.03213500965318916 -0.1436816126786312 
-3.6922225556319104 -2.214971571578145 1.7111042967180254 2.0825853685850615 -0.3396209489870685 -0.9994333468099781 -0.5153898238329111 -0.10230800127843515 0.14241560482864207 -0.21410556335857678 -0.5245696567894127 -0.23768712635630845 0.47304399798157437 0.9628175047054169 -0.02699928555519841 0.05082230179070215 0.021787820392572838 0.20195733991745723 -0.07250975660241434 -0.34056754605509654 -0.3077820553423846 -0.06398049766363388 0.28714569178907234 0.11481466677323533 
-2.3800230851909916 -1.9848635551664415 -0.023617144779749744 0.27326085921807736 0.8049990546811898 1.1229668397078627 0.5907944367876309 -1.3765966244802215 -0.6228433253718204 -0.07214576340090051 0.40038494339860337 0.782561382301056 -2.056038366410738 -0.4787034303178916 -0.062493005481647636 0.4298777858472958 0.8032293079408044 0.02245860278343607 0.21510357280931114 -0.20556519076279253 -0.22437566078312687 0.3680611361920431 0.08146498776243244 0.13353747900706947 
-1.7099347509077725 -0.22422151685935354 0.6152896485988637 -0.6015144490893523 -0.5351223912619529 -0.6459923339123517 0.08753920733821474 1.7071448559453308 1.1368580374484054 0.2771139851632358 -0.4846090256201433 -0.7014088674371821 -0.7843720783002172 -0.917957658099923 0.22569943308978221 0.5254830914943803 -0.08011076580770793 -0.09542790451328516 0.26333397060502944 0.33155560813507484 0.27188818599730236 0.15149536308918513 -0.11429296809492084 -0.1176417184643373 
0.6487736178426647 0.49123941985704 0.36550749382483083 -0.32947829830966635 -1.157418085477987 0.2998887675989239 0.2862691764461709 0.06135477299884179 0.5327776322330812 -0.16000158296693845 0.10921624689114617 -0.061304789599415765 -1.2073923576198957 -0.19516034695037968 0.8640837948659712 0.416091842065998 0.5130755777168053 0.6756212412876726 0.2604852187641667 0.03305347535610862 0.19945103771981576 -0.09195746102983522 0.18485238076762123 0.1498344835198828 
-2.853504672248087 -0.6991500847901166 0.8394436781463885 0.8075056728657926 0.8819199185156437 -0.3016105972156532 -1.1531291054772694 -1.8159505244231915 -1.2510594319657158 -0.6246637428431132 -0.0361064042509216 0.5371711149869394 -1.0224843152994472 0.04203723559313496 0.7932345970926932 0.019108236462459516 -0.49745912886204247 -0.4528528830073036 -0.24370494087166908 0.3845947740718163 0.4383579772939712 0.031432007912779315 -0.20471080269396846 -0.10260162023537278 
1.8139389483388526 -1.161918230349921 -2.7279455441514258 -1.6795247279574888 -1.4427488333580247 -1.0760877525035046 0.4296729369028729 0.2857906396357139 -0.027237703824207204 0.6546154836917797 -0.3784235095888711 -0.2862320594706531 -0.4957653584283957 -0.06899701897279058 0.05463465077340709 -0.4903535735362861 -0.49149020151163453 0.03793430294700404 -0.269771897368029 -0.28377735759866063 -0.011157697837667587 -0.30782844870382847 -0.04993541804365953 -0.0747510497795919 
0.7749355297424751 0.47624560146472206 -0.2176876236910874 0.016184056347180342 1.0999203692641932 1.4005545751607733 0.746952149724871 0.4411426004114458 0.10179177359513597 -0.2244905719044612 0.37334326070177076 -0.2811403717954451 -0.18644681402975646 -0.2926782967752764 -0.4860115706586394 -0.3862741812611658 -0.05865608485509336 -0.15203240249736696 -0.07195865627984106 -0.5743613560257024 -0.42352231427730863 -0.14763937001568847 -0.21362081483374237 0.04182266335973419 
0.3218495921325708 0.11053263364799237 0.7301691924233475 1.5372432305584984 0.208052293682642 -0.6649967274303015 0.1455442409491876 -0.215859716622495 -0.11017487703434198 0.5633971776752209 0.054297668545778555 0.5721041031305522 1.4802988043346794 -0.08406057854048903 -1.1638116343601717 -0.9405820346596964 -0.6577070354814235 -0.3839624638116986 0.20114646727752472 0.07264163270287104 -0.16850807178275154 0.203351632567379 -0.008191251779593659 -0.14729001065669037 
-1.548119552055677 -0.457340626463244 0.5684210218349202 0.35794423739129644 0.23248760956059045 -0.05105890226015386 -0.7951887886609036 0.15795872178302017 0.060976097471277524 -0.13613647978776844 0.3883954511829807 -0.017464956392865827 0.867959016512262 0.2863341027586437 0.11264845667649286 0.36643017002879025 0.4225661384154859 0.37876232747349264 0.37424435775427156 0.030458320339760498 -0.11001490958907591 0.025732380172941622 0.15634604039483888 0.09172308300056348 
-1.4654299237661101 -0.4429433807644708 0.37043503616608553 0.971341285499542 0.9640886529380475 0.8016063776420547 0.5973040042631861 0.2094576808413136 0.49869434958597664 3.8353993129625064E-4 -0.3613758494906951 0.02380026479812833 0.31751672556024463 0.14735579500319862 0.5369731868368205 0.8886783260230207 0.18427043153941844 -0.07245965083047924 0.018452107841503602 -0.025050608368751625 -0.04803764263021563 0.280787170365778 0.13894256539430033 0.2855646523649214 
-0.9353017618449702 -0.10601869960497734 -0.37576591559193495 -0.8001554812097122 -0.5457962256099672 -0.4690339597958827 -0.6016608051949429 0.13710894066026003 0.1274018890522044 -0.020180893551323742 0.11214189853549103 -0.28215770163092363 -0.4124312668284669 -0.043437518321402545 0.40870787718468016 0.4507779371954062 0.1737902576097252 0.17443526460669515 -0.18285404527622387 0.16851019804751352 0.14919373907131228 0.0754852358612092 0.1089746123276087 0.00564739304279973 
-0.9371094796535164 -0.5071957147907369 -0.40865689937368643 -0.5497418882100593 0.04438291664966554 -0.23863024617099932 -0.006576074308303537 -0.13028300095486006 7.251550658414763E-4 -0.33694212654033534 -0.2244032513133776 -0.15224348134518328 -0.43614201053248686 -0.12931270865689667 0.11877938485129674 0.18472788304305213 0.15048801605880588 0.18454886238317722 0.08947663040684069 0.11571273748417261 0.19961483873614094 0.03211740986165981 -0.0852352082927023 -0.037063262399743814 
-0.574985973626573 -0.29490190448590337 -0.2681566419492344 -0.23384798734012152 0.1709697048756059 -0.05424638417371236 0.055313386453512914 -0.17770153146143347 -0.13762052248259177 -0.19392935413558027 -0.00701468488850418 0.05361473755039079 -0.32184133062990367 -0.10874359001779749 -0.14272765697681908 -0.38614370595738495 -0.20140378479236618 -0.2059071312407299 -0.18959491849992638 0.023877161433898102 0.03896014266713518 -0.06674082882518605 0.009081025542203905 -0.11303601216464126 
