0.0 0.0 0.0 0.0 0.0 0.0 0.0 0.0 0.0 0.0 0.0 0.0 0.0 0.0 0.0 0.0 0.0 0.0 0.0 0.0 0.0 0.0 0.0 0.0 
0.0 0.0 0.0 0.0 0.0 0.0 0.0 0.0 0.0 0.0 0.0 0.0 0.005864375513092194 0.008274040597240425 0.006746934767110302 0.003588898904509308 0.0014481020082077005 7.054935965276251E-4 0.00235060269624023 0.004404622789103733 0.0027961712070147526 2.0463922447163294E-4 -8.903173591612116E-4 -0.0011428776528841316 
0.0 0.0 0.0 0.0 0.0 0.0 0.0 0.0 0.0 0.0 0.0 0.0 0.016234791045811825 0.02145414103498326 0.021557855509462525 0.02396075787903325 0.02326970312687125 0.01968021823903614 0.014008967487068527 0.009325389671666054 0.00831203017366595 0.008643421552616687 0.00729122816535376 0.005158701605554701 
-0.017593126539276582 -0.024822121791721274 -0.020240804301330906 -0.010766696713527923 -0.004344306024623101 -0.0021164807895828752 -0.00705180808872069 -0.013213868367311199 -0.008388513621044258 -6.139176734148988E-4 0.002670952077483635 0.0034286329586523945 -0.022956822891999035 -0.02893651741873256 -0.026074861493058776 -0.02615274963281669 -0.023365291058717236 -0.019575691086349017 -0.01979297364079295 -0.020864354986934064 -0.01737861295108593 -0.014793613193623356 -0.013238652062067638 -0.010406634181439134 
-0.039907809867797184 -0.051951362209089136 -0.05455316437772212 -0.0664989252803358 -0.06763695636830219 -0.05798241432231699 -0.038500998416845233 -0.021369234831342565 -0.02074183371047572 -0.02562330582114261 -0.023209160534803097 -0.0171904212959903 -0.028678119562732658 -0.04169913752326664 -0.041169610987222695 -0.03515457423658664 -0.02787409421664132 -0.021097309305128154 -0.014182247945644757 -0.009360355780528804 -0.004116631564811919 0.001081070915501604 0.004767718980547744 0.007454105372385514 
0.0888243736098957 0.11278523336074225 0.10550116666803738 0.11170771153861797 0.1039143513603028 0.08771828042020555 0.07862942013080146 0.07327768237647347 0.06250675570849565 0.05719249249144137 0.05132053645360446 0.039815113192312554 1.4806868127830095 0.6197457868197528 -0.8441739470439108 -0.7905786761648143 0.05379295803320682 0.21157287204489209 -0.11487162548781425 -0.055402756954101774 0.07611478865831241 0.10633120651334828 -0.08141498117582008 -0.138975153995426 
0.032825608613611834 0.056293734993568156 0.06063784747698395 0.04422651858368698 0.029492953957461016 0.01837454731049025 -2.9387027282680445E-4 -0.015164708030305923 -0.023097739970334194 -0.03214641782893295 -0.038627949129703645 -0.04055555623398662 -0.1768858741007174 0.44943751248425495 0.6939528567499954 0.3907416834705015 -0.20201778090878278 -0.2878650060951135 -0.03248065079664005 -0.1698560289528254 -0.17677762776358738 -0.14824416526784545 -0.04141921466812429 0.07424412824460076 
-4.49602027412901 -1.9381820308523086 2.454685530903048 2.305606609848903 -0.21428813528712515 -0.6750135777406627 0.3184595043027128 0.1498921390944758 -0.23555492646605225 -0.3163459812095646 0.25462528990239414 0.4320366624139286 -1.035912077990042 -0.020143878157265982 1.7008062754172633 1.43229151405684 0.2834609323141137 -0.027372091051620834 0.16862424001623746 0.30467898483418954 0.13520009694826973 -0.006668080503374964 0.16022076722008424 0.10507712541432163 
2.7831721363038078 -0.37478026755532845 -3.311003916745214 -2.335673424846983 0.6975176296817602 1.1869785330434577 -0.06097408811288074 0.4498916236681325 0.6586218906675604 0.6058784268328967 -6.038932548250719E-4 -0.4360335806406006 -1.2580508963376438 -1.7432538066479575 -0.15028508892605083 0.3507604549086896 0.068251200160242 -0.014654498504431424 -0.1789266998204546 -0.015546711046622438 -0.2519358475600066 -0.10917331503955786 0.1383545391214114 0.3170862266683419 
1.8213873437349233 0.3887538691069885 -3.311096777472654 -2.9952168589165673 -1.0804807834441879 -0.41446743929141566 -0.39690319099788396 -1.0732874379753143 -0.6839533504552608 -0.24181568832934858 -0.4483537931440875 -0.07767725084734534 -2.6329590854712643 -2.3421964290189186 -0.5832620696432645 0.0500327962256617 -0.16169705776288787 -0.14684381839050825 0.4241258326908402 0.38131756394938104 -0.00794365254701912 -0.03896792389950865 0.12396901182954334 0.09309092080644478 
0.6482744886945762 4.122587204957792 3.3943842684429875 1.6423568882403532 0.2578356775552664 -0.06793502640083904 0.8941675768388353 0.6430652136444565 0.9569090147042899 0.25810838084963267 -0.10220202497069697 -0.7369572796083754 -0.7809196286566215 -0.9723556041887399 -1.6977393124694447 -1.170901000443034 -0.22805631622992006 0.13182052718298568 0.5423728169648393 0.21318948529157047 0.3456176548400863 0.15159427503003536 0.0065118176705485364 -0.17382710796658551 
4.470305806089399 2.8397235199478867 0.8517776472387415 0.16649306462824986 0.4906440140647854 0.3929746571530104 -1.431488826245666 -1.0906473477418293 -0.36086753084335965 -0.02555718651940661 -0.06648267972829991 0.30322574947848163 -0.9290939070004852 0.5611952481199453 -0.40884826351614506 -0.6266699563377762 -0.18306635392926804 -0.1967569190987807 0.08974578355903746 -0.4759316318806428 0.11452640780346623 0.042301490673037546 -0.13786881504251505 -0.3466693287970089 
3.801471791096434 1.3168017195904422 -0.2992231916925773 -0.4038253852902891 0.5961241796170338 0.38779590327228763 -1.1707997213835077 -0.18099687732332148 -0.539773983658649 0.042966350837819633 -0.2110749029743645 -0.10500375690375754 -0.2256695244627389 1.6187633997781947 1.5103119590303293 0.3518609240907999 0.15607688571452558 0.28598401553575875 -0.17951548615320312 -0.09871902642744028 0.3863010762993487 0.374732253299703 -0.05429126624514597 -0.3524279559320153 
3.0320704135354504 0.10806086743082766 -0.2377482568564362 -0.09211585313791759 -0.7004259726872675 -0.052062146831636846 0.36634310743617515 0.7665385031505031 -0.27919107468419013 -0.26114914534255473 0.019689090985291424 0.6463539741913724 1.5865217843807484 0.5014211880527032 -0.1522945441600756 -0.15599180667966808 0.2382585628646444 0.4917524639974045 -0.5176904992221416 -0.40970153180426844 -0.18776274151388492 -0.00176598121188834 -0.18867004649012678 -0.03150225852084234 
2.0444007583597674 0.6321283318817379 -0.5917886566004111 0.7160785748510372 0.38514001378771606 -0.7033686710157917 0.5337980684575241 0.010629367480611163 -0.242832442273341 -0.7482923996379022 0.017585888407945283 0.14876247583122504 2.4794545387852147 0.4502567897986518 -0.9260905454725717 -0.5174782793572226 0.113379529260164 0.09064995605995718 -0.4203811271476894 -0.0875599179607472 -0.14969289814675502 -0.07818042595641765 -0.21473631406692895 -0.03968860604257619 
0.5892759693154872 1.6777966496441294 1.4549440121728852 0.07451650459659098 -0.11863959161448889 -0.5367004476951635 -0.7307162234997571 0.042644125269009625 0.053949923005641054 0.3753701323541193 0.3851970640509256 0.27084940867351737 3.095976281752962 0.8286219063227863 -0.6050708987364563 -0.22278386274268183 -0.09486442072123207 -0.05967262463223607 -0.0013858124168349601 0.38426880670882113 -0.14376598861413656 -0.2076109920141508 0.0688428044259654 0.2231837669310106 
-2.415494603149229 -0.8188365409121641 1.632702310210477 1.0652932739141245 -0.03490759869984747 0.3581651855241794 0.6388733255275265 0.4436300654996669 -0.2572657880632996 -0.04075201014126448 0.2503800526936053 0.20181434398289855 2.529044540775697 1.438341836369996 0.09780930502418113 0.07269808364423336 0.13222176885827547 -0.3463308785442892 0.02261096470114458 0.11903163728941328 -0.24631562675576046 -0.28645475538457754 -0.047976464126984066 0.13829840176464353 
-4.0259107509689365 -1.6523224151405804 0.4652189559474884 0.40162838555858427 -0.2058089042797895 -0.4038112012049142 0.3179629161516788 -0.6027682659854882 0.15932356405319886 0.007913635951578846 -0.30323640443543476 -0.04972326067749622 0.82853280697311 1.4403331730549045 0.8440108206794977 0.10286729554345993 -0.07740524890214016 -0.3646668839577693 -0.20731038465485688 -0.06036277466327759 -0.21605085254771803 0.002186397027576096 0.09812227432364425 0.16428996553690658 
-3.235139503825112 -2.017837644835895 -0.39035404356025616 0.3344283834373405 0.03205936354553998 0.2691793413719514 -0.058374395471627594 -0.023759348760379773 0.44342761747016146 0.29480011471710077 0.5057320150320777 -0.10584639478719876 -1.5809781628628201 -0.1949502761500599 0.4829870007604892 0.18578120707771628 0.0886143424434116 -0.019578322419032346 0.11661990909830933 -0.026914221158111446 -0.021178903069158973 -0.020097243202048864 0.08712577801998195 0.14648324767656723 
-1.4865000012659013 -2.043702317558718 -0.06556027298024159 0.1313470632046032 0.08009267396923786 0.6017931262542584 0.23983879096439065 0.4574271563888657 0.3517557778820646 0.2010348788422084 -0.03684574008924335 -0.06819011855215373 -2.4200044120799578 -0.8506132230395568 -0.07722674787008883 0.22353747349913675 0.28941466829983725 0.17846844411588628 0.012890465298304121 -0.13756206393127646 0.20100224520944732 0.0014456825887321962 0.09707632954195715 0.07914327914970103 
1.0577345105877138 -0.03829576125291556 0.44913092239287433 0.6430903138579662 -0.44370141515459594 -0.08590201094830985 0.3280756608262426 -0.005724982213175744 -0.2899451857702555 -0.07702090198043265 -0.14419261353943624 -0.22840197010947438 -1.0831419598403593 -1.089017702997741 -0.054312483241568156 0.25242073192802394 0.12913406152286533 0.502413450233164 0.3072026186574448 0.4219132305133575 0.39938998145049337 0.20783362453361662 0.18467775659073862 -0.08483228300225265 
1.0876654780645236 -0.09025368781339971 0.2771567165811897 -0.4233150001491388 -0.8361725198292331 -0.7616758573924425 0.08606649210783135 -0.1990992574652608 -0.0769967699549346 0.18948709653414897 -0.26950307877554924 -0.22587531046546144 1.5703040336749188 -0.516047659488761 0.3451667992347731 -0.175095087150433 -0.8157725885548647 0.09555754915713337 0.13465090379061975 -0.012628495805475889 -0.24264033082248315 -0.06917748718050935 -0.1520213231979115 -0.07634279387605739 
-1.2727963639692463 0.2724911492846691 -0.3987750886162673 -0.14550278066986033 0.10278977587617943 -0.5563265175041899 -0.9030961020156824 -0.9612358333733888 -0.5403660529628191 -0.3229268677297194 0.06802741460301476 0.22749305017621307 1.781985852660842 0.7575504953385268 0.5453313677087277 0.3379260419192265 -0.5106106413473521 -0.8048417599768359 -0.3308898788746174 -0.3808696569508825 -0.35074817090870813 0.042498837111418976 -0.14626302693248092 -0.2626510412456313 
-5.032146665012178 -0.6509527943612277 -0.6771076651799901 1.0509288719198155 2.254164844118444 0.5503327320607984 0.45147196101349385 0.9730680693853999 1.2048872039457958 0.5315203232583798 0.31310821543326567 -0.0671092470668253 0.08650481524115643 0.013636409838853725 -0.4567878730739232 0.31583794364754886 0.05400263269937292 -0.4827198648894682 -0.46468893565738223 -0.11604515653802305 -0.08839324346451954 0.11812039342890497 -0.12462982304939678 -0.11640876135435278 
-1.228316975856461 -2.030597693994582 -0.7097309898527189 -1.1078097479341904 -0.45703817308637806 1.672618974255578 1.1380425629972637 0.5508003252141411 0.12135734000550369 -0.375534026676805 0.0032908201535989945 0.48016812192810154 -3.409047710749489 -1.0224610708991286 -0.5115782549945623 0.22222086661155974 0.8306806729760994 0.34587577970691097 0.055225518394644735 -0.0021894659389861313 0.23351393723929226 -0.043992024768450516 0.06998628097130914 0.11137890127951394 
0.8059113382846617 1.0203815043096647 1.802998286421185 -0.8896753474596204 -0.7182664434460733 -0.42798900860392175 0.45956396657350507 -0.6069818671449566 -0.14267873604553738 -0.13857050427902312 0.136754687597349 -0.0029865622783473156 -4.2235012582636875 -1.2772418730036983 -0.08056814321686097 0.10763615060450389 0.9736053042072254 0.6507127008825654 0.5348424344241424 0.25896040324954706 0.6557708787857582 -0.013525371777144265 0.23185055084804782 0.22467451710148564 
6.035317766630801 2.504207212646609 -0.10409329943316803 0.15813672918517843 -0.9030365992698601 -1.104792986292563 -1.0728186599796221 -0.1646424672912521 -0.5671248946850294 0.14409462034433362 -0.0537546643929543 -0.13870499605656775 -1.9169739863518311 -0.7179680981482178 0.5632039667929573 -0.4781752156847432 -0.10301838486267267 0.5538875652923713 0.5055311430325113 -0.14956168968808367 0.19335104730612254 -0.2112495233064179 0.09050002269321739 0.29169239203531966 
4.006539738535253 0.9133703713292718 -0.7382220807391826 0.0950471815466194 -0.44365185541149144 -0.013099390312827586 -0.04762473077049026 0.5539082558894554 -0.4181843150662121 0.3122821150792433 -0.3539206948376011 -0.4316962393789475 0.43120618516972414 0.5856836940450476 1.0372641919750378 -0.08265984591158486 -0.32350728644850135 -0.265933199220649 -0.03184370741451322 -0.38678477945695056 -0.11378547203574867 0.055971531224945525 0.0079473752002474 0.04131902148967864 
2.9222907830737377 0.1768121669402678 -1.1287327066514066 -0.1656453653830806 -0.28529031251565096 -0.1964885307670829 -0.12495651742827271 0.41904033276118624 -0.32094301240252654 0.03278823356331556 -0.022871556708578142 -0.18055421562755736 2.0941282030775255 0.8822075514141628 0.20664877577148422 0.2853645160860768 -0.3084211057121109 -0.42864865092398824 -0.4192392822984352 0.08104570060168768 -0.2981680350648494 0.11162833240528741 -0.010387404473612772 -0.13391932312201485 
1.0688062745540208 0.42702794502769237 -0.796474585894809 -0.4798047624407362 -0.056617727477673796 -0.08434163870471474 0.08116401754137004 0.2615310711996759 0.0755867389204572 -0.2508319045633507 0.09747100815441873 -0.10601901696188842 1.1740252670825868 0.355249247552815 -0.21397724284564143 -0.021938644957833136 -6.818758583050736E-4 -0.25296400076220665 -0.0182887249375613 0.47652977882655007 -0.3005482750820754 0.1558061303754181 -0.07498036475000211 -0.09956141059113793 
1.2217998893888407 0.10075577155491011 -0.6949133741698075 -0.41053084707937426 -0.17129034610043625 0.21677409067534548 0.12050481275975333 -0.2615909767514254 0.08049368351618424 0.09076663294976839 -0.2482883024681259 0.10021436210094725 0.5715993277130872 0.1446520896431641 -0.20289297840257606 -0.04383908527947004 -0.17418503317937306 -0.17767674366867162 0.048277342336030066 0.17264733923953082 -0.18788472500875308 -0.013365703149422786 -0.00694988984111683 -0.06288858390107858 
1.3347093841299404 -0.11434917363649433 -0.3132000184430579 0.2833058572682656 -0.49860621104418357 0.5391613012525782 -0.11548922105181939 -0.5353654258338889 0.2827421622206586 -0.1841254757402374 -0.016271227707820884 -0.273396296469786 -0.2124811410361828 -0.6115370604666636 -0.2151434538797402 0.23208949563546577 -0.1031145712763512 -0.02951130921633842 0.21981899567243557 -0.12355457161646011 -0.04813199867161092 0.033702153334441265 0.01229449028649234 0.038210632433745804 
1.0745412451465164 0.01354445734286891 -0.7616910551695539 -0.4156834193991714 0.4582590288057231 0.024790230260285484 -0.1714619251397682 0.29954656355937614 0.139133450973632 0.03953212860002728 0.05484923074589215 0.09180017582962721 1.395853131193469 -0.6512995184497129 -0.37932027206452434 -0.2732601483280465 -0.6894265938815597 0.12154265149504351 -0.0063429708441873345 -0.15495329254175047 0.04301038960566619 0.017854560461809426 -0.337173018668967 -0.12224235977241656 
1.7798790197837313 2.3052447835337038 -0.11765538375571516 -1.173496963187235 -0.06204870110169991 0.10018421915183051 -0.4323096005261759 0.3516260158936555 0.19066285120656606 -0.32632111239180395 -0.09098122931206731 -0.2164438211274658 2.5352412592372358 0.4574387644582112 -0.8221360759214202 -0.2759556564143138 -0.3758485902197865 -0.11184443667921751 -0.5172299953945998 -0.08516233476247526 0.09015628812293264 -0.1963266095707902 -0.16680879668315748 -0.4157566723748194 
-3.1883443220184615 0.8448573483189499 0.34527512468009414 1.1376510081325155 1.6787106805730012 0.0716346772405888 0.2979439150294936 -0.24022681998994622 -0.0024978297937680305 0.10830076989012338 0.8005857543408983 0.4384652037470368 1.7712069929018914 0.9224655513378265 -0.754401486597628 -0.23153097097452258 0.21399168725916262 0.08706550802055067 -0.10812693321636872 0.026068462584215468 0.1420735353769747 0.06574916718306649 0.05727901579299379 -0.07829495870618496 
-4.139571609999278 -1.9023219124991684 1.5997251193963788 0.33450561274536356 0.01871373373153684 0.8512723878000791 1.201497845047349 -0.00999172977180196 0.08308893823556071 0.3704700323270852 0.11128690054414847 0.8005412066959672 1.1610819995633088 1.9092656789701075 0.15215544093766073 -0.4290369692461074 0.544904615462877 0.7375603806882625 -0.07573750153443211 -0.14693537559961076 -0.16042387590024368 -0.29427817306111786 0.22407815032920111 0.2519606431387596 
-1.279354418667653 -0.6500688486541746 0.6428231530472829 -0.47509179444190297 -0.22409725038838313 -0.6119503781254908 -0.6639848482774245 0.40215004863945847 -0.23330019867178947 -0.5061109453086168 -0.2181218815611971 -0.18180746196353442 -0.9140073908577889 0.7270368775160426 0.5209301530062148 0.30730301621729433 0.5446239793833483 -0.08248130855603936 0.085299826527431 0.02439650662069352 0.033424009350132886 -0.09926755111867419 0.1978711899376433 0.2517035131350595 
-2.6578619305815994 -2.675089154890056 -0.7228957207522917 0.9199853458382965 -0.7453585820096389 -1.770704395229917 0.2758672857305795 0.4712437083777854 0.7873356633463078 0.8637192643909196 -0.253861862348623 -0.662189417688459 -0.8720171482490703 -0.45387576962567994 0.6258099579199338 0.1044228810102714 -0.1709994677307637 -0.4233430886785299 -0.03524603242785925 0.0046477021672752805 -0.1390711167955022 0.06405363352158645 -0.09787655589030164 0.10955132140761381 
-1.1871769891539339 -0.9498696630337342 -0.05620491426421492 -0.07699790706583387 0.42687490029354436 1.630066994423705 0.5048597151055854 -0.5540340589268204 -0.4548932203995402 0.1594788072142287 0.3895465659743541 0.41471997653407133 -0.6766134921160566 -1.0289690630610038 -0.37918008244553797 -0.13168735691946334 -0.1749307823174027 -0.26744310487748685 -0.01316586970146135 0.45428965982650826 0.11913889283241473 0.18294531461988303 0.13204749822947695 -0.15714763235603219 
-1.5696088800089267 -0.3907941964323487 0.07180927929232661 -0.1778099739734852 0.20622606158286416 1.0002929675610708 0.7228136606394218 0.45415721750951166 0.6110987994859426 -0.1544857444990969 0.10108234444727776 0.1736235232243229 -0.8412379071404276 -0.7105339773979379 -0.4692615913820095 -0.019662351073834294 -0.12893757847990975 -0.20968426519871533 0.4546543919611266 0.2431228989640458 0.29073935018242686 0.2998243443502968 0.029835660860204505 -0.0633833841894394 
0.2063595323941807 1.294690861299983 1.3830109003615876 0.4688679362223779 -0.17509722523242655 -1.1951197448885242 -0.8479604266274616 -0.9521756854059295 -0.502598445238851 -0.5458443847232577 -0.7917364796475783 -0.12827103535182882 -0.4683068661851326 -0.16948686224507484 0.13551457259536018 0.12285497434897591 0.46761602469456615 0.8483281348702515 0.3019504699426742 -0.3766585809131568 -0.26568784844337007 -0.14562572786217054 0.17287065053389247 0.31197451894530637 
-0.8309164699343743 -1.665767484863101 -0.034718853919164294 0.7060394774156935 -0.05755978380692417 0.27094177002234365 -0.4116858192862769 -0.059054175274797505 -0.061029774781317325 0.3169078273087724 0.24727267788172969 -0.20054375917719067 -0.005835463413927562 0.07814607967932057 0.2824959885231288 -0.03853385562422553 -0.15708750183286288 0.15406863984371943 0.050812906121606605 -0.08221066110836646 7.93655666823545E-4 -0.13433351521921688 -0.07910772488934158 0.050032566420282205 
-0.15160259563581224 0.19607756791686648 -0.40948456544455003 -0.887487555807351 -0.84408025109526 -0.550241811417686 0.1662580452404121 0.8325473802048045 0.6782346120642 0.3606592048968057 -0.20216055234454922 -0.33411993910109095 0.36229772051451176 0.19775760841403256 0.5770675687136494 0.2777623684742207 -0.355518188586531 -0.4247907013290953 -0.32225346301139696 -0.20475701547421887 -0.12042829560576614 -0.06102498621877835 -0.25114205228182784 -0.08388077506520936 
-1.3731214257521476 -0.07592578877875211 0.12056904662600898 0.6159693389140558 1.0119800800128695 0.21564808129449342 0.06326570634066508 -0.19157233197075585 0.01830130383394646 -0.20473699365147796 0.04361755546378794 0.12645027583810733 0.0455141393146928 -0.3315692895340254 0.17614090841818464 0.2806305934265881 -0.20974584222015538 0.011187317814708886 -0.02352127453838752 0.28321833265005963 0.2584193807137803 0.29333595594757494 0.02495292350513667 -0.18086571014102926 
-0.609431151240468 -0.09350281198428911 -0.425835756051947 -0.31938409994946526 0.35668740861726966 0.10689920346268678 -0.11867580040674164 -0.27164556063529366 -0.18097909772918447 -0.10194701558679747 0.06351723840687609 -0.04012572766384974 -0.13100969396139872 0.053815842823124294 -0.16154415522826102 -0.2951445399944684 -0.28517129284143267 -0.2344555788956287 0.020993635220305746 0.2352759257308824 0.2319999360606603 0.10672850883385272 -0.08943322770968021 -0.1301049728773159 
