0.0 0.0 0.0 0.0 0.0 0.0 0.0 0.0 0.0 0.0 0.0 0.0 0.0 0.0 0.0 0.0 0.0 0.0 0.0 0.0 0.0 0.0 0.0 0.0 
0.0 0.0 0.0 0.0 0.0 0.0 0.0 0.0 0.0 0.0 0.0 0.0 -0.014849642464441834 -0.01847912510404931 -0.009577406263562646 0.0019148815316807528 0.007651613588159485 0.006336448759087121 0.005886059669881612 0.010669384894835043 0.01355797754857672 0.010929542014798474 0.0069386541267580275 0.006243022559879852 
0.0 0.0 0.0 0.0 0.0 0.0 0.0 0.0 0.0 0.0 0.0 0.0 0.0162938201637175 0.017119005277762566 0.0036417442219825367 -0.00829390290764571 -0.011555239134447939 -0.008161819319722189 -0.004961819413709508 -0.005818653920980206 -0.007650212273503321 -0.0088093612631856 -0.010236442562938361 -0.011034103284141237 
0.0445489273933255 0.05543737531214793 0.028732218790687936 -0.005744644595042259 -0.022954840764478457 -0.019009346277261363 -0.017658179009644837 -0.03200815468450513 -0.04067393264573016 -0.03278862604439542 -0.020815962380274083 -0.018729067679639555 0.025351546981379574 0.007847740037512882 3.135897355255786E-4 -0.02198891969509484 -0.01890691432367096 0.0024240164988243995 6.79218051791497E-4 -2.401310413692089E-4 -0.015165245260114655 -0.00956357350791677 1.2262002764932647E-4 0.006393338580671264 
-0.07115592418781524 -0.07907570348936166 -0.025291342061291577 0.02775403102045826 0.046143137785583044 0.03399013109779725 0.023714547745950942 0.033460039105193184 0.04328760314337504 0.04282239681175451 0.041117308878952125 0.04246684369224349 0.04709383852200973 -0.039420196134338954 0.07010643847795274 0.033889299832019645 0.009356997933810618 0.03274161096627884 -0.035007470506552035 0.004474968487202163 -0.013346838729169511 3.62159955013074E-4 0.012420015261263304 -0.00450484859639165 
-0.040476678850231096 0.01599463163214218 0.011704901824069053 0.052089743575055386 0.03364917407822135 -0.024267115045371823 -0.013894928028349962 -0.016009626428488966 0.023851934208656445 0.007279522117873055 -0.020926514522424042 -0.04041343758813554 -0.09894276329104883 0.07105669247505957 -0.05400437625091933 0.015828865493513544 0.017159146670918026 -0.07425272985022772 0.019660987444101552 -0.059157094554377704 -0.0010509344481352174 -0.008769306155296438 -0.018745033622715162 -0.003514297281313324 
-0.0987687124442509 0.13798196024301973 -0.20180565695054875 -0.13058509358110776 -0.05637300122278176 -0.09559594851478129 0.10314078602900867 -0.021424169589614572 0.0077775827603152325 -0.02112055394617346 -0.037204769712714934 0.02435673074342294 -0.06638716419821271 0.023516910906722293 -0.039624673782769515 0.018367819138008643 0.036934552333392455 -0.007714826935538423 0.027913899988530656 -0.01161862784908422 0.010694076678836035 -4.547298444083775E-4 0.0011324887710614541 0.009256260676424962 
0.3551836113946898 -0.2662615339792215 0.2790025049880745 0.025938321225200116 -0.02317421127305013 0.26854188307971105 -0.11635426048347836 0.17290523332603186 -0.019766119109794603 0.025490767800457878 0.07458017778370493 8.688806387106909E-4 0.2572768405382669 -0.2115496565927438 0.14652882012904886 -0.022806009210359728 -0.007814352403239801 -0.0025973317434786155 0.09034570161104423 -0.07987210128980789 0.06355312616394292 0.007341859325967124 -0.07412034682730279 0.04963846978478726 
-0.06982457671563758 -0.008498353403846678 -0.040066122294985754 -0.014273715218640043 -0.036248826538958584 -0.08926988715812892 -0.008797485992076831 -0.026141507224814564 0.03301439976609246 0.03508096350368723 -0.010033503587296723 -0.005943097450454512 1.0928403434747493 1.0933572329516608 0.736592563697254 0.3807154120533087 -0.05697574563634935 0.03133149321067479 -0.12113950730897811 0.09536480983769258 0.06775408546138242 0.16974655450493562 0.06350609095188084 0.046066602517616184 
-0.8267792683293385 0.7238837582338068 -0.5087513258908589 0.06235208202490071 0.04703014394602917 -0.01963815049326216 -0.2289628968509399 0.2259653462585347 -0.17942585278606088 -0.04284681458495866 0.1878488928967752 -0.1741789328455586 0.9354790491647907 0.254722840721433 0.14939587453233547 -0.5278536227923912 -0.33989426288899965 0.26518768664948306 -0.32185630754752265 0.14578846836636913 -0.38646525686661914 -0.39535824376952994 0.05732888956558752 -0.11141297981072461 
-2.786308303006485 -3.637162384718477 -2.0177064326028438 -1.2909382101408842 0.07945205807672664 -0.045500411360319036 0.5228636261396737 -0.3340486555689437 -0.1156548067856989 -0.49619142626827195 -0.2843574001248926 -0.026319170067290953 -2.3953163425452773 -1.2052129691813096 -1.0345485728563795 -0.2592491546991828 0.30111935579783683 -0.11257195955362141 0.013378334639384648 0.13113305275529943 -0.27530390946622546 -0.0967763774980065 -0.0392859628345678 -0.050419976835562076 
-1.0930116729542587 0.7839019595137948 0.8196350365449971 2.2478314370634958 0.9386581350861063 -0.5489059147676432 0.5833841060932143 -0.110506597601011 1.2139642547659584 1.4772016939950272 0.03975545735574029 0.3452958563793027 -3.9289040614566715 -1.373352034992761 -2.3216500322233986 0.23653824160083814 0.5489793498118553 -0.2515970870146769 0.33004757468824497 0.008699985906448817 0.3244671520546756 0.24905301710117744 0.05419495497932501 -0.3005127348496911 
7.249240653232654 3.5771314535000887 2.3993864150562247 -0.32926592864038917 -1.3854208895025075 0.5130798736399258 -0.4551059913823079 -0.25130469356094004 0.16223107438875928 -0.4346141582922862 0.1818711026869241 -0.11442056155619895 -2.79235191158252 -1.5880504623666265 -1.4679318898628069 0.10855439468305443 0.34697618234477096 -0.2879102193996618 0.7939353538580051 -0.20970235583952065 0.8310150899268267 0.3801822074542356 0.10792361495421342 0.006942954165673383 
5.942158437921106 1.236792944102807 4.247652346949802 -1.128098783527861 -0.8674714316999194 0.4558629680506463 -0.7301208121546838 0.15849340753518643 -1.2917702495373167 -0.8207944998764838 -0.20785022344710818 0.7714099674479686 2.3500314546844296 0.0392298785454089 1.3406767923350147 0.31559760551005683 -0.49303109782995497 0.1191585194582903 -0.02135462049631509 -0.12725085710151007 0.5306362524977152 0.3302465168102035 0.04372501184152614 0.23689018575413323 
2.073162376303393 0.9005435100868961 0.6720805817831748 0.07136371610563086 -0.05841170556457326 0.3158458054295218 -1.2021899763103923 0.16055840938151955 -1.3558328244145412 -0.48773995169522305 -0.4843254045861085 -0.26020508809864407 4.1528910904041 2.0098678849096085 1.755237743079266 -0.5618399983247157 -0.43494584876625164 0.4055203505721239 -0.15714482833064483 0.17566258041814212 -0.4668477080914979 -0.3468475197496353 -0.05729587254765784 0.08200303895489103 
-5.555066898542917 2.0045062955841644 -2.338742423823522 1.1007237981603155 1.7542468366070039 -0.807764439037312 1.0209899600462018 0.06531442223228945 0.38108744667446326 0.513025040265885 0.24167867546767816 -0.29248243761187437 3.709938000186702 2.2128889640917753 1.7988989448556107 -0.7757396476098967 -0.5832326833959119 0.2197141031720935 -0.4637358943710102 0.21267647857438163 -1.0122220347517337 -0.3613134526669188 -0.2212884279200644 0.2795231983161641 
0.539180050252368 -2.8363288769694153 0.42687057120508776 0.2418427754896697 -1.3914424773572143 -0.0716674745324668 -0.8592268924908162 -0.731702942163918 0.7263453505573628 -0.06098136911456464 0.12899427087250442 0.17151652410904944 0.7911042771378037 1.1079765528417438 0.35810829328193927 0.32056068676627697 0.10542839710646484 -0.22800944653956803 -0.7071357904192896 -0.1738068685890668 -0.68566131343106 -0.08277288453197285 -0.2997795964043817 -0.07754429870682737 
-4.4206643996134884 -3.5334377546443636 -1.0264394823279863 1.1138806296098094 1.548742004384137 -0.009522701484639962 0.4896053290485589 -0.03340535241523973 0.7038067672319327 0.049766566833943204 0.1493552225837785 -0.2830204336043705 -2.580763058650551 -0.8824986500864954 -0.8717944951020882 0.8310184042471812 0.46850862395709814 -0.4789534231964867 0.24487305484684377 -0.2178150526944298 0.5797325489213335 0.11400765317896759 0.11812893187079058 -0.17617644500712826 
-0.8673517045747325 0.345585876675929 -1.0583957688104109 -0.8968967599179469 -0.2719444807725343 0.6007532762718899 1.1849097104462982 0.7313389024724846 0.5397914555999039 -0.007792061383333604 0.4611751110689863 -0.03230319398191389 -1.876198563215145 -2.7048732443151438 -0.3945520931502628 0.7170412620187401 0.0854550627232576 -0.10966993161485843 0.060485164031343595 -0.29430079659514813 0.8350138764923402 -0.01679029348576877 0.20985936837697006 0.008963246991685556 
2.890488154822286 3.0610448690209786 1.019274231490492 -0.8229616468774195 -0.21102803355663058 0.2928854551499698 -0.7356975059628867 -0.012761342002622383 -1.2648332526108077 0.14440742686336672 -0.27879854024293454 0.337956756454992 -1.6418569381090664 -1.9521143651120656 -0.947781685119048 0.29434889664111746 0.6859760942058388 0.016016638867988913 0.3493308516593549 0.030161586262693607 0.888979079304757 0.15840421766804744 0.1272799921329697 -0.028456124631196022 
2.5121994626799147 1.981049544143346 0.587669993746637 -0.9408598723229358 -0.7679226465566034 0.1061382419948036 -0.4280309670791242 0.1408774424152177 -0.7943762689982874 -0.05793091867197009 -0.2865069528450493 -0.1658618118956885 -0.6182120616958273 0.27810833709470134 -0.06655533249428484 -0.4644445868303026 0.1855749512421757 0.503278743168386 0.12418530026334273 0.2627481246596845 -0.17658884215708345 -0.004847467649327364 0.12962042881754518 0.10778485098171936 
-1.1848691689136128 1.5051735069581245 0.9938726917506338 0.25281549588895147 -0.261197195341345 0.18973489904993646 0.24808311283320555 0.17134061882531287 -1.2960466083832423 -0.4003766575258808 0.1413562781418872 -0.13087275075389515 3.484289764760599E-4 1.5405628068404102 0.9495831642769437 -0.2296277024103516 -0.098802393231137 0.26771296217068097 -0.5319626454027435 0.11668319039361434 -0.9729267101878145 -0.17314259780989957 -0.09988757663667362 0.17121308136378408 
3.024963142380699 0.289196546423252 -0.8460290014576273 -0.04145157081022477 -0.8035847536067042 -0.8575076751832511 0.3204635002582239 -0.14895645192053664 1.0851646599573717 0.27914238375927225 -0.13776358457606008 -0.12124299332262839 -0.49567906378956383 1.2969861455219858 1.052455528479948 -0.2131361688447371 -0.40873231848749975 0.06221736940123714 -0.30551368622266756 0.17900789074408552 -0.5943861340651138 -0.22346673310978762 0.0016470509865543586 -0.0096072695152876 
2.633061028042466 -0.7147170526402054 -1.1126257637382069 -0.5837826904027201 0.10321019966183087 -0.02843047277304578 0.48594319657666973 -0.2178939660155882 0.7141764134748061 0.49529856907744424 -0.05350749446740832 -0.19799189692289018 -0.6217600132505622 0.9006791235446229 0.7034515665227076 0.19253163614023436 -0.5123629711238534 -0.12594820936497322 0.18481298867851245 -0.045095279742355075 -0.38923730426211894 -0.006174596681341811 0.039198348751794336 -0.10523525205828503 
2.090271555570567 -0.7999636126234462 -1.516447363948787 0.11684772735711135 0.2760706114043078 0.028568819702583292 0.3695800497171464 -0.20152893739658836 -0.016329377731970185 0.1646316673557303 -0.19401621950006462 -0.10348043026532816 0.9095496616174538 0.2970763846896312 -0.060800583994483105 -0.019108593720292538 -0.48929372217727757 -0.32452044502438887 0.3011358368620897 -0.0990464141902142 0.28068814091507854 0.25842395562511716 -0.07394230777557866 -0.16669906746993737 
1.1477566642431398 -0.6522837841523952 -0.7812728265719091 -0.40392906161541964 0.7360640355247092 0.12454127970193896 -0.330914127931793 0.33291270079040397 0.42241232324778566 -0.3245975092800844 0.05188754934850645 0.1759517238923098 0.659063924527878 -0.027901327331415555 -0.36766147402213517 -0.03177565597391596 -0.14341832181734526 -0.12650270397157412 0.348046379135448 -0.1699974062040496 0.1643978216299257 0.2200861039952425 -0.21777042062758237 -0.16082208157293484 
1.0389663394280007 -0.6332492418895468 -0.8293037180573268 -0.0740526040429974 0.3478694949936893 0.03956778365242308 -0.1745153480738138 -0.12722054275289008 0.38898228232564624 -0.086181443937315 0.0313658168427185 0.19188239867958373 0.5582557733759016 -0.272615601943585 -0.3281787670565586 -0.009647514183358222 -0.04424195142996153 -0.10062330127275969 0.17027861871750663 0.11405812544061138 0.15900484403849402 -0.10847744466691762 -0.19345051452341303 0.1762693545332262 
1.181521862530115 -0.7143702560129084 -0.3532131646175314 -0.39300555678091786 0.4975657233191759 0.34557815716675666 -0.2861482419341943 0.2549440552747114 0.018327118556220823 -0.03955318726176066 0.4871127492439473 0.13679293332345838 0.15727365842857685 -0.036328608032283626 -0.06167571223916365 -0.4399611218035573 0.4679038093555696 0.20473414314127 -0.07672001594827295 0.07763584586189237 0.4302027037353309 -0.04427836781825952 0.048874923513935464 0.11138987189515565 
0.3986216362993744 0.048926429137565286 -0.7459408937563001 0.14032851748993513 0.528045621796959 0.2199202847884535 -0.16363874943417278 -0.5047189909605763 -0.2913013075016698 0.3475418403473214 0.1687227241224541 -0.612709098580581 -0.16928634392837694 -0.42497672356164634 -0.36728687990203435 0.11873007996883904 0.5517767617879631 0.2626051486584928 -0.2949852774203283 -0.139556406389573 0.12059566029024038 -0.04609646593950481 0.2152944215769305 0.0069837924951510755 
0.9961080405217224 -0.8843857955691004 -0.6379271020049315 0.808763743028786 -0.7577354559436342 -0.5798374002898863 -0.10619237940679466 0.28875438730856995 -0.5280539930445491 -0.408624047967624 -0.16341567483316774 0.24407785683692523 0.020473706262841656 -0.8433403059590611 -0.3272916553061905 0.092587622172643 0.6544452517747483 0.20116532594665368 -0.1955279933045775 -0.18026997509661424 -0.13931962514736215 -0.14068740774513674 0.279278263848139 -0.041304052932238135 
1.6395322822173277 0.7266886985734882 0.41491389034247617 -1.0311274938543664 -0.679810200738795 -0.2855398835947339 0.6204625529234713 0.2745435103988997 0.3003858572553101 0.23664338423413112 -0.28925323584951557 0.11728855943739708 0.5225292476588663 -1.200015889005898 -1.0678071772967745 0.13258745812178305 0.3272402060740467 -0.28934602806309384 0.018528504099626742 -0.06941406235600013 0.062481091000940715 -0.014424204599074009 0.08068262627530177 -0.16568671319624345 
0.4996454207826133 1.4767695271463133 0.048234409251651816 -0.08504041762669612 -0.8618421207371922 -0.005187736481610639 -0.09161491319928378 0.40612272988481624 0.1404424116198173 0.43795826403024474 -0.1217340623144848 -0.10429373688881624 2.274166625099388 -0.10665566786932039 -0.5966794518006294 -0.2355154368342863 -0.8213966105541687 -0.3197985339379097 0.08592776372958612 0.1332117076931302 -0.204452331486346 -0.1688959045018775 -0.26539925519569424 -0.06606544906788708 
-0.92073479680767 2.468396434797553 2.1143998825057317 0.18946822345232706 -0.40162166402840205 0.8006335370735973 -0.22651299483680848 -0.355160975180699 -0.8129927828366752 -0.032476701854391 -0.09416596096279273 0.0585368378710201 2.0093860051005774 1.4434417046263874 0.024059783635428822 -0.3544914464403084 -0.591644997951829 -0.055974330741492606 -0.15115528803092873 -0.007278645747945567 -0.23793024417212474 0.01888648856183489 -0.30510163368404114 0.046997458710354045 
-4.546258295263942 -1.4352726600731716 0.302368257315329 0.905012194878298 1.5673601073636756 -0.16352850881032288 0.05951210328458689 0.2039715070189787 0.6419923214604815 0.23262370858226955 0.5352384533105536 0.47165006482377503 0.9518105856798829 1.562155633976172 0.3068134175721233 -0.055912263802900354 -0.30031964976571884 0.35918847027983275 -0.15050741073962623 -0.08002622714176537 -0.11240962769519085 0.33250635526431455 -0.15123096155802981 0.08976070840224237 
-1.8656738750611277 -2.1476153216959317 0.2156676154043511 -0.46267946078593825 -0.11947632093374194 -0.03844650520589998 0.9983649087743223 0.39745505907565515 0.7634016348513522 0.28265119627261404 0.2975654073900885 -0.3116757175499607 -0.18083161996366734 0.8051834339808263 1.2000404685523351 0.04983490083136858 0.07108675202848158 0.24496462317898612 -0.007158413772606879 0.07601710921750045 -0.1041097689147545 0.1727439075681363 0.11968952787332769 0.23007288465718867 
-1.8833167971303064 -0.9016914965354608 0.07716029008597214 0.4087702159011376 -0.10195584298736576 -0.6632131261813603 -0.25253163278597046 0.26989339418193525 -0.31052591413862385 -0.7171247508262015 0.13609313818316404 -0.18846958438505296 -0.29417318885083477 0.22583587158844853 -0.062222109902066225 -0.2665135938196649 0.2398707894602744 -0.06873343423618945 0.1519821418451914 0.275737613084107 0.6816460442410089 0.15312084946532264 0.3050327279459719 0.06558263476803894 
-1.7097106859834859 -0.2139444489137814 -1.3731175395365955 0.2880845104468015 0.2197760550616739 0.31558197622215767 -0.049015885483709165 -0.6161732464146786 -0.02440435829285903 -0.07583419485456427 -0.253661887019081 -0.3016219914961319 0.6656887341561455 -0.8335531601232514 -0.6987751927045185 -0.36448133290871104 0.07916827104286954 -0.43189050882833674 0.22963816992392702 0.3450692344130056 0.08538051596881331 -0.07110159663407983 0.07197320227334959 -0.37205156972120196 
-3.741720323250259 -3.079615711229592 1.283427164492001 1.3291709907209226 0.6781215509851445 -0.13434244681578333 0.12725607487802837 -0.11642717948817538 -1.0090428146904398 -0.0474961442501092 -0.1042460833227773 0.2698752974927438 -1.6475728647082883 -1.831967963035923 -0.09579647651467678 0.4403818570382663 -0.039740235109243696 -0.0753459264620774 0.1550422811227382 -0.025420049042564435 -0.29867782058398024 -0.20496846616803624 -0.06200411906617098 -0.10048779040892507 
-2.9335383144695877 1.442006266020888 1.7088597563148924 0.17056415053030238 -0.7470198310486057 0.9927896815963219 0.11955654517054187 -0.4445923573283064 0.8565185372208202 0.16114168288680736 0.2018154113230104 0.5753065506747467 -3.150408871846048 -1.8192952642634201 0.20681414779968219 0.8782458866515391 0.31110713576627685 0.2675462785644605 0.14240794313685864 -0.2946500784260702 -0.26869778407273553 0.07441815635094641 0.005284614897197855 -0.05446308053349271 
3.6713156112376097 3.7662370351049734 -1.1764389282957415 -0.853615175255412 0.5006628053955051 -0.7757791994822102 -0.8019446914813106 0.2603630967664424 0.1450460998564772 -0.2207072911927786 0.0943668462106313 -0.32547048424371705 -3.556478969264649 -1.1952631652474732 0.9384677314727741 0.6875981398674457 0.37567428711005374 0.2325707697708029 -0.1052871018452124 -0.30407659892901945 -0.15957240598891156 -0.049605836407671834 -0.002677307235557378 0.18974402554711434 
4.034997962310722 1.8210149707091965 -0.7636269365417707 -1.2552600665196483 -0.624815979442337 -0.16633848313801047 -0.011639331714615564 0.07938185073622317 0.20464453665188903 -0.2124830904360688 -0.36882219647737885 0.15944014097257667 -1.7121047534979754 1.5516405675873652 0.7387571199335335 0.09674449730464289 -0.22841093568008572 0.26207497335679203 0.08159495692797201 -0.07504381287186733 0.38450860880726295 0.14839716641196252 0.16426782643170038 0.21268491598833705 
3.443448446153532 0.3166694321686734 -0.2957326834979894 -0.020711320356439078 -0.510003236148151 -0.25249067376102585 0.5087153188562442 0.5338155132666182 -0.20438859643923946 0.2881337516343444 0.18910464228408946 -0.09142357429751416 1.516510363531453 2.0288462020223323 -0.36775331624862967 -0.40778125074587585 -0.11190295019691858 -0.41198171028835257 -0.13269868559872733 0.05889914739816151 0.13259488271163164 -0.042377845053423846 -0.02220461553493801 0.009177985743382336 
2.3167095285663777 -1.4881316352730574 -0.9477647258845843 -0.5361212688331127 0.44354599676347944 -0.05507950133464645 -0.7805583307821515 -0.3561871269627923 -0.12228994105311042 -0.5384703377626417 -0.3383569660088198 -0.179771652263366 2.2579202940708742 0.941509884711869 -0.17777060972996753 -0.3358387249733759 -0.3388559312747014 -0.1681427781519611 0.052782905825669614 0.25719253692525007 0.20358434078833063 -0.11266557656370646 0.045362729978888815 0.12229810419066607 
-0.01907126248457658 -0.6657282679708967 0.018889915121554246 0.010159178138947844 0.3021906678833527 0.40453644048116555 -0.019389135151360648 0.30145014342146564 -0.08927130942591799 0.0694198676307794 0.1457480775811658 -0.18339854485589274 1.893899043455671 -0.11915459279234601 -0.21755313799865705 -0.06912442190246004 -0.24240808028925673 -0.13545182697273367 0.00871323443281602 0.1905361469300255 -0.17937145303779967 0.019635427563791514 0.05909665443733444 -0.18204752027429208 
-1.0075030655828456 -0.5123158333566256 -0.38762640666163994 -0.26317914084721394 -0.014345137633984706 0.00957629419677719 0.09406417781217802 -0.5760130751169508 -0.4636671292197635 0.23487058125683313 -0.48323210406258343 -0.16146668632023226 0.7713564013257042 -0.3592184362534733 -0.20669990854902065 -0.0926052645848432 0.0998067184883809 0.042589658636572936 -0.2310026361215205 -0.027941845414868216 -0.16176708918653798 -0.08281206891111392 -0.10003024070563098 -0.14260642122710884 
-0.5761423871388693 0.1862253095874955 0.07685757088650957 0.05019088135799166 0.4461665719183512 0.12153690939146333 0.04526436126063138 0.07212004655362103 0.5044143567574861 -0.15744299056676758 0.08425224799896797 0.44556650355379523 -0.6455442951732907 -0.022308426773084793 -0.045351415996807885 -0.03133048470424926 -0.01252084206678509 0.06090315835217863 0.012727302138288932 0.07342847472257243 -0.11198779759683843 0.005715675294648781 -0.08654905161188449 -0.0715283220912365 
0.2811758869164116 -0.8364531152918335 -0.35664882812 -0.27832132668810505 0.07213788928083753 -0.04134871169951415 -0.11987717062358605 -0.15769654228426533 0.06616849341480147 -0.17660270193052652 -0.007518329100827975 -0.06643491278688352 -0.9927154647878176 0.037615691041495015 -0.08502689676282323 -0.032210816606097335 -0.05975813120407092 -0.08825246285553408 0.16893775224187743 -0.17190086859768897 -0.077931785540532 0.034996640466208984 -0.21636441655288122 0.016979226926556307 
1.2732221467856668 -0.4367343466840383 0.13945537384115791 0.11172172517214118 0.29651168062629685 0.24728946837277532 0.04939963265165459 -0.12799354716259437 -0.018225727952685178 0.2580094833405129 0.16753834493594155 -0.016329465348857625 -0.47873932204851205 0.015943609879010445 0.08451082537799855 -0.06287788493100714 -0.03719455765286276 -0.02271151731852809 0.13287559174568725 -0.08967250082180457 0.17862087376474708 -0.10111339214247052 -0.02024650212928349 0.1984345778288067 
1.045961061818339 -0.3136830783453437 -0.16384461785049442 -0.1973121129359967 0.23975670162425522 0.21145740327272344 -0.41481671460896585 0.03974632753422391 0.03144826975691817 -0.07784557709543405 0.12421809712757348 0.018543617351425234 -0.030171783844311406 -0.3052616784522539 -0.02120297427430673 -0.13381467472804376 0.025485104971657308 -0.011444060748443433 -0.11726817763276552 -0.20214538687773823 0.049990764899680275 -0.04137673826648933 0.06550669004459982 -0.03884099207322235 
0.47768299155570304 -0.12299053852278075 -0.27307701038223886 0.1983199292749589 0.4739408387052306 0.0632684038609288 -0.20589264198374047 0.24241611410979014 -0.014088152707813384 0.09651862344309775 0.07912354127261773 -0.19222649500177919 -0.4798171508883164 -0.4136627718075818 0.16886094656055403 0.34965311624524126 0.5434366494513653 0.08943648088536582 -0.18382706182150446 -0.1318935807704051 0.1636852208505677 0.14329858896156503 0.2263807715282613 -0.016678904354437585 
0.7694608160643277 -0.07753998401570072 -0.08677371318538141 0.07982359544461737 -0.09303200467360129 0.08499400280173941 0.35957349959240803 0.2635347877127572 -0.08587258890667526 0.028272942817649027 -0.15983099740296552 0.1380365782592443 0.09020883847290406 -1.1236448400144827 -0.3680790548433519 0.2926517363682201 0.7124859038904251 0.6119532577695131 -0.05768467056496135 0.25428765787100505 0.05013073717267519 -0.024568391856058885 0.15418754459552833 0.2344136085212408 
2.8509237223276216 0.6861824215738856 -0.40566291817306066 -1.0758054777538897 -1.1674039145788706 0.042211725952169876 0.21368571101548106 0.1557929650593543 -0.4506209611725915 -0.2249455435007237 -0.3695794223835729 -0.02603923273945441 2.7300366139781773 -0.12401228153386867 -0.24597075381365574 -0.3988149003558344 -0.06359873716248661 0.055846836595804784 -0.06345075384188652 0.20124856492735002 -0.3587641864399529 -0.15777470547187195 -0.04611948422280354 0.0038171251619106097 
-0.41128581898633243 2.652664961649771 1.0066855005749722 -0.4382046185262327 -1.0770286334049692 -1.6138740310814368 -0.45155187941369257 -0.6798050715535734 0.09932246247128165 0.15659168194465334 -0.1139930548309162 -0.7677908393434595 4.15790967429684 0.28311297043120004 -0.25622458760237576 -1.276109236306106 -0.8671480053292567 -0.12037449172891483 -0.1365841747247508 0.11226683954314716 -0.08910080712069046 0.06675419858637366 -0.4235970029222564 -0.42272613281120824 
-7.122053532853498 -1.1160561667539106 -0.08189435582144844 1.6537787373278872 1.1567353645583744 0.7451619110151025 0.3900223090449694 0.11034034896090533 0.9696068809230669 0.5056833702952115 0.1945630226550037 0.24923583831384089 2.190464553275168 -0.039105526934714696 -0.568390027080328 -0.47972116905017564 -0.5843433099341464 -0.24617752926418648 0.22977612181824222 0.060304248584384344 -0.036883036180191085 0.03451633577458526 -0.2052030731491669 -0.18617054116531448 
-6.717779579235633 -0.025759601145402655 0.5200157684459398 2.543359196822047 1.3463423717455463 0.09464238545701761 0.6811577247519163 -0.05053942286745983 -0.5286840885924331 -0.5373041098394395 0.8288887888445153 1.2685774411662216 -2.6795150473051685 0.28262744576785587 0.308572874664864 0.718596621845727 0.1305412799141689 -0.2559984139705014 0.21644875117691353 -0.30161769992975723 0.0038249860933928146 0.029264794419708418 0.20240233508157704 0.07197307037807366 
-0.5672230573732318 2.1427112837756166 1.5428420291324398 -1.1274238782775026 -0.626059487351689 -0.07351389452449794 -1.04199745652205 -0.3397526050368555 -0.025968577100160872 0.018453345067566962 -0.22541112477378797 -0.4857117494983515 -5.013082698563438 -0.17292726515555934 0.38580394078330366 1.3530597559967557 0.7046362431917051 0.2589055615821139 0.348313096683619 -0.08514369495546253 0.19172832999676767 0.15048026163386768 0.2410475258449921 0.4222541315911692 
4.349844085189041 0.1753988990814399 -0.731401315896564 -1.203393176260719 -0.5772550471924441 -0.43654088640013233 -0.38488825016092343 0.45009450523457883 0.585635233202717 0.3124123112993503 -0.5112129863612515 -0.6162362565715842 -3.198515731926731 0.6125350473202019 0.6562121284933391 0.8351096283194179 0.34820798885620174 -0.08909459049515626 0.008935240255472432 -0.2404879578769544 0.0013307308050708826 -3.7243477542266606E-4 0.11483591915827644 0.3297742032771341 
2.3833827306244793 -0.6978536214006539 -0.6135976360001076 -0.5320243441209969 0.004625344452254376 0.23403686219733572 -0.12189399354946762 0.1154544697762736 -0.16273776996481115 -0.3706156251757865 0.14147133272291085 -0.0751197075907638 -0.12901987610422339 1.0869694852536844 0.7329152598579626 -0.7432028116102599 -0.1148549687687639 -0.1323776682723056 -0.5790942749480472 -0.07370339355793597 0.31914475510296175 0.05363046723709767 -0.22884779478706715 -0.26274674723619307 
1.4024647225457052 -0.4430822905178733 -0.37040078446780367 -0.2596694552144596 -0.013624010725030722 0.20815077858156958 0.19430027249920778 0.44332091335683876 -0.46429168457532066 -0.34165232039149473 0.3009398026213366 0.07395881038102559 0.8505403076837629 0.21719049365709933 -0.2622024771112082 -0.5813097907623356 0.2901469909755608 0.0164432327933427 -0.3667622116322238 0.26771132533736286 0.2225783075562399 -0.1892502265295721 -0.08229975067967114 -0.13329540025269332 
1.2935262522611062 -0.8089565771857803 -0.836404016155828 0.6303226960301473 -0.563310099279104 0.0012732778015678847 0.40569110699202604 -0.11525562842417758 -0.45843938352002733 0.18459425920169648 0.055055865096119455 -0.04256904126607719 -0.3715255184209898 -0.7522517802788071 -1.3127574033078087 -0.28952526607887363 0.36333705548165635 0.3144255378455785 0.06130894693512275 0.061904430113796614 -0.021960174007274347 -0.11849455303278689 0.3699808880219832 -0.2288008776492709 
2.3431514013194388 -0.4206211039972949 0.16660930551492092 -0.04063732404928455 -1.1637282982534471 -0.3694887925822765 0.45160583446500097 -0.2376844216772842 0.06575111731160543 0.602558048699325 -0.22110600050884238 -0.23262538897584753 1.352107133801917 -0.5148962961014206 -0.6903996400023553 -0.18423772867866942 -0.1337310177768074 0.031916296939827414 0.06242218746017586 0.10735823629431161 -0.03514180430845626 -0.16757072069575085 0.20732959585163466 -0.0068503437616856955 
3.027615946500582 1.5476711261754783 3.056169528931956 0.2270353885330365 -0.5103336782285064 -0.42041996575747675 -0.43447361533773243 0.27024384695194525 -0.36187864888645116 -0.48723715062283574 -0.7074484297779492 0.7645750250354855 4.76350814341074 -0.14642312153244927 0.1287705321280335 -0.22217504506466934 -0.8723591206629946 -0.28394580399325703 -0.18545889191834022 -0.04987530004156774 -0.2244629988858644 -0.06786194461394736 -0.33299137956616204 0.018556252733217014 
-3.5209015259797836 -0.0767072538942406 -0.24548863700462975 0.4946873845701041 0.3610808320800927 0.32324850954160966 0.42711607128355944 -0.07150353321415748 -0.40714663896673997 0.4969755466080239 0.06020316250346702 -0.30906219148469866 3.26348968101165 0.7363674906677126 1.0347843088186564 0.09344251196261988 -0.6285156843720578 -0.24143840683681314 -0.11376755526035821 0.060016866815718085 -0.3899573939367999 0.01186457838382123 -0.29767574226368426 -0.044001374396041466 
-10.064971714321501 -0.5416441376399597 -1.0166666412801533 1.029185476914461 1.2913626975431098 0.5067420387193959 0.9743126643377675 -0.04872017253103772 0.4513984912767386 0.44097134408918914 0.9133754222884507 -0.06001939821130267 -0.5596556793594226 1.1591825947201613 0.6892840890642851 0.499161567091877 -0.02668023168354905 0.06646086567851399 0.22958191717453377 0.17196822739731762 -0.4955178210900379 -0.007505796831313342 -0.1947323783485312 0.09131977334751358 
-0.9010238113044702 -1.5850659440927135 -0.9013255358349936 -0.7220399041278565 -0.17902943302308172 -0.10875457431027347 0.08851536040832558 -0.258253012382947 0.8289847290404102 0.1028600661918489 -0.13849069975098935 0.31167594583567093 -3.1168874506683637 0.7012297525109993 -0.565313463064042 0.5480185413952218 1.0237299655940246 0.46682682155199684 0.6086259289820498 0.058114799605157835 -0.06539969841042416 0.5025254358546537 0.42042735204074794 0.2594149307329616 
3.396644127241193 -1.1756973128857688 1.3162357111542828 -0.6620856683936143 -0.16023785062627205 -0.40380102086707714 -0.9539190114237168 -0.15228609565561288 0.5066091303800875 -0.2676620199208082 -0.023904363605127404 0.1802466363327599 -1.9389849413477414 0.16902373941556462 -1.1510159603359846 -0.5022713159988869 0.27963250600322437 0.05061021786062486 0.26443244018091355 -0.12049136714295137 0.4337173648727182 0.15392344793611926 0.19600387794673135 -0.04182310751676927 
-0.9010470947560401 -1.863369923804334 0.28400057597027795 -0.30373266696152346 -1.9843087906172903 -0.6219604253211442 -0.4346458777818477 -0.1940649704673434 -0.23855286328714193 -0.6562840789509383 -0.7324390006719874 -1.2074400009556148 0.7529360203485816 -1.7221791105723163 -0.4041817045172791 -0.6282144773632049 -0.4076524677070341 -0.21007681929420619 -0.37124116692573034 -0.18653957728825085 0.41468461973950066 0.005199887626958083 -0.1674142050032451 -0.14492311174822622 
-4.248005248552493 -0.9095633660308433 1.8437181838251648 2.326845806327955 1.355104858330541 0.6115143106429567 0.4425959628901136 0.2806599079400146 -0.3159848071776401 0.35877307285222493 0.6223379389087557 0.825007897734648 0.07047431032708189 -1.9696299685533116 0.6706926753767624 -0.18813324452000005 -0.6080826056806958 -0.3187205791574195 -0.2646207968992957 -0.19747392022147017 0.01932036288991945 -0.04539017603909201 -0.11716780302659631 -0.26566107256325533 
0.6624928155466279 3.448404414196773 0.04747834138140261 -0.33186220939902666 0.286256615619614 0.013818217817328171 0.5039813740286015 0.08489271768399181 -0.0037721613992279246 -0.2259571430755419 0.040630764001804515 0.4240646503794056 -2.0200117416423224 -1.7576208470611487 0.7979959167164011 0.8170700792734543 -0.5230591001205683 -0.3468258121202079 0.2316998202423162 0.2592654441684965 -0.10474501405537773 -0.3224209144164162 -0.20759986763388003 -0.08084462138250074 
2.4034512411086135 2.0773054237736126 -0.5775811976815666 -0.08362116361486249 0.5287272632973634 0.23447139503594527 -0.6293702466310545 0.30065682093313006 0.3312576907663721 -0.34665495974123034 -0.05893583686223447 0.16147752835501578 -2.096058906099112 -0.5191458518002369 1.2372525596292985 1.3642558642807296 0.4228253805990086 0.04585413336924332 0.3580527563560369 0.6155491174581048 0.09358389271373029 0.06744855251419946 0.3270331516739511 0.6446924105134163 
1.8332598853403743 1.9160582224768845 -0.8993374834255595 -1.549709419810478 -0.0019426927389963877 0.6070384688429853 -0.5937622337482122 -0.9818597594693906 -0.24793907009301486 0.6636926805950378 0.23099749011514767 -0.6331409521182965 1.8252724742520219 1.8159410118992207 0.10732146076984621 -0.5121079697067075 -0.089659243929251 0.24837203160626672 -0.19391905518167107 0.20759883597371367 -0.12971262551082893 0.039821241918092005 0.08530775106180166 0.06347678069351224 
1.4547879348479693 1.4140472852298114 -1.3946315826592492 -1.1569981813085084 0.23072837071282026 0.17734178502239817 -0.08269050228959013 -1.032611205857609 -0.47465303097193745 -0.2883974965256633 -0.4539448791697691 -0.5804665325567501 1.517392960512532 1.3122686255171594 -0.7558099672286623 -0.5074205855000199 0.37962112315233404 0.16853858990535797 -0.5077655817592964 -0.4041138074381263 0.15752156833771905 0.012752287735433706 -0.02409604714191725 -0.2852607003284895 
-4.3389929540791154 -1.6677895522289887 0.13403915156070534 1.7411502085679187 0.7042337936996386 -0.7027330719946985 0.8123986674028825 0.12873022315822014 0.7883210760024136 -0.3745496004376014 -0.01778796802983315 0.6046063387547518 0.3928486780509462 0.9637324105245128 -0.9732020628515422 -0.3680964957509492 0.42611327005492416 0.05842788706632166 -0.2073143410837508 -0.8295199521755473 0.19362560947335336 0.08429657470526249 -0.0492756291018081 -0.28371298395405836 
0.9373987792807625 -0.06757656542492896 1.173160386511288 -0.20678922130400101 -0.9632243493789561 0.38374139573871324 0.19084604807128758 0.9577032519337036 -0.6594370872944992 0.13420931756878818 0.1377450336360077 0.39838598390396013 -0.9442821603607575 0.07424369377690176 -0.5232826489580786 0.34002787622240965 0.4101247927671414 -0.29915714713034 0.18703393541849578 -0.3845398669129812 0.12291518973121056 -0.1832611673497543 -0.23661571391760142 0.09384477382581906 
0.913408428971139 -0.23432708376928346 0.7363727205437982 -0.9205244125598839 -0.6833061428578806 0.32855500228586276 -0.10858748567739866 0.511542868161595 -0.736423870351794 0.19949954943202466 0.08297942101768355 -0.27142825848647656 -1.9482934734270918 -0.8289285429174814 -0.2552052181340847 0.6851677189726678 0.3582347571316847 -0.11827654014415372 0.46211938946587533 0.01806748805130587 0.2561250063805797 -0.0798986344664942 0.1642848824205189 0.17954647873681243 
1.6614337244051152 0.47458496966925345 -0.12595042027655978 -0.8462444994118363 -0.3058760393098443 0.5591691892731374 -0.18329923200493692 -0.07039792762035268 -0.08102612698846534 -0.02563856941121337 0.20551856805927682 -0.423983555413593 0.8002401390190425 -0.059218582700159374 0.25126372445361883 -0.6588940977192301 -0.6792730179367131 0.31071475965070167 -0.06321043209772027 0.374322647442688 -0.49508631163625455 -0.05524561358582528 -0.04486507401209119 -0.21381481101623767 
1.1438699936399837 0.5479153089763642 1.5492102093568834 0.005374690703833007 -0.6991446327299715 -0.4356173483294494 -0.3868868609566314 0.5885783487813308 -0.2692594232923424 -0.05492975354811802 -0.5445293825030244 0.47715167220309107 1.9977893597551857 0.7630643385378651 0.34390879287652937 -1.2593918430021636 -0.926508517160599 0.14206878415616034 -0.30821268723334394 0.1634794981768732 -0.58809379730182 -0.026242101858692014 -0.05059777833372476 -0.22551145235703066 
-1.5785524201107872 -0.28104201369727466 0.012950468743889054 1.306943520221831 1.0825139493672284 -0.16631670790573572 0.5196270320040648 -0.2037824307042282 0.5922396240845387 0.42716080981633536 0.5860946574326352 0.6655404516078893 1.9173611502280121 1.0121396236617348 0.42431119874126505 -0.809097988053136 -0.65080883711991 0.053330491262190104 -0.26790114115066743 0.022247030326209782 -0.3512257965840846 -0.05131148204282154 -0.0215124408392033 0.008982499850730333 
-3.4599665780364663 -2.1457066076996147 -0.36480410259601426 1.7810571066297727 1.4020244142853802 0.2650915984068183 0.46458744401813235 0.08779662517291309 0.6912246460171642 0.05182616539432633 0.04448471133217863 -0.13965590492612573 0.9072694389399212 0.8060284246371375 0.9176245703330098 0.22796819705105942 -0.040832743902807965 -0.02258623182702481 0.027075696316194792 0.2674204209687609 -0.003927422568578938 0.1486748038858291 -0.01210253142266371 0.3466484549895792 
-1.7887314404406967 -1.2150229429779613 -0.44187686052390607 0.693208256784602 0.59596594854221 0.04882324211843325 0.1946670389596835 0.1132518432052268 0.4924092281090352 0.07491791724602909 -0.02445115634071482 -0.14252726640117563 -0.5955503274277795 0.01689110282924163 0.2497131190043874 0.8383542588923786 0.6976405848799879 0.1500930056997752 0.36938491647114974 0.09994206362555962 0.39998049076461645 0.2572644452601344 0.2653014155328661 0.2519117282811825 
-1.4728488130148252 -1.403179500294705 -0.9762498370082484 -0.3716622687307307 -0.3333724006090384 -0.4754286278604595 -0.3056339533830251 -0.3722000510796794 -0.20756195759885387 -0.3248327189204522 -0.20294888134835826 -0.15875983376111408 -1.089109706559037 -0.5602974872650291 0.042099354754320174 0.8243347649360194 0.6651743314609152 0.2071466254868016 0.2614408015381464 0.12919230454646333 0.35229280646593847 0.07813171284960771 0.05124138304080116 -0.028553754005349635 
-0.7854603203382693 -0.7029788758874544 -0.430466021063156 -0.13175956877505324 -0.14270939782552627 -0.2463356118714224 -0.20341701870880563 -0.2736102834546107 -0.1583085464013015 -0.15630308380667854 -0.08609279282569474 -0.08064276881816403 -0.674123199138443 -0.48656783280754534 -0.23062948676084502 0.17922661819566807 0.16138171776550722 -0.011027365792470517 0.0582108503773475 0.022239513457589843 0.15602575700864424 0.006622124984847294 -0.0030969214975395862 -0.032512665292361305 
-0.694273018410569 -0.7208361794497808 -0.49680758658934976 -0.2794632753984581 -0.22416090691349735 -0.20876885105865872 -0.12069293176206236 -0.10634922513655809 -0.04029488612548274 -0.06695847262814297 -0.0784186195477349 -0.08493689170158264 -0.47783548194557196 -0.4337725427647554 -0.30572835537134857 -0.1136421100923634 -0.11296704100015216 -0.16670604127429164 -0.11491494065889772 -0.15984173879087818 -0.10785533377128016 -0.1481292612332553 -0.0895159448010714 -0.0628062332151928 
-0.15564974032749568 -0.09649110497778735 0.010290474549179696 0.10942890553146145 0.05721504839791784 -0.05142454890505557 -0.07243602298284038 -0.08639211013910339 -0.0593015786535831 -0.0738855808546674 -0.07742552274840775 -0.08190074155385745 -0.2777676092934267 -0.24524570024769446 -0.1587288172316007 -0.06541989545943372 -0.08252037625684637 -0.12705542038357376 -0.11245566850087918 -0.13678504844535935 -0.09049267431988654 -0.08827171438860464 -0.05766860344032229 -0.044843129106845375 
-0.35424765718349605 -0.4051057574552722 -0.27944301870037064 -0.15133017560689785 -0.09443350072030399 -0.07276603552076798 -0.0263796292693146 0.013716078635201481 0.06650055984112746 0.07834631330330816 0.061265318016212475 0.03028785225231103 -0.2037695915278214 -0.1994422676841753 -0.1304429137564992 -0.06108789556054065 -0.05858555220182474 -0.0739054325991378 -0.05331389492102595 -0.05527423754618401 -0.03588071992546283 -0.04642161193227338 -0.0452652734935882 -0.04122632304341242 
