0.0 0.0 0.0 0.0 0.0 0.0 0.0 0.0 0.0 0.0 0.0 0.0 0.0 0.0 0.0 0.0 0.0 0.0 0.0 0.0 0.0 0.0 0.0 0.0 
0.0 0.0 0.0 0.0 0.0 0.0 0.0 0.0 0.0 0.0 0.0 0.0 0.03265188062428178 0.015000676739151933 0.008340016627891486 -0.001788292997588296 -0.032701490541936634 -0.02367030961234386 -0.00794202283011545 0.010658141461988688 0.02544392535766114 0.02809461783403176 0.0174836861400537 -0.0012699212550615995 
0.0 0.0 0.0 0.0 0.0 0.0 0.0 0.0 0.0 0.0 0.0 0.0 0.09394084974825893 -0.0974285606937344 0.07796414552930753 -0.018325437848166825 -0.00801591438691277 0.020812037600129923 -0.03733442672014977 -0.012349615094754707 -0.022117816014962145 -0.030056938960071528 0.005190488441511131 -0.009072634469353242 
-0.09795564187284533 -0.0450020302174558 -0.025020049883674456 0.005364878992764888 0.0981044716258099 0.07101092883703158 0.023826068490346353 -0.031974424385966066 -0.07633177607298341 -0.08428385350209527 -0.052451058420161095 0.003809763765184798 -0.0805460074243524 -0.04906958185949376 -0.05614216482681462 0.02438689360495963 0.0464993876846323 0.05601223133218022 0.047645781607011974 -0.0031789736649848557 -0.03851362072553021 -0.013805849835915318 -0.042621697498642475 0.011500878401665762 
-0.23284472830835412 0.31478669718993113 -0.22138241164608535 0.05229387404811803 -0.025004492652166643 -0.09794157721890556 0.10009024591527613 0.053036057477247156 0.10451933608137814 0.13231274363126222 0.010654063885547155 0.025313021525467327 -0.1715174528234935 0.19358575400556022 -0.08580422426988128 0.09430231200278712 0.08967829357276168 0.03553505825787184 0.04385950375892219 -0.009070686562749994 0.007198602369010894 -0.02312600860943502 -3.1239634825252355E-4 0.020095206663831664 
0.35806038642723426 -0.010184603016484273 0.27911770030348654 -0.0993076178389379 -0.12699591672781357 -0.11906590538708789 -0.192982467778674 -0.01698110774366901 0.06328119413590155 -0.024738822307885155 0.12253806055315385 -0.04715914596773095 -0.23810446053850334 0.17407939490530686 -0.13152714601920676 -0.0806629725817307 0.07652464705701069 -0.09407372715499801 0.05145435110248011 -0.015240806707433946 -0.011997284538232076 -0.014106586914692082 -0.042416990217258976 -6.712272826853057E-4 
0.28654434432044074 -0.5981659756171664 0.10534379771606334 -0.23057068759250993 -0.1564846865414733 -0.011566757661555793 -0.023174243142256384 0.019715401367101454 -0.09140229221147517 0.0396055102312 -0.0865573704418999 -0.03480116512503712 0.06163499966750393 8.769446313860082E-4 0.03471899064441558 -0.10294562192551975 -0.022880946138476344 -0.12429879770969364 0.016592249105332375 -0.005626087637610531 0.052118922232171065 0.03088536004612363 0.018145064598041636 -0.01820922551957994 
0.3566632034282673 -0.11076387852982764 0.2061982834928714 0.38878607755827094 -0.06572937260056883 0.3100447005233507 -0.06890474028832771 0.03040832379140862 0.05762089168813947 0.004389523942012079 0.12340562939533936 0.03588053893849294 0.6731276731495212 -0.5747534824425109 0.3625634711679775 -0.016006134489296015 -0.2610663841835353 0.11481103089954586 -0.13395470035912424 0.0011405749301405161 0.025154123554698787 0.03661448776215188 -0.010009914283726815 0.014118677279954486 
-0.4170511358113824 0.3624455010524448 -0.2890796751740245 0.11708389212607283 0.013005073699640018 0.06039951295495603 -0.011725365145894145 0.046219604622539934 -0.049007279391254 0.025092490367942713 -0.04421491432967051 0.03842085563109521 1.8372894853079673 1.9390027280530404 0.6730025513182892 0.2953674734628975 -0.3597946115944372 -0.08360607245217389 -0.15342217739358385 -0.043423900631123974 -0.11537751513151966 -0.05037680922042015 -0.06019989397038563 0.11174902245414192 
-1.3095248929554177 1.2337701059762427 -0.6113609767554019 -0.22511650423034124 0.5714583557022356 -0.4994821333939814 0.20315719430051765 -0.0336549341618098 -0.0333786829383054 -0.12732577566271214 0.13139657534821958 -0.12612618818566057 -0.04915037673151653 -0.4738219237808133 -0.32612761607890767 -0.26028115490351045 -0.01718973272894578 0.18290882878474113 -0.08126010312727884 -0.1376368096248978 -0.039842552757838046 -0.13836562290736473 0.09908914396709807 -0.08736642752818351 
-4.392230063411619 -7.087441152029323 -1.5048842261146678 -0.8097218170868963 0.6043052840904362 0.6440148766536319 0.3010613217440724 0.1820187322370826 0.3002300404963062 0.25659358769482254 0.09004683849281686 -0.2890448689253861 -3.0334179394431087 -1.4770624780829207 -1.1125496512820936 -0.13070060638404932 0.6504382036005866 -0.05141652876189523 0.030273460966365368 0.3714379232912342 0.06922913741720212 0.1234085899683766 0.1474261410508385 -0.22333961013957795 
2.491703797422935 5.035645219353496 1.7924834071999163 1.6330323968752867 -0.30981027960912955 -0.5304894676802105 0.01848222564852553 0.37541918885883074 0.002529890017873515 0.30373584400066633 -0.24099267891719856 0.46171268380128416 -4.32914229352068 -1.5345190232902848 -1.1712373024756848 0.016288569473264958 0.7727742226294873 -0.22849741227589102 0.25014318939534186 0.4827837400236543 -0.01724145722411677 0.3282465680881321 0.11470603144923859 -0.20568600396817427 
6.782588337328767 2.89269537861258 1.8466470866945972 -0.41988873927459314 -1.4976752194464371 0.2301527663837563 -0.010208263718994193 -1.272631226761483 -0.2746489781209498 -0.5606640893688764 -0.30029871034947697 0.41452025005635673 -3.2661606586147194 -1.9919301607266977 -1.499918973192614 0.2196909095053364 0.1638007194880666 0.10464130438119128 0.6676508875445998 0.0471602259179563 0.48553127291783654 0.27670627010024423 0.09067773616500317 0.030259046201258393 
6.090492787236428 0.8472589105261452 1.2265852742670198 -0.4688987515562877 -0.6958740604177893 0.39294115856862943 -0.3916375811539745 -0.7546811747334898 0.3057851980426729 -0.7034366413952589 -0.017548744578349318 0.13914926422799084 2.5703857141419695 1.899268881695524 0.9448384853510365 0.5041676334772516 -0.4397270418370299 -0.03501354016821523 0.12616439793977552 -0.38001096354688685 0.07752946927318742 -0.11372890204715085 -0.13147833453781457 0.3565069400682798 
3.6068574175257933 0.9825424845644459 3.2778217599296227 -0.41782897138711816 0.3059350160305663 -0.13162434961436192 -1.4968314374884768 0.605588236279374 -1.3079914322696031 -0.06993897990794751 -0.29370833717161726 -0.21854029774251466 5.1138725413962804 1.0697452142648531 1.3188139804236754 -0.576227122382275 -0.9669123606261784 0.16124407042505948 -0.3683285277061498 -0.6930709174947222 -0.16887520954065618 -0.37303060096259893 -0.16604893421536845 0.1832549108646555 
-3.631587885101486 0.292915021290991 -1.757619385470706 0.11949961249979446 0.10756572816345844 -0.2445602891765057 0.3833006187139403 0.5763423479790628 0.28661270927263793 0.39955999541165443 0.15014713810731528 -0.2912778625041196 4.145319735324545 0.465484148632653 0.990574201444212 -0.5894905839580628 -0.4753650420403059 0.1928990342320327 -0.4179355993278606 0.069466184476082 -0.07780123830501436 -0.2514933766724274 -0.12079975639970157 -0.005917105124181264 
-3.6979889506911174 -0.03936831956440212 -0.6176925247075662 1.014593445844191 1.001341968141474 0.0651712789811455 0.7073082194654978 0.1410697643664074 0.24156289488603622 0.0069293951154636435 0.11400015095379606 0.07996908082844546 0.8234018948743195 0.6000947846554358 1.4148327482973662 -0.37609158303338247 -0.03133952867050421 0.14112788221199538 -0.250736186464055 0.5471572291144211 -0.4046194858296102 0.022589771163629296 -0.10651590581108773 -0.10529954300217975 
-2.6930432346287505 -0.03823813330738979 0.2026198122529781 0.583361791702246 0.38251758964767446 -0.2841537584252224 -0.23990061164738008 -0.7308204922052525 -0.2355882506201037 0.012609301110317661 0.1409962805580487 0.007645890315054582 -0.9964588679543867 0.9703566498350118 0.06163211570073438 0.3639666216891544 0.26052727975607637 0.16703992594951536 0.2406622200753007 0.09986508231152474 0.07123755381940981 0.2407228476818816 0.27041959839712437 -0.012293553948528158 
0.667379407666467 -0.652165292102671 -1.9467960838243181 0.47851468811180364 0.2624776712999709 -0.5352112616259896 -0.4330222629156517 -0.38230203097173165 0.16696750516559833 0.055767053751832996 0.030414809036279244 -0.05210354514556248 -1.507475110262045 0.2023151298012301 -0.2530383010960098 0.5680215267738092 0.5471442493489067 -0.32664379598247156 0.09505624096246457 -0.26136052718702446 -0.03724938471821382 0.0071766509999277766 -0.09813606742587339 0.04427400202457991 
-2.8248954604171184 -2.31175644194491 -1.2779639530145332 -0.704360873701475 -0.3045839626840192 -0.4454887967214842 0.23147919967861297 0.5384329987135581 0.11019774267462745 -0.347027376952175 -0.6193189861252995 -0.18836088767153114 -0.898322203688032 -1.8257586952645302 -0.5095405668564648 0.5970552688488292 0.14856473771729456 -0.317975822123071 -0.17154730506733684 -0.46423959526336384 0.22041595405015502 -0.1591120468579955 0.032213561024593385 0.0015341004474586268 
0.8903624929892011 0.4904454453506677 0.8817142612142188 -0.04560980177537599 -0.2965400037393995 1.125770186076691 0.1864495909151076 0.2905246004680753 0.1804180523933121 0.16521778114692665 0.7885659865730903 0.04515046374799858 -1.12628704042701 -0.6177628856497499 -2.2231419302678996 0.3209559317044857 0.44475809336464023 -0.7538065826556982 0.0402310627082337 -0.043265492724310184 0.3080715212386245 0.25155212289753454 -0.2221310268299307 -0.07160253530482084 
-0.10956816622602172 4.8677325837595316 0.3169863403031039 -0.9457417699006517 0.21633221401547598 -0.16071701590734966 -0.03499462336074921 0.3254849778649358 -0.9035613863844256 0.4352200779867573 -0.334719991284137 -0.04558341547410183 -1.9298854988780725 -0.6747801453390009 -0.3036030175479427 -0.2758496374209505 0.15416914750460553 0.07140709437488468 0.028571311025549523 0.18451981402965978 -0.08542224132514264 -0.12827075236361316 -0.18947109993138356 -0.002482014611274036 
2.688576881851949 -2.388621148005642 3.9251545603205624 -0.3636626589020653 -1.3322546971436973 1.5838225959340375 -0.42047853952067166 -0.14603154237448995 -0.25036749402074876 -1.0900130424102368 0.5545083921054901 0.09131532467018538 -1.0117797783940508 0.9695021024078819 1.1279366850629786 -0.17465479145170962 0.08439243682561852 0.5005725143503037 -0.375702568633779 0.3234608543096353 -0.30291527381692496 -0.28580581229522134 0.24348481576485345 0.10254947683469551 
2.065653841785725 1.1521172907502475 -1.888875049923877 0.282214467124721 -0.24923405849568692 -0.8887362847748115 0.449229331819854 0.20315162804586145 0.5818572398570858 0.6654002919172461 0.06612311090265138 -0.20399727429880243 -0.5978567239714389 1.365495935899906 1.5245554624918807 -0.4148704161760262 -0.24421550421723018 0.2546666961184357 -0.30096268239460483 0.06358373666349725 -0.3812026047881343 -0.14821783135317526 0.12760035149122503 0.052237261677676734 
2.83809082416548 -0.5602532153683359 -1.3991650988612263 -0.13562354593293346 -0.3169341779606736 -0.011937722540489137 1.071445319226143 -0.6186912875512933 0.34645456072333125 0.9075451110673463 -0.14231001181486425 -0.18329103734373764 0.3976469275544403 -0.40528626791837974 1.469561778981609 -0.039650902461582004 -0.7429813911250974 0.46142166506833937 0.010027449457972293 -0.22230261528204634 0.10019573404121451 -0.24612461773272845 0.3340528322072911 0.01679412942747031 
1.6092450345315292 -0.14293919025883906 -1.5945202175816438 0.184849922142861 0.4413184670756547 -0.12683694502539328 0.121931494449658 0.37106364046284573 -0.05836459939206273 -0.11890550469250843 -0.36911184379763495 -0.06499201950017053 0.6493596176722493 0.4328557752550348 -0.5707880567851626 0.22930982039922018 -0.4877446644292463 -0.16995105828859638 0.4384810832321231 -0.08879870739200468 0.14559173739975131 0.5112921668467312 0.08197773446371925 -0.10957182467605316 
1.723840502815726 -0.5252341037459596 -0.630708192795381 -0.1960276790263893 0.5514132134459243 -0.18139206914568978 -0.2869119692094905 0.43692029726315684 -0.23084377651981808 0.04051370909282592 -0.23003262716624007 -0.028569691011541498 1.0628344763149673 -0.13937997012552858 -0.6089937303508088 0.209818754101928 -0.16249414081603875 0.025733777519998252 0.5256776616239407 -0.05157758143678778 -0.12228777910433997 0.4977430404540995 -0.007187116069702996 -0.12805525306649582 
0.6747001494438543 -0.16395959082604517 -0.5607393326013115 -0.3755129275262117 0.7798262390887531 -0.294155936606422 -0.18703527365869843 -0.058258042185349565 0.4337311962794066 -0.43496050763568733 -0.13594878481281847 0.04735752656325898 0.6886649413611229 0.0581542619464314 -0.3831894822034892 -0.02709253033966726 0.14386234218396377 -0.013817319741842018 0.03940825236582835 0.25773287029588493 -0.1533893209445307 0.14733974295805238 -0.07193901737705584 -0.1251056993078366 
0.11685983776441589 -0.13160310470814718 -0.08907435029896593 -0.4848983834041811 0.0012943584808934316 -0.005479559309969545 -0.35110428159150087 -0.24929770191683237 0.4672700002006165 -0.4276565088233629 -0.2373301930981635 0.14469994882403503 0.514221667292078 -0.06905285737359697 -0.1175727998304859 -0.0976179698962586 0.2184029943738254 -0.24458963299845418 -0.10747633942989755 0.1281360655846602 0.07424720407939121 -0.19979893935750467 -0.27216696762259474 0.020591528551334854 
0.34674054297381574 -0.5142174756170395 -0.7157686922193838 0.4105628653507587 0.28479086800627884 -0.17334124071772733 0.035802893543178116 -0.05902597083481445 0.05274647508131203 -0.32683962460857124 -0.1496460087005057 0.22369025850555102 -0.10239218477604221 0.07861167715844604 -0.15846488840411221 -0.11813776549564252 0.2200724821334262 -0.34747061717413924 -0.04191370482212469 -0.06752699332956251 0.32592372212503884 -0.5010571473471267 -0.23302580685535076 0.1174253874009034 
0.34515530417451146 -0.14294658922967152 -0.20047511349488722 -0.2962116657760987 0.14372191586568528 0.4919694819053255 -0.07590203452073613 0.05289606483390863 -0.2630930281589444 0.5858500856517819 0.5933168876453877 -0.17851064263669209 -0.1382366841274371 -0.14827934105843918 0.05165048481786879 -0.1878232133386164 0.06518340203793511 -0.022818316693131113 -0.14729893490854132 -0.016228410320612768 0.20449932857340788 -0.3376002759104985 -0.10088386492940855 0.0292315539900925 
0.8677289705669331 -0.3941228800406211 -0.02964428579101419 -0.11544298985332535 0.048395013996078595 0.49953139430834814 -0.19889528272770673 -0.006773945572032536 -0.17885845591592953 0.5614576371681206 0.1478050953814582 -0.14331333990908768 -0.400082958903439 -0.37469508997682954 -0.08220791067600985 0.04287910828933916 0.5263215982192898 0.3913869446783504 -0.22617268255677417 -0.05781762815272195 0.1510332785158269 -0.10482555486477513 0.10094189136786784 0.11853712542394057 
0.2710756763501685 0.25318762067896117 -0.5870880079667571 0.3415741842137101 -0.0760579206278118 -0.27346092674361394 0.20814161126956554 -0.22673848358638504 -0.03042552002098642 0.14099568801978668 -0.08340415035091975 0.24050708606107687 -0.3650633242005181 -0.9608456779789826 -0.928291917237268 0.6269816144393822 0.7039178658388181 0.2356649734244467 -0.04186937186523707 -0.35343997560420143 8.763700019124484E-4 0.34389827593658534 0.30522153892194526 -0.08108348507655153 
1.5840292335963042 0.41180068935913283 -0.2758385129554193 -0.03696738451216319 -1.184284008404842 -0.9647868704283087 0.5722991183183498 0.2542441878334982 -0.5166871145351477 0.21006423880175173 -0.11411116380595548 -0.3414299821151552 1.6265891114823263 -0.7503063203983276 -0.47400275455355906 -0.3773346199399838 -0.42045056784651996 -0.15106289271158171 -0.06906627096879576 -0.05271539696157344 -0.13425151230296725 0.17813893996862995 -0.13700311191215422 -0.1317875112219867 
1.0821951452613803 2.336628660007399 2.7074977517991194 -2.216394311764826 -1.3516921704503086 0.5171336940003138 -0.33589111944805317 0.9827069249437475 -0.09680780885507267 -0.27014804297478967 -0.19138959952674123 0.16379813369599625 1.518915745807033 0.4322320971449766 -0.6687691477263195 -0.5240077685408159 -0.3521368523866008 -0.0950715677994338 -0.011644025640148417 0.1336389688948297 -0.2861978378520991 -0.014377019051907117 -0.23704054732503568 -0.08960272546046055 
-4.4175980983356515 0.8150755614901426 -0.2549289020132752 2.295545117955894 1.947563842446887 0.5574227620711294 0.2803198955374899 -0.45335045895237847 0.2570872254100154 0.23261268275951885 0.6128071557058316 0.29040366993941275 1.867819013164537 1.5503371357255997 0.35029022070171045 -0.49229911146560656 -0.7450305959568307 -0.12638171826699499 0.040387125983741945 0.044129563270417026 -0.28655035609864704 0.2881512633283742 -0.1464617374485136 -0.16642679755158873 
-1.2848578951049525 -1.2451461068214735 1.4087646297411294 0.7473412386021291 -0.5855712888938739 -0.7493510395950316 0.3890632995804407 -0.2738580668779358 0.4412808235627295 0.17285252319662447 0.26425833186829384 0.1933984364151745 0.6855374522134535 1.3688759515425861 0.9363788854670573 -0.068276263934213 -0.031105463501539754 0.46868685875755284 0.14091665881773519 0.2268230483501231 -0.016387591309062866 0.01351597547687483 0.15965140011674023 0.24685557154920887 
-2.8359012857141406 -2.4483233344032307 -0.6773426140315557 -0.041937825298821174 0.6677473386874329 0.04760065117034909 0.088660530852877 0.7501379939330888 0.07391963755189233 -0.875889834269078 0.09745008284206778 0.14305025918002187 -0.801794415984756 0.21643689830751867 0.38189094102841015 1.1694500557856786 0.5693120627343667 -0.17104903745103547 0.32674957657829135 -0.09977981230426107 -0.06223196875680437 -0.09567417512613623 0.33185051178757474 0.09494280070743995 
-1.765265617689736 -0.13829974667367262 0.10956795140708797 -0.8428240483348297 -0.6184675280659622 -0.6340158268219546 -0.6628114135589522 -0.29950644654935543 0.04393875900117744 0.24355528910888424 -0.41266526344508003 -0.5030918755719349 0.6466696902861987 1.0456821311508133 0.07144922617653122 -0.2366799930012381 -0.059432783975814064 -0.3109010120301273 0.04559879972430451 0.1210693398079828 0.4453777307221732 0.3224371048721269 0.2280115365585833 0.04679773366303599 
-1.772010989088992 -0.38765831350631386 -0.7510033859314849 -0.4177224059326621 0.25607577382983104 1.0129022680376973 -0.17399147762768774 -0.14118683220388545 0.6424541639612045 0.48428382518179763 -0.044282582000205795 0.3538204238106476 -0.18642201442731032 -1.0840054186584152 -0.7099999856795695 -0.3204449870019747 0.032690555852058566 -0.25477004355605243 -0.1406281942940339 0.3523199468534401 0.12665206863885825 -0.28447936788614436 0.02467327095916216 0.014789571364274195 
-3.756812114276123 -5.412525010722372 1.2312473371615003 1.6452735079227638 -0.20143715453763078 -0.29929881193832375 0.38359290464780954 -0.19140367323339713 -1.1791196318084463 -1.474545621145194 -0.3489099453863192 -0.05237984688924632 -2.133005958053454 -1.8769606677793973 0.08734345731965669 -0.0339540731511172 -0.31899903293012466 -0.14747358561118015 -0.11112326098933299 -0.12308481093836836 0.06598999257033882 0.07291962558792872 -0.34562951434720457 -0.16396403011586713 
-1.2808619941390162 3.4408055535963644 0.8918176501299464 -0.32465164242169386 0.36116048436709147 0.6445522743966909 -0.012657045368402231 -0.3608732332852106 0.30549262704012947 0.8365987245163942 -0.00844738906479911 -0.126674469254145 -3.2489696773835353 -2.280413347176347 0.37490099284948225 0.41399743519243026 0.1481956760360942 0.37093500277719255 -0.154131960189693 -0.1578357851168044 -0.05915126610644372 -0.24989156029159112 -0.23550113321799557 0.18448134286154735 
4.3881777589956386 3.5783503231131792 -0.9738729385825977 -0.7874972106369622 0.28598721545578165 -0.007420073167910934 -0.410108846720596 0.17959118680641217 0.01444954975069851 -0.15136103732220021 0.6063056831288305 0.22904766130806276 -2.9759265829839787 -1.5948784999638763 0.9234366720582982 0.618195122935799 0.16280857400723106 0.11005260891783841 0.19403546437839814 -0.20437572347663277 -0.2983589683946437 -0.45247198273525985 -0.03324831644122489 3.707641898916629E-4 
3.9024031064257336 1.9581440611049512 -0.7731462266078826 -0.44332935223008985 -0.43222343927515783 -0.2458421096790867 0.685255278625594 0.14682309312662312 0.22312337150096329 0.5723662141450742 0.18461300339620612 -0.34033735887264904 -0.7771792008291533 2.127651565799658 0.45969226402723873 0.08708122513154841 0.4137197910959492 0.13037440723989885 0.1470109669178938 -0.09941433745659652 0.207363316663991 0.5855300839444773 0.3116560176212266 -0.07775856004707606 
2.5793350843934384 0.11344123541496387 -0.7065807406444802 -0.1499730059804354 -0.29317091473819934 -0.18425944665395022 -0.547469650484383 0.1678753339905843 -0.24285809885493204 0.014986582246245606 -0.34569519229314716 0.05333930535033071 1.559051412844065 1.906352121736776 -0.354903455680841 -0.4207563647234434 -0.18708110065797623 -0.007257917924379039 -0.010890426849788156 -0.06378451701722315 0.08292463014002784 0.25040746059254354 0.3451956080676588 0.14310929433236289 
1.9550969456495437 -1.2096945999535018 -0.6209052409208287 -0.9046574201446025 -0.5904198238237657 0.34184873942001404 -0.3850095442401902 -0.05677229450750709 -0.18794349864902826 -1.0031653371012605 -0.46741500421749005 0.1944553888659492 2.174202919134164 0.9230423819833019 -0.25883750129680183 -0.294004528111206 -0.4363876375196691 -0.05060172456027221 0.056004842674936405 0.06975515249828572 -0.06832065407551681 0.11463513407688768 -0.08383616860331415 -0.12794476265123253 
0.6846766008515388 -0.5567867115679217 0.014716935616398086 0.7054359174906244 0.9263287097040143 -0.2794917439443242 0.15769484526166055 0.47274243167514673 -0.028790905594389238 -0.11481764347666334 -0.10326713726729797 -0.467676595558325 1.5511908109979167 -0.06603210360135196 -0.18029451917561015 -0.28164199644546706 -0.3645007520175055 0.006823468381668474 -0.30921360419454397 0.12105111677072176 -0.23231076907881842 -0.29714427434913593 -0.27199303258232765 -0.0439662990125371 
-1.6728764092058093 -0.4758691113535116 -0.3572825608479162 0.010979770367998132 0.26718966106274245 -0.04642078735308308 0.16465850272776295 -0.21487591321051525 0.32105173709724233 0.2933629247758656 0.31490748169322397 0.30400487953537636 0.410502812218932 -0.3484646829039176 -0.06757920242428146 -0.27951780444930474 -0.049002347569647255 0.31048821274783084 -0.051687013245729864 0.10302149430625739 -0.05129540409870186 -0.3521573806064362 -0.14920014916929028 0.03239643657794359 
-0.2602506711726349 -0.05537519808097535 -0.2975085231541059 0.23713438809966547 0.3715265988710632 -0.010595088412407083 0.10533713861527239 -0.1162262069700769 0.19957659050838789 0.2581552743550903 0.07912266249847882 0.13046345705322843 -0.4925319083555812 0.07624965013336915 -0.08758021190404186 0.22425214589095513 0.30404114478517014 -0.2315659004175584 0.12968488454041965 0.18290200133210097 0.08527253395919736 0.0255305190907118 0.11812776460639884 -0.1033912323321234 
1.1960521450048347 -0.4150063079852222 -0.26205490426273226 0.1680467578987912 -0.16601172569834838 -0.7240642265894371 -0.2037696511798065 -0.07135245810366742 -0.14824103440431124 -0.13317965419782885 -0.1110094565925076 -0.2018039471736583 -0.6345207602590138 -0.032331260947840924 -0.20430344929284092 0.16781377240209325 0.046547481574751935 -0.32607857054273254 0.18782647699654356 0.04492925080730942 0.07384687288982297 0.09948670278559035 -0.03148245659751323 0.17489948282978415 
0.7278080488129604 -0.8159670636521739 0.2298437430359317 -0.04585401394763755 0.23080596872904935 0.754027676926528 -0.047145731405813684 -0.14772529987458005 -0.04996212172120451 0.021862088738048485 -0.24469196194362866 0.09540151479256248 -0.02328053898120371 -0.1492877029455039 0.017106208811047036 0.13496913279233894 -0.04195691161831072 -0.2928644520044264 -0.018481802907945693 -0.11359475797498937 0.04538420904155161 -0.03615805187859852 -0.0676096191042721 0.005823663648061107 
-0.2633434884215653 0.0014206042756104154 -0.008048346064412293 -0.35096734581463007 0.19790753140949358 0.5495035416056471 -0.32257949325132473 -0.3339141191801919 0.2242804745425696 0.11304940922761549 0.5712621637068174 -0.20316259782364307 -0.7001652172245869 -0.6698761195431455 0.21643990349800615 0.3295437327958867 0.1716681630647837 -0.1485158688946587 -0.07529766491829519 -0.05792206849724892 0.0021016841776162476 -0.09191807243434465 0.05002591949422014 -0.0483429751287539 
0.5392887624841762 0.18427445462512004 -0.475830428686407 0.09173404157935927 0.31543770517207437 0.23121438350333 0.22018746837486858 0.35583889749315345 -0.12283679108970738 0.24351489827816364 -0.05918429033836736 0.1136717914340375 0.23655916764071586 -1.4553489512996187 -0.33955590286174203 0.17870654952425324 0.7406715032448284 0.8192823387995612 0.14604488740391622 0.07882351022860197 0.19169561938910004 0.19202862016657316 0.08247535168355057 0.09657450174873827 
3.3908074398429875 1.0945012915055674 -0.5585375288955814 -0.8893784682523673 -0.7233320831142118 -0.017109973193862038 -0.11154325631526207 -0.1493683512957874 -0.11810875225290854 0.03174815833514755 -0.35384105087779866 -0.06591016010813411 2.5886856858236116 0.6234719957324858 0.15130390222031162 -0.3869383821726529 -0.31198573338103425 0.0597564523955901 -0.4068148700847569 -0.36887051288839956 -0.22624338625266993 -2.4504202553487137E-5 0.07527426312391818 -0.05761817757257621 
-1.8089449182414636 3.003539446631704 1.5237560430367423 -0.31276810130152866 -1.5305887337435835 -1.4205125820724014 -0.5907985120855936 -0.47646871450258826 -0.45385436649076555 -0.5135731463154369 -0.029566409701972385 -0.26294820931140683 3.5347104045028885 0.6137968430269973 -0.7785756805725655 -0.8785564832858217 -0.7007497776534327 -0.11238280664734401 -0.09116101111609594 0.1889272796086566 -0.2718673743950619 -0.05960817433532948 -0.2171435610781299 -0.2262834077599297 
-6.85528370552958 -3.278627878925139 -1.4617532885869218 1.0120988721437727 2.056877951010425 1.1960976672067425 1.3033581072331772 1.1888512254828776 1.0685194210011084 0.49166694413207623 0.3306304340168653 0.15800193526680772 1.6261510178166751 -0.10006114891920959 -0.5130118231034316 -0.46676590255898537 -0.47212771798363146 -0.028582859813030975 -0.02688813657912263 0.1651465742875309 -0.08330922239058561 -0.03922071999033593 -0.08677097785695448 -0.15771201130580983 
-4.941796878338205 0.5294485107594813 2.31150449287696 1.7766648212387546 1.027582021070054 -0.03824101675494018 -0.21378018005106325 -0.8800527297221489 0.09945124546846995 0.19238002838568774 0.2500106504486903 0.6805659670263557 -3.000822343018378 -0.10905125673389075 0.298366157264104 0.5533160481909958 0.23510311226427452 -0.18755580020787074 0.18956043047656923 -0.11456508619797635 -0.026046020226784816 -4.684396526789166E-4 0.13189088562672333 0.15153121536362338 
0.07878036644133246 2.6317302061993075 0.5866237154946046 -0.5337972218455529 -0.586034306570136 -0.6224971764134998 -0.2193880125951594 -0.4430160665485999 -0.14483389106076947 -0.203566269044407 -0.23331664738226657 -0.06453121435958592 -4.4133993124237225 -0.9151485730861131 0.187895451824466 0.89419896065739 1.1224223372508664 0.4000946273232086 0.4808485108333338 0.019493103291251312 0.49429333727562713 0.23459246309038306 0.13459791241945665 0.23247402892549773 
3.726490074828215 0.37551417427115297 -0.39553093079633284 -1.1997681988798532 -0.9144419417461265 0.05145224036133195 -0.39810674360113296 0.6831601901070795 0.23096035022052785 -0.16455122076915857 -0.14326552588257638 -0.6062752805890802 -2.514682099342928 0.9697875949504248 1.207379008132966 0.4318332998566486 0.35778838153362463 -0.1177215020258452 -0.10233285156037303 -0.5132687933495073 0.22423153351840805 0.17297930013347618 -0.04288063921928439 0.1878783534304224 
2.0507707551583785 -0.45621499142263566 -0.6719219322236735 -0.18228149976909336 -0.339377079334084 -0.04903284332101937 -0.047024143491789294 0.34876545569450945 -0.48011514320180204 -0.0336448205616498 0.12347478492412875 0.10400047229803244 0.133381498474626 1.2897983451616242 0.21123110262396103 -0.45935476868062003 -0.15548557291828205 -0.268865260196024 -0.18273977231202831 -0.053052923445739864 0.16911983930719032 -0.10676272748918936 -0.1674990046049953 0.01799697160114076 
1.6162542253320566 -0.8359416752808215 -0.6813597076627995 0.305407060630579 -0.16911173714884598 0.028191322776355235 0.007036440078370787 0.26386288920481826 -0.40560272901623784 -0.4115185962561194 0.2002568519533458 0.03266506340627939 0.7836832400516153 0.47468027989173517 -0.093675663411752 -0.4882787693379715 -0.17790816685177271 0.08122063643962293 -0.23532722274487614 0.4147962182412191 0.03635639856428119 -0.10740594324983321 -0.04902794759594461 -0.10379498548122186 
0.7337537957655336 -0.631936904509578 0.09584479605595489 0.09167945444109105 -0.49224269011393007 0.19572906296706064 0.12625971250117374 -0.07420864576024966 -0.33391186936395756 0.24020560116664147 0.09741917751475829 -0.437992301160688 -0.40533616037421005 -0.4409280596791317 -0.6908827557793673 0.14997274051846712 0.3672070030054249 0.1002803265508395 -0.035839782308660806 0.3938601378467011 -0.17862731776249027 -0.4726039848536269 0.20775829680388724 0.04694389359244777 
2.0339488343697916 -0.9606657088605814 -0.498387304700891 0.128087632028969 -0.3042846358008853 -0.31459062210157684 0.2212329966370139 -0.3497414138891981 0.048789517608762045 0.020741398116195464 0.016846120609942672 -0.02389393741605439 0.8697852925002415 -0.6203644537457631 -0.7613030467835572 -0.341136843740336 -0.1853292750681812 -0.1570490368127538 0.04521018778837507 0.3066096165298284 0.16716761842527836 -0.01917042312134748 0.22488347404911976 -0.004437392082711655 
3.057931931762141 0.9289312044046394 1.3092401336334742 -0.5435400070236898 -1.3734116390243392 -0.17848285053457177 -0.046603074845128434 -0.5260128062985858 -0.1714293132268312 1.1680371368130738 -0.40809473981583133 -0.008551708068143982 3.7754704501870804 -1.0633276682972381 0.04770362002724074 -0.4278830615319235 -0.6336843671928801 0.08035585200089666 0.12771763303423112 -0.33415877063363825 -0.3550220498044719 0.070308249182315 -0.20461133650250332 -0.1775351544221926 
-2.1551907201669716 0.2447176314993591 0.9958517638991125 1.6464273225839774 0.8274605625109022 0.6864443899654328 -0.042162729613603345 -0.43006388011549884 -0.9883468623606361 -0.8179230947152931 -0.2216366115287186 -0.16874305689185765 3.52867771837805 0.5722117991869019 -0.3809629635633962 1.2545910049190553E-4 -0.3600040795542676 0.04482825130535004 -0.07382074014777414 -0.45114174150796155 -0.39012608531620746 0.26456113076083115 -0.05314327449497349 -0.20377267250568576 
-8.498087777527326 1.9553544302021661 -0.794385598325769 0.6161587937593574 0.8429378123088167 -0.5458559990691342 -0.12519532347621098 0.9684288992538155 1.2497224700341574 0.44861310003544075 0.8304945530915989 0.16703772184379134 -0.5126037938508375 1.247585342288617 0.014083829367559067 0.51571727965515 0.05834600636718693 0.18580464270442978 -0.0676821479946038 0.22755062346846425 -0.1279328479944267 0.3638751401326427 0.05530165331351863 -0.26780861232733477 
-2.7740744661196244 -3.1905127193200506 1.6963144519689193 -0.4521381456640303 -0.3324471228046604 -0.26538880175034585 0.4819913413958776 0.25646295785848583 0.5085918819268902 -0.41322997577748155 -0.443018702358852 0.49962936514503525 -1.7433835137358393 2.3138504041707457 0.6109026658784711 1.1289134429486685 0.41876255663761053 0.3018716512777544 -0.425310945137779 0.055006521367726234 -0.5456926932662409 -0.4798866022273571 9.050328274675297E-5 0.08520686894818182 
4.90518518629098 -1.0962096470515066 0.9167573014958936 -1.041409111865136 -0.9684958154681187 -0.2599801827899719 -0.10563366636605753 -1.551928095690971 -0.5361001413873142 -0.12593484305376024 -0.4633086543413205 0.46068791789541397 -1.8100344250436156 0.5719704870005128 -0.09849688608424678 -0.4991687076622416 -0.3173864649213555 -0.24453653848179824 -0.09012401829863996 0.09169719357318717 0.19146646899334716 -0.12187634567043781 -0.008119769663683033 0.17786840916859817 
-3.6266766608686063 -5.171051542386042 -1.6924276836471321 -0.911529053449781 0.4768897064865383 -0.3621084720074116 1.223989277244657 0.6650950532537157 1.5416425231488224 0.9090106835113785 0.42499348233950085 -0.5711887617622144 0.28054317893733466 -2.8675973809397006 0.12635716286646023 -0.5347127218827451 -0.2933173609069844 -0.28729199843301717 -0.001694638274042241 -0.2644536104238768 0.33377738619162384 0.12579510446773035 -0.23670081904145782 0.041813659902403544 
-2.641683405021988 1.2297123807336234 1.195476127734997 2.3433603706389574 1.3904287924272838 0.2361134515047934 -0.2258222365046808 0.489021270836639 0.15879774244314981 0.15312180740232412 0.4208477697334717 0.16884155779162174 -0.18799635249186775 -2.3891101373691157 0.14067527266068391 -0.3965992872467296 -0.30412103008596686 -0.19642889619468362 0.30324927049414624 -0.5700050148214667 0.28781132499455014 0.33352309083772685 -0.026078718609101454 -0.04583784374075717 
0.15773029272485584 4.249318409606486 1.177883550249987 -0.5403847212678417 -0.6319573440314085 0.34844037640132297 0.547169541287316 0.029349105866311176 -0.8401892185632134 -0.9301436144087148 -0.1749944572718746 0.5201115654897207 -2.4765687945397517 -2.402547760316937 -0.022089697892336984 0.5628664875372157 0.30023937340004353 -0.22070066672838715 0.8233004038180227 0.4538004300172343 0.5654275084005039 0.2535431095943144 0.36329152907749246 0.04512442284502538 
3.5769707669698523 1.3609357890595764 -0.9404241334347176 -0.03718341621591703 0.4982908000487553 -0.025967918410288338 -0.6769716098698257 0.4759599224671316 -0.20861824551494673 -0.2069269666068942 -0.08507852870832844 0.052551285491717864 -1.296909766429984 0.8704415749278205 1.0243872925331434 0.7858284809568367 0.26053647213317727 0.14515418507558472 0.3232808287631605 0.6407501479938921 0.049713678077979585 -0.10592490625602297 0.15603138498226568 0.2957352992362852 
0.6937026367547281 1.9709800344017925 -0.5582084593852639 -1.409856622633991 0.022240582475671955 0.43103421313529067 -1.0203372475268386 -0.6897755626132335 0.029067991926358727 0.3284057417330444 -0.4119179556720763 -0.6484168941473386 0.7723756573083503 1.2680469617731827 0.767742172035013 -0.10735711463899777 -0.29539143745705815 0.04035284271164219 -0.04775915521313775 0.37607268884255135 -0.39813685952723893 -0.27627779669152736 -0.11542532688106644 0.2682147767047388 
0.9810597222530282 -0.24244315644749115 -1.0096397450468078 0.4206108784515221 0.2817204127742118 -0.2406460220889446 -0.411911328387085 -1.073666838905265 -0.42497189703557503 -0.1583781519004866 0.07121536398677553 -0.13410011009870437 1.2691047079027424 0.7335248150119907 -0.5685531485624908 -0.14830078889211076 0.25501348875095126 -0.14352777602585354 -0.4030038682840213 -0.08346437306073325 0.04027341740811439 -0.12160593324952111 -0.14391565762887043 -0.11964660237136404 
-0.8614411568417832 1.2468669970404722 -1.0907351600490074 -0.4472105246845679 0.3625021619770379 0.33472090010572453 0.5579168661853589 -0.32405557997514456 0.46239818577881764 -0.12558463168733647 0.09313457702377277 -0.1912070668292846 0.15316857528549419 0.8899316210856133 -0.8099661667984307 -0.2617787255957858 0.2624220388168467 -0.140544353963542 -0.4013794547256017 -0.6859828738252475 0.2064993855290438 -0.0021697217672973132 -0.1922519236464448 -0.2901378026613168 
0.5472285400598809 -0.4775821372957356 1.0314986625846267 -0.07360409851429628 -0.4368804559547814 0.45277206618205534 -0.25708706187386077 0.5434930503302868 -0.5461035946655194 0.38488601985185955 0.09414217783035833 0.18288617894678302 -0.21217928372718253 0.02258708001088028 -0.6712319057329313 0.3231293294185842 0.4059988981467353 -0.2346390186888383 -0.04427716749930518 -0.5401920650791886 0.11088630896482277 0.01628090663358167 0.08468081897993514 0.018673953036290842 
0.4511125019948192 -0.5812453384309251 0.8511208371943111 -0.3774129573637244 -0.4057250996103716 0.5059582308904167 0.10638898339335423 0.5595931142447332 -0.5298643158458003 0.06328282115876327 0.15337440834546667 0.06350336931386799 -0.28515119759074953 -0.0312718542113668 -0.520676336384416 -0.18518464214554273 0.31473584177372543 0.3794621527947493 0.0026984837756361215 -0.20163793733238064 0.03632695785586635 0.11639975696057303 0.07102509267977446 -0.1319782603965842 
0.9613207440162745 0.6038517712555667 0.033127973530326926 -0.5836758934646522 -0.5521626508722893 0.3776523685852242 -0.053315884493167154 0.10508500922236208 -0.2614995731177343 -0.3016545982242815 -0.2129470086138769 -0.3174771872791532 1.4354730309909447 0.389259114970063 0.420845823923309 -0.6789535264422789 -0.564422648505469 0.281443646540559 -0.35002756501928706 0.09292355044063876 -0.5612596252031928 0.05335788907179395 -0.0903061942544537 -0.1692760493490918 
-0.21303366604773144 0.7999656053989215 0.9704791936313906 0.3633792992272382 -0.5240642658853845 -0.766105709480108 0.4479358261681037 0.5000622525759597 0.21111530143732604 -0.13151359353098502 0.03360389220656701 0.45490939747343606 1.6515289766168417 0.8722253317633845 0.39829630142079436 -0.8956748204716763 -0.800852192816422 0.07306776512135975 -0.22012891675214286 0.05505249192587972 -0.5607811453352852 -0.19778687666290942 -0.146276595023856 -0.16820617999818366 
-3.4271174688916775 -2.335964954120848 -0.2907179874038399 1.592860352517059 1.3155570726991321 0.24447309674564077 0.6222222117966256 0.29448782984275734 0.7671854723024958 0.32221055998135184 0.4249460186631693 0.49501131291427447 1.154534534627077 1.0405669778590902 0.36225922485436096 -0.42160883900433693 -0.5223209200538336 -0.026511486892993392 -0.010387532959227156 0.08233330312395885 -0.2080094377973114 -0.1789837993408384 -0.09621642214992317 -0.03037408959087795 
-2.3092553214017295 -1.728012971032871 -0.18184508660098864 1.2213433810604488 1.0629716170531835 0.3533445714461292 0.4290066855048864 0.29973422815689643 0.6381365974499404 0.3447108720446749 0.27325767977851156 0.16187765921170516 -0.005423147550808416 0.4991051740689331 0.6127849332837186 0.4481452047440666 0.10268479109972047 -0.03946251088331739 0.4039529579329349 0.3577685055526237 0.2474078340573234 0.09352795262259073 0.1703739228415062 0.31813451497564477 
-1.454172032187957 -1.253859874105808 -0.4774875609165663 0.25216858263175335 0.22128216781992727 -0.10253831119891421 -0.01268871528387705 -0.04175088793998283 0.14901809226789275 -0.0028154329895961894 -0.04412463595007965 -0.07983904937565389 -1.170492034767454 -0.7075936010880687 0.08017618134007298 0.8075248793420098 0.706943606861735 0.30960377402048495 0.44444404636769236 0.29840087955143507 0.4457638768115026 0.2522501098474892 0.2744386352370461 0.27633707926980716 
-1.1832369417471664 -1.2384024568153977 -0.7744908194634021 -0.3107104300623087 -0.28498118674494344 -0.4742124728578784 -0.44646758409044973 -0.4051239051905413 -0.22202451071734264 -0.24958445491328318 -0.2429825490113272 -0.21206896630853406 -0.8159390670999825 -0.5820890008910237 -0.008951575008991982 0.5203274310711103 0.46889043299058014 0.21007955461142125 0.24795643040836646 0.19813316333497188 0.3117325274473556 0.18512884584793557 0.144781799159605 0.09357803435202139 
-0.4786505544165971 -0.45798940796537835 -0.2349236649928521 -0.0636873799475915 -0.13129734598700904 -0.27055970316381034 -0.2733727925087833 -0.24828574213782906 -0.14002560404837033 -0.13739210608213678 -0.1402497726530497 -0.14702661213502735 -0.5611362739621306 -0.48894766014009017 -0.1939710728257821 0.0785553442881101 0.0628407057115035 -0.06514232860088144 -0.03612762692659699 -0.04071933061024905 0.044272957773775934 -0.0078019689488984245 -0.02793141173769131 -0.04059147395234861 
