0.0 0.0 0.0 0.0 0.0 0.0 0.0 0.0 0.0 0.0 0.0 0.0 0.0 0.0 0.0 0.0 0.0 0.0 0.0 0.0 0.0 0.0 0.0 0.0 
0.0 0.0 0.0 0.0 0.0 0.0 0.0 0.0 0.0 0.0 0.0 0.0 -0.07794650699368096 -0.10813361154641798 -0.09650014050535678 -0.07868385795700716 -0.08165956806657836 -0.10478502914501787 -0.11493990256595427 -0.09497136954602287 -0.034112635039643124 0.03191435447912949 0.06309053066132637 0.07178847903676089 
0.0 0.0 0.0 0.0 0.0 0.0 0.0 0.0 0.0 0.0 0.0 0.0 -0.05271237008063304 -0.045033877043650174 0.021196100460335637 0.07385672931616888 0.10214310744776019 0.11746968416585553 0.1040190275581833 0.08246828528217495 0.04515263210960994 -0.0027279248773509255 -0.0264405633117416 -0.05387692424435416 
0.23383952098104288 0.32440083463925395 0.28950042151607036 0.2360515738710215 0.24497870419973505 0.31435508743505364 0.3448197076978628 0.2849141086380686 0.10233790511892937 -0.09574306343738848 -0.1892715919839791 -0.21536543711028266 0.13236132228339267 0.16346282332810355 0.11086289084138784 0.0669563405314675 0.06877484787389353 0.09336938249872313 0.09801193562413102 0.059389851888435326 -0.027843896859126676 -0.10646179220596304 -0.13653700903811156 -0.12142210901073612 
0.041217349751377697 -0.02709878618867645 -0.2083385121390421 -0.3395959748840174 -0.4289186744431481 -0.5095865962150934 -0.48446693652348133 -0.38986191016555916 -0.1866268488882945 0.056055306350747014 0.17395748592721436 0.2693134912882038 0.21471675280795757 0.268788795838299 0.16648825315539326 0.060300517139013805 0.0018595140429790065 7.98501817271452E-4 0.06064317933926247 0.0930644234183741 0.05913194472443687 0.011041389494638648 -0.012888133422345335 0.008843362841940122 
-0.41769264172586684 -0.4768390768899724 -0.22841941645464248 -0.031071034152393817 0.008134793599893442 -0.025314849388622718 -0.05180233861065242 0.016761399417473594 0.17684511502152728 0.2913577234425156 0.3226322841507275 0.22960958138810644 0.20815621278741192 0.2540887650098199 0.15020846213190076 0.04271787013770772 -0.011983951038535686 -0.01728461437593337 -0.014617115694290417 -0.019946873444710578 -0.005501738298146629 0.024252315944522634 0.03706020568936433 0.03143215508874486 
-0.3183841770704179 -0.4057464317502839 -0.24050484048082332 -0.04734024740533377 0.11284341317098379 0.16743946296002382 0.016381485136470197 -0.14511691564482476 -0.21464943912460957 -0.22667456192386798 -0.2172875378003173 -0.24901759777501492 -0.16876617800291852 -0.2371268796765265 -0.22808100327609218 -0.1997758359634667 -0.16131448942023274 -0.13659582398021564 -0.11080550628375163 -0.05016326112827078 0.03842573817162437 0.09060265973376459 0.07471719650815849 0.06552202979857753 
-0.2108283539702951 -0.24854163760940207 -0.1450418007087413 -0.03822990028144346 0.010049513508276209 0.027695900975295173 0.1382468439507583 0.22238223171183313 0.1328544151315268 -0.027135077133648877 -0.10482969718830626 -0.05049635784490791 -0.23438531212718386 -0.26623673983413726 -0.11671458533647289 0.012753895270142682 0.07921120213219728 0.09901588934684284 0.0634906124403804 0.01662951913079218 0.0069612860256271225 0.028921607596395865 0.047575510470832805 0.0032688138197823715 
0.4440837398823474 0.5701331332006179 0.4342156898162839 0.2633109660709076 0.05406743386335877 -0.12630449945640543 -0.24707500895293177 -0.3421825429279266 -0.27990871345816737 -0.05650627256246454 0.16353688707225575 0.2128003715089784 -0.16649445556243223 -0.23437289943504433 -0.14883387484798663 -0.024970724135804905 0.04807968532731649 0.05251440657366963 -0.010203382827745466 -0.08801222526617052 -0.13134240220559643 -0.10849231701000568 -0.04797584761630871 -0.03505166654414296 
-0.09577066382069788 -0.16606863986301157 -0.21563592559377742 -0.22465832670094255 -0.20011082314288586 -0.17549053622093663 -0.11054592888709264 0.06540565566664797 0.18859089411142482 0.11950875597262628 -0.010506459698057469 -0.011105844713237334 0.870945629538009 0.9262257065891203 0.6921144858634426 0.5055004004608411 0.01577280267234778 -0.05925442203680076 0.01565852652449945 -0.027061592859074057 0.08489467625821355 0.01652394456892868 -0.07823423558888343 0.03322908543540023 
0.12357034454208016 0.2561357676816538 0.24129384650565466 0.12078613821183048 0.07368452551461535 0.11148946183713082 0.17138802003863207 0.19740804817627938 0.15150952800223064 0.02548047255301153 -0.12052161369651555 -0.16355785470842132 0.22234870988907188 -0.15941462144462282 -0.28925491578301504 -0.16673499024053795 -0.15275759498220884 -0.06504180718247259 -0.08245826269265391 -0.12025618367892925 -0.05129713075198116 -0.002076400132681002 0.08370685185002717 0.1397708537650131 
-2.6634085449141884 -2.870220074617281 -2.1249243366437542 -1.4834686877344283 -0.047077440334395426 0.08656218643892932 -0.11796025011852196 0.03377171473695231 -0.33753873437331283 -0.11770028339817296 0.27190225996272965 0.03799549895759127 -1.437693840695743 -0.995002781391508 -0.6208211647138827 -0.627967766840607 0.1345392720150571 0.04130249724213227 -0.0624982726723776 0.2297307212527584 -0.014846539412809093 -0.04041182927636575 0.03360760163915417 -0.09875959193123192 
1.060856550761877 2.400452714911621 2.2566246426903174 1.3929211173092644 0.43582352740574004 -0.062205439238920635 0.0040069397407446194 0.03440297857370894 0.13704749304014494 0.06832744752097808 -0.2287880283082193 -0.23106286162147527 -1.1087698172669411 -1.078993248687981 -0.6702793109301902 -0.5559153178548658 -0.07002008970289848 -0.08674139043348363 -0.046529796921459754 0.1723489372072652 0.012468704613749113 0.04013018381762193 0.0810865902658552 -0.0992562424470743 
3.748667755156632 1.746781230696529 0.6391621704555392 1.0231774842721615 -0.7847981401336195 -0.21255057740930772 0.1606394292789839 -0.5422839732903421 0.24036152983089493 0.21932075631774028 -0.05719605730966809 0.3189254345369854 -1.3779848477144643 -0.7848737032645067 -0.3697403454664799 -0.35179563652366697 -0.14207094976187506 -0.17096123541480054 -0.15472452419215446 -0.09724263386625402 -0.09603788833557947 0.09746441134724047 0.1639834424370922 0.020675762369521854 
0.24384164630749317 1.1846148610886917 0.8700885257465787 0.5352090057731331 0.6526051445229228 0.5212700150617002 0.1716775711042584 -0.031610919431869056 -0.17484671794112058 -0.2634205987578109 -0.19923222585788225 -0.006254095156895498 0.9549211531344165 0.8310136519445761 0.6789222416539124 0.5807318553090639 -0.17525894113030363 -0.0920971967979447 0.053260124141215316 -0.10646106934904581 0.12017661955448213 0.023808627336351768 -0.14418208604350055 0.013149552816687985 
1.8790534504563965 0.09231996208770354 -0.3224352417724452 7.742776046382183E-4 0.27074460039263837 0.3077081655330205 0.2623780067761845 0.3585065653385034 0.10652203612405835 -0.24421949430049988 -0.23482596857371554 -0.13643617138326417 1.8242920274440333 1.0114504849759973 0.20895413910714256 0.26706317387732686 -0.39790688237372396 -0.280655543327828 -0.0313708831028906 -0.20302623852470655 0.060217726869242316 -0.0014146658893414894 -0.11420770667617426 0.15059527751885218 
-0.8690997562912547 0.7346423933823054 0.7006566238425727 0.1619271547158343 0.43382898053352204 -0.04604322031625063 -0.20664272143150164 -0.09660908269357638 -0.15656261876988317 0.22867169082104286 0.2925731854543061 -0.04283071711141444 0.5045492472047878 0.5309885228291392 0.18454629541569897 0.1919617037215752 0.27879574694472814 0.18944218925735004 0.08159078519116414 0.09144198383023651 -0.020740687846996658 -0.2501817603882678 -0.1959716576331331 -0.03781477640522513 
-1.1677376258760932 -1.0625839903782701 0.0970157040861146 0.40862888816883025 0.5183105889822528 0.9130726702631518 0.4439122248555357 0.09929382391463126 0.05056629963754927 -0.022481390803662127 0.039524357062760515 -0.11457208704231164 -0.14603471222785128 -0.4850269072584699 0.08400696816892965 0.18705328173411928 0.11459932890705123 0.1892493128232229 0.3012777379442823 0.16599165258737572 -0.004448452348581243 0.06491119012595527 -0.05624735593943519 -0.19085150207614557 
0.25358944285937435 0.16910126883426102 0.1067241665702019 -0.24460341067368851 -0.30756509060606874 -0.34973880507541555 -0.16386189350890962 -0.1763305002106425 -0.08464678615687607 0.3762556306585736 0.2515075842232791 0.09625819188830365 -1.2954565103375388 -0.42952082832338806 0.20366819266928804 0.11644970488860211 0.4170537678932233 0.4866105985254147 0.1297352468095497 -0.001463290777240352 0.1015004719051158 0.21757145916682394 0.16497645751000942 -0.07146035912673838 
1.755812987564636 1.8301712461371356 -0.27748991764304876 -0.3571202849029582 0.29764364924128006 -0.1081919805570658 -0.6628456210179585 -0.09960768366509076 0.08390947686329853 -0.512745034597131 -0.045551100139896494 0.3665738803453135 -0.9719338052713281 -0.39834425277332325 0.17573127483852127 -0.060508067710197753 0.3703670764906383 0.5055990642262547 0.13466142555921942 0.03794132973828787 0.05174901356085735 0.19948048891470313 0.07868961951844322 -0.0777781593033277 
1.5554944680009974 0.5768272600947668 0.2769048566992902 0.19545262658592222 -0.7069988532756614 -0.9952426904823859 -0.04246953892340355 0.007231543428005693 -0.47773562309810524 -0.17891086478269447 -0.15981845847439358 -0.06902262342501186 0.8500520777446385 -0.16398992319760067 -0.2682577967049074 -0.14417805722646704 0.23234041368039912 0.013362509938290487 -0.1842033825366066 -0.06313526135396186 -0.08532337813495522 0.1333782942045187 0.15106078762739342 0.029284598898051694 
1.0971112773670795 -0.07141422768855321 -0.5152684654939934 0.37012507266961814 -0.39307375915486586 -0.2809725797121272 -0.02076822911487558 -0.10631118711955645 0.09186367742559182 -0.3433396098271375 0.009118519856267215 0.20140279852432919 0.16912351028583825 0.9115014841979278 -0.09891068701826233 0.13687057105360165 0.13554232454874318 -0.26019746582452313 -0.20246749296737296 0.04957686031363173 0.019549217019312042 -0.24511231677859688 -0.03132115634529783 0.15674968088857885 
-1.967215935275763 1.6118637753399074 1.0303868306103965 -0.17569191778057558 -0.6592276274491932 -0.3034360353127563 0.06770955814936874 0.016427035578475913 0.16734624796684294 -0.10858196433997924 -0.22900958865698295 0.09098993610464073 0.42989252692649754 0.268524924653363 0.04725113826547093 0.20435049803577407 -0.33987507105830844 -0.3277545156330246 0.06236065552785396 -0.04810213260371826 -0.14352238910175494 -0.17108046405477748 -0.07253381374745056 0.13179631145629264 
3.0097976583455015 -1.421851464079218 -0.3574988435438149 -0.5821597258805142 -0.13286893731818356 0.32649708933168875 -0.11053269065222582 -0.25293601068122107 -0.2972791097271117 0.18742746551730194 0.08300793398729167 -0.18368144208524928 -0.042158255666389234 0.2522745303229795 0.13763666916907225 -0.2528484112634228 -0.42347665997386724 0.09276743936627667 0.12121934401819273 -0.06413546864614546 0.025098929865653086 -0.10474107667092186 -0.007962812879587888 0.02468307940137604 
-0.6905263032677063 0.44647110433001025 0.056266630927788164 0.05854353175366622 0.1825239489809226 -0.31571397810522006 -0.1846692747382903 0.2248503530199928 0.14740293778351127 0.06894698970941826 0.020838275702445896 -0.2718694374891006 -0.11105814737448035 0.12222817091786393 0.3279706553568542 -0.3527121960780428 -0.2062581086587564 0.12037964247608073 0.007301803010716572 0.08763560386519682 -0.0073316200152033035 -0.07316866663613962 0.0225014153551862 -0.03274724277991517 
0.5852412283622188 -0.2455414831525431 -0.441118373159906 1.0115525816927655 0.4564804325516779 -0.5531359264147253 -0.25823684472562425 -0.0181164399018785 0.02653854292029839 -0.11788085683907068 -0.09191697368468355 0.3087832471170717 0.9309180014587893 -0.8467175238989476 -0.10343583497573139 0.06089508835538967 -0.13272499960669693 0.01553451155587963 0.11596943730840203 -0.02421710206022117 -0.15595691648495738 0.08122752720443428 0.15348798299213348 -0.029738344138283978 
-0.4217632781606806 0.6570242721229782 0.0882846293478794 0.0855885166669128 -0.3351279864078547 -0.22475845486779145 0.11965622615391824 -0.36388956140678586 0.02743228168874781 0.2635781967466259 -0.20905138088655395 -0.05700068015677426 -0.8269177877380288 0.09028775086476622 -0.10569347242564309 0.3229668771427486 0.10358166798171063 -0.3663990559297394 -0.12298000629871209 0.10143578064617742 0.1376057741270391 -0.011141353313230346 -0.02020102421805649 0.10487277057683396 
0.08266214141562056 1.0130245237211408 -0.06320033782666634 -0.7783674834033065 0.5241320291962959 0.23441579304533555 -0.6106037530235362 0.11408525271283176 0.23057696777514217 -0.15357071961460475 -0.2625111866946088 -0.2019007883365605 0.25685034128399503 -0.084533316950458 -0.21356871463122307 0.42322716050367687 -0.1327895199148058 -0.5114342846043416 -0.04714180326266989 0.05238363933471365 -0.02665106790267481 -0.19729047066583505 -0.18337815537324179 0.15830519789056535 
2.041516603419679 -0.4536751517011304 0.1843880305380976 -0.01539706712654354 -0.16204685328651824 0.38970732995396773 0.3604541983068019 -0.1455578352258946 -0.36743359702502787 0.12021598103687633 0.166738454861578 -0.33114573149278637 0.529895687824065 0.7755073485474737 0.1622783383885622 -0.01658562878197663 -0.16194058260016733 -0.19866905720232786 -0.1448370824038907 -0.291966149915645 -0.13944552623280101 -0.012340832617601586 -0.12244830948222589 -0.0584427476344346 
-1.4169497362799461 0.5634081796108852 0.1515360701386541 -0.20763610792153697 0.7683084257354271 0.6739340349874199 -0.23721042101405643 -0.28443322099646506 0.30392468598521066 0.5456716630133093 0.2703225745609759 -0.029059820886618265 1.3351536153025336 0.8196127852113921 0.01975446102737181 -0.14275154390402892 0.17235476533298655 0.1725007771962491 -0.09877267260624602 -0.11654326308239243 0.02050890123990748 0.020230084382560437 -0.21093235954239686 -0.28945046341171293 
-1.2616444027850924 -1.4446896014643151 -0.5059185898004674 -0.15002028472804207 0.028605563123081712 0.15148959576814996 0.36747080736085047 0.7112681251947977 0.4090950012821165 -0.04902049671452635 -0.10812333306766869 0.03190707902155843 1.796745282934368 0.5731178576341461 0.14133460764014258 0.20521992051754734 -0.20545957942732976 0.16932662145681385 0.06841697484865476 -0.34027471455146435 0.029010000699513355 0.14423047011151877 0.041579936801703264 -0.11941990705074283 
-2.271218201389595 -0.9503066070314432 0.22268958926050075 -0.2828012428904705 -0.08825847500746375 -0.16397767145050285 -0.3177940397318224 0.03530206174966294 -0.21921403509815246 -0.1296427338865847 0.5077167858972051 0.48492419664140574 0.17042915697176672 0.20344789159716145 -0.18203077431507575 -0.3198701049569444 0.2584377715965471 0.184894494779997 -0.24089277339769274 -0.031016612408669136 0.14603488541444454 0.017069819674303748 -0.05113688401520827 0.007003680059205282 
-2.9215850128286003 -1.4161713312824045 -0.2751925519432534 -0.5934742611947188 0.8826153353669165 0.3006833188024876 0.19549508311972064 0.7153986670554345 -0.1928942385818864 0.02518176915226711 -0.07669846121164639 -0.22987801910456987 -1.5071566617194436 -0.43318744664167674 -0.007081517872841096 -0.6409490809819308 0.046936213418736994 -0.05534523690924933 -0.1041227695192416 0.5349800533130257 0.003747250081441611 -0.15851140844132636 0.21632222612195254 0.023949445182772183 
-1.098266902173492 -0.06119463027155447 0.5822653741552744 0.9737011951826346 -0.4340097751761314 0.044653689130259966 0.5714557612995866 -0.1934486547007761 0.16681464967387852 0.4573610710570013 0.40802079067858954 0.08082168799883004 -2.273482976247354 -0.8242942845860345 -0.1253936400540394 -0.49874788847935436 0.5939412463760386 0.1397229146188286 -0.417518125215351 0.46804568830585097 -0.0037859725155923543 0.10788312251320153 0.3695440990978989 0.19711566767111507 
2.673349932765187 -0.5896832499192293 -0.664461928629331 1.1445757391811977 0.06067257295120454 0.21320962620551653 0.23521421540287069 -0.7792966765190599 0.20483890865177623 0.1330118261376597 -0.7072420138242185 0.16210999779452973 -2.4513364715327755 -0.690702819862706 -0.01794257544234723 -0.19794052746919175 1.1093471662295762 0.11744881881585312 0.05881803436824601 0.31988174535962205 0.07712262923899214 0.25352012288458003 0.024950630403340324 0.15009791086151422 
1.7517632545555735 1.1093322060450728 0.7935051977656578 0.34441742235963435 -1.4591108329277236 -0.5394095690085031 0.9149007697726554 -0.6214873313806428 -0.4067226911682067 -0.5072071299188856 -0.28564373509020546 -0.3024168148214893 -0.998606303698769 -0.1375529373405211 0.47149464707249766 0.24359038556756132 0.2678821096445823 0.467283258733834 0.26864619454116473 -0.10206818918090983 0.12315031460092189 0.14390368435135673 -0.16512772998594202 0.01192062142579943 
3.0074093234051933 0.07067371014739976 -0.32698473742140344 0.31498920762435656 -1.9328756344460163 0.24036849142430983 -0.1526815242215518 -0.030227230683498307 -0.13749345587782025 -0.25309449901352954 0.19528191046273013 -0.4885525002789529 1.1662474212302039 -0.3551475517542073 -0.026701738035224725 0.799112410060694 -0.11458244009139291 0.26099576337464286 0.3441038883397043 -0.4747071551972108 -0.022170008481377273 0.009140007460658897 -0.4044997506954437 -0.07549156225891678 
1.7305223136028118 0.021285701716694305 -1.0009571626661824 0.6577233042583712 -0.24088200041126795 -1.3707755196806386 -0.040534952511696365 -0.2617788100758274 -0.03147011186408888 0.21870318057852578 0.4521420184929412 0.37039107275817307 1.370581582027001 0.20873374885020932 0.17255497016501206 0.7830690213458356 -0.9419525863931826 -0.09112551756537723 0.33316977499021155 -0.5073094573710848 -0.15507038576086937 -0.21090617998046146 -0.04178629221775725 -0.2548457534008351 
-0.8147718604490439 1.019782657507582 0.3128744656922633 -1.4094144319502528 -0.20469452303284452 -0.1540946885823442 -0.3193795884740663 0.46497052842016473 0.08372264444384914 -0.2573633514930227 0.13736436147053915 0.05218074078144888 1.0912561007756907 -0.12711223638438737 0.015775155916566124 0.41866148964564803 -0.5635942984025928 -0.08884423741054497 -0.07590970454469892 -0.12748187303623773 -0.1260063165896449 -0.020687001805628297 0.0610877079773313 -0.10369591625061453 
-0.44889089959831097 0.008576485814353774 -0.04408931428621177 -1.1425878218905676 0.502656370545238 -0.0688014263090444 -0.0012595230717219463 0.6528421611807801 -0.0521195840464333 0.1276458362622454 -0.13132608394083822 0.19175382485081516 -0.20623942481512683 -0.2647719168668405 -0.16431597221856578 0.35193198627135813 0.12763517043903075 -0.2294879255936062 0.27055715461827196 0.09449931609889155 0.09301592226356471 0.1468335918518842 0.05133570045008754 -0.02704332848058009 
0.8233476276786824 0.4583650272517321 -0.8527441293610871 -0.04083969823811806 -0.6138619247164909 -0.1440858430298524 0.05540987469255776 -0.10509209720308887 0.2508502299822867 -0.14550482143850446 0.30375283774762596 -0.08814612757343038 0.4471613941026276 0.4575880018416359 -0.04900696351665893 -0.7006484952110296 -0.4170658422942291 -0.2946769748076533 -0.017970522620072444 0.33475652434167547 0.03208390924339014 -0.23159441741796938 0.021946470550187742 0.034598473892271796 
1.5301808439843292 1.0963102674451406 0.07480005151619018 -1.0823600214117706 -0.419203810886537 -0.6873161656760659 -1.0396011479498244 -0.26024544556087514 -0.3940816714240018 -0.27772686000438596 0.21494067900413516 0.5216844923773529 0.8282878749477836 0.39868845781573486 -0.23168210590896332 -0.532992411296106 -0.6957477705106667 -0.5772872661130474 -0.11989542293530207 0.12023152125279384 0.02410281479385008 -0.08896280042753578 0.11532922231733382 0.22916154965558533 
-3.145791914548247 -0.8968482388327192 0.4004506733410391 0.6624171534434371 1.5074330945657304 1.0391936055241264 0.2537027918252023 -0.08275524123403422 0.15845196040246295 0.6401062488942012 -0.10160843165251077 -0.21658001465863538 0.8651475982312927 0.26913200379373176 -0.46504341806559363 -0.34946953179624735 -0.5701154859778068 -0.32711121792295716 -0.05005062972935842 -0.005442773742205087 -0.061313462479627566 -0.20052640231915161 0.11399094821680243 0.08197893510296733 
-0.949184753328197 -0.5098822545906252 0.024359602089615073 0.10476098615697271 1.5292521724361277 1.0714206477531083 0.259280287167862 0.28097916943787127 -0.07822889363807167 0.0017287023784999245 -0.2746331161927713 -0.43151388057333834 -0.38589278919548464 0.35574273438952986 0.04600865157855871 -0.5155027589254798 0.09723175228914223 -0.24157023275326028 -0.4194653054530511 -0.12686401404191405 -0.287122822486729 0.06676065137700042 0.1937832682909382 0.1259125583697653 
-0.5324123683589326 0.4540652768884197 0.5676063495489814 0.4140083933662524 0.12225654155559718 -0.04212059597556794 -0.4438789536782102 -0.3593760834758468 0.2768642285282043 0.3163466043275074 0.2065668906956719 0.1425162535930133 -1.6080876907138515 -0.5605617392510306 0.11420400793784147 0.10020252765414368 0.5762514820175291 0.1323685091049808 -0.15857186602754336 -0.06777931705126321 -0.07319379811028871 0.3062713921455574 0.13258496029776112 -0.09998229359925576 
1.381169438476126 -0.6463746935840184 -0.14680374132345708 0.5883526354032611 -0.018310791248897118 0.5780516333335621 0.5675856411610353 0.2586570176857733 0.40808066197331444 -0.3161289918520403 -0.5204967870427708 -0.035601316857767296 0.25645612626830977 0.08864647317471548 -0.04604806914719554 0.07360048816403604 0.31586123201652827 0.35867389231346625 0.1885576273393735 0.1055988526580452 0.15240237056726763 0.13631801968467877 -0.004450704627331288 -0.0933730378381832 
0.5132940616911459 0.8530831984170693 0.1434203212340508 0.12001374585786184 0.5524601303556556 0.8887725854189572 0.5752657129112457 0.13174378579580437 0.13487857692763602 -0.1197790804272007 -0.3764314771207944 -0.11458941571865364 1.5862684520030719 1.0290113657793476 0.2124413698115147 0.06903422396377541 -0.5425058124032357 -0.40552878881567483 -0.3761493711160824 -0.35590274676433137 0.12908614863249687 0.015881438560012857 -0.08219161882675663 0.06458715770108207 
-2.2414063471581653 -0.9753306348790964 0.374596823688667 0.030956845419059853 0.36656668198651365 -0.4700476198845531 -0.8159649281449864 -0.2813773231720899 -0.46444317953959047 -0.18916251429818237 0.030218181597455707 -0.02284193240295529 0.45176116445129094 -0.38497394024475273 -0.030786463482855558 0.5949549622039085 0.3852384770236492 0.6926773944426409 0.45456133495017 0.09078272897172111 0.27918583683101394 -0.1466392726758907 -0.31279797025663203 0.05986686700751195 
-3.4799298315510026 -2.468490849802084 -0.33041804239162476 0.48560361646702677 1.5573352421475988 1.6985153970805142 1.3763444443230477 0.9783493272460789 0.32586770338716614 0.20521904987053988 0.17778426285582855 -0.05762491173763892 -0.3296250926873061 0.10357428385108403 0.3736984837048581 0.5711820049238437 1.0516471901206195 0.883278361017052 0.3609012392654269 0.22820626162078692 0.1327388721468701 -0.09920774863386835 -0.25630903397748744 -0.24667040395142045 
2.022497891743327 2.1693341512598163 0.18247483093794736 -1.379307186513047 -1.6764637782158163 -1.9048519558251389 -1.1966377293953756 -0.4369939399545273 -0.5249714117494925 -0.0387102389732385 0.1407892537388138 -0.24368416987081049 -0.9903101082898605 -0.3817643086085507 0.24284212264151353 0.22071666531484105 0.7212999772124989 0.5517904470372529 0.22408546619105388 0.16400535158350296 -0.14254869586851307 -0.1385557797385562 -0.09682724681426942 -0.22644010210282325 
-0.629782779697682 -1.0299720462056392 -0.8816141335051637 -0.8884002529476157 -1.5809662099050383 -1.043660329661906 -0.31710160425984035 -0.4750666906753377 -0.23307392340802327 0.10261802781193244 0.33721008874098884 0.7358429148695353 -0.4682302183516362 -0.1565216738363381 0.11239799103533248 0.10762229540858 0.23791854449271344 0.13914084572365049 0.05033432681410721 0.019677591718983423 -0.014655723219187011 0.1657831090346619 0.2231322363927248 0.08648226476943421 
-0.6955495482152441 -0.5492971108516667 -0.07833149867910416 0.05580878418185792 -0.2281825236246645 -0.7543310976251016 -0.641498302426704 -0.04668536896189038 0.24267372146354343 0.27780533594678997 0.2409870090976839 0.2597444606019274 0.8408775293105171 0.7421412390793733 -0.05738218988710945 -0.6180363594847771 -0.9917225131234879 -1.0654017296040572 -0.672328212693064 -0.38578175662752945 -0.27008517866818177 0.01817872090415287 0.10704936366808782 0.030539581658931576 
-0.7162154565168084 -0.639610197237328 -0.5372088506890964 -0.5548212551061658 0.11943898137388254 0.7058324308095442 0.9477717503963904 0.7241622665928102 -0.013987693561790804 -0.45038806469346016 -0.5417113240017809 -0.5687860212823106 0.1633776082536389 0.047999747635188994 -0.12422252454546745 -0.2563481585868483 -0.5935065486052764 -0.4282918748815714 -0.07377209454190838 -0.06932407279434492 -0.00341603513404116 0.08421421168894805 0.12173198417411675 0.26645741832757525 
-0.45691835777866086 -0.2522704904624593 0.18241875919124206 0.3080123930205591 0.44850116551518676 0.4166068527513076 0.18791023135570117 0.12073685129398704 0.17574100933193657 0.1832566445669992 0.25910186910593525 0.31701155322831776 -0.054988148532441126 0.011107045219648634 0.05032130184145125 0.07523047517624128 0.11722931832177719 0.09098678267403286 0.13580029777526623 0.16543510918795234 0.06485635963945148 -0.001710093109414131 -0.012521950357980057 9.314420495421527E-4 
-1.2392311996768903 -1.3224845993058099 -0.6393216888039345 -0.2454575816064214 -0.13878840865913472 -0.34425368020539654 -0.5104895875253178 -0.3508055824202416 -0.18935946194009634 -0.10275026156501631 -0.03704329378548707 -0.09216288642638554 -0.3607012337296003 -0.3340362099779124 -0.21155750120662917 -0.2204236404625267 -0.10495240995389055 0.009098248229413852 0.11736264006865904 0.18166867959878696 0.08628435970427306 9.317977066627958E-4 -0.017635550992709914 -0.032540097854972326 
-0.2690772310378797 -0.24118104547637165 -0.17823898514603886 -0.3245644780967381 -0.4507567835734875 -0.5022483901397298 -0.3197685267916486 -0.005506772019221479 0.13579052673434175 0.10911671371081044 0.02621884506347713 0.01863856702533845 -0.2380005817114581 -0.18100155265923956 -0.012040298758965265 -0.002131399731581348 -0.00860413070466387 -0.029410116385421497 -0.05956153570295625 -0.019920797877480512 0.005168709029684647 -0.028047623788400162 -0.03632511976488978 -0.04095320974034444 
0.27196768130160187 0.3569537102033653 0.27779252509943153 0.4227381018400629 0.8839251857798912 1.1379653075668212 0.8495232092640881 0.24227803945305365 -0.2528655313758126 -0.41611349238535417 -0.3723631590024221 -0.321979234615904 -0.3234426746056355 -0.35989918078583355 -0.2264250254953111 -0.14120312735240456 -0.08152187562676755 -0.1115911195198117 -0.17178131904828034 -0.1749646844422652 -0.17765995945592594 -0.13839237134177992 -0.049100601498642295 -0.014792972460385625 
