0.0 0.0 0.0 0.0 0.0 0.0 0.0 0.0 0.0 0.0 0.0 0.0 0.0 0.0 0.0 0.0 0.0 0.0 0.0 0.0 0.0 0.0 0.0 0.0 
0.0 0.0 0.0 0.0 0.0 0.0 0.0 0.0 0.0 0.0 0.0 0.0 -0.07174469097866076 -0.07102610609840425 -0.03501766554240534 -0.03769323197085295 -0.05819777688873414 -0.06291846136909972 -0.037332519133801166 8.900565297599675E-4 0.008590073657409103 -0.01726810515656983 -0.03059395485478339 -0.015561895023715133 
0.0 0.0 0.0 0.0 0.0 0.0 0.0 0.0 0.0 0.0 0.0 0.0 -0.021393640923923336 -0.0398960193586575 -0.038783947296857336 -0.009288953812290482 0.02796126453215934 0.024380310625846568 -0.0061730804730404 -0.010942601574314426 0.015513133554387262 0.06280888127201407 0.09308049523303204 0.08896344201366913 
0.2152340729359823 0.21307831829521273 0.10505299662721601 0.11307969591255884 0.17459333066620242 0.18875538410729914 0.11199755740140349 -0.0026701695892799027 -0.02577022097222731 0.05180431546970948 0.09178186456435017 0.0466856850711454 0.05657313247158576 0.06036644648491296 0.02425771541482739 0.003926811500682026 0.006684410370077313 0.03302964551893848 0.04066942318618733 -0.0027725984978042573 -0.02719329209631648 -0.013778512847436327 -0.001547066288407876 -0.01664756836982483 
-0.043436113696221135 0.013148898928366126 0.06382534357696401 -0.028672986519407972 -0.17118045892957923 -0.16751862393118927 -0.037479537281580544 0.03416288951758323 -0.03365429017704813 -0.21432880155089695 -0.3251324179812712 -0.29023316857658005 0.12873610435072536 0.13138291409189717 0.0512570166365085 0.013146123341864852 0.019553931537639957 0.05296890028660813 0.04894143321946772 -0.0013949182526896559 -0.044248111908219145 -0.06772985002887354 -0.08668976960490271 -0.08753194437968988 
-0.1480013405666467 -0.18767378891892195 -0.10468581803296417 0.0025560587576579086 0.06553699835455767 -0.015329624591220808 -0.10326850091777173 -0.008763649265378842 0.09840702137747351 0.14849993931775746 0.16720740785585922 0.1950592893977645 0.16257085436249671 0.21232963415365436 0.21720443767868566 0.242553516405989 0.21977994136324672 0.1536016128318942 0.08925606849442842 0.028733851081396245 -6.025310516226216E-4 0.003411389189279033 -0.0214900212589898 -0.06822871552710043 
-0.20459060630086157 -0.19377268866862418 -0.04890164257943541 0.015823448551855912 -0.004133628457097499 -0.0568641965105644 -0.039191270498815545 0.007231494596118437 0.07065571454980701 0.1548417381625966 0.2223565371689536 0.18840903097576012 0.11686954281489248 0.16322389150328154 0.15039581393520862 0.13850333210890717 0.10155147295402296 0.04615043533356422 0.03233176636010191 0.05569063655003385 0.040189421875682925 -0.039921144301943705 -0.10587749186807437 -0.10791969300847508 
-0.1919012438491876 -0.3204497903672552 -0.4901968233306413 -0.63682907084104 -0.5682699086597787 -0.3273766680986959 -0.15491478147326432 -0.07540602537273625 -0.07611763018078702 -0.1430151219548744 -0.11749254923379282 0.012050731876276637 0.018461363550693683 0.01949443850164471 -0.02648645310153132 -0.1023125959376708 -0.13644643418847904 -0.11672406124888386 -0.06955590734931816 -0.01343791039513457 0.012846978477548962 0.02797369386343798 0.054017717274720406 0.07153385927080215 
-0.3720947904996281 -0.41013477485731187 -0.1946065955798233 -0.12449041804678052 -0.15893142428447993 -0.14994640817814436 -0.10865169608413999 -0.09958783207883964 -0.06696023002496665 0.05119216199125008 0.13485003616777794 0.1250301892095891 -0.33509271908171784 -0.40859538727078265 -0.27590448346526775 -0.15691519434486795 -0.08599459759892643 -0.042658821969699466 -0.025187193539067478 -0.020118052727250462 -0.0016903483273566916 0.026848463810610193 0.07769243837032615 0.11075510376183954 
-0.11963333911934448 -0.13797606132951223 0.047626017771823737 0.3796507798699885 0.552275198833686 0.3813836649892207 0.14012943392284496 0.08495974525750391 0.12867405823221345 0.11640364581311677 0.04890750653228583 0.012147132468443567 -0.24115261317230288 -0.32815894291177 -0.31675441528540266 -0.30752749772062815 -0.2707830192721387 -0.19975376691523816 -0.1303173784992512 -0.07940447087343615 -0.04535998270340209 -0.0017245782147100504 0.07385957308785433 0.12858375542269268 
0.7645535985793703 0.9407766086248524 0.5099003872651353 -0.02167089376905451 -0.3064223894070506 -0.28326789714542433 -0.11115179757966775 -0.012597232537250258 -0.026669084674623145 -0.05541303715322955 -0.09392080582506415 -0.143904480605842 0.002105916140203945 -0.00674969364102355 -0.024784503877457415 -0.058426889102223246 -0.08372108592474721 -0.1158425817665056 -0.12667364570405573 -0.0589451999151633 0.043452429247630785 0.11184336582244882 0.11314022853373258 0.07504606540250443 
-0.03676759887177816 -0.011428653373027231 0.10781293110308732 0.2343436601819815 0.31782463171792275 0.3385453771306586 0.23728740477225319 0.11931208747677752 0.0398167452542475 -0.08453878773850443 -0.2246858475009348 -0.23923319948408583 0.034293926817434706 0.037166513739945284 0.0536407074990933 0.10980592801060624 0.15421310527553356 0.1626481964639554 0.16561755191933794 0.16318554026340767 0.12491099940767413 0.05640147124802666 -0.02779191526581827 -0.067056391021196 
-0.4198454090440231 -0.4531593979124837 -0.15034654061308284 0.12344380910389274 0.20945711704764336 0.2190004810506535 0.22279025560332308 0.06007159655701344 -0.15288886127887602 -0.1838667187002858 -0.06777397241680955 0.02558215897834054 0.2229307661471034 0.27074274804262566 0.14730495283434483 0.01604133435401356 -0.0445176150835944 -0.03527648961632026 -0.011087637696478803 -0.03218122418154326 -0.07125900118881341 -0.08780163322621304 -0.08370329486353006 -0.09016328160251012 
0.3696843842400481 0.44749240071931995 0.21682735921365293 -0.022324355598303813 -0.1683038702202616 -0.3576951135006844 -0.5236942484266643 -0.4409312900798509 -0.18294905168868247 0.011426072842564902 0.11920983562561333 0.1285729857399403 -0.11270697550128483 -0.08485066436915838 0.05363145384073772 0.14604259870541017 0.168856979748729 0.13484936432446445 0.06571221119763589 0.009455663770877532 -0.02468030679035399 -0.06747559500091728 -0.09408527231325257 -0.07203135772242958 
-0.10746469141785298 -0.10091216254919821 0.01347831470681804 0.058539111059047466 0.0701947068128248 0.17068181701920793 0.3026019421092274 0.3640681287856937 0.2984908173632821 0.1600094322348749 -0.014758762797748015 -0.05731772841032473 -0.023954653847652867 0.02573587174169482 0.10816533623331864 0.1191689356274296 0.07026224104440054 0.013206882018914382 -0.0271950757983203 -0.0661187771521422 -0.08300445321004152 -0.049366454345657194 0.021434003869933122 0.07578241997903293 
0.14516296881899127 0.06699972205280513 -0.13499385807907627 -0.17133178691182638 -0.11911510241085493 -0.041843383827012026 2.449279263933568E-4 -0.06105316995019522 -0.11183217369576959 -0.05405007820333292 0.031062364629292155 0.018310817377535538 0.14946898221973828 0.18940818047572439 0.12916007550473987 0.0660301647187237 0.023845105236266945 -0.026911938615399016 -0.09600486856667338 -0.11397814754124418 -0.04076729096509557 0.050790615716222086 0.07545833810811316 0.04020424933628724 
-0.2357207397905361 -0.34012067380431077 -0.29893194066667417 -0.15955928212163478 -0.025923989990261603 0.021453970157074176 0.04240589482175516 0.06848886794861225 0.06056605935479209 -0.003029280140365291 -0.08800224852844835 -0.14663401677755586 -0.03601281600970966 -0.0555533263096788 -0.02822594362906909 0.01073291666687412 0.007763867300014178 -0.0052879808506232084 0.0017546066105998588 0.011875623489489303 0.0068491891280617985 -0.018003274296404536 -0.07027732009704274 -0.08602143562190094 
-0.014594538232825194 -0.001127885080296931 -0.01444773961382062 -0.11136565316413377 -0.19177983752751926 -0.20234537422342047 -0.10558161908290808 0.0487927829624224 0.05831520021084924 -0.05942641811848126 -0.070543435833376 0.052618381914694146 0.23548151942145581 0.15576384358306505 -0.019095301870850474 -0.03576833824273166 0.004131598055037026 0.048999705331705244 0.08346670074322073 0.059825324927832185 -0.009476904084006884 -0.0452707162163258 -0.034463485583128416 -0.01964495811512791 
0.08045251013718424 0.09981161994638921 0.03788308636139748 -0.003642705815421199 0.08323547247111443 0.2667967547692818 0.3502513957820786 0.273518281860917 0.19286956302578728 0.21670742508166269 0.24687609772471425 0.1835927961867988 0.25166669335326014 0.2865364286405576 0.1347401374159618 0.048501977285160425 0.04428575493915868 0.09938368689898248 0.14769835030296982 0.15259785010817756 0.10716391887268484 0.00805826744923549 -0.06048754601858678 -0.06623934638940053 
-0.7193682144092364 -0.62025795557174 -0.24611546598056067 -0.1419850603367382 -0.186089627806654 -0.31151389212823155 -0.4040779247834305 -0.34304385168984414 -0.14955321327924653 -0.02810628216536952 -0.0329863517479039 -0.08786771475925806 -0.3508451570585627 -0.3549521217188716 -0.2042374543780251 -0.11993868521259965 -0.07195811660355488 -0.05585828569384993 -0.06105038021367005 -0.04080925805963387 -0.015307311635352566 -0.003049145092869488 0.04903766266407705 0.13074712173352082 
-0.638333981762111 -0.8901649244802621 -0.5873184897311896 -0.2897555103908138 -0.1616263596681703 -0.22211283158746775 -0.2514410032368931 -0.19338636504978712 -0.15699149051821454 -0.04286415046462763 0.07468184748457596 0.12232707072762183 -0.7331716024048811 -0.6595838778482435 -0.28349096903117077 -0.1996668915191079 -0.17451071030997056 -0.12872763856812056 -0.060350230356178904 -0.008672930832278639 0.02816898383462359 0.06389855195039282 0.04797175648270391 -0.010909904563255543 
1.3973341788925104 1.5587167522896435 0.9108654115665482 0.39150680476136146 0.1465254283527877 0.20968427603650408 0.3784157210675879 0.40467288059667605 0.27916766188890785 0.07950680493327236 -0.131559298705538 -0.30899012055627983 -0.5132885489257664 -0.5535904155203172 -0.3964201917256634 -0.37518507348379737 -0.3254488476142586 -0.2881838712923291 -0.19756266358827856 -0.04830490078052178 -0.008657772187189086 -0.001637306668155404 0.025304549444036695 -0.04761167580072321 
1.2216161207009542 0.9890758995604276 0.30986555468135535 0.32861203619285284 0.44046007532130527 0.3923805863912757 0.14005526392510614 -0.07432129178550717 -0.10599782606216068 -0.028794774318836716 0.15224730175541956 0.32688371277507633 -0.09851474377989233 -0.36696121711470847 -0.32275995513021377 -0.13303926816517178 -0.1229682436674077 -0.13048924633611828 -0.18871174221149278 -0.13175424963808327 0.01770052895736522 0.05837346171036786 0.04098608267820192 0.0011196232662691041 
-0.10947761886346985 0.10089287896886656 0.4945530869901571 0.6743863868228206 0.4892136975413841 0.24579101275938386 -0.007138067599594455 -0.2576616859804188 -0.1490767289457062 -0.030229050233798765 -0.1476827272154358 -0.04731100838081567 0.5607629309913218 0.4627503130553053 0.09024860325104396 -0.03393361514181429 -0.03162872659904318 0.09416001971371517 0.24652664483566386 0.1861501253891138 0.09729682115933387 0.03563064435238719 -0.05860433940329898 -0.04391924939281141 
0.41061614845555616 0.9396306635242517 0.5891175379476472 -0.032077496926028015 0.0359342367397546 0.1513015390594472 0.5074711177311764 0.5330436671530101 0.0040291180269968335 -0.16311660801219566 -0.040214686295080904 -0.01187135515891756 0.12244423167914098 0.07197522382882744 -0.03081726553592364 0.054774678884344986 0.25424094543243614 0.2084455780751573 0.10396554014482055 1.3785333976184164E-4 -0.04684936392442938 0.05197788172001688 0.10914368657786379 0.13253914577770187 
0.12054537204124394 0.1951884311418155 0.5004936101802704 0.6736524167462448 0.4436745274406926 0.04774374056127284 -0.5448721403424388 -0.45745997503992397 -0.06773627363367257 0.03977578872279025 0.14048471352960917 -0.007854838410848664 0.2746945693710989 0.010248924333485713 -0.07157528225787058 -0.025235645289221138 0.23477728765424544 0.09650654790730562 0.05605335305482623 0.056522865534969415 -0.13383081819233875 -0.05382532356389538 -0.0637796982634567 -0.06973550937592905 
0.7392719302111743 0.7260024519874708 0.3993470896940696 0.1646549845781058 -0.2994931759256574 -0.13393251173514065 0.09702567986206667 0.02516429272495989 -0.006119961944889368 -0.21973083895718185 -0.3192674783506943 -0.09046180954301276 -0.05986690831990512 0.7616327499328746 0.5024596778619164 -0.12758382301763294 -0.14505558766250648 -0.161387155002051 -0.027848517247840505 0.0949312329134145 -0.02041025779101248 -0.1809432438574712 -0.004833670051801159 0.07729098105676861 
-1.0978892178545756 0.17696021173679988 0.8041641578905576 0.6517270819384171 -0.04740445908864621 0.09888839443476094 0.029924592170481712 -0.17329059537130193 0.25749026561725313 0.15955403593038048 0.183182763602741 0.20119074693901906 0.3222203059931177 -0.3022520448989929 0.11408697723385419 0.39753240622369157 0.27045404956652624 0.1390810687063038 -0.08260386706034516 -0.11171693384043435 0.011203830424399689 0.027296641415573683 0.008718302289117769 -0.09189721584297222 
1.1994341683631813 -1.3361534765718641 -1.0700967694932455 0.3616366395307846 0.7166404929919434 0.6098906771288561 0.3036183032182377 0.10616527857845559 -0.09735337822542858 0.3198239999564229 -0.04706270117624334 -0.34826709100415726 -0.9933692904360271 0.04026124007211903 0.45172254264876494 0.10453256244235343 0.19829263954361773 0.2061595694444219 0.33945637250309746 -0.03697154990351619 0.05308447674026156 -0.05586282832266167 -0.052297986424754 0.004048549723741787 
-1.0761966650141126 2.1330225301184615 0.8929546080723654 -0.6174356294011694 -0.8757544557176866 -0.741411059989637 -0.40035685083948885 -0.16280966644536876 -0.05573105676660203 -0.3118915549807332 -0.021772581924969614 0.39673944984864024 -1.015499849662088 -0.40995078079746755 0.08101141950237123 0.633998029408705 0.19201541702872924 0.4045433384902899 0.1107635844825711 -0.10597316195288603 0.06614214105208303 0.2578264239380046 0.01722981494211816 0.018585574607985416 
3.708533525099024 -0.3728124274197171 -1.000215763343129 0.48563865292083874 -0.4801960962419903 -0.3322614928562073 -0.7062027161422404 0.1308384779725419 -0.008762730973746441 0.18358044146636 -0.059895846312576995 -0.2003818101690487 -0.15928877705853495 -0.5326887899430011 -0.2834345240510574 0.6138349100727364 0.19643822271276337 0.020673741733784334 -0.025078986098834948 0.11914209095299405 -0.030545055519004907 0.1332192016911045 -0.04434637686999874 -0.09821210730696954 
0.6940606527637669 0.925142029553129 0.5261893963083857 -1.312268012982725 -0.025032415557867088 -0.643665536043577 0.20254434840300745 0.13229229079031302 0.014768518835162947 -0.5458034566386017 0.13790989134455334 0.07149138269750854 -0.579623435923292 0.3803969642430018 0.17783244968077305 0.5923178047595985 -0.33218520110147326 -0.3204506100279208 -0.5785776066122473 0.053016178662253964 0.17017651977004777 -0.09976155862455971 0.0067318135852215645 0.03879871307192656 
0.7921718406498464 0.8658531435398054 -0.03641059145808345 -1.1324518988966465 -0.29803519522625643 0.4989966899544731 0.07740466189349438 -0.39881197289836745 -0.04096799946929636 0.03712234571204376 0.006135192798991412 0.10899326449231717 1.1164759612408999 0.05774671029364864 -0.3469175817869307 -0.11576453429373228 -0.08276235682838251 -0.018507653265815233 -0.2917436035917709 0.18679567570275737 0.02535589148737687 -0.08387907989598341 -0.07528781962497635 -0.021145264551172938 
2.1208544849803523 0.372498851909695 -0.12244532691247656 -1.585343767771222 0.029720697078866237 -0.19568832131121483 0.943572279979386 -0.05703297699667598 -0.5501579818289704 0.06062216877010407 -0.07498354223641851 0.1256557733021776 0.5721845233309232 0.5301076123970722 0.0032281154416581672 -0.9767132719670828 -0.06960345669411855 0.0745360392529771 0.15530128973668503 -0.06081398616939443 0.01517707177260974 -0.10234088137571078 -0.08480072316507821 0.04380197167328905 
-0.35429127473196864 -0.26973096947894604 0.3648543436280942 0.9694701331962841 -0.2592855820752094 -0.5007271404249427 -0.201485871155117 -0.33488591524223577 0.1976328448961896 0.1320048684499573 0.272414329352838 -0.16402821181786442 0.45152609022310014 0.5640471884116017 -0.15775911675546142 -0.8485016705139156 -0.20894531459411905 0.31311925685654524 0.3041452059008754 -0.15721676817406707 -0.21053625271744933 0.16549596548511633 0.007528336073452001 -0.0626086861902383 
-0.4492613595380952 -0.0973887511287117 0.31587258244032235 0.5669107868720582 0.16440314794896504 -0.3674117386128004 -0.12391425428274189 0.28277122047043046 -0.15006311866540925 -0.2862220738804262 0.2591724925628647 0.07659620583273219 0.2651096616865418 0.24098779955300684 0.0199280977564887 -0.35666506713429963 -0.21555121492555643 -0.073062137015523 0.341384328041377 -0.012062846276547023 -0.28014493346887887 0.07974516286509996 0.09756160189357722 -0.09886358059791811 
0.7226514922397698 -0.5913446201757964 0.21770780413190138 0.33692583532345965 0.26145952312105136 -0.35449937196436987 -0.301287688678068 -0.09706376710971942 0.39059332710127104 -0.2859434294180401 -0.18352783282100618 0.32134910679775475 -0.5100505546004331 -0.08129638780737114 0.5953968567131404 0.19795912337344626 -0.06556511310343083 -0.2751454652724912 -0.04374875246065551 -0.03240337019117673 0.024695228843765706 0.003806445141583792 0.17454879992257935 -0.10095829304791303 
0.7870541164348577 -0.18965772140090031 -0.10865635043384625 -0.19907641743191107 0.4160017892574053 -0.04961579449493225 -0.030679795383269648 -0.13975551223329308 0.19379657747512552 0.03036082910880289 -0.1396972668302281 0.17955785578812233 -0.1448113796433601 -0.3821845117912576 0.5687196623725271 0.12771735066458847 0.17039943383732728 -0.2619894311039593 -0.014210092117123735 0.036122492395245676 0.006173690078412804 -0.09142347242732758 0.07153125672279 0.0400444402665755 
0.5577026510828542 0.02029267907926169 -1.2090717600742424 0.7585863652279299 -0.18838956341913704 0.16581128333359674 -0.11685684322288663 -0.02641243831684381 -0.048382689705374904 -0.03770591846940863 -0.0517971907183537 0.08736584234817957 0.04788412657089817 -0.8056791745559743 -0.12228737526339269 0.02674443742479064 0.09121340348777436 -0.17589238185565767 -0.09384962353133013 0.003976092253741514 0.08470180056861558 -0.12115402235141907 -0.045878014670137794 0.20914120699890057 
0.06764719997044288 0.7433461346175321 -0.676896622574187 -0.027071530073942363 -0.12187061029292257 0.15840122705009407 -0.17349940065896136 0.13907807888825563 0.05090381950267531 -0.13607041207275916 -0.02128659865683158 0.07345451725779328 0.6869935918470608 0.03549928115409114 -0.2914836085630193 -0.041363936350139165 -0.012064846014374039 -0.11745605081628184 -0.13599872426823137 -0.05794605453362334 0.03725188811597057 -0.014036519315561899 0.10080283003502033 0.1121424080373067 
0.9387025707592827 1.3591909754829103 0.8686900659922498 0.1706900793701034 0.2567555124328922 0.06916926283008995 0.05167098455376823 -0.24840883943171832 0.2079343043816494 0.16073425822699816 -0.10509912289729106 -0.25302284493378246 1.1149993659293493 0.3547080100034978 -0.5943568942684032 0.1111910398526627 -0.1156363408564159 0.024879173268263454 -0.05933543246890747 -0.17397407997760603 0.05205624159345474 -0.09452078456128891 -0.02718716195480514 0.10354940863802763 
-1.4644266189445387 -0.9656047130649981 -0.27308643777803443 0.21896353454741968 0.22962378937451278 0.35107336820566665 0.29305246353309705 0.1450808519250142 -0.04611758391629833 -0.02674970129271481 -0.4154547908458204 0.01332497531718324 2.1500418854390357 0.35210926207425136 -0.5080040039874012 0.06714778296440915 -0.35050677697892013 0.31350490225883404 0.3312521031075923 -0.2453983324202654 0.208457358349991 -0.25055287440570456 -0.14324738100259973 0.3303167642642511 
-2.0212585372477028 -0.1893559270899665 0.3720938303328909 0.3019957133592608 -0.017227740683606996 -0.005162307048979908 -0.17212647791219343 0.49250841509759496 -0.1560407127762523 0.19119607982443593 0.2268483912405561 -0.19321761259559828 1.2288160631682874 0.8591353600570161 0.8652203994864229 0.3431562655709058 0.5140241083816967 -0.25253322012439555 -0.09570238204962721 -0.11704874727653035 -0.20284967005923327 -0.0860144899694124 -0.11548991340814578 -0.2817237371879941 
-4.902497902343172 0.4612917996812165 1.095413507217696 -0.2941676959617485 1.0666413472020875 -0.7449476947868732 -1.0553569787487573 0.5048144488843952 -0.3924807469683468 0.6003573003456357 0.24248178728204406 -0.947398391704052 -0.8126915212419134 0.5303732400674468 0.6804001148042036 -0.06646072495261324 0.33985754912802446 -0.5432221786938675 -0.12214468859888211 0.3282588396515184 -0.025324126343302833 0.22404994249525934 -0.1111726005911325 -0.17400794800799546 
-1.0287099770462627 -1.9316633610612453 -2.411221104964884 -0.6022131020880299 -1.7038255916259855 1.3747794546995464 1.012982851843577 -0.07712939608181779 0.9896648960853733 0.10522422731606007 -0.08759767173678595 1.0725100501408176 -2.8392011805994053 0.7894945647767789 -0.2103834919172821 -0.5872589261107041 0.29384927563001534 -0.1247519642454985 -0.30435428658268093 0.47053583887697786 -0.14924317657158512 0.10082444988562955 0.08453404686346093 -0.07606093760736449 
0.47737366468048137 -1.685570716281699 -0.9226293145417577 0.8704501171289047 0.053350067461628625 1.290769023413006 0.06693186445185817 -0.5548767614398347 -0.5429980093172027 -0.655913602524305 0.07528604241624814 -0.09751501202703827 -3.1672361232288644 0.22216534602613555 -0.8570151859434963 -0.12343754888270086 0.17620621746213372 0.039979142097413635 -0.6654361756377644 0.32065313294984193 0.04210286878167294 0.18270879408960883 0.29183914588289805 -0.046647440059415825 
3.806409221038688 -1.4844083634388454 2.012265716964464 1.4814635851460465 -0.3921299277034237 -0.648764773412424 0.17979196023554156 -0.38925349637122375 0.366947448112931 0.5168581816025176 0.056844123083071296 -0.3899764896120117 -0.6096223945524244 -1.3761792524995038 -1.2303002947406079 0.24145355296670745 -0.7359271370669885 0.9534400191210084 0.4353263470975399 0.08075731023387689 0.4376335358195638 -0.11374560661072297 -0.00262478813928424 0.3542334532326195 
2.181650868300947 -0.4288317372083901 1.4547156540835111 -0.9656933929306841 -0.1178251371455945 0.14688699297687113 1.3575469939685534 -0.3010828998204276 -0.2074306293271444 -0.1535860590664196 -0.7052565477765788 -0.07621280164938993 0.4764916947229952 -1.4343978723815918 -0.47467192003677133 0.9146264773807907 8.262425595196299E-4 0.6829337808529204 0.18660320884883994 -0.11357241889915563 0.161872850900774 -0.1845141254238789 -0.09713025920357038 -0.09544820497520597 
-0.05198139519922229 1.5685049069006123 0.09100729494430482 -0.40850200595835795 0.5895434218785918 -0.9135995874454115 -0.9383037542073904 -0.446298257593152 -0.4910194013683473 0.1952972754192863 0.3105479877774802 -8.414147458650767E-4 0.7302940469577853 -0.7326180923044391 0.8594023637571123 0.8674511312323928 -0.08603289867180357 0.13031671307824744 0.27454446808634386 -0.35855925766717583 0.13784545950021265 0.1375608433091906 -0.26323939323907425 -0.1380394912344882 
0.977093888630451 1.0911662656933476 1.462015656578636 -0.9284465194612657 -0.439965335007938 -0.6256149121292616 0.06617009512680438 -0.18563712413140365 -0.5996331372788855 0.05840922683894734 0.2398248876797548 -0.005737934534493644 0.10824247185402551 0.15797535767617146 0.7852111488574862 -0.22879230514805315 0.2734129598613186 0.10232958012225472 0.37338315436324954 -0.39708794923053964 -0.2535368661799429 0.05682029323935728 -0.29603812965722015 -0.03633284027596579 
2.2178055700005803 -0.04655308797639712 -0.5695913755544355 -1.139513245285841 0.027038867243158737 -0.6534639600940999 0.0018470053973844158 0.6287013887857918 0.14951232358816358 -0.0018219912777376335 0.3740215850721271 -0.01109544946599525 0.3089183771666499 0.5849565727989736 0.5170198063953467 -0.4083667987550225 0.44101512951308325 -0.6051489070815713 -0.07288812268553808 -0.42186874027769533 -0.27330960557244216 0.07648775849922688 0.03043469733484645 0.0629366122620979 
0.7220299701389692 -0.09522881279839979 -0.5706184572395774 0.08618914217721685 -0.6568117394118338 -0.2901695610655488 -0.23267784892358273 0.35268112468171947 0.23291410673442903 -0.22548730543597945 0.15112104254775816 0.037912736538572536 0.5305497986344342 -0.08968538092596567 0.7775179728275332 -0.3629969519758823 0.26093879312906565 -0.3843891844159823 0.24755284597057395 -0.004204268450011188 -0.11010470251191852 0.1978681303394801 0.10159150923398623 -0.12202258522575204 
-0.851204567453431 0.40683272774956514 -0.4437350673326286 0.30928055948746835 -0.6250787644587099 0.7341244582674462 -0.5702154141255825 0.5501488388333725 -0.08736420665767819 0.10778226605906904 0.2635958183389392 -0.21147658706869185 1.600822488943501 -0.36556837548212123 -0.16591510071483548 -0.4153525550067563 0.0641382545337651 -0.17243056387455033 0.030475419396658803 0.1048607685184499 -0.05209938743732725 -0.004731967230563359 0.18793927813968989 -0.026246303332268045 
0.9199495614541542 1.1335295006082635 -0.9334664160148671 -0.5638525659202736 -0.8967228985442006 -0.1662415680620879 -0.390457233023434 -0.13374804380516042 -0.150880764620209 -0.5899972928478964 -0.009736756655609913 0.46052038994411076 1.3790910343503968 0.006171751968994776 -0.35126613194293554 -0.2926528104507958 -0.711068676931896 -0.1176186073148423 -0.2888316935491462 0.2743328144702835 0.018757626615620065 -0.20044752467085147 0.18654107818636464 0.004712353919301244 
-2.6836216924875154 0.43577288176663487 0.10957790597771577 0.431565273783173 -0.04542031679195313 -0.19813626497217945 -0.01068956074266636 0.557333667473882 0.49770792157746435 0.1946289041199109 -0.10936734974525841 -0.14366036617196024 0.7264764857796382 0.6258295043289884 -0.1979267836402306 -0.27577703695258693 -0.9092760634854082 -0.036379597896711746 -0.33449732446069796 0.15424310350669193 -0.11705600044888352 -0.20566311589692465 0.07834459269032709 0.05126909862113441 
-2.499034570395179 -0.12821414571391898 0.20652345193405708 0.9030052163817519 1.1865650675504762 0.5288166224987909 0.35405430503239765 -0.4739097330493858 -0.11589483723000243 0.332431949546154 -0.2220206079692369 -0.010132435667697004 0.40937838898829687 0.577623384103871 -0.2788853753302134 -0.24333412256515285 -0.5699091625341806 -0.27363881888199587 -0.20142584343638237 0.14061196400095063 0.09827470418357524 -0.08924595639282858 0.09544301972594112 0.08163457779181484 
-1.3211419588676787 -0.839783962076309 -0.41994965038639887 0.4031827791942164 1.0611054429501765 0.49573415667714205 0.061020790228595634 0.25750037293540934 0.24631083099386908 0.2635569925528177 0.1347039659247714 -0.1299574701261912 -1.078343690604797 0.07865056752887423 0.011921565729838305 0.23880265080192245 0.01869128255231219 -0.06424538018528057 0.1755548637563634 0.3039365863110893 0.20039939016870942 0.09772490123487367 -0.1334883336317091 -0.15601929426385877 
-0.9894254723206548 0.038437770218122225 0.1679534881578304 0.1803410490696633 0.25974170918727624 0.30773967775923894 0.17796512180008212 -0.40566728853877604 -0.3200063318791371 -0.35672346788586407 -0.4181014736684482 0.20876520854578173 -0.7885988600932347 -0.03413234102399502 0.062030460234301366 0.4114049140853917 0.5525723148603846 0.12121316224669217 -0.053432262109291306 -0.3061635664356371 -0.1422319128145236 0.06749951484482108 -0.05297580609762594 0.01444254940868176 
-0.20339516971038657 0.11649522121399158 0.0930981906763142 0.07648940503344992 0.3619175147327103 0.10513834795343824 -0.4493095603955988 -0.38859731371469064 -0.0014345016040964997 0.24603190913129894 0.3891380839994745 0.2149486945128767 -0.5093921217843633 -0.14907593322716042 -0.08390866063526052 0.06844611595038819 0.2820301563415393 0.1405079045240918 -0.04839172698470922 -0.05633597106738932 0.032360187344581764 0.09292290713308994 0.10047420927857396 0.07228327818962244 
-0.6921113846941211 -0.5039567142870842 -0.23609184930020355 -0.16786283879403996 -0.12155791292194462 0.3604750401205663 0.7695162666723687 0.7676298095825753 0.4346735675125512 0.13869594672245014 -0.19031024871371063 -0.22591316621327623 -0.3049449688526749 -0.08782598000902316 -0.12592196622260085 -0.097120743820628 0.015058097573123227 0.12655358916681436 0.1041953696428438 -0.06908538452321751 8.10320290958492E-4 -0.05155216167563498 -0.1356948717153348 0.03404267793968764 
0.05837736267214444 -0.12135892014222449 0.03379900024839966 0.3719463752749035 0.4056647849801691 0.047842761924203 -0.08957960125342002 -0.16014026292309835 -0.22810968073572035 -0.2629214361506092 -0.28061427438831926 -0.12946811731552949 0.009697262544949866 0.2614878908973446 0.1636961043628542 -0.056461797341936425 -0.11994329248858544 -0.12975459041095164 -0.1941896860948236 -0.1281064750888922 -0.027911948238720802 -0.012243197296188104 -0.008774601574968788 -0.04206777422599838 
-0.20547683195389554 0.42084278092329974 0.5753689820395902 0.3239747954108205 0.19269378134417714 -0.04327329672658653 -0.31448596669953865 -0.31263966036491964 -0.20909970318620064 0.05240968978199495 0.3238593206714531 0.2788455806409219 0.09048755853931567 0.1072831103072381 0.09449987764209992 0.12108766958414385 0.04274984061670417 0.06130728196392162 0.07652860335745837 0.030754905963764068 -0.027562468068878687 0.011654227385994281 0.004440027109968788 -0.0129397050261043 
-0.47580423371534897 -1.1303681990832342 -0.8037205380821453 -4.402004317105579E-5 0.5646215450654057 0.6962762876098696 0.6752606145748257 0.5358568465257334 0.40418797846144183 0.32590462949009086 0.158377104031799 0.08877264376377275 0.25865502583137495 0.25686830991811754 0.3110826394971074 0.41558652610016966 0.4084379649494794 0.27208075068630233 0.1059602511832002 -0.05168343386156219 -0.1581537068228118 -0.14952438332264031 -0.08607379811662962 0.026879106018906196 
-0.6964832621183215 -0.3213014057382937 -0.10083171306123084 -0.34513064988743425 -0.32928581481467545 -0.14766356861403185 0.15751034868587077 0.32736653696686724 0.20121214212060617 -0.19067976825588273 -0.42312601925367616 -0.2962144316746144 0.0485947445120265 0.16489595858279124 0.23538770050166793 0.2300577869795506 0.19354897592818152 0.10949561616870875 0.0031262755094248473 -0.026676540497785794 -0.02404549348660236 0.0225890163411044 0.05357608121348025 0.043866187387187235 
-0.4720844997397675 -0.5208917565657805 -0.5613485706925121 -0.5402604803764781 -0.5586593117888429 -0.7162043541909813 -0.6434585124957253 -0.3250930600043052 0.04119551707931163 0.3071964428362506 0.3510997899241342 0.07742457078552009 0.057297306001626115 -0.05871521026586457 0.008694150073170167 0.207389527283277 0.36014121434716867 0.4048652956039593 0.420902581191668 0.3922451367073623 0.3324558249359399 0.2507750252266702 0.13183408686476894 0.05941642317951343 
-0.35312093247776577 -0.3785833160838008 -0.25198010316023023 -0.09609033536117773 0.17368728198675698 0.33448017566771265 0.3354947703074623 0.19786491439345705 0.04453300796467155 -0.00600326591439812 0.06676973408484477 0.15292105496848651 -0.2012779030478226 -0.1272316013651813 -0.12205711405545298 -0.198384168247003 -0.19942609859477403 -0.1601000782579128 -0.08622403028555668 -0.038085651489220274 -0.012042335123099851 -0.053482117641227477 -0.09179025329450578 -0.09748382364081591 
-0.8193773165405052 -0.9255816131128869 -0.7542287932521561 -0.7467327591561304 -0.7672886463768164 -0.7593914713428804 -0.6764393398109741 -0.5761277523096482 -0.5148399292684105 -0.518758697360662 -0.4820730332317683 -0.314044369096318 -0.27412664278917226 -0.3372546638367748 -0.33234049006097544 -0.2998169590086343 -0.2592377548308622 -0.2635757728569187 -0.22181676203855252 -0.09887656054934209 0.029827475520147365 0.10550709516459915 0.1457378467326201 0.1039302657503865 
0.08099685542551516 0.26273832663080343 0.3617797403849501 0.3532579942434009 0.3733071482636334 0.35423022473565613 0.43267285320016524 0.5671408375871996 0.5153568706637668 0.382744154766256 0.26883115220779247 0.19197150918875233 -0.14555740652601376 -0.14752999452689788 -0.09993261605775945 -0.12088873669427924 -0.14560914250930282 -0.12971631565491423 -0.07450911451976248 -0.024740487745701718 -0.002632737381096308 1.3282877283328035E-4 0.019834102977475176 0.05783044463421148 
0.13323653467610885 0.1702114135872419 0.12879297771782405 0.13451623184713557 0.1192440195653055 0.06464793984580308 -0.026597267826419135 -0.21310133995315017 -0.2836988408306781 -0.20369855299787393 -0.1871444593352 -0.2538914535757723 -0.10960785119196137 -0.08180621517860631 -0.05243431492667557 -0.0833247652915392 -0.12608160996209808 -0.17055283230564003 -0.16586667068791985 -0.13909344015375125 -0.12134579399675578 -0.10928794043228925 -0.0864509406078403 -0.007578197315850059 
-0.3927556385080315 -0.4838898458531715 -0.3936931404719419 -0.17404862077997296 0.16724837654360458 0.3116094170381136 0.23410107787447215 0.0905731714523132 -0.06313932411090574 -0.16393182441429202 -0.14019686179586494 -0.05064673669442077 0.1058808961408119 0.16975532782988303 0.1486702666126314 0.13616483796020384 0.17079718060451235 0.20451468835984773 0.28641101599222935 0.3207447422490011 0.22495948423890008 0.10871226039640532 0.03078406154252039 -0.007029207867241816 
-0.2536775159978477 -0.3068488813350805 -0.21918940804368336 -0.23310515576982582 -0.2860144306305077 -0.22642257057718906 -0.07955344008436799 0.07943640121904874 0.13844555010919316 0.0824431135264797 -0.018206204406418736 -0.17000065420718127 0.02230952870639813 0.05807456604527972 0.09626489949485802 0.1459823181022765 0.2042279538561574 0.20936870289224263 0.12476038697305707 -0.011737976569038633 -0.10886436893981255 -0.1298753255527854 -0.13041704354877445 -0.16370348940612944 
-0.04318880765994226 -0.00799750939768451 0.08976013342780953 0.12857417417127004 0.06354483154800294 -0.11377858513239103 -0.40008210864754834 -0.5413622597459034 -0.37059377752286904 -0.08646345968513675 0.09200984011584068 0.17111373310618228 -0.15246647815994777 -0.18754407827333042 -0.16948318910587112 -0.14847959012274503 -0.05900796221551816 0.02822739135819291 0.0491583026299687 0.027956044222503612 -0.02329788456486613 -0.06502124756133502 -0.05675821041589992 -0.034071634837960045 
-0.10847546686713017 -0.24195845277634076 -0.40172835771662574 -0.45474211993531544 -0.4415880695053659 -0.35076416774567254 -0.0837868354845801 0.138080305353074 0.1966214926947412 0.1471932412959046 0.08800332035527056 0.1263387797423145 -0.062364339566824224 -0.07721836399903166 -0.05375251368890962 -0.04471691059384227 -0.07139690210218658 -0.1169158952345823 -0.14323848154472957 -0.12276331131966282 -0.06481790164064659 -0.010887092818202609 9.871201576803306E-4 -0.031938993561419556 
-0.007957228593546972 0.04629717468744987 0.20602590168214263 0.38220863167100694 0.4220590826275882 0.28909804154777663 0.0887428676846721 -0.02261691328221027 -0.022333641709081364 -0.0012431456149993927 -0.023026992929009837 -0.09660154915528851 0.034102135342180574 0.043179840615909994 0.04992547372845054 0.0756554591184481 0.05646790873937083 -0.03568973753372681 -0.15489060555368153 -0.20388247092831768 -0.12686844740182568 -0.004841885884274709 0.07444648220013449 0.11890364281667191 
-0.08420028683057268 -0.10234113138055267 -0.11606475110412107 -0.22577165273816746 -0.2510808498637406 -0.07711319821352597 0.1057495163837105 0.1883536619461907 0.1587691871242391 0.07249423494601885 0.03635085164296553 0.059673967607812795 -0.09524074850176856 -0.1652048424913488 -0.19621847950269078 -0.17232048181215928 -0.14119432338867346 -0.10532077822478454 -0.031323134015140745 0.04380156120281161 0.09812138497386681 0.09758843382095561 0.05244185865655283 0.02336354715555274 
-0.15763280370476274 -0.20734569194330854 -0.20284809106379442 -0.21287743678264825 -0.20111250449092222 -0.14353485729728388 -0.030178467920648988 0.04514847474249131 0.02893771746785903 -0.034588298857369734 -0.10550337212841027 -0.1522647892765826 -0.08518626315852125 -0.08366544686573259 -0.019078282156591908 -0.01082962447865258 -0.02857739485267659 -0.0036204349073057176 0.04235730689074302 0.08585249475379599 0.0875910417239028 0.04796855219660961 0.01714608108370787 -0.00894140320161127 
0.2520845661937834 0.3804775080130849 0.3913640771644151 0.35976235972799 0.29358069421990973 0.18151461635121136 0.06964323436350267 -0.02720707226771163 -0.12337834181532945 -0.12889948354577702 -0.028084066014687714 0.08407975833630332 0.032742325107967485 0.02681137871064254 -0.03170687333757253 -0.10205785797929096 -0.11340407036353391 -0.0226844599472798 0.0760971768689472 0.10079707568629304 0.07321738692802977 0.029243050674110663 -0.006723213137932639 -0.010920022242818775 
