0.0 0.0 0.0 0.0 0.0 0.0 0.0 0.0 0.0 0.0 0.0 0.0 0.0 0.0 0.0 0.0 0.0 0.0 0.0 0.0 0.0 0.0 0.0 0.0 
0.0 0.0 0.0 0.0 0.0 0.0 0.0 0.0 0.0 0.0 0.0 0.0 -0.1900101155884523 -0.08238452265807512 0.030554265667510922 -0.04540125703560586 0.026054321252185986 0.10650342203022896 0.07790347955416092 -0.013610275278653624 -0.06672035471676636 -0.015134681368341757 -0.026727704608951363 -0.06236189466537944 
0.0 0.0 0.0 0.0 0.0 0.0 0.0 0.0 0.0 0.0 0.0 0.0 0.16528463880893116 0.12640006618952504 0.014283612162100537 -0.01243930537596897 -0.06402972762953059 -0.08098932924703652 -0.04258645997425566 0.019901264033783117 0.05035308545103349 -0.0022729650057491993 -0.03479606202319286 -0.03736419412266408 
0.5700303467653569 0.24715356797422539 -0.09166279700253277 0.13620377110681758 -0.07816296375655796 -0.3195102660906869 -0.23371043866248276 0.04083082583596087 0.2001610641502991 0.04540404410502527 0.08018311382685409 0.1870856839961383 0.0636164400803092 -0.060017181077586246 -0.07807972900936933 0.08543671042411638 0.047709994128802245 -0.044811897268710786 -0.0473364597266288 0.011882865536347792 0.04142078802951754 -0.0012373233290403722 0.04578627663808168 0.10348668006797662 
-0.7808690898094719 -0.5027769825556878 0.0029805620149647716 -0.030783969425501878 0.23117066476687076 0.402723120786453 0.24461459925400836 -0.08011920501932979 -0.25113978842825 -0.015883127035265038 0.06429662915615153 0.018549740369923073 0.1892821242394005 0.05882658146402986 -0.07330411920691866 0.021908947984913496 -0.045943548314260785 -0.1335302083770201 -0.11016666695233608 -0.035018181468839914 0.028957827536886166 0.036203607252608884 0.10036775696117199 0.16223481055145594 
0.19958522466380835 0.43144003451060264 0.2327489060206256 -0.2409181465595982 -0.2587153147698421 -0.06692586858709415 0.019702079552882223 0.004411005900621517 0.001307530125572387 0.011653533504753635 -0.1695071444923208 -0.3197349103888914 0.14855665303980534 0.0772485961062898 0.017476967351048128 0.08264771573087361 -0.013637198290701516 -0.12592376608007658 -0.09769608071518449 0.015654722030988152 0.07992483979913617 0.051666160311446045 0.06149329701070316 0.09010001505765149 
-0.3826238116674272 -0.2686229776602782 0.057706506109176825 0.1228341148784674 0.22810682044942443 0.27429842637926394 0.2037937417493258 0.12326445437418942 0.012553284401704862 -0.09173556645769082 -0.17625814172392856 -0.233294134461853 -0.23270493266212 -0.1259905969762205 -0.00464028333171355 -0.06738112136782026 0.04371892014271084 0.11755215309272256 0.06006474879026108 -0.025531008544725075 -0.0578185209303935 2.133113998970306E-4 -0.018179137410453638 -0.06749672649852083 
-0.07476225142508142 -0.1016692227923488 -0.17145667110278318 -0.1885484182377879 -0.03571944672573024 0.12247337935313735 0.07978823223541198 -0.10782516995376319 -0.17145999166208686 -0.07166821711809997 0.015980608234784643 0.04270757623907184 0.01817420245946148 0.11893755503365407 0.1299670035220136 0.014273530224019929 0.045880379776706726 0.1417506562417575 0.1667830667968746 0.12836920647421843 0.05830312029485248 -0.02370132730515252 -0.12870440917215423 -0.18980191146107286 
0.05441944622133299 0.14174943702444942 0.2190042005718098 0.14517453051705376 -0.011484029683317687 -0.044632962461830405 0.03437727654196024 0.05259190854203779 0.008699535256760094 0.02513781407647067 0.02609016502395972 0.03981867655150395 -0.037602034411110395 -0.004331295136382085 0.029149444041958406 0.017121261875291793 0.06033304824412689 0.10021710569849329 0.07515824941893333 0.03569364240906291 0.030621214915074413 0.04814999986053425 0.026944876539002256 -0.024259112102217418 
-0.07345901165895619 -0.13055883793272338 -0.23780095177673166 -0.29490894505095117 -0.2765610290335912 -0.3327121428918195 -0.39593888823405887 -0.3453603406059579 -0.17167495618651266 0.024320825153130443 0.11543192965019777 0.1131144184876488 -0.04447043792056574 -0.05350316407194492 -0.0559801477053834 -0.04876538372362863 -0.030511773195958075 -0.041147630590864855 -0.10992185783503007 -0.2127541532493237 -0.20264508815258106 -0.07030333551559355 0.03298392046610218 0.08402992783420372 
-0.27046932831715864 -0.24118428468094466 0.0034303143202758513 0.12465059265917366 0.16752846687097422 0.20123987040626246 0.21618255372726125 0.13495111247309804 -0.0792028780813055 -0.2841800871749087 -0.3068184320486419 -0.1957202192794892 -0.03775635436340045 0.03958616397087197 0.16268929036757718 0.12816670635680402 0.007054033887724159 -0.036885848469428155 -0.01355418756689498 -0.034546025907019544 -0.06253821971530558 -0.010980177348469919 0.05056552319180043 0.07536532099740088 
0.22109344960586164 0.250307130276183 0.104270715139134 -0.03199029813796195 -0.03369037541500197 0.12297985469168549 0.3186511671478517 0.48925768782867785 0.48042647946468897 0.2939007400543704 0.08348314537277893 -0.09161275934804275 0.02378935741753141 0.025709943923884593 0.006209802067909905 0.0029913170926973986 0.02190177336762809 0.02693799267110253 0.015502486652256897 -0.02450004218226694 -0.10110985321462788 -0.15751825897106939 -0.15375292367862603 -0.12958682110118266 
0.02041227867912543 -0.16744203899261967 -0.44009950398885456 -0.37078491200985286 -0.15408145815578478 -0.16182141584529844 -0.2822551884483101 -0.26107902795422144 -0.12973652342292397 -0.07671161132873955 -0.10963201241273213 -0.08391369752285291 0.00651717639145577 -0.00886257227767647 -0.05833027161012098 -0.07815233373755918 -0.004622529003882918 0.0967943477378687 0.16095633162593595 0.20841032395866432 0.17620974663872566 0.04235805582282274 -0.08193645051827274 -0.1174427583763029 
-0.29026788740969245 -0.24455979254853966 -0.03466544882589617 -0.0561651439945301 -0.18146138662309597 -0.23199547777934665 -0.1932274771030439 -0.07384514384549731 0.15692142612818025 0.39314136414325407 0.478097490868121 0.4459716209128787 0.16970990250037676 0.1273940443807582 0.004704185065001236 -0.0413951102008655 -0.04198351245913808 -0.014437498862577428 0.014836864593919863 0.07075737993383424 0.11728125596173518 0.10514021544261938 0.060516231216529624 0.025419040894031075 
-0.03434018898374891 0.03283689356444608 0.24788921113315388 0.3711950168001353 0.25528155948667 0.08834449342817241 -0.010747119025098784 -0.20872844356580728 -0.446079591329228 -0.4608745666878188 -0.2583162532414947 -0.11218413428104124 0.298748927962133 0.34142843295367814 0.19342794334584557 0.1842990229721004 0.17212633477450598 0.03817626538413968 -0.15153860931012944 -0.20654494841558524 -0.08924998044808753 0.006835312960616856 0.03021729281659556 0.0799684719670137 
-0.2606600240638315 -0.23201446914462442 -0.2538361976168739 -0.27879493194035954 -0.11242134685881511 0.04120939664268236 0.13838653865448647 0.250810255832968 0.2867542455326354 0.17056157140605188 -0.023723427862428648 -0.15373466365104183 -0.11155841963301016 -0.37795949494530173 -0.2644265004971735 -0.20488514949264336 -0.2272781560482865 -0.1702661809992707 -0.03345419777248457 0.023514030229151033 -0.012305496235464222 0.028216423973552025 0.10811594807874747 0.10662380651274468 
-0.890638436880204 -1.1979999995556119 -0.9107979596309024 -0.8123670869532393 -0.7049804823614432 -0.412952649208732 0.006553631603313015 0.19622811745330163 0.07309700821911108 0.014072346158010979 0.050626568502756014 -0.023965971141933773 -0.8780965265414366 -0.522133036477009 -0.1411348732986963 -0.11720698052694273 -0.18430501197533752 -0.11821261424455103 -0.045628872854193946 -0.10013258242563156 -0.16214335048319156 -0.21411798332062668 -0.15379830680098674 -0.050859848055669656 
0.4725564954375656 1.5047371388473945 1.3379576380476523 1.1502713563600873 0.9805041024458201 0.5294516365369176 -0.10151525909979608 -0.34686551504250485 -0.06575038493959662 0.07101863579968314 -7.217642402467944E-4 0.08199111980509091 -0.5447451533063157 -0.6377476258115177 -0.5825731654421402 -0.5549773026097261 -0.29477644169467415 -0.22201137588034311 -0.0940491347782328 0.1443505768318665 0.1652700106857431 0.1561260709873242 0.07869802229227857 -0.08891805259080471 
2.2333411308898623 0.7308601989994639 -0.12460308680302035 0.008282814230740065 0.2617338707603649 0.19886121621470787 0.24609039841462432 0.3905071891488238 0.21660277535646272 0.23125085107724555 0.1915778353503746 -0.07746748184209862 -0.659959443442259 -0.5252092079948217 -0.2534308374276848 -0.1464705582782345 -0.11845744994666714 -0.1384661162268249 -0.09010279375490966 0.0014605028655945613 0.06464313193482922 0.08737390396110052 0.07033389510073777 0.00687426033695523 
-0.18841434802991763 0.7167983090123906 1.1007858622956057 0.975812025296829 0.28855080166430325 0.40133659157199175 0.30076555958352924 -0.27938101051039255 -0.2808086700932697 -0.40640589401553795 -0.33029312816307366 0.13977024947145472 0.501757999211995 0.38216537619214463 0.1976913420355587 0.29905424983637724 0.34006872698155116 0.220184413438124 0.020602305517382975 -0.08767350853196626 -0.008047713934729575 0.06963447653749748 0.026701992866818833 0.040022574866688386 
1.4197253151803144 0.7715970393463554 -0.03191955947182468 -0.28572574658690675 -0.0036314821306833167 0.06650322195420566 0.07572160352637936 0.1581043565904618 -0.013303245008540021 -0.009337100817680064 0.004410565161956148 -0.07347831698598137 0.5818433060877027 0.21503595486573776 0.03210153199366017 0.04340894374481411 0.025695948334703383 0.13927886897438138 0.21463194353758094 0.1353011252435469 0.003724617037906682 -0.02485219063108689 -0.009674630289441802 -0.02333927268634345 
-0.6259095943436455 0.3378725900975148 0.6985418482753785 0.400112887259779 0.09298059794669067 -0.06492260664720328 -0.07813777820782253 0.03235642683257495 0.07334576704709347 -0.017590817865346477 0.01275589225350593 -0.04007118722303288 -0.18570178623213987 0.1716437382828652 0.28760252750891785 0.1838256497919606 0.11468376145966734 0.1602392731521475 0.10551712287425434 -0.019442194288345715 -0.09104180863227739 -0.15984154964975814 -0.0992591186824201 0.029565566847839713 
0.7065588357836182 0.2752151938596885 -0.019785675773887235 0.1659055520148227 0.28243112761506106 0.014154208401161217 -0.2083537633024426 -0.1712649052533006 0.02835170567256108 0.11139988489541046 0.04907721601041021 0.08247105456417553 1.3009545841104107 0.591355545188625 -0.35676992248531025 -0.4885772410524876 -0.2164349269641024 -0.13416304220021533 -0.004010013706822126 0.15974034836054876 -0.04887107871156887 -0.20873190879505973 -0.04592784686092139 0.1311051176766567 
0.7252742503648502 0.45005801690712843 0.2319113379198834 0.19851942662008248 -0.19853178758757095 -0.05320672110792857 0.1262518743751772 -0.05636979672347421 -0.02851071953698814 0.01275026207719119 -0.05484909754004036 -0.026901136847142862 -0.39721534725724966 0.07936605027011367 0.3023963396164017 0.10765780027003984 0.1279216094159734 0.20855871128440695 0.06596231769225931 -0.044732744892338784 0.07757451300536036 0.17450336268294594 0.08168994275190176 -0.15702805117044358 
-3.1587303595051655 -1.0585623096243264 1.2717054631618536 1.2808027068904044 0.7914294915287547 0.46313440578521425 -0.014443181644654135 -0.2767535767131599 0.18423823441820739 0.6016880855962303 0.17599660064149347 -0.4733786952038965 -0.46066093603385205 -0.2733366195665721 0.26997979661914534 0.40259669560522265 0.33285421630652273 0.2233246636195567 0.07022921332113925 -0.17513492682717016 3.651895335655732E-4 0.1521986264532417 0.08083855876399455 -0.06361109249007428 
2.4983810450724953 0.7666631910291812 -0.8543927400416971 -0.48030909098813135 -0.5452834122580763 -0.9150888391924507 -0.3729800221134947 0.21929899723952095 -0.2373210363418108 -0.7862450062645941 -0.295773628317741 0.7089378411723339 -0.6743798144272241 -0.6495286217701016 0.3219547083025642 0.5386465556440623 0.42187312244673164 0.15126164965555833 -0.04004950935797518 -0.13111243417763596 0.12754375407546603 0.17833702146642902 0.010148913787170338 -0.10855716748154465 
1.2019882465313518 0.9369224654983785 -0.2865730266505331 -0.7024702759967383 -0.5427557089692545 -0.22487872341524776 -0.1694254550215244 0.21630547824671237 0.13166129547427569 0.054301639706578086 -0.07297619489272311 -0.09461515697534006 -1.3576486690380578 -0.5677097918406337 0.4338886656718506 0.5823218840743768 0.4867684091367755 0.01058701433010654 -0.2224965392093897 0.022232433438848804 0.15357540250899873 0.16025436259942996 -0.11087102048933284 -0.11777219602994211 
0.568054390628264 1.4009014946560807 0.04518645791838427 -0.425783748868533 -0.7970585546787612 -0.16298510547437262 0.3238915391375379 0.09043797832949757 -0.38485351229142034 -0.2485675793772697 0.03919055886555692 0.10938859648321286 0.5731359319608661 0.13953903676064913 -0.4226133435038976 0.012796337055630916 -0.04402849946003662 -0.4883818667303885 -0.1989786367497913 0.3108781212749411 -0.11379510589615018 -0.23337417960361553 -0.18086673397098132 0.2212600683155875 
1.8793789748311234 0.3274479140841251 -0.4797501328337388 -0.49342561639252536 -0.5429881646712292 0.055321495935855614 0.3046106553579987 -0.2790203675746946 -0.202721735133984 -0.14791371564572176 0.34112756851784304 0.17971251523049037 0.31276920794929125 0.3898282455822312 -0.33254102907555233 -0.06779401053396146 -0.2567366451675519 -0.21157271861442528 0.10919754761561169 0.20146482611324923 -0.13353889295152752 0.0010423942008400318 0.016259226545133385 -0.05122113018331207 
0.4402778850400111 0.6527833564543606 0.5100358435615986 -0.6232204319571306 -0.41308168602697903 0.40995665132316317 -0.013062167053882356 -0.4656724436745987 0.2712557966507696 0.0149852102224024 0.03977469188991989 -0.09200619987734371 0.10553365580676388 0.523156680193891 -0.05537335301739491 0.09114035807167853 -0.793359384739674 0.26510582506578867 0.2768707479488845 -0.2835021256067251 0.007970962191484613 -0.050589864127689545 -0.027031258806063014 0.1269728844914085 
0.3275688754776045 0.141496797852545 0.4786253677545167 -0.40036990285055507 0.03546579220751017 0.12336855402926017 -0.32854124477264934 -0.11003378909098727 0.20422331985776332 -0.08060193769577806 -0.12204594104030475 0.15974563175487444 0.16446378326919012 0.49454149301348355 0.06723277518546267 -0.20153054190970465 -0.5294561607360947 0.4040995978081885 0.0715778013962 -0.28051568141416255 0.03989172193116477 -0.0018258495765820133 0.10883265735897363 0.0036318953411525836 
1.0273584728847318 -0.07559298780980228 -0.26788123332355873 -0.7457326798545536 1.2937926211008912 -0.9923261097184408 -0.19014475464379155 0.856451065907819 -0.6122389263617478 -0.1304538759691729 0.35187109006281986 -0.26154661525320466 -0.4610461486720432 0.62419518369286 0.378546640612402 -0.4046412317005201 -0.07857375582279978 0.23672293826157273 -0.12058778391243587 -0.08434719941512812 0.07027370068661165 0.03419233552694808 0.01458966289235794 -0.07540120492297693 
1.0924473311011926 -0.7919883928242442 -0.29248991994754814 0.1724221332853001 0.1919431639731195 -0.4558359169679078 0.17841854496435328 -0.09853507812341589 0.1193504605787804 -0.06971662382018806 -0.1414186026455278 0.2535870368949631 -0.3671889269944521 0.46023048506984043 0.09818510033496919 -0.406336748061446 0.3335571353805416 -0.02627312871165673 -0.1849702119541047 0.19739764549751107 -0.0719208330523683 -0.05120322864286394 0.03949820264705181 -0.04308527838456452 
1.4409771032443466 -0.7530595992858249 -0.24004643442457496 0.304307245076502 -0.25559910444138434 -0.010609927962971 0.09522128981492395 -0.21838020091300003 0.1028711242304261 -0.09303445329623683 0.005692034015457592 0.08727671232154277 -0.012108309716036972 0.16849916320408553 0.005913128351444937 -0.3819686146932196 0.5110830633665556 -0.33646152878119184 -0.08876046433250967 0.36926022750176624 -0.19772954779766572 -0.054759353888183204 0.08287456930951219 -0.14155729029727773 
1.2223263412811534 -0.900461351618965 0.17015266730011724 0.293620378868255 -0.19050975116297697 -0.28867015071350455 0.08368636886030711 -0.16481109217311096 0.06243079371878127 0.054298036896345714 -0.06745102095777905 0.11458980312119427 0.1656917046600732 -0.29059708470408463 0.2138280484483912 0.08082899309891754 -0.09870799022497506 -0.09402644293822959 0.21313342996939033 -0.15066866950567834 0.007741533506438238 0.03998129186032998 -0.022649931512966643 -0.017385068154440447 
0.9987438969428624 -0.5268539980246985 -0.5169419120017262 0.3395740414336277 -0.048230111430727196 -0.06652440650206692 0.12350272640576054 -0.21819160957263217 0.009409550461248861 -0.02818314466289018 0.06626359129040893 0.23262387252551298 0.024459482611054757 -0.345223818841057 0.08380505588488403 0.08460697629117979 -0.1382446310368744 -0.10612564110017934 0.03436394923462369 -0.1184225873787199 -0.19964532019462555 0.18539707735166763 0.17219820310415426 -0.06456293153341826 
0.8164888202717151 -0.033299939342553486 -0.7955263265041461 -0.08769824419001537 0.3843826381427161 -0.14579934888367108 -0.475122463239236 0.35337663472343517 0.1428566469440543 -0.22208615371785134 -0.10375458674410354 0.23306866125629933 0.602205587845449 -0.21625376046233313 -0.45046325109812285 -0.2590748342258202 -0.1267198710725403 -0.17247114095266544 -0.2862756525063724 0.2891346500415668 -0.2187580871914889 0.008183436204669067 0.1893997506962032 0.23058734600485797 
1.5705174159159014 -0.1509688489008596 -0.008622105177095385 0.2411456277320978 -0.12831140598360768 0.23633159442265028 0.2715338581608244 -0.12220630222511342 0.6615941582016662 -0.5110335900441412 -0.492750792403843 0.22172607785424503 1.8320309576742784 -0.33356659604908173 -0.4596171006022258 -0.020312982158252835 -0.026941042034976548 -0.40330886102491886 -0.3441529882883727 -0.019942203150107845 0.05303785293194826 -0.32338177961646375 -0.04105947342730263 0.3429283700024146 
-0.8701771817417132 -0.43964264479388504 1.2673825171821704 1.1200590883964807 0.22969050933108415 0.07731527168213315 0.8684977605018924 -1.080207695971571 0.3926127514230392 0.271172950972964 -0.35614308119926275 -0.5717233375577456 2.4399093215320136 -0.4920698749593286 -0.36958093340113063 0.36028837217569665 0.02810381379245554 -0.14698651990319636 0.28410488360222536 -0.2090983231694493 0.38780236361297177 -0.2471453385544041 -0.23365855604127342 0.2645842312435061 
-3.654015975073259 0.6770171428482126 -0.16954503203820703 -0.20336567838486186 0.10993907908001843 1.0318448662897874 0.4841515794003145 0.5584271652251944 -0.27458206057408835 0.6953326418410934 0.31563625879989643 -0.3937652380747085 2.052962384544451 -0.48090083113462967 0.09874351767874352 0.3178109510627929 -0.10332280539538646 0.20068247804934036 0.6223791844795369 -0.4105477660177757 0.4982357271330909 -0.2101431194079181 -0.27498215238601215 -0.014941341567034305 
-3.8909724488297455 1.0289166896608961 0.3936779371298016 -0.9463077076586255 0.18094595423353643 -0.1025964251076506 -1.4337459746656571 0.6403548705066291 -0.5524623345069839 -0.08383325399725639 0.19302755577784708 -0.25293837450974227 -0.04784635750820584 -0.16399673795125333 0.5740908866951862 0.03786914825809987 0.30930343354233947 0.16162413459236324 0.484090893616721 -0.17688206271794302 0.12467614747603178 0.012199767613228238 -0.12257814133306207 -0.3706273619784543 
-3.077972104173436 0.5574539772756388 0.13199963181285845 0.32089617257127223 0.20602928775132556 -0.27575999133047896 -0.44448182769401146 0.24915571258911373 -0.36057548023259506 0.2968988706647234 0.0576103462656386 0.1071576210313463 -1.8396609693910186 1.2519882232708939 0.14957939853987398 -0.6773093915269218 0.3381164202830352 0.03382705197565261 -0.37102356305463396 0.4637429495858865 -0.500288712152185 0.14521635865780438 0.1927816421294575 -0.10752313325414715 
-1.014660044667007 0.11212915184616179 -0.6056624748289208 0.744320718144114 -0.7462648956315878 0.24624529671517664 -0.11945821680110758 -0.3949257814997016 0.0615810188241972 0.43379053372146437 0.1406042990670524 0.28969731882458993 -2.428757022453087 1.0451845807957287 0.20336565312694535 -0.7947629717893165 0.14356131058713467 -0.3603509175951371 -0.8399600589383165 0.5188244292563304 -0.43330413468694023 -0.014005329315268983 0.09594432368997015 0.13605881238487075 
0.4268107310184277 -2.620553758057102 -0.11861302167846777 0.9832482832945342 -0.4408047568365252 0.755942849451416 0.9400783896319416 -0.31516135752929975 0.919262399216876 8.716720083199181E-4 -0.23649703923307874 -0.34251368497943313 -2.531756429055387 0.7825924074826321 -0.4298210156248821 -0.029140746101281294 0.10329110584349947 0.22245710887359174 -0.4763808705662693 0.2516251123730686 0.03110563655212036 0.12886170459072602 0.06007756207682477 0.10163118680616644 
1.6429072009335837 -0.5176331850599194 -0.09111269550537138 1.1068051523476932 0.0736790447660578 0.46260490728681325 0.3938540934863157 -0.6339598822031554 0.1075311298291014 0.10619633327675232 0.05224827745729527 -0.43627915865896477 -1.2161197674111637 -0.35915953669198647 -0.7470851245792874 0.5588560297544031 -0.13735789493011696 0.8287284475070131 0.11875967981637363 -0.02608371596700132 0.38604420080602136 0.21712334480249465 0.040013261733510254 -0.03303130612261127 
3.1885135601924297 -1.475442076719217 1.1641877890257302 0.22707619377332655 -0.5138159999779957 -1.0513111232370724 0.7280046288610849 -0.38620257417836523 -0.47686744539140824 0.07411085711490134 -0.07844432915995714 0.16525229935462435 -0.8217264873137692 -1.1305409356750473 -0.20169119616040657 0.9378082390141302 0.16158370183060913 0.3611478653250657 0.34610656607340884 -0.10802069728650765 0.5056496217576042 0.025098214355990727 -0.17584195879755396 -0.22024059962257245 
1.2528478429794827 0.6170519212531786 0.9941924935568425 -0.5541613263584915 -0.2976855892705017 -1.3363130594616188 -0.3697003758648001 -0.2811540252741649 -0.39848666128972476 -0.25419909323931034 -0.058461841170039164 0.134908245025395 0.6608463844110576 -1.0816806825107277 0.4228728880578081 0.8885780808198508 0.014998370685077885 -0.03283301569808942 0.3491061824416802 -0.4821293154704612 0.02807840429766793 0.07405996545101423 -0.11603326121953354 -0.10083923125427148 
3.0870198719367856 0.20372649581149105 -0.056192027728354965 -0.9996931943947642 -0.7398735453100729 0.5719582368504348 0.28353592608727296 -0.16750219413427203 -0.3446775704965235 0.10577474219837907 0.3463838964732504 0.03261441204610429 1.420424348892708 -0.9018927723461297 0.6911753889551694 0.2989357755258427 0.08690981412784023 -0.39576574547208804 0.09639944671887703 -0.5073301210291766 -0.24211583468897513 0.13016101763533963 -0.2720739326646119 6.972815152036145E-5 
-0.28888510817176716 1.88782457620691 -0.7495414513017531 -0.9455443960278138 0.14171270537686276 -0.2505307256626721 -0.4312301024518188 0.7030778741861815 -0.042799020511344765 -0.13181550561802924 0.1879339482992921 -0.06744252124189028 0.527875589409447 0.20728941025630654 0.5781523493205462 -0.12678059459169144 -0.0840237102344686 -0.21683919120377348 0.23384940118152597 -0.25623136818375575 -0.26706724218849315 -0.2051043831888046 -0.03507952792338964 0.09667273277668693 
-0.30189301091006904 0.5948499128423066 -0.03747140541048033 -0.4740395979695404 -0.9942445896851986 -0.40690505372028163 0.4695711519979631 0.6436718391789913 0.07163623828632715 -0.3775639896017581 0.6145795740992128 0.2662184980337059 0.756564781324602 0.3459092094879293 -0.13657269164688288 -0.5744775438053167 -0.2504272530372235 0.2906347840646272 0.42612001107165454 -0.31746966159942697 0.008740991679493548 0.12257280347534394 0.11616521168005604 0.17239732925654236 
1.363677516174569 -0.20037801803114874 -0.7496248655637334 -0.43664634079602904 0.08157106362046695 -0.19636384056494016 -1.164266192364723 0.08195306262047061 0.19455816088432942 0.6027834222271721 -0.08732109621285145 -0.27191199629846663 0.6589088926759187 0.37460268484868653 -0.1524846670956553 -0.33017695720686907 -0.2739126207956128 -0.10609737091287919 0.08603847121967038 0.23913517276166138 0.007417773097132059 -0.08094402673240832 0.22454725380948667 -0.028159057625157972 
-0.008955784210188611 0.2101001644667324 0.3535677543432838 0.46929040940529343 0.04147903467979552 -0.3270295578923128 -0.6283060621712386 1.0954691964468644 -0.4895791362328412 -0.6292431321502534 0.13551578368915407 -0.3823428381952346 1.4204517430797798 0.09674514097315168 -0.07936673517674271 -0.3790857346618391 -0.7542114899450897 -0.5442261545180717 -0.1062511275724868 0.419820545063551 0.04055639974948958 -0.1329500583831225 0.23760993273514275 -0.1121915181362445 
-2.4120803995494633 0.9563913958486374 -0.48760702989166926 -0.4266785280946235 0.44558875558120403 0.02782363916198105 -0.1404069090262291 -0.24022632273273917 0.21555534745684324 0.2368561458534434 -0.2461759179241385 0.3413153197480539 1.654269917511838 -0.009072597766661103 -0.26064433417990857 -0.127265348611266 -0.2565411967375271 -0.5138555411052036 -0.6771093208838206 0.19904329791710174 -0.07641978307926134 0.08546788467675559 0.07861715088284822 -0.16335404735618328 
-2.6753692822873925 -0.2737702170170415 0.06961988228371574 0.6582336996652742 1.086381034169702 1.1136796699704725 0.2763948930461766 -0.4547001033350568 -0.06053155424839851 0.2042498237344737 -0.01882281325057189 0.2961793944191791 0.07260530012047317 0.39240870684621143 0.11705437306847848 0.007015403236595663 -0.1399587699686252 -0.3320488762096873 -0.35899155553014794 0.23429679026586517 -0.235774351337083 -0.14837996211509466 0.16563473356381084 0.015044673013231757 
-2.265925487322343 0.06877496601072153 0.17428207300577636 -0.14932194009222144 0.3287436540880951 0.6248481688192782 0.4147112926780313 0.259907818760126 0.2092937191298921 -0.07036670974545828 -0.24600325039153312 -0.12111097053712362 -0.9393987588525464 0.4047409534839102 0.012278965207757953 -0.0018883422958742013 0.1640192014565158 0.0492621281811619 -0.017517494863479848 -0.07991690837116745 0.09208067553846823 0.07362661694815943 -0.06839651232997165 0.2302836450028615 
-0.2998491406851681 -0.5233177411529439 -0.3285399163108744 0.3095659056943054 0.5197778953322256 0.37060480590810063 0.171109503567075 0.14251175490283635 0.22087473194188334 -0.03049181800551856 -0.3614747507685811 -0.19626371209234109 -0.896394766742192 -0.03833638276818411 0.0457922362843739 0.3184596433372289 0.4218245673506014 0.3886108079256456 0.2004320927527703 -0.005014418003371675 0.16182958452216123 0.15524477141756418 -0.07397972927877268 -0.02477895907740918 
-0.7816441937929359 -0.13305770253514204 -0.32536402621764804 -0.24667960422151647 0.23683272063039484 0.2515746866496813 -0.03521172969623876 -0.2990815267381834 -0.2013898222537024 0.1333471158789612 0.13033958782478106 -0.10331406200477045 -0.5608284091776735 0.13404489418599397 -0.0022336503107903325 -0.14265195642325676 -0.06054062418354017 0.17761200789536405 0.2755010809463248 0.21053444074569425 0.2026070970580914 0.04420845228443698 -0.14571485818902896 -0.11279923793530262 
-0.7283256288255202 -0.0578447344395574 0.18206622304230624 -0.24846639828176498 -0.13313720115325212 0.1344839872783341 -0.09993987402499926 -0.16016217657578707 -0.34067853712308493 -0.36334140333042864 0.014944955477589061 0.3616178173852301 -0.16716472305214444 -0.15030145296332634 -0.051213506308728375 0.2265235996797179 0.3273833701044075 0.18490440717558287 0.005612545689539561 -0.0710878834647334 -0.05763584520518422 -0.07275285185169664 -0.16231326240806704 -0.14407541804977572 
-0.36920201571914646 -0.5660962199039536 -0.07432004573844297 0.557650081165584 0.8368230748814545 0.21007255444806927 -0.276267261364906 -0.22035853773764508 -0.11775093751189797 -0.036567273936314204 0.0029314710524686594 -0.06165402147000132 -0.10116707693750182 0.13259932475437278 0.02078787254694318 -0.022298323025089124 0.09998566686532168 0.008061494485268272 -0.2980995057638538 -0.47107137854296305 -0.4403559984284495 -0.161346260500809 0.070154708210673 0.06000396951737025 
-0.004576060565629536 0.1441058764214409 -0.3004213876242918 -0.7721697360383986 -0.7623673921065267 -0.16335734951784198 0.2747996323327899 0.3164139107967674 0.35196282518653377 0.27272393245720905 0.18916909484177621 0.21513252178960152 -0.1655751768769088 -0.012842530307178782 0.016112061067760603 -0.09669691172531132 -0.014921868014314351 0.05082823043349397 -0.06303299217205442 -0.11644660875014516 -0.18019265311121915 -0.1801646605646546 -0.01799538939248606 0.13068255057884134 
-0.8400177471103758 -0.6318309822287596 -0.14648383852517854 0.0820670337320677 0.2514908155110671 0.3763108715919645 0.671717034416428 0.8758445652044284 0.7733574918768371 0.29935322948756937 -0.16723660648933153 -0.2100833227590669 0.017482062357507377 -0.11736789512921735 -0.21063613364810863 -0.13093191871283283 0.03861115457642109 0.051293922617279754 -0.002927465136734253 0.010146611284873245 0.030122902400008738 0.01927431247239314 9.156462400549034E-4 -0.023638085611525653 
0.003807767500820791 0.013550237644381902 0.1698119362323922 0.27941586061092716 0.2042945325748846 -0.10111986259409544 -0.384833045399503 -0.35892390179638833 -0.24565479248379496 0.009192326651593419 0.15401516242594734 0.043784816293238826 0.21617584514136676 0.2545347228639496 -0.041169437132476595 -0.2926092138393744 -0.34338306780900796 -0.10028817260712934 0.14182766089409418 0.18980415472161993 0.17776051583753263 0.10230082939236336 0.0680706986251793 0.10551075883954279 
-0.42584011682489376 -0.14871471512777212 0.3224716932775409 0.42465303897941964 0.23765864881148557 0.025072043134356736 0.06233147291144325 0.08687053470431305 0.09068916412324018 0.03737559154931419 0.017761498540218384 0.09493408811275698 -0.06418981766490635 -0.009763108877129797 0.09801782594211923 0.1325512729806555 0.13936227327870873 0.1606889868357537 0.19732983086355652 0.21579743379207975 0.2206096622641789 0.14504148772235517 0.03358402991625559 -0.0046896564525336915 
-0.8601924111324708 -0.8610564257209017 -0.41139084212822175 -0.06563509714395144 0.27469789467028805 0.31312658253234993 0.15400943040299975 0.1414884618819653 0.16001544155073427 0.09681026324924655 -0.10754205354853665 -0.2539084601649388 -0.013887104545343476 0.08103911886820618 0.24556008972750898 0.3493922791729697 0.31715175039684046 0.15034754670054254 -0.020985382293643922 -0.0549398619949266 -0.041976903452614955 0.05870867393530191 0.1192394004693181 0.09295614493155335 
-0.21544820479901095 -0.16523832391472837 -0.14993592717122928 -0.1430613063324595 -0.20179768537276077 -0.3128793114785192 -0.1896936960754929 -0.021753918010987583 -0.0913066119329643 -0.17958020197832272 -0.1372100882508563 -0.04716771517237703 -0.029119002182224445 0.07502691404075963 0.15411227271984507 0.17989254815439026 0.20514774918548664 0.2140418749517843 0.2523746993992946 0.25496540854301414 0.1818060376152831 0.065855431082588 -0.05464639221014784 -0.09132557770842929 
-0.059726874876090186 -0.2213053145667585 -0.33066452272574964 -0.4849038042520424 -0.5274325515235135 -0.3831868253892851 -0.19586431402510318 -0.1397920894539582 -0.02872619409784785 -0.058455798390493835 -0.12621724558646966 -0.16403271685885426 -0.1765764840535707 -0.17490888600369572 -0.057463932239063986 0.07808884398220857 0.18142149616627254 0.16200991480816027 0.11130945785773232 0.11665062014691947 0.12277359029626944 0.10132450644815272 0.029913837350405172 -0.036423744353294187 
-0.7387158784064107 -0.6936710128271226 -0.18022828458323037 0.09460974807029432 0.023280624351926404 -0.2688968777601787 -0.5198557530723891 -0.5373854152567676 -0.360358130898318 -0.0825576708785796 0.19103827118962843 0.32397294958500256 0.025879517472242302 0.07622740917432973 0.108472704759408 0.06753656957677483 -0.0544961916761987 -0.17936600659519766 -0.21417724524582296 -0.2254206414762334 -0.2504388391208933 -0.24352676070125026 -0.14519268736718202 -0.04028824940761229 
-0.06882912216805881 -0.07211342325361736 -0.22385286670502924 -0.41873715629195407 -0.3821057486908731 -0.1948943787513011 -0.014837914671749108 0.049352350064096884 -0.07377956985539724 -0.25567452164508314 -0.36140774531999453 -0.330207559483746 -0.055144240256275324 -0.08279146858623432 -0.08272335439952117 -0.16632523013079664 -0.2639830730242504 -0.2931606048099915 -0.23576722082975735 -0.16513952614179497 -0.07616250748824477 -0.05035760199663444 -0.07623628344573731 -0.09931540791454174 
-0.28853563356975354 -0.4685164970942881 -0.5287598694598135 -0.37875433904282807 -0.11097251176048492 0.13107248498808183 0.362324839985299 0.559935786658685 0.6825365933084905 0.6496094417527227 0.41596322371745226 0.15678445436290572 -0.20067233626194655 -0.1747910657911406 -0.047724267410846864 0.003080505607020547 0.005310864516318801 -0.024030260956596477 -0.05090841520324709 -0.040947946985963345 -0.011535796601672699 0.030538722203085938 0.06562833383458345 0.0843276737101502 
-0.1193842765255928 -0.08550816667447281 0.0917713329111054 0.25075392969690874 0.33164323560544334 0.29631030766655914 0.07034705193532487 -0.19303411198629966 -0.3216860337365178 -0.2734665487162417 -0.00997087151316961 0.2175077544958194 -0.14342922636356947 -0.1856855974765194 -0.19478980199413987 -0.16692396217655317 -0.05819695781384141 0.047367617857605314 0.09365957965539433 0.06680367325098384 -0.01692874126775301 -0.07362581136342083 -0.06540642855071166 -0.020170259438986243 
-0.1114212924418041 -0.1626004437432731 -0.1948675821587571 -0.24937731174519873 -0.3495264613451882 -0.4424084380993194 -0.4097229907661848 -0.29334834327367937 -0.20179750915273964 -0.1652778239522581 -0.18156516721753438 -0.20286772853523072 -0.23591375309239973 -0.31679063839816085 -0.25334565302450174 -0.13532188436806647 -0.035117420908216596 0.021404364794539 0.07134311543454769 0.131598338889196 0.1600657842467714 0.12261248568295569 0.07349075340164792 0.031390813068781005 
0.2729013863586749 0.3319853425004333 0.19357039562686218 0.017346216588890795 -0.08823790045699725 -0.050256770780416404 0.0902072617378098 0.27558339527732756 0.41917370517847685 0.3726465452976698 0.13357573579963375 -0.08987068971771905 0.017677511767603054 0.03334520159137777 0.023184404041539246 -0.03940666922059497 -0.10061032654760925 -0.09129551324781672 -0.0799377894886593 -0.08385784474416447 -0.063672135923096 -0.025886233161707167 0.030076744808116243 0.06976291593673176 
0.22306279426531184 0.2731086635127413 0.18037755825581336 0.14391517061538028 0.20432031899538516 0.2401429298279526 0.1383653887804135 -0.06916798364071658 -0.16809062888932097 -0.04128456230310004 0.12371765985610685 0.21630123726333195 0.046968920118774626 0.05010550022517061 -0.0028222680174548507 -0.046163744967124366 -0.05143713957795132 -0.06330352912554253 -0.08357521923559007 -0.06658014649545892 -0.007679327200049528 0.012124560167405152 -0.04747503775946044 -0.10654865807163387 
-0.33965885518195993 -0.40339832507661333 -0.16540444942079757 0.17232769617840415 0.35655082507798436 0.2289211634463733 0.03611623062800362 -0.053550757570287655 -0.14752306609893912 -0.2578044800556992 -0.25284251947433894 -0.2013654762136572 0.11592020377617211 0.11446183828599321 0.02973273312520634 -0.016410388294053817 -0.01380190500564297 0.035561746005964935 0.10457687602792835 0.15213659412079453 0.19255486940258656 0.2113032939459274 0.15772184080165888 0.07680513628925516 
0.05395206797218943 0.0547748893697384 -0.006913355582562675 -0.1883768166385823 -0.41760940537882507 -0.3920868178360867 -0.13195181750451151 0.07095917263650497 0.10458885808611693 0.11357400822221096 0.1540690736978333 0.17252563892763995 0.09784334469822016 0.11964211287223551 0.10408214652871621 0.11921810488201183 0.14310250934107094 0.13939569474134308 0.09597085988641418 0.003155297855520998 -0.0935320609090964 -0.10253034804829024 -0.05180339310512629 -0.0209508028469641 
