0.0 0.0 0.0 0.0 0.0 0.0 0.0 0.0 0.0 0.0 0.0 0.0 0.0 0.0 0.0 0.0 0.0 0.0 0.0 0.0 0.0 0.0 0.0 0.0 
0.0 0.0 0.0 0.0 0.0 0.0 0.0 0.0 0.0 0.0 0.0 0.0 -0.04662564693878757 -0.02940749203608739 0.02334292164238964 0.03458485485426208 -0.006561082872136821 -0.04399850991275889 0.0058606402614710396 0.05280151454625528 0.03274609951273192 -8.721594451834846E-4 -0.011527121306774265 0.004853380116655102 
0.0 0.0 0.0 0.0 0.0 0.0 0.0 0.0 0.0 0.0 0.0 0.0 -0.08122987058205815 -0.11991460135507988 -0.12538117724143047 -0.11457507548207568 -0.047210029637964425 0.044377186500148845 0.06043742630118156 0.040471731006601314 0.04834349817416659 0.06283144300683792 0.06201737365833223 0.045746258028462494 
0.1398769408163627 0.08822247610826217 -0.07002876492716892 -0.10375456456278626 0.019683248616410465 0.13199552973827666 -0.01758192078441312 -0.15840454363876583 -0.09823829853819577 0.002616478335550454 0.034581363920322794 -0.014560140349965306 0.17813919247553844 0.23048918697899298 0.18894585545095308 0.09268875804159811 -0.022182911707278357 -0.059927479391285655 -0.09330624076806832 -0.13235742859628666 -0.10759323783138808 -0.05931683292055645 -0.06591492026514538 -0.11239540175726108 
0.17375114133799308 0.31563256601110856 0.41115791418787584 0.39560250872762015 0.13178846460568805 -0.19912932436958486 -0.17252131851133812 -0.04221292120042103 -0.09591134525340189 -0.189802568188289 -0.20334280293515808 -0.12995870391040482 3.1949948973242663 0.5835676218042726 -0.27905852782837376 -0.30581333646607906 -0.517311464559635 -0.043108310862120025 -0.2461777067794729 -0.3694110991080704 0.02868729343950166 -0.012309859324359454 -0.11843925866531231 0.022374658958848145 
-0.6212931480956119 -0.8492838439425332 -0.7724165234467971 -0.4758675284886044 6.545028189910429E-4 0.2793471003586494 0.366179381559874 0.4181787463890705 0.3707353861208652 0.27285178285581385 0.29941616226301515 0.40216555722698566 -2.256091271439735 -0.5493832021031322 -0.06790076336336472 0.09110936412878705 0.8265426175100448 0.005544184128379694 -0.057861225117564086 0.27268695149032146 -0.07688442153556059 -0.2119981586330423 0.11837615225711534 0.10493785037850963 
-9.204399647516812 -1.28194970538742 1.1883694627449355 1.1034964913611462 1.5614487665776144 0.055649147276173705 0.5466524691662751 0.8199416523102929 -0.32054872264803547 -0.09818807428705334 0.2229003768245908 -0.2754868256650199 -3.507311021626565 -0.5395837525569137 0.3833070864731088 0.6684972898487866 0.8031234957823256 0.2872851954501347 0.33430144618296187 0.5732933812270605 -0.2083585180257924 0.06880411147933863 -0.03319183461352279 -0.07164655097032963 
11.597226149562971 2.535163218116923 -0.2549322491156046 -0.7310296482659104 -3.174774754899687 -0.012026258469741702 -0.20358513927052746 -1.4075426848650872 0.24473365476580278 0.5928037072840595 -0.5336686827308976 -0.25660963060818665 -2.420382661664156 -0.42768983608878935 0.20016492575249922 0.012186301968328095 -0.04057354206951739 0.48924423308557174 0.44275069346294377 -0.0457284254399228 -0.08434609185907982 0.29653964381281167 0.18978440210974326 -0.05836874375604787 
4.586424557388396 0.2421602926521218 -0.9975054823970468 -1.4823083009300868 -0.6898673938819495 -0.9152982313057934 -0.8905433966450229 -0.8492323492545235 0.5921650745015063 -0.5561908648404277 0.3127751234023667 0.4143685429181702 -0.12257314546948805 0.7097038732953455 0.35688669074710494 0.18968559351548156 -0.2824375466679909 -0.22771277202268037 0.014623969792765923 -0.4083788700357278 0.20206192817064392 0.07400203584018124 0.01983599279774371 -0.004023824299641469 
-0.25555726555574854 -0.328269334695936 -0.2799738281333036 0.7804759617520278 1.2480332092573252 -0.7029119096070822 -0.2434747659233083 1.389951023491247 0.16741676312333376 -0.3877657533059341 -0.3148744173551026 0.23234410420353419 4.641522767144374 0.9163498883305289 0.03217976524131163 -0.5701631020475112 -1.4396812154301697 -0.18736269085556678 0.0755522893439902 -0.6778598314944523 0.3010610685750491 0.018905853391169642 0.08935588824592273 0.04689494576632062 
-2.9102885035489887 -1.9793450488670266 0.1302301800124701 -0.2213130941942676 0.19735742450308136 1.084230288912885 0.5227253731143677 0.6463314082393092 -0.8880760613387326 0.17009054848739974 0.05399526574346214 -0.5078922201719559 2.629132100022233 0.41543921006274886 -0.15356321347293914 -0.1949432294237047 -0.16643098826919808 -0.25675468392340856 -0.17084768406991366 0.10857255084991846 0.2275100190661197 -0.46226184496577366 -0.03462229614593926 0.09577686337074172 
1.4210143785985414 0.8968662238849108 -0.9153393760442979 0.3489620545087134 0.7006564821983063 -0.4497024460123805 -1.1368763921821934 -0.12174506912864635 0.08167101696077497 0.17294544044663684 -0.6723464186392136 0.06383591363791452 0.07270729894355939 -1.3691086128701946 -0.45151972320185746 0.1006087707593873 0.3821779361871606 -0.014501403386285657 -0.1307469621277455 0.6467681553829593 -0.07339263628131054 -0.018011317589979387 -0.23717191972460164 -0.08986861178834255 
-4.139257564755448 -1.6167251168265482 -0.21913306802273236 -0.6817216590373154 0.08311393445515419 -0.2716389113329185 0.06870046869416058 -0.41910195549433227 -0.0474921096155734 0.5502390731806078 0.59537801248224 0.21129204808875485 -2.0251587492259744 -1.3183792924031212 -0.4206648694448778 -0.372841331442783 0.1530107852519907 0.20640950608772324 0.14192679162873242 0.08180368867864307 -0.34999817786426596 0.26962407345213446 -0.0792676241704345 -0.18395358502841005 
0.14080536821680312 3.597746537894409 1.2492669654898696 0.7088539318953898 0.15862114571980698 0.018526900674676605 0.3757785726700318 -0.017636760790810113 -0.032697303894314245 -0.5238060628826 0.12594996844931344 0.14235780543820648 -1.601405493276726 -0.5101706556166126 -0.5867383962153206 -0.055290946520894425 0.41183194228958464 -0.3783456958893327 -0.19098227061146775 -0.2536352157061194 -0.027683558114734802 0.16977461527562074 -0.05865070337697723 0.04946361543287938 
3.8052922493198036 0.6253526713375877 0.3099216175800198 0.7172649614407431 0.009342736986358985 0.23088709730618673 -0.6593824841979421 0.3488661880344619 0.21910263268160973 -0.2904059202043852 -0.10735005528949787 0.004707589013128233 -3.1257561390626454 -0.01692240538312924 0.1065306391030482 0.2505465568202563 0.05662463007975164 -0.25931372549210957 0.12135475858565352 -0.1061273302889243 0.007345757263534207 -0.05843321955207792 0.14403236016790674 0.12424504001444266 
2.252955951391094 1.3063392966526806 0.580348469800288 -0.18465841616763257 -0.49795374593605 0.43407163733606485 -0.19988810390173883 0.25517650622531485 0.031424320156387825 0.08394409131227121 -0.14503027462241297 0.018737296877089693 -0.9320244604838885 1.626751427502082 0.35109842099046523 0.5566608463613928 0.4226982100585898 -0.06945419334354858 0.16812435978966303 0.015797445876984246 0.11317628324877323 -0.3094266723404786 0.019194311957419375 0.05867630102765575 
4.181935560845343 -0.4202542800562963 -0.2042657374870861 -0.9866051554665731 0.24152749004382779 0.29852989681271613 -0.007530468776914656 -0.23712659813562187 -0.10159019343152706 0.42166365473940604 0.298771053514383 -0.09963281767401472 0.9888468821309656 0.18293542872356205 0.45417652721368446 0.29750067703815725 -0.10099851075613635 0.5583533285825321 -0.4889064600061939 0.35738430655593706 0.023093013938764544 -0.16065716580320502 -0.04623390584789298 0.06632562743229707 
2.748557093905699 -0.759704268914895 0.453065380052027 -0.10919354873513054 -1.2255658609846969 0.19306808095205763 -0.45452051440947105 0.22796729466327903 -0.21187974058406556 0.04843916666694015 -0.13469352182488512 0.01849910569881069 1.1079224069267617 0.2802515092107403 0.1731707650178881 0.08005049491206533 -0.1721883642335246 0.25394447960770683 -0.17633044615003582 0.08692998569249848 0.08386226661379455 -0.006156835457787706 -0.05249644406918327 0.07929555099609345 
0.5909510316696043 1.1095681679506892 -0.9889664191869032 -0.21296950338997966 0.6761443267790914 -1.323671110249406 0.9346531010745059 -0.7096821258523316 0.2714756212355428 0.2093180395278954 0.02618328585541714 -0.1941501976946235 1.7170592070832467 -0.5041025113430745 0.21924777776904936 -0.3600939799659624 -0.03890488730137154 0.20054863401287504 -0.37730145072399085 0.07660369710768634 -0.10012087148884259 0.22088118967878925 -0.035950383744580684 0.03212999062210248 
0.7246809951986783 -0.29932645498303323 0.4531865155965322 -0.8116277269421253 -0.198697071603108 0.4833387020440054 -0.1419885503773416 0.2306643130061743 -0.4066953870185308 0.20858740529138964 0.14875294141461978 -0.17189066610088627 0.9340355120497404 -0.31045060341463654 0.4090276289177252 -0.26118459885921447 -0.24998118144345025 -0.043895205481082646 -0.26360089083940114 0.18041265119853064 -0.21299613570079376 0.1781393787927874 -0.04732133210719385 -0.02451645192546212 
0.04269598894911297 0.8618643470069962 -0.8620696385664868 0.44489387353481136 -0.15519224274285204 -0.4482513157718828 0.968107901378993 -0.46828619863012855 0.2961802442522333 -0.3210540336091865 0.2648989731283726 -0.10082790364047367 0.17358986724760803 0.30320532131613626 0.0017090495214398722 -0.2482207015828993 0.3159790590884131 -0.4352289483058504 0.21105494882052214 -0.11109058629692442 0.04577770396621184 0.0951134275539075 0.07378747576651039 -0.10004624004119266 
0.22057807911672356 0.2954994518008611 -0.8374658970113567 0.3454285593801174 -0.05995403189337445 -0.11295619984345606 0.3195547579564888 -0.4339686225434144 0.4147563550099704 -0.22079293314288106 -0.11208736913978128 0.045387314448122135 -0.11221824960891642 0.2502046532083873 0.11945895573360728 -0.1449169322397368 0.03870967261031059 -0.08553807623550558 0.16410153831569707 -0.037628014148293844 -0.03205359272550525 -0.014995294812015114 0.12986407619928483 -0.17548148817607687 
0.3222328879677576 -0.09746074938966665 -0.3487673614472784 -0.046835541802403124 -0.34116437034101477 0.2801631856118758 0.07071660044602435 -0.044093899186763985 -0.2765833616773433 0.13866792608330825 -0.06475898616691347 -0.002650467845549731 -0.20992281876024776 0.5014017795339528 -0.4710204689665776 0.3032361238656984 0.02884108765893023 -0.3439964093072614 0.5446233858119167 -0.35395886175367614 0.07757783430956765 -0.18953483311534647 0.20310106454831142 -0.11894279962472563 
0.9215672945161053 -0.5702778664098638 -0.16184149016389382 -0.13101222255430756 -0.22184002563495842 0.37574568005864284 -0.1855975148579485 0.13145220572937355 -0.024152805877226735 0.02371230988118761 -0.0760103075355917 0.3054650805298823 -0.012747098838075862 0.20944321070407343 -0.49549562805546515 0.10017089172032738 -0.07245124781406369 0.12138473230834483 0.2847656259300606 -0.34908584070921994 0.02816287489757317 -0.08449626124003166 0.08063260001987083 -0.01243486704848149 
0.3219698375301654 -0.20945233248949968 0.21317956490951473 -0.22659410709507144 -0.16077250884885075 0.33938697219885183 -0.41318611964953855 0.31087997249450594 0.2829013217671289 0.1252978442248186 -0.3624427513186565 0.12596161219282317 0.034015884400847206 0.22414089843932153 -0.4629772379470922 -0.19316803582299916 -0.23945997568259703 0.5608144254540174 0.02283071988721404 -0.33254972873187255 0.07105103291942534 0.23728429932810532 -0.30045547296985625 0.07695934425235974 
0.25895090084974726 -0.2768343887614426 0.3680475239766422 0.13479516686546944 0.06720378080273459 -0.5067222900619786 -0.2927907597859116 0.4358019637436106 0.050525388595014764 0.03938089150645871 -0.20514328662352221 0.01838587557438015 0.13480724517404438 0.007169412800620112 -0.045991224408484764 -0.4922871203044336 0.011918803681686777 0.2844888413277653 -0.07116556650375276 -0.1371045581407211 0.32033608373411787 0.14461387785575738 -0.3698784136216254 0.09638271674401148 
0.551493431598395 -0.9166051835318418 0.7752198453237302 0.3997648709567059 0.2326936534879298 -0.9610461056898656 0.05582106324836378 0.8013804080017353 -0.5270755576717401 -0.5810192627136432 0.9011739222866206 -0.08998889812487787 0.2828954686065514 -0.2518007992002991 0.14466869103502775 -0.23286479957337794 0.010641441646793185 -0.07943650856385893 -0.06487316003310513 0.19534315399928914 0.2717039919509721 0.009517047200598932 -0.2530093305588316 0.012083067830215464 
0.40238376195985737 -0.23820967929055303 -0.3048879571455473 1.0326696493331047 -0.454329517848409 0.17249569501970563 -0.2066044067956414 0.29751566239792215 -0.5801726173601458 -0.05697077021685365 0.4018165965266458 0.12429218545669836 0.5846959498878933 -0.46366888694319447 0.03795348994831852 -0.02007434487448201 0.12631791027623515 -0.3575033597821788 0.07987533818500799 0.4041353409882225 -0.15649763965313315 -0.15476135172984673 0.15759577311632064 0.12886710684621416 
-0.5984329988445438 0.5266377103759528 0.11564123236552626 0.023063050391244788 0.0680698155363415 0.23808750534958656 -0.26165981604535826 -0.20600633883051733 -0.2168616511082071 0.14492253348467798 0.09310529878275431 0.036759253761017685 0.7989175759893042 -0.48706773671223624 -0.13811710906945543 0.2237354325249087 -0.030875475838355076 -0.21712615383280845 -0.14172891581875868 0.7058665172411939 -0.42424289115288444 -0.33219290478253294 0.5621887721722058 0.17416487183518178 
-0.9201737335924633 0.39255082511424355 0.5839763606107886 0.383369111771646 -0.22943803105017668 -0.033779016235168324 -0.3736763346940746 -0.2729106858049307 0.36491135427264776 0.14069404859683832 -0.2738962942205509 -0.4315895209072101 0.44366875980011206 0.17735222808020815 -0.4472117114557073 0.1616300076010966 -0.16615007313312566 0.09713776938538525 -0.42639051347434553 0.390589465983784 -0.090321717728522 -0.037194279687471764 0.22438154918472716 0.055728904385117906 
-1.1839805485933574 0.2292177744024686 0.7451390136539287 0.05320884216270905 0.21287433760387886 -0.20653028856400324 0.5645437746538564 -1.03100596962042 0.27311112997051645 0.31672704222710957 -0.4475359488563983 -0.334542660448469 -0.09674662769555613 0.3685200303165919 -0.098893251329036 -0.005484858068355414 -0.054258045180535085 -0.05386532643620053 -0.3373907587548978 -0.02258043448418536 0.23668435088679188 0.11577226392729907 -0.06154609574108194 -0.14024539069501019 
-0.6358487425660719 -0.6215563955444354 0.7219982865773735 0.5327067306440827 -0.028281559482800755 0.10339128382034479 0.6594653382777879 -0.46175292015847846 -0.5541938547139416 -0.03129018552565416 -0.0010074272079593216 0.14275642940608796 -0.4429107206164016 0.18524695174887684 0.1869064776699756 0.25730779886806765 -0.19740388765388583 -0.1567891904133401 -0.039941394752760484 -0.2990325656972493 0.1736213702728678 0.23394390050383485 -0.20881919792759895 -0.26058284636104073 
-0.45035561127107115 -0.07186877024448357 0.3433100233693418 -0.03515118483990731 0.1302657152942588 0.3310983346304316 0.233941623733404 -0.04384391820118738 -0.46736209927528805 -0.11640214123597298 0.14129915249970432 0.17032245068939922 -0.4072509009279024 -0.11782006436995636 0.20051335675215043 0.25309270958910773 -0.0647856626489584 -0.19421959529827912 0.36572791026636153 -0.3005517518476782 -0.1807525914538475 0.050906589040398985 -0.1598556181282115 -0.0014512604978635009 
0.04174595959559824 -0.012646757808910891 0.22417142274315527 -0.34437427133124876 0.40407794306629086 0.16777424340763458 -0.08855107497556691 0.13060598557720082 0.2142838580769466 -0.344573061183125 0.05814374888419466 0.09772646260697815 -0.341954175924684 0.025416958959653346 -0.06518787528609755 0.0010144113184213193 0.11507953521677287 0.0211388380059714 0.26785936721962594 -0.12124262610312764 -0.21259343642084427 -0.0923883662615364 0.0690227666818576 0.06390324093020246 
-0.30102519689048535 0.2782231486445754 0.3925123753145865 -0.2675287856169484 0.19105157427620822 0.3439370175371892 -0.15863174951855075 -0.42553016694522494 0.4311300479366149 0.32064871293464803 0.0024553174821592416 -0.3076738955553236 -0.33690785417315894 0.1702927834992313 -0.14108143673087423 -0.23997507861035694 0.04523916673509509 0.17669286337588183 -0.02149615589254909 0.0746503339880541 0.058321026606799574 -0.12485197879795486 0.22161186898740382 0.12682739971958676 
0.31534857801768723 -0.872853231867925 0.8929607364630439 0.6458522970773393 -0.4039130946240941 0.033555428349051786 0.052173923244887455 0.09281808252292323 -0.3656596190573602 0.02734948617364455 -0.13865380974475955 0.190044879737842 0.13422216557954533 -0.27995833924925906 -0.1287879480439682 0.07710405838740282 0.2439148153868984 0.30167035350207133 0.03733191604355537 0.026783286940790945 0.12358902238518081 0.053494860632237275 0.023963855415668447 -0.08032457183662296 
0.42356664203736116 -0.15264388371267046 0.43215967670202016 0.1896607667868695 0.398543733934166 -0.13187084796792248 0.22806759230082407 -0.24890096863821087 -0.35235344052853335 0.07219252147950683 -0.42513767514803 -0.256318957034793 0.5255683466437283 -0.21387669223510652 0.3661822812007909 0.006783115902629477 0.07167698834651692 0.044846507764946676 0.17326507873062783 -0.2889903829103974 -0.08138639892166648 0.23766810888907428 -0.06542176179427539 -0.11088502037452586 
-0.723216456606961 1.0426617761174892 0.590711616181343 -0.8042812226953662 -0.43141258292338325 -0.49933288434602363 -0.3938964940159204 -0.03805847439867904 0.23525853515397832 -0.38082954735226615 0.20004867895228395 0.31302270885658173 0.9717789938479383 -0.13747178607594046 0.6023983212377613 -0.10713485507240568 0.18816193652590432 -0.12754437767249352 -0.17233694537790037 -0.07876276465212932 -0.6085575912437544 -0.09004006305283412 -0.09987551294366222 0.026831091046066163 
-1.3584477195093463 -0.037904278642812095 -0.5549099081469357 0.4371886265615159 -0.010229646613697962 0.47584165058988687 -0.4553917770800303 0.5068792602467684 0.3748301675959451 -0.18826609696961938 0.02936935851646366 -0.03650774899111586 0.9715760435217237 0.6229265103646662 0.7304574455955753 0.0047878901339473146 -0.04573869556822108 -0.31340979408516456 -0.07397700265296249 -0.3975011692862324 -0.10225961695066739 0.022838426744853774 0.06371360757526572 -0.012699256418451302 
-1.708981222752774 -0.5178076761750328 -0.420699434825762 0.8434929324072331 -0.7640122139278751 0.1123323120876277 0.9109144440690159 -0.048783737963178475 1.0964213506116638 0.42769898455670996 -0.06628078774601975 -3.539974221950515E-4 0.43202098736662836 0.5870383655892174 0.1956495827354822 -0.3623722534384066 -0.13974503129401694 -0.15143996798584072 -0.0012027743722439015 0.1609403445093439 0.3425067089893343 -0.13505377683721448 0.17873270537519834 0.2188829965970386 
-1.9982791054549032 -1.241188688660408 -1.2535071345811533 -0.6485899811662721 0.7020596361410751 0.5025259360707456 -0.2024068687827566 0.9489651710027361 -0.4761559974053739 -0.40058702470954255 -0.48311376452467525 -0.061532834640050715 0.31111772422135947 0.18387231306361995 -0.12359203576370326 0.1385137367730629 -0.1749892191686279 0.1645740972780204 -0.05595347251799523 0.06510633564043351 0.20243697550555229 -0.09707242984218269 -0.2864733133377606 -0.16600395450018648 
-1.6993637257340675 -0.11681111564136515 0.3530614811920052 0.8257248414837477 -0.368322130418719 -0.05835512312893079 -0.5167806250478255 -0.7419224633046947 -0.36676850931336485 0.13049224702933887 -0.0799078756527416 -0.3311137381100666 -0.40247403179648883 -0.739732762792614 -0.1899928716782433 0.5469359132748395 -0.20498734511918124 0.11743528368160405 0.10668095283699353 -0.07560199772748138 0.08417746496169538 -0.008411682318253419 -0.2778343091644653 -0.07710999625342366 
-2.296609640682778 -0.7900194981005058 -0.5710142588647096 0.03053146170406995 0.31689296913760767 0.06746307636410492 0.42631617503237607 0.658129615996226 0.4991141710418026 0.2515545613206142 0.8956028424831064 0.6268839848533794 -0.6158209756469307 -0.8785054509794662 -0.3204161286663357 0.0355523932882665 -0.12916571870642626 0.24522172853045587 -0.1291410489485388 0.35357543307835376 0.1080636608559329 0.16967711636882554 -0.09941724499184641 -0.053522086272628416 
-0.3523938597493701 1.4758060169228582 -0.19196725764925393 -1.1368755288524564 0.04353315493140231 -0.022442109103864127 0.27651006365046893 0.32344003272252075 0.35625387150298937 0.1268632384963918 0.0778638362434852 -0.11323241840863912 -0.8962851567904444 -0.6504023903345045 -0.128082922391528 0.43116706561884377 0.0026329945931801713 0.32207934269745286 0.04487638105621213 -0.05496237780325001 0.16514445598559407 0.2632675448016633 0.274725330890689 0.09468256873150316 
-0.8243011115064598 0.5980190979958788 -0.019744379161516612 0.22605302413703043 0.8836291495852934 -0.2510957565331553 -0.21162906628628742 -0.6444423762459328 -1.1618581703813498 -0.9078038695495457 -0.26374788549724937 -0.009907235672879211 -0.348993641232412 0.06817626959779573 -0.3121251094988787 -0.2734998012714369 -0.10502629300292066 0.01739090644091616 0.26826138419206985 0.3840725409996187 0.24925785510963797 0.1586512535961895 0.4511033625493885 0.23989226852024237 
0.25333748004910683 1.1403767573139563 0.4616753085149927 -0.5655371365892639 -0.6595892044221023 -0.8653137347726592 -0.33243714755713016 0.07425066622613474 -0.03171570655857092 -0.07963117194057112 -0.32440850433463075 -0.29676583404144674 0.02336136011546001 0.5529274984727718 -0.20640761871497157 -0.44065621601114957 0.006954532529200548 -0.05181880552463523 0.14569160983916216 0.1542716686576888 -0.06997368909056345 -0.12839105793469774 -0.011871392429599411 -0.09965917324400493 
-1.5524943868847805 -0.826833677089442 0.03853978654980317 0.5653616693867844 0.983533027823122 0.43672616987575397 -0.07399437194003389 -0.3694933237544371 -0.054674605256331166 -0.12115199424947287 -0.25657107487600106 -0.0010261128909439532 0.17765735606951902 0.6768488911438477 0.20271245144917027 0.03306706117145275 0.08728628245791847 -0.3632763876335565 -0.282203143890626 -0.3118177665593352 -0.5348683756851789 -0.41501418900982756 -0.16803280446326876 -0.04436230404451976 
-0.058381302406589786 0.5294499090472033 0.39811351564000086 0.015438796556115353 -0.027282381775113662 -0.21089665573441307 -0.22938211304014433 -0.27684949949629345 0.012583156212170432 0.1187104746504486 0.10988960822165927 0.18130453993240803 0.3356062556531696 0.7099868185032999 0.31821017986611655 -0.17662348260445757 -0.3083408444978322 -0.49168582620963525 -0.3528496763716305 -0.16031249285253055 -0.10912272886215783 -0.12047255079379286 -0.21088834706860693 -0.14222239990520066 
-1.2014137884871685 -1.1270641513022879 -0.5961008370715315 -0.16363612595001742 0.30561689088804367 0.5115248668483912 0.5834528481270976 0.4665610062932869 0.4205975252888161 0.238067874184427 0.023201471614411995 -0.11585551052624732 -0.4166679400836481 -0.13438082922022243 0.02911038271536559 0.11343182184043162 0.2862615848962547 0.1731795311875548 0.056360041320269304 -0.06343503149820738 0.02290941923915742 -0.02319005380085067 -0.07400904143120442 0.029697105045626022 
-0.9290215861092079 -0.8394684610895204 -0.1756349192726896 0.32883220889250975 0.6043913975389335 0.572344395369928 0.39738827152419576 0.1371609797598643 0.05801641475532893 0.10217654622385752 0.16837026362598345 0.18731606449180693 -0.3196080201548064 -0.09770316951948506 0.11685516557448279 0.18690538475015436 0.25133336733388184 0.1624542290917952 0.0957882253099674 0.00903179887019917 0.060369757688615355 0.06480741900500259 0.05237405336446943 0.07971530617057211 
0.13282957521747285 0.2607679956395872 0.23808285586005162 0.06836949769729239 -0.19108861652266573 -0.4744329492390809 -0.5564596881830118 -0.38619346888789385 -0.14611949224538268 -0.043314868633625325 -0.06378427828454991 -0.09312319030752148 -0.5638283226316827 -0.5404524981959996 -0.2536825005535361 -0.03678397362834037 0.15676185176463026 0.23559570899314042 0.25663730664077233 0.2114663400768658 0.19335068221347132 0.11364502801664013 0.012880575367681307 -0.05127975471498266 
0.23332107620550868 0.128643344134721 -0.3695438275492391 -0.6612801695180026 -0.5329297300714044 -0.20528043496606263 0.05320947918500818 0.12243234148369941 0.11483239191342376 0.06497958904446699 -0.003739676922268065 -0.06920753868867124 -0.2731451451853233 -0.2118548529891003 0.03719878251066655 0.2266131586577843 0.3080578720047568 0.2439693717709732 0.12434514999211815 0.007469326211882639 -0.017238154446671594 0.01855764561415389 0.06641388772503394 0.10305804901353177 
-0.09110015174947872 0.010237440673590115 0.26190111872735145 0.44177198414025987 0.40399189939932184 0.19355015503696515 -0.014369675625625522 -0.16047369479922802 -0.18786250993064524 -0.08426873127579815 0.07061471578549383 0.16624555520893974 0.2230983587081501 0.2645328980873944 0.10525559492096807 -0.03623386890710375 -0.10758800928527783 -0.13391575665006641 -0.09253733022059452 -0.0024675545114314725 0.07608140985267563 0.08667924031998704 0.037679710773539134 -0.030964398659352743 
0.0023787129302377252 -0.078638624639221 -0.29914039823833916 -0.5377085103023269 -0.6173224764363308 -0.4935552720810146 -0.24669218473085186 0.0018931140798834623 0.130602386937975 0.06698054070248227 -0.09807089658414025 -0.251542455307019 -0.13896714302967336 -0.23031666961256195 -0.3169385517476484 -0.3162834650768685 -0.1944113258755558 -0.0435002487720508 0.05458575725850201 0.06351535002749864 0.03259397020294882 -3.143281231561268E-4 -0.005837016603897747 0.012621891609823818 
-0.42099431926934194 -0.4291897142356249 -0.11288564355830255 0.11528527481076578 0.1738717845156309 0.07145173926859427 -0.12889686556329827 -0.31852119165169146 -0.38224871931568516 -0.3043530654225941 -0.12965780077423122 0.09093746397971064 0.050329389134477896 0.08265498774538275 0.08566804733116518 0.061950707666956685 0.002653994550303259 -0.07612963679791013 -0.12999379872902486 -0.1482109517356074 -0.13938738295488237 -0.11900748618102365 -0.08366084852544103 -0.04253201475084617 
