0.0 0.0 0.0 0.0 0.0 0.0 0.0 0.0 0.0 0.0 0.0 0.0 0.0 0.0 0.0 0.0 0.0 0.0 0.0 0.0 0.0 0.0 0.0 0.0 
0.0 0.0 0.0 0.0 0.0 0.0 0.0 0.0 0.0 0.0 0.0 0.0 0.06554775133261792 0.08906680423313795 0.08081166337999775 0.07069696789463593 0.05846671594391826 0.04385715875097995 0.029695185565378996 0.017045681954694275 0.005258617076794962 -0.005047654308788905 -0.011363507947946475 -0.013190890717593459 
0.0 0.0 0.0 0.0 0.0 0.0 0.0 0.0 0.0 0.0 0.0 0.0 -0.04916017788730335 -0.06922059444372776 -0.06586811521123091 -0.05486491116955524 -0.03996752081093449 -0.028283676203348745 -0.017911132454446966 -0.003277310273465168 0.011663371374934237 0.01971350038417222 0.021090918574890826 0.020943782887544976 
-0.19664325399785376 -0.26720041269941386 -0.24243499013999326 -0.21209090368390782 -0.17540014783175478 -0.13157147625293986 -0.08908555669613699 -0.051137045864082825 -0.015775851230384885 0.015142962926366715 0.034090523843839426 0.039572672152780375 -0.05382050575271021 -0.07107410934584876 -0.0606597482618045 -0.053958412931595055 -0.04914630521274183 -0.03823330075094774 -0.025363099369937303 -0.016840560758489845 -0.010480939324266803 -0.0016139139807392529 0.006159814045499108 0.00884074927297239 
0.24580216066083693 0.3412619896808902 0.31882184070368935 0.2706401853506196 0.20760263634868087 0.15063676673651616 0.0982761757114094 0.03540045375243692 -0.02710218850961027 -0.06671198261570002 -0.08031801764659219 -0.08261768473902512 -0.059484660636861385 -0.07956095739724532 -0.07231531992506181 -0.06752636159153584 -0.06105241343458509 -0.049345488263678676 -0.03924224420849203 -0.03639582762268216 -0.033709311608884955 -0.026032715972960894 -0.017526233053233777 -0.013395606972796603 
0.03856043692771216 0.04259133319710118 0.02256832443356882 0.026555146119475348 0.04363759746388507 0.03938151888458513 0.02695121025410721 0.032821455399251076 0.04499391222760554 0.03819773325006777 0.021679566686798768 0.014786594550595389 -0.0793180750488629 -0.10577181020130637 -0.09512765784918319 -0.08885428721805434 -0.07754546988524982 -0.05506438537684116 -0.03392911418142019 -0.024228828600671142 -0.017807271453078845 -0.005787379011649094 0.0068283396492657316 0.010558086233659655 
0.060852136447801186 0.08378699924347843 0.0844443024884044 0.08325605987291596 0.07363836765593534 0.06255996722227353 0.059708349150354 0.06720823223637953 0.07074305309765964 0.06657076275703216 0.05878417773822166 0.0525798597194823 0.15074880434167306 0.20381658939746408 0.1853376965175518 0.1658019438296476 0.13833115905690832 0.1000661429494995 0.06299406362416143 0.03431621395229137 0.009510391578580463 -0.014218764589997141 -0.03126566881061933 -0.03710444460780122 
0.13378598325525282 0.17885251312321115 0.16013675251519877 0.14816402070910706 0.12421839617036745 0.07766007963470495 0.03198569912865126 0.005645550695959289 -0.011276657674783308 -0.0341362727250521 -0.05594559279636469 -0.0597003587774523 0.038517244280604324 0.04990512883497816 0.0424995248037048 0.04288174834311617 0.045019652904155265 0.03710911604230647 0.027591674969121082 0.030097825290213123 0.03489209870602164 0.030350120898636684 0.023229105017383705 0.020840470531122045 
-0.2540570255279526 -0.3383183684745571 -0.30597546288978095 -0.287570083433139 -0.2476812401752853 -0.16870094248704226 -0.09322325959834693 -0.0539602357527913 -0.027498078294157235 0.012111314141851334 0.052291568526847534 0.06593912574840238 0.029980371380383453 0.04870305236674483 0.05709361747257224 0.05181995768609376 0.03911503708432804 0.03433863541168825 0.03497419207735304 0.03315909642597622 0.02983297427329852 0.027614044350490977 0.023530619102179188 0.01604544852581377 
0.08046328507377609 0.10392863055118445 0.0902796327115471 0.08332297274315431 0.06923844266702961 0.04368462561232361 0.020641989721094434 0.003112213523197127 -0.010561818194550932 -0.025622905138251863 -0.04476144375966528 -0.05441445005723078 0.01361158002298346 0.01627168182300732 0.010539765088075212 0.008309724984514572 0.0050903590079472245 -0.00476434638641574 -0.01208873393930443 -0.013826862814206512 -0.016521327751622388 -0.02187148785521492 -0.025938006767440413 -0.022303271499097815 
-0.0024276286026108096 -0.02486021657074272 -0.05190799002748647 -0.03978328920238894 -0.01621676684537987 -0.02346821200160057 -0.03954237237792671 -0.031002388455168034 -0.019113289462352107 -0.02052805408784089 -0.01739975408666562 0.0018005597819302221 1.6774529406505356 0.7275102544408996 0.0027724245567305092 -0.09065243016534148 -0.4394164484131575 -0.19613398108651856 -0.10775091756245274 -0.016242425450382146 0.02483545928031944 0.0327822083397532 -0.06583255576337742 0.08962789915789814 
-0.03286345527636847 -0.026691608297717995 0.0014837208198258955 -6.585513598116877E-4 -0.006784917518426942 0.019336753551231323 0.04141145733635444 0.035647215489767195 0.03409493116418129 0.047797874955438774 0.05671408881271312 0.039278738703077215 0.5190222612122556 -0.23416048176942117 -0.07171925885766789 0.22098358858287215 0.25473155775202294 0.11737710392875751 -0.14330084772900775 -0.06447793802066383 -0.028755561898857886 -0.0021762216810138554 0.001019143653910995 -0.10651780756299112 
-5.229752477304487 -2.455539012372805 -0.2698947806141119 0.026377969114368433 1.1085797851569157 0.43187493680305955 0.21964475928138127 -0.021500460384929893 -0.12433283081448165 -0.12294570092425358 0.1990514695307906 -0.24979116610544602 -4.380743990366813 -1.2486718398938417 -0.002208181502413457 -0.32234156801543773 0.7358224708024382 0.26905376547443277 0.1798498892048347 -0.057914419455159384 -0.15780173099786451 -0.11335971317789191 0.156288371260504 -0.03633891168027852 
1.1370589257879475 2.021749473760479 0.41443080457786347 -0.6127084221638408 -1.257354506590187 -0.536118260576279 0.3209509670784637 0.1917950635500696 0.1283146381780875 0.03211458332299605 -0.15604448653012637 0.3909348355754307 -2.2661384912595417 -0.9461872678218541 -0.05555285444602156 -0.12395203855396153 -0.025530887818382243 -0.0682072952308524 0.23239676697107922 0.26470575892206344 0.012142747368051399 0.02953915302310015 0.14609540595671458 0.05418857701643961 
12.55484315196567 2.6969347620816837 -0.2517569873992649 1.233266350245939 -1.5983993847168152 -0.5529020013611439 -0.7188617948634854 0.06466694588015892 0.4071820500242883 0.32739273126205615 -0.37988558019675783 -0.06501075361341094 0.49633313920673555 0.1756362798830106 -0.0688564549151557 0.17630479617228612 0.002024359544542831 0.2840184325629902 0.392967723704293 0.34966095986150253 0.20121216749199 -0.017213594164452117 -0.12670974907171648 -0.24628705248179986 
-2.1267457961328224 0.2356333079406001 0.15907338755046707 -0.23224662626371234 1.4232973308735852 0.7163471083258902 -0.18652556650444985 -0.8015537644089675 -0.2680907513593579 -0.26598880020701654 -0.09210360419365646 -0.21567719859225915 2.89150120619465 1.3170424455633452 0.35112255533106423 0.27860907738176516 -0.6797214346423862 -0.2939402274881618 -0.08355865847731991 -0.1974492217098145 0.04427762072399082 -0.02290351814416497 -0.05138505851407718 0.21585887541936907 
-5.086849533964308 -2.0893897691118974 0.0643532926450534 -0.6927673173525541 -0.23781921220859886 -1.0464130453369958 -0.705520145040041 -0.5738089259899187 -0.529766638521729 0.07774677333410906 0.547210275577705 0.7923760084237985 3.9349058002138118 0.9274373495222662 -0.14483903130422282 0.3237241613273025 -0.5026773827479909 -0.2822087808883715 -0.48517486380039626 -0.32773702102895946 0.2584699590908552 0.02777549467185599 -0.12384719616165733 0.027337353474229054 
1.2834016501689876 0.4637844026672342 -0.7969920014374885 -0.48551882050988987 0.10151971108286312 0.5924579438761324 0.5649561175987012 1.1033806646145519 0.4639561202791237 0.2256481167194645 -0.4654372388751262 -0.6853351717012812 -2.7548345854222824 -0.564736510247639 -0.08571119027201994 -0.28817086912696466 0.23725715395345093 -0.11249319292021713 0.08824937742851753 -0.5351932034269703 8.584097861996653E-4 0.06260405883215969 0.0036173953447879805 0.03520891160710395 
-0.9549479718266696 -0.19945283384843204 0.6607928010073814 0.3887299633871202 0.5705215734225184 0.3556689235288495 0.36092195448612774 0.09541079445527778 -0.7342512630675181 -0.0017522112167523418 0.17832282562894902 0.08780617251841297 -2.5281802010710224 -1.4405729746597948 -0.5090461931667803 -0.3106702583033354 0.0973683220148826 -0.31155710396039826 0.1427195152159133 -0.1094148483885841 -0.30237496353668153 0.21451855758363111 0.02146936207784428 0.25844302419317094 
4.071807179065205 0.9848743710517844 0.1179872041853629 0.09151734074734452 0.3073554761976738 0.352785702653619 -0.9844947485530868 0.46941598564934517 -0.16842366844506237 -0.41405148442806494 0.08148793474635757 0.030980984539121792 -0.5197791304232879 -0.32548585840070965 -0.4657052393716115 -0.3335898937659357 0.5145045617668218 0.33797191877114335 0.41090202999513187 0.3250709236485781 -0.16725640323324223 0.13858306461762093 -0.1395124622249667 -0.17917450476130636 
1.103488304800651 1.9717841706752122 1.1340022693339686 -0.04927462307116515 -0.632842060810652 0.008094387155455685 -0.358953257611887 0.07141795865843692 0.6935481464504086 -0.24595909884301947 0.20933960253343023 -0.3411111422759159 -0.7012534073754516 -0.09139035410095886 0.5065532382945991 -0.10874786440542805 0.3878133839773367 0.36191219710155415 -0.0746542808665925 0.20263005351637928 -0.3364609448264118 -0.12190716360736766 0.09169260821904675 -0.018515057439521355 
1.813520903125191 0.35462347560754104 0.36351898251405235 0.7342531540170598 -0.840312157101017 -0.24767054425060087 -0.30781236633768705 0.14016431156723796 0.25182562521988705 -0.06799763332026476 -0.06240824065246672 0.06664699997980231 0.6988701770430342 0.607447339677235 0.4084030708259064 0.043704493553664646 0.1322348037384304 0.21926561617359117 -0.3806193694713727 0.15062872409362413 0.03938567191874915 -0.15576785560387538 0.05602009847649939 -0.08722179436345501 
2.2779553882696923 0.38984367617656623 -0.9816328030407608 0.39360564996854674 -0.019084761860146404 -0.42983954432370297 0.24654360597820535 -0.3478535290528064 0.06500692457924273 0.19094235405145055 -0.024806911328779074 0.1255183371166368 0.10421722795091999 0.5259663076162141 0.7165474995786734 0.07391588397224426 -0.14635031957959188 -0.13908122525325045 -0.22922659006675858 0.0432330126695352 0.29561833470301646 0.021125629268927082 0.013642033882361302 -0.10364924848364639 
1.3879631062015818 -0.046497400730597604 -0.04940447210499149 -0.26103627643350535 -0.3962275844928702 -0.08604418012757503 -0.14538507193401484 0.22716555722409448 0.027689926734273118 -0.1651986440636738 0.030500896247964038 0.05933162793321048 0.3624774347274429 0.17142368398315888 0.1623973678755863 0.3469325895423512 -0.2102629307952729 -0.2761629149273523 -0.15515280481223015 -0.02930436670999559 0.1591164044438771 -0.031156541631625883 0.033247977267366065 0.02591604032386728 
1.0036155194096956 0.5944456859956393 -0.8091785020925296 0.22662244023738465 -0.41583338837594974 0.3445248808536941 0.2475128653865526 -0.10178170217859694 -0.08123900841583381 -0.2607354812780962 0.12195893243613093 -0.026505710801680765 0.42590121286635885 0.3625346280648474 -0.47837676095384657 0.34421868105123443 -0.10913361131388351 -0.18564232904258213 0.015123615866857806 -0.09998355302356465 0.022326003704860615 -0.0684885953698476 -0.028486379636693874 0.06878540733838558 
1.3632585333728606 -0.26194858125147213 -0.20990027158682217 -0.2230530097444126 -0.011149051457296721 0.1936359879427574 0.15716141839482978 0.10504149826011999 -0.15240062161420592 0.25131090923938626 -0.23553509433701994 0.06491090296735924 0.43528590775879056 0.09620025633195646 -0.22443674154585094 0.13677511647046012 -0.14675262700739267 -8.712290786500043E-6 -0.014810365165545644 0.05643264102136895 -0.006482666803779226 -0.13774190213756718 -0.02683686532667774 0.07791352396038671 
1.0126040360849764 -0.5900346177575386 0.5337453795616942 -0.6580420265297029 0.11577680556371739 -0.012752641231122852 0.04989951321320962 0.013159159499874784 0.0880741876389004 0.18815336350946332 0.19367022287379454 -0.08362752241559435 0.5928273522816602 -0.05343518550702105 -0.1479773083091028 0.05105479932807216 -0.1015966842892589 0.14491824119943203 0.0720721562395726 -0.007336874974518219 -0.0892460575172821 0.003983725731481387 -0.0023438642909799725 0.021242246830300276 
0.07761112458756969 0.25714198215012196 -0.04755618829455058 -0.2290293924613419 -0.22177480044052578 0.09262071778719294 -0.002147300350706427 3.972033207517711E-4 -0.03751867088175631 0.023582639955248008 0.07515584700916544 -0.14584803814099284 0.38186473420750566 -0.1371161964243779 0.17167976528425352 -0.18425138791017617 -0.08411725076746346 0.18000942483910734 0.004220922785238779 0.027223493472242215 -0.11700642195681528 0.21040845160990118 -0.008261972297832423 -0.04991341108760925 
-0.13204283304263953 0.4952059608159054 -0.446418618811357 0.07644623361163283 -0.005730461016558497 -0.039722207666819775 0.1109507560406029 -0.027448929785358178 0.12905818876978764 -0.15882252383047124 -0.02635494536402183 0.015147019261594452 0.12512835702904704 -0.03848141237097854 0.13776345444079047 -0.2695463187281038 -0.08874828004223945 0.17785969518099445 0.05502232361390765 -0.10334673433034303 0.02778290709305088 0.11064817422206581 0.06352490597810839 -0.1099374806561818 
0.7899877653141516 -0.3932202812650605 -0.23485756825305718 -0.03754297608455193 0.3019563341352316 -0.33290750335671615 0.1139730286254168 0.04367506248600983 0.17812664369079634 -0.20642650192035006 -0.10073659332461449 0.1652638653915926 -0.25730907697629074 0.3947089939326265 -0.19149256703655906 -0.1126320945502257 -0.13871532227383132 0.24357313850998655 0.041541028429371574 -0.059546339552482896 0.008632835882313067 -0.05771360726844057 0.018553896733407887 -0.021417493289088447 
0.2810306446345443 -0.1494092489370118 0.2141057062185761 0.05485372146621348 0.12015607840255704 -0.3335676162021517 -0.17322762211657494 0.30156043290827483 -0.10309719092652855 -0.028786588218935094 0.09104172510635933 0.0906289677866583 0.2105914839122048 -0.029475582912620386 -0.1367658652502448 -0.23257085652333365 0.25557156328024244 -0.008243969840568818 0.023790956549620528 -0.05953978207712215 0.2380320862066323 -0.16687323962618547 -0.1735289036305193 0.08960346676885211 
0.64300161667785 -0.6046773947712989 0.19665935030016013 0.11966314726204486 0.13142789667141042 -0.49117599347510077 0.01531880343976777 0.014531540631383955 0.05266051131946259 0.13170549395480163 -0.03920417842624879 -0.11933653253625942 0.7369312452010822 -0.25368264915820465 -0.22099572891355312 -0.1109668222418216 0.18681675208147777 -0.23987306230957928 0.055991241711125274 0.11288281162468843 0.12732108368091735 -0.1832334030187002 -0.09399539801868612 0.15674777373347168 
-0.6903242104611031 0.6893612663068858 -0.25187948233723123 0.6955557415083353 -0.6871809321253752 0.06414394691407899 0.08890499898456583 0.1657421773733212 -0.5223050036644424 0.17273119711050933 0.4634655580783532 -0.1113631820810359 0.5983993185566833 -0.23229885830978544 -0.04731274878142409 -0.08844107025060836 -0.007908123970764938 -0.0663756146018865 -0.21781497900784733 0.2992134826278145 -0.0537925201194055 -5.337135772812094E-4 0.003648708311034606 0.10123992317849971 
-0.9351285427412712 -0.051557591412395354 0.6611222127655059 -0.024993519380148044 0.1451745831547644 0.18785590201390634 -0.1850670070585294 -0.22706424462057861 0.005767299017001237 0.24251481447102835 -0.004962315754553082 -0.20398338087497536 0.24798373669950044 -0.1473452362005121 0.04919913940222472 -0.12085558976891586 -0.020438940526589528 -0.15428208818429415 -0.0795474880404371 0.16721404799533968 0.07704546090917325 0.03564875810246137 0.14157814137045038 -0.09768648745750867 
-0.7251022313259448 0.27092742431289274 0.1238125213301755 0.392505265539135 0.13700710707317487 -0.47395672014099577 0.5804102201561157 -0.4752821223491873 0.08172697558291864 -0.08259010774520482 0.06297466883740765 -0.17076737757948285 -0.158461563249278 0.2865625567894557 -0.3905024374941364 0.19322663041169683 -0.1679668450314337 -0.08881814511356162 -0.06992479966622282 0.23515211720955573 0.06598147147217796 -0.00497540257878686 0.138115556838849 -0.09879539337069974 
-0.08356058298823044 0.04657523482723391 -0.1387840697402174 0.6337551545533926 -0.21934930134809605 0.24072060460531908 0.008208656975304152 -0.1665984534933808 -0.4804918610317377 0.1524198720752746 -0.26369315791712716 0.20342502758549008 -0.3732081149102626 0.3738132857091398 -0.19644611833757786 0.13179406724645823 -0.025492142958252712 -0.012851683510055908 0.043675178142088746 -0.2188017472527839 0.07884188599036517 0.09567287120577346 0.13442648581807742 -0.18032197326778843 
-0.6407235005897896 -0.219392817181296 1.3195809713980395 -0.21349848669352545 -0.001018454779643907 0.3041660309590575 0.2020415659663175 -0.5699470698189448 -0.47711983805660685 0.23270487604474677 0.17848430864309334 -0.01868120619916941 -0.19814526573581345 0.31454829675627033 -0.23690407028627 0.20450868638750053 0.10504921937376148 -0.25443238555722547 0.22324272068984308 -0.2787405722769957 0.08294750541214484 -0.06184239868698543 0.07152563658057694 -0.0493821053773145 
0.14230643662143905 -0.9278373277927203 0.6525763427443074 -0.11737384500319248 0.2906637929559319 -0.16265042300595256 -0.12690821438989658 0.47667347087265177 0.0486650478656685 -0.20215129104126783 -0.46599659311162817 0.2609394532382332 0.32487168777483316 -0.26509975079142656 0.10374021014398283 -0.12007220663129137 0.03697569892902538 -0.0025519842608205576 -0.02641867727903044 -0.09222485370475697 -0.22683130265272608 0.14133833399386841 -0.04653233984940663 0.10538300888262113 
-0.24359994392333917 -0.18551118464594119 0.4388445259467231 0.15454370615492596 -0.43314709820012354 0.4910259503363164 -0.02175950623081324 0.03930363229878356 -0.43169399510221895 0.28022266987402267 -0.05045052330707262 -0.051378274273910896 0.005569675212859337 -0.39374138745082304 0.446640706766338 -0.2542014477837779 -0.051400612035611415 0.1577693885612749 -0.08739851990399942 -0.04264632364791765 -0.18871185195647314 0.12311406737828252 5.846885625775585E-4 0.047770395686710515 
-1.256737424645955 0.8249336709338362 -0.00963647744650764 0.809950678023041 -0.11421207642493236 0.1549465976991513 0.19936522491096084 -0.19454924343797406 0.17728912544924658 -0.29535402682096856 -0.009628722393824306 -0.09637546502500255 -0.05759032413719852 -0.39966928445411387 0.025419281857023506 -0.08673479148838255 0.24090005537182205 0.08656639795702932 -0.17523222926772763 0.2775682486119269 -0.024423193606000353 0.07005658670182924 -0.244309958827162 0.06439938427963189 
0.04208940440532949 0.08544584580789483 0.31076526119443315 0.08544359514469146 0.3556213160176225 -0.3279406450773191 0.30110040602788707 -0.10639674171987895 0.02470367902102355 -0.09003595820025048 -0.05145369240354125 0.01666506587231692 -0.1764314462454415 -0.1963681513757448 0.11754927601048741 0.2382489852830306 -0.22483672547364972 0.3569391899757075 -0.1500306320939126 0.12731948752816358 -0.11722168102554893 -0.03375751406737241 0.18819246848088242 0.05409597229944079 
0.17223273486870028 0.13569201034270328 0.6403581295493819 0.17738058496707243 -0.8264205802684073 -0.01286631917022274 0.2373585172839362 -0.2831810879537977 -0.1062642083779517 -0.22719173710961899 0.2674348679180921 0.033719630326223604 -0.4798352032947948 0.35744734548284995 -0.30440524458630414 0.3819829726557182 -0.18840767414456402 0.22134080723363403 0.4004831337583321 -0.15132261888578072 0.07224746810244476 -0.09459115386800475 0.013648702207160386 -0.08507744031422626 
-0.42879068494434236 0.7482140997768596 -0.2388006055826839 -0.2439182031661815 0.597467330142563 -0.49588516115611914 0.40933574386443694 -0.29833890802779534 0.061747714888026994 0.3474140672204651 -0.7535597239056782 -0.27871373884784634 0.5004107263447958 0.5547069100896139 0.43807372277384377 0.2781628273485486 -0.07354703042975386 -0.4537182670639612 0.022277481468008047 -0.4508070830840644 -0.2708555398554932 -0.05490489240793033 -0.1912144743390836 -0.01799259181869949 
0.41820822991326523 -0.5787924924991961 1.1783621897009633 -0.171317340788677 0.3300879389462894 -0.42510356596235066 -1.0562018452823105 0.3553896963733263 -0.057975296791589415 -0.23030557792731213 0.300478186735763 0.3065462582777579 0.8058245058307416 0.40975141453097813 0.44512184280826145 -0.032819059099439496 -0.0924977659353378 -0.3894591990405502 0.03103951488473548 0.009161409520175487 -0.08683510383290809 0.00783553686364393 0.04175214984257517 -0.04757416312981014 
-1.5821305221513402 -1.2214326330399974 -1.2724579372028888 -0.5746959240230796 -0.0019918523004642807 1.2393327795106284 0.8810481429069863 0.9267391153687521 0.813125842794322 0.07623563943238708 0.5056680712048742 -0.06577047264735175 0.6139275183470015 0.2640329259525065 0.10078634058517559 0.010667463471878783 0.40042886875311706 -0.11704837736861172 0.3107271572859523 0.03707070677660109 0.24155298653782134 -0.06376361662663832 -0.06543335362032517 0.04377122744752023 
-1.6685708640200256 -0.10873886684180256 -0.17817873306529997 0.44122662269383994 -0.2491976912408802 0.287902307618054 -0.09161622689154489 -0.9232043282125979 -0.22144796083237495 -0.11510913380651175 -0.4874354791649096 0.06997048661540672 0.7917550213973916 -0.20571532820897817 0.46024191751232973 0.1226809040212049 0.115079725972561 0.0395434506337213 -0.22738452081235525 0.13016318907450689 -0.1186462919504107 -0.09392621789040011 0.2809649818547663 0.06193573246611191 
-1.2271836930187012 -0.27891149090935663 0.13711083404492097 -0.5821925753230763 -0.3141764610232034 -0.5012429658404863 -1.0051385371888029 0.2297459839353635 -0.5811749127050443 0.4811066950399799 -0.1633028300943664 -0.2917395353592314 0.3466339406395266 -0.02007050605775973 -0.020293683119137595 -0.13178412769967066 -0.47469280486564475 0.23702125660463938 -0.11524548563502852 -0.020330889337387064 -0.10197870933312563 -0.0778517164687264 0.016126646736500327 -0.036683969065015164 
-2.134530248845229 -0.43290707893758196 -0.9071479484599307 -0.5356117272022933 0.14094106538997597 0.32655395481204286 0.5690450572026498 0.3133966948664999 0.9951139568093258 -0.15096245205990821 -0.2079313081789157 0.233723592235362 -0.09348287313197574 -0.09221664149298947 0.0532865235046834 -0.012809616395699441 -0.5179020903643107 0.04622507494851904 -0.2222707081231872 -0.17896590485049801 -0.1845472429892758 0.07050618994470745 -0.21781119458094791 0.0026790887785132036 
-2.3890526516573187 -0.9991370088188285 -0.8470922801481606 0.30907563402399907 1.227017183981042 0.5089431860997158 0.8964539577649745 0.3694312718413643 0.5107810119728484 0.32771744796526453 0.3175360455023763 -0.0375951182622839 -0.6711031895899161 -0.6383466469972245 -0.3804671351195769 -0.34676109272423944 -0.2426079257919207 0.13217986487202668 0.0984598862722239 0.42866475483614913 0.13357948513640797 0.28043502635140277 -0.07941766345058916 -0.060690861954232365 
-0.8071877653047896 0.5280238165919018 0.15406325351719063 0.034021367207400566 0.5339117573499292 -0.35586599319760415 -0.37560034999887204 -0.4561492576141043 -0.21378419420349393 -0.24993308010327642 -0.0744213332204372 -0.06513898826860665 -0.8922257534856833 -0.4111252545199366 -0.553389631684757 -0.18608306523339838 0.05633733673772201 0.2376415368063006 0.5525429803279969 0.42025200333614904 0.6456279966566271 0.2283598270600803 0.04325201659629496 0.04017859519638047 
0.12245463398082723 1.1556630023175751 0.747906638415091 0.17327415564479498 0.2171619703725821 -0.5565725864517428 -0.8281954924047137 -0.6714753043327818 -0.3774642926078583 -0.31071306999254433 0.008195172778161841 0.03976434075544999 -0.6933456508377102 -0.12607744721981895 -0.17203960061375367 0.16223754962494888 0.39945826173308346 0.049061875592857775 0.18760898034203066 -0.04053306376315361 0.013082474010911485 -0.026551336986699908 -0.017899114673275946 -0.0976138891086618 
-0.7136066312072522 -0.27693132094597406 -0.044478512687285754 0.09053820768750387 0.4768566619810399 0.14638723066887038 -0.2262591586964967 -0.42690602705487435 -0.4976473808702022 -0.5168266742612447 -0.18301692160569333 0.07450807713735363 -0.113724015333221 0.4623579744581951 0.27824668110557965 0.14621733757251618 0.2454836832161278 -0.17288461289452073 -0.23691332305292354 -0.27931445699297097 -0.17060188714664445 -0.13428163507956303 -4.3153919140848096E-4 0.04598675360439588 
-0.35580626619295685 -0.21842709839043373 -0.2317025952046614 -0.20589543509089925 0.0571699464662363 0.11063094738790519 0.25895642108769484 0.4764088478512102 0.6134651832734681 0.5408182560043484 0.42553118371483223 0.18542301636072134 0.2522514977398623 0.722415699131449 0.5490314064954337 0.2892181875872858 0.24430625479979248 -0.12623584129244392 -0.3072536981969311 -0.3004647733130514 -0.2148836843367954 -0.18769670886933784 -0.041956617899221726 0.003141593325609593 
