0.0 0.0 0.0 0.0 0.0 0.0 0.0 0.0 0.0 0.0 0.0 0.0 0.0 0.0 0.0 0.0 0.0 0.0 0.0 0.0 0.0 0.0 0.0 0.0 
0.0 0.0 0.0 0.0 0.0 0.0 0.0 0.0 0.0 0.0 0.0 0.0 0.03720743566200172 0.05089694943290666 0.04587854569357269 0.040266536589859014 0.03515325771878691 0.029313550258678194 0.02310506399102996 0.017524634905735664 0.012515209566481037 0.010196757169525478 0.009085433513465089 0.005917074375239288 
0.0 0.0 0.0 0.0 0.0 0.0 0.0 0.0 0.0 0.0 0.0 0.0 -0.018217022039610658 -0.027455216050285513 -0.028006383020277515 -0.026091347824613448 -0.024668497769253533 -0.0238696860677661 -0.02232009644522041 -0.01646730739490325 -0.009469663102721682 -0.008444366595420033 -0.007593931937855888 -0.0027118320225568426 
-0.11162230698600517 -0.15269084829871998 -0.13763563708071808 -0.12079960976957704 -0.10545977315636074 -0.08794065077603458 -0.06931519197308988 -0.05257390471720699 -0.03754562869944311 -0.030590271508576433 -0.027256300540395267 -0.017751223125717863 -0.06972485174530174 -0.09259251386641947 -0.0808098821263117 -0.07069337067426172 -0.0601596958553465 -0.045803830887693936 -0.030769255582960287 -0.022614374572673488 -0.01683996480394941 -0.009894444560278945 -0.006705221231784607 -0.005863191643181688 
0.11046221961183456 0.15871107230021653 0.1528369676011916 0.13867384835862887 0.12673537988594097 0.11557938359131559 0.10161788532220617 0.07568887454331324 0.0471818036578866 0.04062823554054831 0.0364099460837653 0.01701110763052946 -0.03188954284362063 -0.04139497245160664 -0.032978473370826024 -0.02396377375864665 -0.01735429986065756 -0.013053035428836799 -0.00900331565148337 -0.006494202528722098 -0.006974776141895844 -0.0074520696471578425 -0.007042878231779802 -0.00432607426229951 
0.15394344542998795 0.19842200544915012 0.16601116257833928 0.14274318784347073 0.11711139762306902 0.07962180086742401 0.041498824087777775 0.029998686446363845 0.02692899258290493 0.009369215910562681 0.0019106906534711726 0.009084021114280333 0.05281381370827246 0.06656164812768194 0.05432067157594289 0.04954416185323981 0.044451676033717746 0.03260911857122248 0.019823861660532738 0.008034402427707477 -0.004454195881782076 -0.015129269484625766 -0.02115733491449112 -0.021599052837119426 
-0.03711424767713467 -0.05137150951911512 -0.052887979717050615 -0.05988007753058394 -0.059222685807742204 -0.0446221195352189 -0.02839706107598372 -0.021803687995619124 -0.011312982215486489 0.0023764652319039695 0.006545139098406184 -4.39399333100568E-4 0.021374878536411106 0.036922597351188136 0.040012490687538156 0.028982067880381424 0.022813798456103773 0.028272879874926906 0.03168725616770115 0.02928835490945832 0.03116580140318471 0.03947499739782539 0.041080736381314535 0.029115161312646787 
-0.19627551446633795 -0.24733450177209992 -0.19773517814942565 -0.17015513238469004 -0.1458357684106724 -0.10566725492643478 -0.06377930375559315 -0.027930830730863235 0.005064351882589663 0.03392342209962304 0.05114810769575766 0.05577118886745543 0.07136074193181496 0.09669311758591055 0.08750048348278401 0.07617384987187907 0.06339171146373626 0.04971513055574887 0.03691043934206849 0.030998689640625094 0.026655482990143697 0.01740128424894463 0.012062155989207969 0.01136002191611938 
0.2214470639507642 0.27082153385727714 0.2146726659024596 0.20817680483156498 0.18976756753450036 0.12340527186346427 0.059195180740788195 0.016788568403551828 -0.035383280201509895 -0.09007385974745803 -0.11145097158132156 -0.09367796018399846 -0.05688376595948134 -0.07472442256944418 -0.06810486628239976 -0.07018633388275884 -0.06982646167090499 -0.05759359785430559 -0.04370865940869347 -0.03504061447817238 -0.025598977842903266 -0.016242096161594534 -0.01167037667809775 -0.011662928137788159 
-0.18941943617940638 -0.2527538689967777 -0.23027061067976784 -0.21980680295324095 -0.19755886343926105 -0.15353728649916418 -0.11302861484681365 -0.08229351067509692 -0.041002307394514464 0.003390525653409797 0.02472227802571114 0.02162323579137114 -0.051223990091840164 -0.07126036910745999 -0.060617049758397136 -0.04390967835725584 -0.030491542424583146 -0.0273294353170286 -0.028642625128778996 -0.024638826747132563 -0.017288615324377546 -0.01112949647384758 -0.0037863616979682824 0.006233207367406603 
0.13010901105784356 0.1755114418015563 0.16769433539531975 0.17550475940196802 0.17611824671926707 0.15209368981406257 0.12735357269570693 0.11049949541101486 0.08851728095177537 0.06636920193979419 0.05476918396772269 0.05162336161830606 3.144591048819842 0.4331970898332158 0.700649538230884 -0.09617431478941645 -0.29976842291816785 -0.25547422228383804 0.10536095850086262 -0.2263273286698683 -0.2452342811312421 -0.22517367494777465 -0.01758065570045778 0.09373645198228327 
0.0030654822556428485 0.014101651578140473 0.007605136379335686 -0.022090074598124065 -0.0475364807293063 -0.03802315795064812 -0.011930624346715532 -8.698139931970633E-4 -0.0050200827209203325 -0.010909619322460339 -0.02060288498485962 -0.03557909413591663 -1.790418051277131 0.7578753657149128 -0.5753350337708004 0.4267330505667383 0.4182068324516477 0.13343126896333857 -0.16544487423857343 0.2998422837838638 0.2657154187447463 0.2041315990413707 -0.04613486963111945 -0.08019618566132024 
-9.308568541726286 -1.1621974959298293 -2.0062138223197445 0.39784138502225586 1.0140616449340265 0.8320708744407204 -0.3074366900118487 0.6550587060722068 0.6823284508554193 0.5925972375838009 -0.03604642297466283 -0.3462861511672044 -2.114389825343163 -0.4799482183870105 -0.7291599645720277 0.1657811310808832 0.18925395343853404 0.3181601989381819 0.12290379366034594 0.05083822051072746 0.14719257871122673 0.21000994881712245 0.04005954645909694 -0.09245473353986268 
9.901173494044052 -1.857525497275823 2.5826885694901653 -1.6111742674635998 -1.871151059901584 -0.8938196857025088 0.6007011392226844 -1.2540999673572844 -1.1350541485805754 -0.8721182892927057 0.20853469039026223 0.4611665491680871 -3.5062596644593307 -1.5363938046884364 -0.23393919553104228 -0.3989477675793014 0.133117062153384 0.14058659262599102 -0.08087996872393179 0.15656235872055657 0.1494377710014416 0.07240625319378684 -0.027328752445126125 -0.06848292605660554 
1.5242244811931283 2.5511696713895695 1.067632512555988 0.4727034625920563 0.5201636759898037 -0.3744886431245529 -0.5476736900700309 0.5845999105608761 0.21195657774792265 -0.13305630952645042 -0.17997824309712906 0.08061474058589224 -3.2177018434566556 -1.62304466109988 -0.20021214120671416 -0.5962802293637766 0.1361531219238282 0.472154613695382 -0.20604227536720335 0.15089038997117257 0.025284914360635142 0.01705748898228558 0.09375335004380216 -0.10019797793579031 
5.105447964173928 2.76659948198375 -0.8275004444654037 1.13732218935488 -0.19993868271734694 0.14349682295401545 0.3508277818541709 -0.43532749239920143 -0.2181474591714968 0.1346983946513048 0.13334928241175187 -0.04358076184264836 3.4348165013975716 -0.712390822815283 0.9919665282746851 -0.49316845882703636 -0.5848560501007668 -0.11686641633412231 0.05697355458162608 -0.5061103138459401 -0.13671190597303232 -0.2854834698417515 0.04984877677021199 0.07842107739109418 
2.7423997535787414 1.3948739977400244 0.29951710827818245 0.812433844704346 -0.23000390942957655 -1.1030512209736876 0.4356268147740181 -0.2069987013203523 0.1480203630689746 0.03801642866493887 -0.2797137691168141 0.20668143814553425 1.3579838359848848 1.607686714326604 0.3263106908757418 0.4619016952306563 -0.07671642353153292 -0.530218840694024 0.08894700768321613 0.045192340708265465 -0.18779319520297086 -0.009702143002340189 1.608633510029785E-5 0.19003057303311274 
-1.0123636463414698 0.8577948079947983 -0.009153313194987245 -0.30153408203863563 0.25850088311040664 -0.17893914777557451 -0.0618697769442183 0.66003028012115 -0.6929503233220045 -0.10120424886314594 0.10885612308946879 0.16286996821498356 2.1478364691324 1.235046915352001 -0.07538190212505873 0.4911894959535641 -0.2543488291678339 -0.3582797125362025 0.32608575697257297 -0.1581023831931562 -0.27985532262156826 -0.03117513240692978 -0.0023976750400861537 0.030407783445632153 
0.5091787784961728 -1.3174881345957665 -0.3204731257064457 -0.19357348740315483 0.5210931636705257 1.3773858643223142 -0.6081659337204847 -0.09865599782409595 1.012737595432089 0.014001441237795509 -0.16777992244128842 -0.5927023435422618 0.8870803369864575 0.0447216290712289 0.24633427292748733 0.3384457447289733 -0.1290779224522148 -0.26016547720384603 0.204462028210044 0.059767633068528524 -0.09057895794937511 -0.04523220136218434 -0.02088802456236875 0.05073060991194086 
-0.2214509556819877 0.41763980209564266 -0.2913596210979134 0.16675736754793802 0.18755926823610358 -0.021882582085378077 -0.10553311481629646 -0.015191694567860958 0.18905989251165078 0.2402312855856658 0.08457538419424748 0.2648877786643532 -0.4376001604534734 -0.4327234866704452 -0.06292645736782765 0.012484945150973592 0.3061923278033513 0.4391978668959308 -0.20411609855394816 0.24193530435786925 -0.003512704096916323 0.02790622398988381 0.00299258160077151 -0.03382675867423194 
-0.3142976027103721 1.4807866134759156 -0.2983825565528164 -0.43704911427586085 0.19270066536421937 -0.4010830722072476 -0.15592760092007488 -0.04869061318143242 -0.02124787099972769 0.0029952655270860107 -0.2049093259820972 0.0034807031850268566 -0.14220903270430144 -0.7266643943753355 -0.07933506099780611 0.027169702453955242 0.5142641308551298 0.3375031759649922 -0.291074475364059 0.08000914315599321 0.382567979926977 0.09570983346198736 -0.08982918579089731 -0.2107510092806982 
0.7121750256222228 0.7568278939702928 0.16858077433168106 -0.21725110405520343 -0.49587985114649424 -0.6072982801985861 0.3243593523174213 -0.09075832527378958 -0.16541947781534713 -0.17941983297744263 0.11844308005755866 -0.03374127912596492 -0.6040098965483534 0.22960122310695721 -0.13117260851933546 0.10715829254612393 0.25288726189686156 -0.3107877758960053 -0.05433335423908205 0.06014279817584985 0.1241446951183961 -0.011513106851979205 0.014294921297384744 0.022227005702194824 
0.46899288595697186 0.6929110025929148 -0.3124381404278246 -0.08307835896344984 -0.679979669203565 0.6575841854839418 0.050111258804833525 -0.30090011193911126 0.04227334081465689 -0.06330249986661235 0.08477378699974791 0.1888652131949919 -0.3506385487958739 0.4655539118154464 0.044475997736173147 -0.04438109262368056 -0.08278190450966083 -0.36129975964442246 0.057826165650705336 0.054674618216436155 -0.08118923445223984 -0.10771778365007766 -0.06503861032295681 0.05458966546913318 
1.1989334896294004 0.12277393821627136 0.10918599639759702 -0.33170288774663925 -0.1347623501705889 0.38114711675704316 -0.04555248196150452 -0.06951533971657109 -0.21513479875072983 0.3079194888384526 -0.10315093618882931 0.10551450655278621 -0.21959423996785787 0.5448915290417963 -0.05751234850450807 0.0525366678294222 -0.37973477162982355 -0.20381342099134156 0.25509695025003803 -0.1084956265674137 -0.12459046624362696 -0.17575047947323053 0.0848789500366663 0.03864622226221704 
0.4942388116736609 0.401151855906587 -0.4021131607942939 -0.24667994455910125 0.2604876284052492 0.18859350824820498 -0.14445018073272797 -0.22333596060935013 0.24717749282468315 0.08247895556937135 0.10100351310996719 -0.22991618606174824 -0.17455269079863692 0.4009676324491611 0.09606693588757294 -0.07787225227211225 -0.1547712452943312 0.1807046527652485 0.03692206836017423 -0.08700321566290452 -0.1356444723732564 -0.031409365788651715 0.022399563028163056 0.08898443775270225 
1.358334782667452 -0.731967119811932 0.3859553300284399 -0.2930603147456443 0.17309081493856926 0.23863732139330696 -0.34365077866391214 0.19594647876357096 0.10589984491052062 0.274940877724257 -0.14430863310754993 0.05971075371575402 0.39622357850281925 -0.06924677779252963 0.09717343160787913 0.08744814472186428 -0.16485579528336508 0.27038684804868723 -0.04428384769568237 -0.0522131443809302 -0.09886759612058059 0.10338042295923293 -0.10730176063865045 0.13313589578767152 
0.9129503118338569 -0.08262136574046686 -0.7390236149059649 0.13121711135238945 -0.3695925158751505 0.18672512487006443 0.08839420207551463 -0.17262137419046875 0.2886894361038008 0.04741490305644058 0.03815394637461905 -0.05518622364459874 0.5547097612005825 -0.12698036705241153 -0.2479578398432448 0.18134216004650847 -0.14526859721332072 0.21564396794373 -0.129442766034241 -0.008779772971028907 0.03759213505669523 0.03622234227483068 0.06336316610567064 -0.02478595708836767 
-0.19909299595915542 0.5724008824173872 -0.013879071370204887 -0.7829958498679774 0.6748451078197062 -0.42907923569994827 -0.029123130278578713 0.06176680021677883 0.06071201797145309 0.015310246217219214 0.25017912909479606 -0.381258162018803 0.46424868932175717 -0.19868504880214002 0.07799025009827058 -0.3282674894573256 0.30647134670547366 -0.054633289989311516 -0.1613825185582021 0.1912530787292214 -0.09085442642575625 0.18793774811399233 -0.022643888237034577 -0.04312302255447497 
-0.39117658261478283 0.12990895594916196 0.5416775594347628 -0.5457386571374601 0.44541627360464287 -0.12448011703635745 0.08661429317732838 -0.12990680242286734 0.15699500112413123 0.10362724449839822 -0.2863298663082177 0.0649261430706333 0.22051210796068332 0.12488398636309128 -0.3071869629441991 0.03743404589617979 -0.11346995125588029 0.11445711013637823 -0.08189454995884667 -0.071439989519314 0.18715042721703593 -0.10431900072280875 0.08765020408763202 -0.06852892669483757 
0.6176521619265003 -0.24217713425032628 -0.4883660074367357 1.0302200378712572 -1.1538276199177484 0.5581398123144524 0.1413867314597873 -0.39917004330789396 0.4443103416776242 -0.31697853733869885 0.08586493794497219 0.12902363802156291 0.009378777679392769 0.21829298888253076 0.010468080962565898 -0.2148562376254751 0.17592286608814667 -0.09816466243487056 0.01820466731508208 -0.07913980140207039 0.07766516672429795 -0.02440642568862487 0.023074871322342844 -0.024546193779745724 
-0.15695859099102094 -0.049984316495883974 0.41978074195989784 -0.8876929702057672 0.8851537017612177 -0.6502557295462706 0.24882292108287163 0.27216701612980965 -0.4645610074003925 0.5265162970028259 -0.1426395703133651 -0.10474034358026903 0.02342786697812116 0.02915234820414625 0.08075441453502663 -0.07112522514389637 0.07388304286722391 -0.057133887424546975 0.1452593593232672 -0.15049737927612475 -0.06103087215534997 0.1656232472942757 -0.1042004975570442 0.04758445450135649 
-0.34433832480921467 0.0074685519923178845 0.015665094479529906 0.032550019542601394 -0.07279220452302115 0.12830255785962003 -0.16484144617659657 0.0981492951466515 0.13849452206082113 -0.12291500296912 0.10910936713034122 -0.2227863373541147 0.17091070452166454 -0.1699371375099806 -0.004295768805390047 0.15826646177440318 -0.17745766300633917 0.14106128138286114 0.12886019236363758 -0.2916011254731774 0.05618060943196087 0.05375573471770608 0.1185938845996292 -0.18717267806771173 
0.019535059818711176 -0.08237093178459887 0.04739876487155015 0.16647202745855694 -0.3167505626943925 0.2618401724646997 -0.19604969597428124 0.07292566617823415 0.49299552739858266 -0.4902742645692183 0.01464941177023038 0.09807776725440265 0.03401357050109747 -0.19185851455006228 0.05101193359710665 -0.0625354119932074 0.10999098163906633 0.07330458236664732 0.15389150991373013 -0.11138553823772057 -0.05316838305549424 0.12740802733733025 -0.0847587902941267 -0.09153082902201905 
0.016673222956640643 0.28382758592397295 -0.28928771247639173 0.02833815371588555 -0.020502498670925795 -0.32109198283961615 -0.02275753710254902 0.575254008087426 -0.203009754017746 0.030149539294204997 -0.3485612068957131 0.5891326168073623 0.0459577255175058 0.05474572085492498 -0.2977330447911728 -0.02442261500244088 0.012391789324070182 0.25964477513408424 -0.06953380546505343 0.19003619582747713 -0.04484225825650897 -0.11903058056390937 -0.14982651531802105 0.013642593981020051 
-0.439505076377241 0.3874117101884753 0.4192213446465387 -0.6979808013127871 0.5290359039179711 -0.6454722062965945 -0.28389356319534254 0.3677712743725841 -0.13430372019462622 0.06775994385917262 0.34047208758204217 -0.23610733359495034 0.18618739536761808 0.12908079295031408 -0.14811254220204814 -0.597578398863146 0.24433956775611096 0.05380331952361502 -0.09029046333276085 0.12353503433691886 0.2904915650898818 -0.13842267324807536 -0.17612319500640614 0.15926084946627292 
-0.252691433263756 -0.39165993155899415 0.722952938965554 0.538044278935596 -0.5328608058014135 -0.19697557816198563 0.08768190382909435 -0.6193820964329548 0.5866709206269525 -0.04484036549158732 0.3956775751784984 -0.09662156887249836 -0.5403588457353591 0.6513219258110722 -0.26250432592922857 -0.5565669338511172 0.13412592326314685 -0.48097996636420803 -0.027466274803396806 0.3433003534944943 0.23629155629274368 0.1414634377455532 -0.051250720571226004 0.10492686924533857 
-0.40434479817394475 -0.13186955189405758 -0.014383934243278329 1.7043541614381397 -0.7935901123974816 0.03837201155503939 0.01960197355817961 0.299638615427668 -0.7733195051934119 -0.037511292432096055 0.17089960575234298 -0.036827688304485726 -1.317539198630436 0.5795366166206873 0.24011779249607654 -0.34802358262297267 -0.20888304014940395 -0.4859769176264926 -0.12901137954847464 0.1797543695369256 0.41449218787732384 0.1992334526935996 0.15555501694558463 -0.1677736325662281 
1.6201696210610699 -1.4104975604679773 0.7150279047562025 0.49687147389377384 0.23843273969736 0.7799258073271911 -0.09210648106911967 -0.4205807229235987 -0.5923765303965842 -0.34160515579682027 -0.11002280426718553 0.17471218642611425 -0.18140588144465544 -0.1527445737509847 -0.31603771570863687 0.6799470353282534 -0.24679024018566717 -0.09142088503142402 -0.2619544257544994 -0.5286680537563476 0.03199875308828063 0.01671892533962018 0.11274100920530783 0.18737477373575592 
2.576681992351654 -0.841779325219095 -0.2971695157370151 0.36667634907704194 0.7700382516167961 0.32400785383829506 0.1930347678991884 -0.27089252099287076 -0.7882565583148295 -0.38155801906900966 0.12665722646813027 0.13154668645442757 1.6967830116849907 -0.15146027740021525 -0.2622344245791422 0.6496976162339142 -0.13350063124096326 0.2891798689779461 0.3649583356950206 -0.06720554192903065 -0.386197237064785 -0.07632235042292833 0.11049854324304316 0.10758250594394513 
-1.198987184192589 0.4215286763564787 1.812458876838333 -0.8329579208686152 -0.5743042672515508 -0.06553084420934138 0.7868287839220882 1.2518876330463573 0.4981431879228194 0.07702622180800894 0.07957573720468125 -0.7429330774592229 2.1131074751775727 -0.10782253846033256 0.3587367852363272 0.22029602784365357 0.5299482608710606 0.3129302545098115 0.20191160120583243 0.006434974653008722 0.012586829865968227 -0.25228067800098974 0.12241013150665486 0.2454784607757213 
-4.085115430602087 -0.5935018381056398 0.2236038534530831 0.42017601011759154 0.01328028479986365 -0.4064392696105327 -1.5147406660224862 -0.334978936770218 -0.15998765315875874 -0.017859929965725663 -0.2553952947127199 0.09924742580634749 1.2055874114598422 0.1589670562554916 0.459464470972956 -0.05752955825219064 0.4275162859858395 0.17412111382258041 -0.12346116864827468 0.3138215259601898 -0.1470554115012853 -0.31820773317921897 0.0725133903139993 -0.10240569309493608 
-1.388254092994777 -1.2111686886437072 -0.6215691355478281 -0.1907664401574617 -0.9730330595073555 0.2063586055221705 0.15604643227422038 -0.40784243899395123 -0.9442714725725243 0.23338783365450694 -0.286226938196725 -0.5455735655770096 -0.8697905486904194 0.09885883385492884 0.8604520806736966 -0.1311548278345327 0.13549882614938724 -0.23734871266127153 -0.422117153912448 0.15823235867536348 0.02625198413914263 0.0012536930569750544 -0.10735026315524632 -0.3737853007333711 
-0.9454467876267785 -0.5023318114854769 -0.45854892246280254 0.2181692834780371 -0.3131462102128202 -0.3343002124952021 0.8788094496679464 -0.38249206285328596 0.3741170064366982 0.49488437454539824 0.09201839322683551 0.3400840097981292 -1.0698867199011532 -0.5552168853186566 0.018661428618022596 -0.03804163923471182 -0.13718053588058568 -0.14990744036868472 -0.6152620211315641 -0.21281014025496928 -0.3368458012614597 0.06336850552107863 -0.16598160705836965 -0.1862430003569346 
-0.15944985960898528 0.07936716148161072 -0.42782097722481405 -0.3384900740452399 -0.8175874981933706 0.6104457652168078 0.8564051878142158 0.8009471200618008 0.15233490570766306 -0.18310700961847817 0.2279196827006425 0.25800453274499946 0.07007511611444217 -0.8250995850209492 -0.3443986583234986 -0.08942359119123482 -0.8013106673759586 -0.07100951841450744 0.19020897066705364 -0.13409122694889739 -0.2420915638221224 0.30373429411517905 0.047308455965518394 -0.17350015863525448 
-1.4898573875915233 0.42688089278767105 0.07074548843750827 0.6081627447656162 0.34709911178462827 -0.15876052835179721 -0.019133980397791683 -0.30094329553318616 0.3022465614855267 2.819751075310295E-4 -0.014523783986294656 0.2561873777161467 0.20581575290207063 -0.3655088905548826 -0.1343093163029767 0.37067578242161003 -0.28054708771703457 0.2686762834101448 0.6908342835305485 0.055981896939182464 0.1996511624704518 0.2632328625057088 0.21369083384998475 0.225531672005009 
-1.326274141355731 0.7995237142825662 0.14697963397251224 -0.11749239722754679 1.1007762816217959 0.33161731869399036 0.034391235305928525 -0.04634314180730903 -0.18206155863057127 -0.43051384897209655 -0.37488121748671516 0.01687522636974506 0.2384609763472645 0.2069558083078721 -0.03714559003004295 0.19254149042378346 -0.15245618141609354 0.555798435133703 0.6175582960750085 0.23487453861223503 -0.02128317189962271 -0.19416288854650665 -0.001630458012816166 0.10650885505179192 
-0.9794819054596173 0.23411658377869315 -0.34302127915253555 -1.0043569021956396 -0.43068683696929977 -1.000914839464228 -0.7826864246695557 -0.12679262273627845 -0.05763824880554008 -0.17111079329491907 -0.24765365822943997 -0.21594635302927065 -0.2374731585436001 0.5057388830123055 0.017710874153010536 0.009659599033190025 0.008458705260045848 -0.057291824416273084 -8.701663528355533E-4 -0.23232436447006602 -0.1202627296305757 -0.2577717266624289 -0.18207337452740602 0.06151540335202654 
-1.1300205297167318 -0.4451181089375167 -0.10950082333966327 -0.1098547218359624 0.02867402043187406 -0.6358723846280858 -0.6144934782749276 0.009248167826641895 0.3961268265520646 0.48507804022226686 0.34937599386066365 0.17454483296233236 -0.2179716300486109 0.5864535417175784 0.05729939471022435 -0.2697506506871202 0.17328517235321808 -0.025255372483462175 -0.02098522861250694 0.003672384867467395 -0.10288222645050592 -0.26257591486652293 -0.2616296348534639 -0.08109306183902369 
-0.8755647177802226 -0.46801484463920406 0.14585309463456442 0.5753651099702539 0.8577741265994516 0.4968597965580601 0.30791887545114305 0.3682341430600365 0.37394055778593593 0.315801210497636 0.169567733922234 -0.007193635636226575 -0.0808390297188392 0.4400533132561107 0.08285844151912136 -0.3388687486284521 -0.2600256283175839 -0.5256751856145193 -0.3952250010121124 -0.053571680972336715 0.032374338764360265 -0.01275325406321857 -0.0804419777124317 -0.10583520594767144 
-0.7243178450495957 -0.6087711966612201 -0.2693557370517108 -0.09810145124913305 -0.06330971722223411 -0.34150388186676717 -0.44795572891690005 -0.3048736793078687 -0.08920428257479154 0.11375789373119471 0.2013969909978396 0.15577805319029409 -0.05535917430241918 0.29651552472122406 0.2677938949230206 0.07388135613448049 -0.03378428647525263 -0.35323408368120335 -0.32765260323983697 -0.032214400205088485 0.17830081163697162 0.24805732223910662 0.18753672756836545 0.07535543769831125 
-0.9398161586366678 -1.0042168121277872 -0.5116691468538759 0.0063727083963022735 0.395381916810506 0.42892646599867057 0.3197197036877678 0.19098334374798698 0.0879042894648072 0.05280904214027271 0.06766177633926715 0.11094265469976286 -0.2972676628050766 -0.15613065849077365 0.012565863909485645 0.10424309320605785 0.1640729693861599 0.026280456961621696 0.001554999306296397 0.10686779304905653 0.1927733947952496 0.21700096645266273 0.161144716877433 0.058279439064758715 
-0.9318172863812517 -1.0665636993568972 -0.5841213873645049 -0.04700258945242808 0.36122298475210474 0.457796531695219 0.3625639173262709 0.1945167680979321 0.004242525801714192 -0.12759784231637133 -0.16228121005294924 -0.1105896253005961 -0.3570222814258286 -0.33452071718975923 -0.16813753675846008 -0.05538117085302699 0.001411810928675039 -0.07075828808923472 -0.09740877640193141 -0.047304720483937385 0.024308245976711246 0.09225230365372576 0.1155954839802823 0.08613655168187666 
0.11998799130083526 0.2292733821809554 0.26553832806250455 0.2370863994537279 0.15328886745380252 0.01836821889220197 -0.10200594558933165 -0.20206445979003348 -0.25110303078806584 -0.21452382083656912 -0.1320273161846706 -0.04884811358505761 -0.3049981333803024 -0.3058377141844019 -0.11627106843726848 0.0720037345187068 0.20115694428649544 0.1915512788045762 0.12660197574071633 0.055671783261350666 6.430497954479826E-5 -0.015942479320871675 -0.0030248755686698944 0.023413848452041433 
-0.18315307574086148 -0.22195414224631382 -0.1535468642345208 -0.047314784218764894 0.053501374670092514 0.0760501059541713 0.055133424927443914 0.0335643839129537 0.0073746396215112475 -0.029332585741561674 -0.04554491468103844 -0.022736217712925652 -0.266591578802814 -0.2964616756194261 -0.15382935188030292 -5.480677592591595E-4 0.11094050704146206 0.1244103461639073 0.08715081319632252 0.034603149873179424 -0.015483324224225567 -0.04200516135622579 -0.04153404053343869 -0.016903652392925784 
