0.0 0.0 0.0 0.0 0.0 0.0 0.0 0.0 0.0 0.0 0.0 0.0 0.0 0.0 0.0 0.0 0.0 0.0 0.0 0.0 0.0 0.0 0.0 0.0 
0.0 0.0 0.0 0.0 0.0 0.0 0.0 0.0 0.0 0.0 0.0 0.0 -0.006168029039300175 -0.007092667759280173 -0.005352913154974714 -0.006230002153642648 -0.007348804607060018 -0.0076362679031771 -0.008765592367164657 -0.01012042551197384 -0.010133706769380598 -0.009297098706862378 -0.008889651110906662 -0.008987390917954557 
0.0 0.0 0.0 0.0 0.0 0.0 0.0 0.0 0.0 0.0 0.0 0.0 -0.004576585819325629 -0.006618694409427112 -0.005576937593480685 -0.0027875203823595116 1.0091049665582792E-4 0.0023692707790416065 0.003758655293704107 0.004080508926836673 0.004216279000365715 0.004374157760261579 0.004963303385397415 0.006985515763310954 
0.018504087117900525 0.021278003277840518 0.016058739464924143 0.018690006460927944 0.022046413821180055 0.0229088037095313 0.026296777101493973 0.030361276535921522 0.030401120308141794 0.027891296120587133 0.026668953332719986 0.026962172753863672 0.011959406890121057 0.013453941823523505 0.009524253804375734 0.009919056892033299 0.00968606608518586 0.0072086661176448035 0.0076348269165597464 0.00982903446218534 0.008023533025080678 0.005974566839186475 0.006145849754397799 0.00556218316669863 
0.004477713899026625 0.009217081589361076 0.008701443047979984 -9.824420833854375E-4 -0.011325938400557511 -0.01856221419189047 -0.024424354431859308 -0.02742216504847078 -0.027849397155168043 -0.027068121341078305 -0.02822438682255224 -0.0344376336668647 0.015578674249661972 0.01928024922127809 0.01666883638668749 0.01065030070956699 0.007065535482713094 0.010637044182293979 0.013110031375844896 0.012559584495138906 0.013119829490244872 0.013130047236682207 0.013178946412725198 0.009823133834082837 
-0.03811707761987648 -0.044970366265251055 -0.03292348293711719 -0.02926594963440718 -0.023395229055278827 -0.012344891256989177 -0.010692303533749586 -0.015776020862320633 -0.010145900497658011 -0.004389639847020274 -0.004325355851917276 5.322673333364586E-4 2.655217582266424 0.4141309269250261 0.5261964968327362 0.09404743642593937 -0.5499228725700777 0.038191548341147685 -0.19503460082165028 0.08429437380954859 -0.05483240360695613 -0.22025891073446036 0.1649475419309461 -0.0359633895071853 
-0.018425440380097413 -0.024716562892288477 -0.0255153979590418 -0.007972924081033408 0.0015242149900901586 -0.014284285063621699 -0.020835553809912907 -0.014610104786295638 -0.019085978067834714 -0.02324967372624292 -0.024039684645856964 -0.016254448791984906 -0.5466049955845271 0.7000285947627285 -0.41829345048731065 0.36006793166681783 0.3645729944205623 -0.06260071067216437 0.2541984871359905 -0.14152124202922436 0.026433627576338593 0.28894840636251445 -0.22897861375388742 0.1315816586837097 
-7.935697082541809 -1.204147955256413 -1.5454223305297736 -0.25995706181806616 1.6653899548360893 -0.09380480587804614 0.6096061792554716 -0.2289278750238118 0.19051662158534355 0.6867588045165505 -0.470266023548466 0.12576074883797966 -2.2829058401844664 -0.9199870375793817 -0.4650596675489767 -0.2525397849085487 0.49739573690374256 -0.057679832236810856 0.18252938913622666 -0.07910213234101529 -0.02660541475402903 0.13412060798996692 -0.17201751580760025 0.041962935088896126 
5.593082703113574 -1.5112799082032438 2.01983121830624 -0.9658406809920095 -1.9494375136079287 0.20996987513513113 -1.0971690572344415 0.5037174881199479 -0.2074815409256846 -1.239487562610407 0.8916817882873844 -0.4917968504703154 -4.0611473702845275 -1.1961985998942117 -0.3360563252282645 -0.6465827170263476 0.5937395441442035 -0.11725528083458818 0.01091760548515599 0.009741727201952355 0.16721062934580747 0.034666095023641735 0.030148446059360085 -0.1831000436509581 
4.004846371186687 3.458272419128372 0.33958221157717206 1.207287283546727 -0.5401015754674972 0.048567525354066984 -0.02011371923016539 -0.03763342029239654 0.16386812519335403 0.20136748062516102 0.05386645510426269 0.11241466290581331 -3.8707040644502424 -0.91423225132655 -0.5160193380886536 -0.47395796307156796 0.3032379221975577 0.02934605594917418 -0.00790688243774503 -0.06784267636553644 0.18409169540716933 -0.0352134203007205 0.13765795303774714 -0.11254863407055384 
6.194744943609237 1.2326690495979538 0.04015130667227895 1.198153054315613 -0.6769486522907271 0.2662953918240863 0.2612715789774376 -0.13948251375786033 -0.5073936179092624 0.11544770314852659 -0.37655126215030155 0.5397187251269726 2.372423598754174 -0.5021059995614251 0.9604248837138313 -0.19028182307564334 -0.8741198295112068 0.390955801542541 -0.5723269056119588 0.35071231258225616 -0.10717948271558612 -0.3614531090097684 0.28344020966085715 -0.14787575967458289 
3.3755839905610863 0.16657431982263837 0.992475639553168 0.0799199597428264 0.11943175758481539 -0.21000573207004625 -0.04589349153723288 0.29620015501170166 -0.21180242614437556 0.1149314325392452 -0.2491233574428644 -0.052351136749002825 2.000008770149664 0.9734479350189439 0.3143788777461077 0.7403376952751662 -0.22234818348085597 0.1586395734597922 0.0014979088676294883 0.12829758595904145 -0.09690153904591053 0.06523245842180138 -0.029553391983122828 0.11032248239184679 
-1.2095569028361481 1.6408871401338985 -1.1878901468232517 0.16868845013687084 0.34315530839953556 -0.8336109007804353 0.6327015457549687 -0.7153362372788696 0.3018921828899385 -0.11191021153814373 0.19285606557837653 0.034213328380841346 3.136134790185246 0.41605799424143264 0.07464692103919886 0.3056027379188344 -0.12279650329327747 0.21496768940229471 -0.15640970031599258 0.1970091750692928 -0.276159582441695 0.068315542367189 -0.16739879978149053 0.22976339316999148 
1.7069709839603888 0.3338195688035679 0.01046630508661428 -0.49899350018940103 -0.38310900537006054 0.12260195127695117 -0.21032242922181943 -0.13459931640901623 0.04992984193148518 0.11934906270309203 -0.14217703281070787 0.03419991410333856 0.8170783628701249 0.20689879877135878 0.2152962449609881 0.09120080898769604 -0.05409171632539759 -0.33361173348863593 0.31500629697139365 -0.20011167978784594 -0.019504300295428795 0.024578750931935556 -0.09548107800372287 -0.04693564867402711 
-2.3793529236461524 -0.09912755761680891 0.3072152107879592 0.5708015705252234 -0.057288760933456695 -0.5449115180562966 0.8127151487677086 -0.5151103032553798 0.1902189953778921 -0.09170773903496382 0.07217197487809174 -0.19284697980917243 -0.42669722444718455 0.5278647868681325 -0.4315473800159098 0.08672614264290553 -0.043604979409595256 -0.3417562319996695 0.30253503194198955 -0.3085443406872077 0.10904338113696295 -0.012611667809994204 0.0625835743190668 -0.003135452095838376 
1.5092469123557137 0.4158852723839157 -0.4009657741354018 -0.394739027414438 0.4819289412275043 0.646479777033792 -1.0809191839577839 0.7964222273634946 -0.09745293150206596 0.031093943491848575 0.0976619219184466 0.20198596336808539 0.11166799955511102 -0.10261453300146399 0.2883804972308577 7.753552550648543E-4 -0.2599346240579071 0.10176190285081456 0.1744544531985359 -0.17966666376808912 0.05298084283196771 0.05835327487415264 0.05619136778455094 -0.09022758380998314 
0.16939680630774312 0.01625992773932694 0.3124680328354859 -0.14361721417932727 0.04145127332953891 -0.07028111765984724 0.1603948272969823 -0.25521398710350185 0.04845342619582521 -0.029947648502539392 -0.1148141347434011 -0.04027333996401694 -0.8819519418684193 -0.14740120943003218 0.22669095458939395 0.22884135583485077 0.12014035538893608 -0.153068947041618 0.0952766098905808 0.011492427828784865 -0.04447669179071686 0.051843209916367185 -0.08127614026605834 -0.009722160702338778 
0.09759212031810804 0.5839694251298919 -0.857301597629722 -0.14411017360232026 0.34732484967216304 -0.4199989574737172 -0.40752562808206394 0.27445251681931215 -0.038129901973384506 -0.0865908071855781 -0.2172580813536142 0.22859584561071022 0.4021171435287476 0.00135064621278147 -0.1480989796540603 -0.08557707513261965 0.259586600788515 0.13665324066975273 -0.276372261763213 0.3004253064107343 -0.2288881306966828 0.0753027298151422 -0.05881242790076716 0.04707100818173058 
0.9723302979779085 0.2590339943002995 -0.14468974123306255 -0.24103692388538778 -0.3504077813225943 0.447534690322312 0.19018854115810624 -0.2886027314696431 0.2939875559857019 -0.18839499344535204 0.47346039731229717 -0.1769854388234685 0.08571631375326542 -0.1230995808809879 -0.11507025493097923 0.008659483895910999 0.04684841130254939 0.04245481116050309 0.04692570074498442 -0.07232552742917571 -0.04314041714113872 -0.02791451071838581 -0.05485815774294108 -0.00620437559895511 
-0.09857126406561179 0.290446300465085 0.2719100518610533 -0.0892979471635488 -0.10090133381197397 -0.022387848966545887 -0.2666992555987069 -0.08815931968563762 0.46644439569304397 -0.11559057348217172 -0.02003806040710107 0.12912898825261943 0.0526653706029799 0.07437885711873715 -0.38654285441520786 0.019504119264748414 0.37138567778363424 -0.2889644361360209 -0.14036488870545707 0.20121771069113767 0.027678792227026666 -0.18032794014934214 0.08396296187897352 0.04731869412430852 
0.010329557239806775 0.5323202327146941 0.09307297288303595 -0.197001779086446 0.12501913116395924 -0.39645110539494216 -0.050795461179649504 0.14306851343650018 -0.07441247121397288 0.06829576680091484 -0.04884967198783445 0.02807321551189379 0.2611571370676729 0.037662178513545065 -0.10298505599667 0.16411221134568907 -0.15690681378831406 0.07778164892072008 0.12479378102938399 -0.26369707498727063 0.31216487442419044 -0.19103672464613078 0.16283755521401147 0.02549949774244135 
0.4205963788782192 0.22418973456648317 0.1834456085578524 -0.22464010379603638 -1.0045456399220165 0.8688872487929727 0.13406103920318513 -0.5450362377071725 0.0630337349453729 0.3260476331393148 -0.20799193234046895 -0.01588956392989649 -0.11340755434243022 0.09060650693161836 0.17787490970209344 0.01843625544601371 -0.2638475848776792 0.09494034001439045 -0.13599907260811553 0.0821247132028151 0.05093560587264175 -0.06430429242876144 0.03557517085868925 0.048324353581001726 
-0.07072493469702579 0.17917574170896522 0.2084976484085479 -0.6657024796062112 0.5721348130973691 -0.23144780531960754 -0.38457294933099173 0.7309269525029362 -0.4408017369130339 0.16389607718229707 0.07892466763694674 -0.1809746559595346 -0.032137919757167545 0.042227583435328064 0.1705842514029473 -0.11274352885915921 -0.11653427713661917 -0.013878356220383711 0.09368288077569042 -0.08082542615364367 -0.049480211137317154 0.07801229961835696 -0.06353754458834865 0.024579203555154708 
0.28217864493009515 0.1951990251730944 -0.319427015007983 0.08974363675829267 0.46708357985435867 -0.3897105190473845 0.30818670630131084 -0.6284626788273009 0.49683221092464924 0.029522148613421506 -0.1906507427955594 0.08867986324532845 -0.20680184972896024 0.19051475199504195 0.05512226356971015 -0.09875720872854472 -0.10694245801301434 0.12263164930506414 -0.0649638267289198 -0.029447815415924467 -0.1295988819681636 0.253288806468739 -0.2902911657621693 0.1238153390274666 
0.17595218348537145 0.4201328371054043 -0.16724346954288827 -0.01596306278613291 -0.26119264731437086 0.2744828471863876 -0.41890693705578363 0.4272580124574954 -0.14287107579165959 -0.017478389791209387 0.13309236700475674 -0.0979491087411828 0.15815363444547378 -0.0032486806389820564 -0.19130963584565708 0.04298023248613111 0.31918704856609287 -0.4567554226565386 -0.0633473797273656 0.21139877450726197 -0.11188081926816477 -0.0414975146474793 0.07287593940055236 0.05196942935576918 
0.9176633689739013 -0.4678330691168622 0.20594937682444003 -0.25323818602044135 -0.26705453567710347 0.24802697462478274 0.34611951325234047 -0.3048583214366787 0.30286505028917654 -0.34313155278014895 0.6357977152621339 -0.4288483546214722 -0.060711036482989776 0.07325132490672814 -0.07200372536200232 0.2763440215476732 -0.08657126702472862 -0.15876778884463635 0.07058117165761384 -0.1562501444859085 0.14615279550591606 -0.16633416795945735 0.21177179657827583 -0.05589495373451786 
-0.8629282000553502 0.5204378307708897 0.5197383600293076 -0.6231522656752375 -0.01835727483517835 0.8199497158139246 -0.21349721362440977 -0.06507154971416085 -0.008175698790803265 0.4747154718215202 -0.552927379593557 -0.07811883509344181 -0.12569926003423326 0.1712916301813984 0.12770165284478707 0.1531737641874935 -0.4198129915850835 0.2889117436471757 -0.1272252422798352 -0.06970583412910962 0.008363463285141037 0.023018366482719998 0.15231735054102818 -0.20207591080216605 
0.9837519461494253 -0.07470744637983273 -0.446906753708074 -0.4356938264401746 0.6053796946889483 -0.186140586827244 -0.006261670387217588 0.08645253571625267 -0.008973864093527073 0.2824277216854288 -0.48295625923123 0.2464495876250115 0.05815769222977529 0.030298869325777744 0.21955474983352619 -0.1497585357495864 -0.19045079027578174 0.27832464719757355 0.022914492348297472 -0.2699691795663872 0.11590755023342314 0.1491033229607497 0.023064644545098895 -0.23273727831720134 
0.5200056750003093 -0.29030486480730566 -0.22392036281099248 -0.3842565351387468 0.5620292122578538 -0.3751686030291261 0.13895938160350096 0.4407200862683585 -0.01204200845573089 -0.3993131264721582 0.23551730262835413 0.17062965254207363 -0.5819025618113732 0.6472736612265596 0.08489838038201421 -0.5044252455055328 0.324222357030079 0.21345743327011735 -0.2209752220860585 0.008634870974846479 -0.03262980282101128 0.2783863095872384 -0.3251653056900645 -0.06167106438169137 
0.05172335475674572 -0.15335832930509774 -0.08088551125598853 0.07658955596007244 0.01410459160372568 0.010612192453587438 0.10114773859349269 0.2521533992712234 -0.04292444557862907 -0.3534272225155588 0.1723814405158816 0.14498923651237405 0.48806696710338277 0.024647685038238738 -0.433253677959621 -0.4332263676959219 0.6679671316785974 -0.11468482306882599 0.0388080566172859 0.17419005961357795 -0.09047585218853178 -0.07238531033057277 -0.005700361230519387 0.045265517852181136 
1.3487937810751092 -1.3820577114461567 0.08203259765722226 0.6339817796412373 -0.695386794382804 0.0812010263631569 0.3957237481434106 -0.17382659441618564 0.10668900041478158 -0.042515984839701315 0.09489968760308082 0.15762453360795103 0.45257028659812093 -0.33101493333149445 -0.14635517495105685 -0.3390955667519127 0.33058458525833473 0.046894288053097165 0.30540675762111164 0.20518059945782743 -0.11546022266427851 -0.31829732578858133 0.03389090612437045 0.20680942804200775 
-0.8948430081981229 0.3972259218248766 0.6998777999366816 0.354866119257599 -0.7698136970265153 -0.07027093231690751 -0.2510680235090301 -0.12884430278220915 0.20308818803681206 0.32118508186091865 -0.39554636802703513 0.1171555935355294 0.7677436445655251 -0.6431456696684194 -0.10724930965017869 -0.004619243186254655 -0.16284796513564448 0.2847077917365935 0.10480079211977984 0.0034041850911195417 0.1075472262091069 -0.19822524730622978 -0.06622293979584225 0.17438070729017996 
-0.3644220033166192 0.42744780962219053 -0.17523649355415705 0.493891883468228 -0.037765399202029926 -0.47540990480317014 -0.6011530102085725 0.015677138921592393 0.21133234272938406 0.21827269870534707 0.41780848852670116 -0.4358818100955273 0.029309219138944204 -0.027138740019086782 -0.2016124461925227 0.06847543723433262 -0.300011052671647 0.007249805564937688 0.040470161620842916 -0.027459774795466612 0.23655843703600032 0.06479859546484261 -0.026917713115442544 0.07091397946136146 
-1.3948996867439654 0.8713259191659866 0.3694969633002372 0.16049223360534104 0.17383778942027206 -0.5652057171730295 0.2851837414101447 0.14718897732897573 -0.417887795363251 0.11085417763060634 0.20959585944159814 -0.08139971350642658 -1.2810407051500488 0.7591041453316683 0.07673156929124958 -0.07236607036027919 -0.34201145288965096 -0.40964810029932414 -0.2526117510935954 -0.08428017839678587 0.3552471825820105 0.41043763115624454 -0.2425814446501903 0.018923718897941876 
1.5108944629311978 -1.5376914900594514 0.8520603545530125 0.5257424107643685 -0.2671793795912567 0.3069190020964048 0.0061873808212944414 -0.22946391008537825 -0.2924983189931879 -0.13174631911907297 -0.12691828678490819 0.04416024874484464 -0.5449527135801423 0.4248141884941738 -0.1455336248674816 0.009055920040359433 -0.016995851813633944 -0.2977072285109618 -0.6071847136722291 0.12963526220360336 0.28205026497520685 -0.09480586460143652 0.2960741383694056 -0.006280472417250604 
2.010620874128115 -0.8975168643293072 -0.04396533199065189 0.5560390666903663 0.370927651837051 0.7675089151312774 0.20309703425682257 0.24656675691163377 -0.6107380288479334 -0.735118302695605 0.6045613535793405 -0.1796365925784822 0.6405543536290507 0.17608261124518818 0.16527663334938802 0.14333930346131973 0.050191837528656226 -0.14242600170241407 -0.06425967895453316 0.0799881938426653 -0.16060741496596778 -0.06579067359063172 0.061044230157288056 0.013210345046337247 
-0.43232414301223265 0.037426635887316095 0.4680955286937323 0.26895070680463706 -0.08532277496951757 -0.24864553542243822 1.2614444843847759 -0.4229175374805467 -0.5383933354538953 0.9256765326727623 -0.6678966736503869 -0.3679219533077477 2.0824993196088823 -0.24874484129752675 0.24085986556516925 0.23718715169814317 0.1816455388159043 0.3390084600423598 0.36162083776698695 -0.1767945661985081 -0.08599996300463786 -0.003476622504225535 0.18867970315398122 -0.0892572651530998 
-2.344953444659402 -0.4444809775429617 0.06564947618171324 -0.14112982479875247 -0.0676660254765662 0.13985455669363422 -0.14966577350799654 0.00395120949856409 0.18688195776500605 -0.22048522749341615 0.2969523624024733 0.08501035238085784 1.8131295163007781 -0.06604571638676227 0.40201116633667827 0.3942153725952881 0.2548603925405817 0.2557287684017008 0.34712884389433984 -0.05776195816671174 -0.2129073127575274 0.09719076157149938 0.22829679914883697 -0.1821945055214805 
-2.5588163365016916 -1.0179749095600439 0.07467335377132223 0.16276540141449836 -0.5928191573821611 -0.39627919881185303 -0.9022937285972568 0.4222275622166809 -0.43330842328574404 -0.3786329892074908 -0.5391529006584183 0.17960857172447403 0.7076708372180581 -0.03757812107154468 0.3361242385680135 0.0725432618659394 -0.12397504168165534 0.1362009641108633 0.4420205980853941 -0.020561985373377667 -0.2595199185497515 0.14947860058207038 -0.21008266115664517 -0.14240760862739765 
-2.3655215780294903 -0.17167894244534043 -1.0532877435394816 -0.5735143984004287 -0.1399053345783723 0.07413944162088248 0.24357960906481935 -0.002719918436844826 -0.024558546659426805 -0.3745358264699767 -0.14470093036315473 0.09318166146984845 -0.3859045253262024 -0.5909180227915568 -0.20575803862642386 -0.1687660790229084 -0.4562929702520691 0.11520657907930502 -0.02121053927893274 0.15298491979812504 -0.17224673590204778 -0.33952234157622185 -0.12498139512808205 0.01591817961985613 
-2.545052587981363 0.013759981553139511 0.019191422850289186 0.267513208007657 0.3227220046263515 -0.6243908702186522 -0.2612400011578144 -0.35789601739270926 0.34588667240757565 0.5542660304148315 0.18317795620236266 0.05521521802994999 -0.9718869843424897 -0.8426129726105894 -0.5029167800961519 -0.1274427031734688 -0.44210048664793916 -0.06084750858543172 -0.18439024016130645 0.09047518913279042 -0.25011333506866323 -0.22754422397848084 -0.21602129411735616 0.0981231990130837 
-1.1941217429409592 0.8124056452751169 0.7106645575215014 0.31279450897339345 0.8434423042753848 -0.09170934484088122 -0.4065610193909195 -0.06494176009111596 0.3140246176244895 0.3316322874240883 0.310731119356329 0.09945249036855147 -0.9599015841809136 -0.16147329855978562 -0.4290882303332941 -0.12941642423694932 -0.06519586570174085 0.03866582479456541 0.21069932445439435 0.05984616674474191 0.12941829902273147 0.04392070166776213 0.03700218089383409 0.0962625995957519 
-0.22885530101848817 1.0178217144114958 0.7014475435292864 0.10193905724799368 0.24180848313477776 -0.13081227982467603 -0.024052693885467935 0.1819129156454452 0.14773999977828756 -0.049084374219080795 -0.11880504316609164 -0.11789643976412857 -0.7109209149009472 0.33828281178132097 0.24591765140014546 0.22377744734248395 0.2250192781254697 -0.16924239624186152 -0.07782994619961218 -0.1073544563941281 0.12045355380098599 0.1517176212886828 0.013412818501221502 -0.021122980303660638 
-0.6439154689681867 -0.18928991319516175 -0.10715111287909806 -0.1024780503097491 0.09613902327263713 -0.28864732795980186 -0.507112017934537 -0.4521628851901478 -0.31374010741297714 -0.20462272915630697 -0.10471597336042987 -0.10905030842036798 -0.05100594373302488 0.7760056706966804 0.4985666424864048 0.09296957371462873 0.14575750449449273 -0.20105423056982716 -0.22332093142407183 -0.016812167376415166 0.14089457453066281 0.12149360806134657 0.07946225347857484 -0.023118934022215775 
-0.6873929802649075 -0.500240674555684 -0.3096536961498475 -0.19618285437822358 0.021315810751316222 -0.0181946899336074 0.022525336712830857 0.15777791433919097 0.298408373523351 0.3672406748389807 0.3506630470570776 0.22283555833539165 0.3949635573064363 0.9686637913740354 0.6451839255098731 0.1858562196907372 0.034970845093886836 -0.23986243798955095 -0.2398901716330404 -0.1082233455680685 -0.032276740862391046 -0.04822709461246751 -0.07012207817981748 -0.10731614396161303 
-0.8118350721186749 -0.7565801723313341 -0.2794847500981461 0.18294674364261587 0.5164161269836374 0.4551445519230659 0.24011275958214667 -0.002437757308743349 -0.18399329284003063 -0.24101106128898214 -0.16238968619098015 -0.0015567066145613095 0.31896290444095604 0.6301283707386823 0.4346728862424736 0.16985511890382624 0.013183983629591537 -0.271999298679382 -0.38574075567123706 -0.30724590167082716 -0.16220576846412982 -0.055665040165170286 -0.0017577154051341877 -0.022359804067522814 
-1.329786171362553 -1.6045245301425242 -1.147937414390809 -0.5983419988004004 -0.07324260400238286 0.21687909420254298 0.32200543225531153 0.2817203884089485 0.17969681507898744 0.11379107568465932 0.12039804778863594 0.15030519121780717 -0.16640221041844372 -0.08225340362425186 -0.08406601260121098 -0.1455112860293813 -0.15601369317079702 -0.20785107232988576 -0.15924639482953654 -0.02385711911916914 0.1284655019440103 0.23005554232652478 0.2537622257298955 0.19825351313846848 
-1.279607586742232 -1.5275330976177885 -0.992027912486038 -0.41096383481013943 0.10386627976071205 0.40981367601026897 0.5003702013079339 0.4076035827874549 0.23223297720159405 0.08909719091636456 0.015689672489193535 -0.005705712659007295 -0.7310478021362824 -0.8529372910681735 -0.5969738161088863 -0.3250856210613707 -0.08237982567623574 0.01605847488334437 0.04528498782233801 0.033079217514895724 0.0039653439680588 -3.205407494851394E-5 0.03056378350948809 0.0702580002239902 
