0.0 0.0 0.0 0.0 0.0 0.0 0.0 0.0 0.0 0.0 0.0 0.0 0.0 0.0 0.0 0.0 0.0 0.0 0.0 0.0 0.0 0.0 0.0 0.0 
0.0 0.0 0.0 0.0 0.0 0.0 0.0 0.0 0.0 0.0 0.0 0.0 -0.04354214327309395 -0.059156110141888076 -0.05428196114068632 -0.04750985544802381 -0.04026031204144794 -0.03498750784894208 -0.02900972515695473 -0.021818478790911273 -0.014776184002441739 -0.008476917745574436 -0.002705400834781565 0.0012964689623529053 
0.0 0.0 0.0 0.0 0.0 0.0 0.0 0.0 0.0 0.0 0.0 0.0 0.005499770874744255 0.005166163322387174 0.0030972921619079976 0.0043232054169278595 0.0061617783748425525 0.007039378223391679 0.005541810444999147 0.004478473245451688 0.004800016435668723 0.0021704954593378353 -0.001569300903245067 -5.785603494585281E-4 
0.13062642981928185 0.17746833042566423 0.16284588342205897 0.14252956634407143 0.12078093612434382 0.10496252354682623 0.0870291754708642 0.06545543637273382 0.04432855200732522 0.025430753236723308 0.008116202504344694 -0.003889406887058716 0.05247913926157229 0.07273413365973493 0.0667879701111361 0.05500562657265377 0.04224014229232532 0.03471283642755629 0.028829523206842882 0.020790184109070697 0.012387690370628127 0.0090879302743257 0.006968892960370283 -2.3161628577895998E-4 
-0.08181252753387369 -0.10423265517999364 -0.09071481819675348 -0.0842343994228193 -0.07887580318669957 -0.07359939644358815 -0.06014001907042954 -0.046163137922721975 -0.03656432531066878 -0.01922686299637516 6.498014575628541E-4 0.003680384491904942 0.09699428841288042 0.13471476010677033 0.1270014195674926 0.11200600170210583 0.09395275449127553 0.07995102207301162 0.06759028447096481 0.05148984241742047 0.03407704020834102 0.01985037912349716 0.007744774193566464 -0.0017545160386403895 
-0.11653115401778003 -0.16608607338920794 -0.15500650123503157 -0.12289968000655166 -0.08728252528362618 -0.0673388110608748 -0.056418560085313874 -0.0392889833658511 -0.018880908456549994 -0.01765035932478952 -0.021231579609892276 -0.0011453433886155912 0.3973799270057909 0.33109237113597617 0.04506085749165581 -0.16922603124594418 -0.1746279137094138 -0.03425795698306611 0.034317181468974604 0.04203160209146504 9.790519413161263E-4 0.011784828707596456 0.04193059881984934 0.06475938614550474 
-0.1674040733201103 -0.23236707841287485 -0.22207806637393257 -0.20330338193100592 -0.17782653276984162 -0.15370239891518436 -0.1310469856348054 -0.10209731738296894 -0.07062639039308546 -0.03801058108973506 -0.008560431523580908 0.003891516366699606 1.5115555190335714 0.05460190338618737 -0.16888968345192043 -0.550246956340447 -0.5876597760593505 -0.18978960021366334 -0.1783803309344727 -0.13870043746916821 -0.23221891497517774 0.001953712284391717 0.07141810960756964 0.03072747262743129 
-1.0187175783049724 -0.7517415713658236 0.09334493503568109 0.7097421513359974 0.6941400420441562 0.24778789573182264 0.01953111434612831 -0.03267228017153781 0.05842242872458518 -5.318738393861044E-4 -0.11307047746463145 -0.19827313126097024 -2.384083805123724 -0.02445998173005472 0.6020506382062116 1.3339800780777962 1.1817933468176025 0.17079014165570086 0.0460580771950343 0.0684398741224952 0.3872822169015872 0.10077353581338655 -0.06467233924454306 -0.08719899336100827 
-4.165385872490992 0.02478938364975214 0.29177851402365146 1.1501855539272472 1.2933922413274608 0.33820605080105315 0.4370261365172674 0.366629822887626 0.6214407510242969 -0.03364724259225202 -0.16768507843777647 0.010061860545788393 -1.501953985768728 -0.6317885090501265 -0.18118077007293407 0.21196097692198065 0.4020333146976356 0.1853411621182919 0.1513202311019403 0.03006521630498181 0.021453394384365793 -0.22691633270054934 -0.27190649152671575 -0.18784485009344964 
9.034711160938834 -0.22128435923035727 -2.2180867060524583 -4.801584382169067 -4.368271952785085 -0.8256634608860962 -0.4786293527464532 -0.4789721758686342 -1.5267611298700026 -0.3221526360136907 0.2523477615808347 0.2573664646048648 -1.7192367674960047 -1.879297921899413 -0.946669389075817 -0.02997535310576649 0.3244404299154288 0.31318862978067097 0.0794966990837595 -0.041722064138782204 -0.06715376555616004 -0.07574719018353003 -0.06900446939112688 -0.06718178579439843 
-0.6882564856358293 1.3977698426697716 1.4771800643889392 1.9164769540555844 1.147279520551872 -0.17300020696110063 -0.3359274453943356 0.030856981550633822 0.657605205751111 0.8035487980990653 0.6244499235338333 0.339606268714131 -0.04253199520149309 -0.7604163253355088 -0.831344545974352 -0.8102783157678178 -0.603224224304629 -0.16140312128757583 -0.027815752465528032 0.0458515146485432 -0.043845341714781084 -0.01848696770464438 -0.018606560940085604 -0.02203907200905932 
2.40042803075546 4.199661964822406 2.340652327080488 0.41652251058912815 -0.20612488731433587 -0.4361748647291133 0.1675178080506513 0.2603803329133049 0.2418014980296582 -0.19188832363445468 -0.3021245702770557 -0.16149997796194626 5.0081030882739155 1.963821806170393 0.033774301797208604 -1.8460509724129865 -1.9001918944276224 -0.7210261568111728 -0.35992006638592583 -0.23370767952475402 -0.5092539854653558 -0.03332830840421663 0.17455171991288285 0.17079352672768056 
-0.7206483217948261 0.09556519762989701 0.5064426353802345 0.9719670548516031 1.0219913815059734 0.6276711165852892 0.19739981351529928 -0.14060097544897315 -0.13130453778119022 -0.043318495667936885 0.16537077031142555 0.2856122978563719 2.3274757519876683 1.477212142166825 0.6120564475773485 0.4053965126836567 0.3998165502249822 -0.2050579644303905 -0.24584270420417345 0.0656888726787492 -0.04233397223094659 0.1499907855028194 0.2395732544859266 0.09043789674209142 
-5.973402185803415 -5.461647455221598 -1.8340408969397315 1.2088234846718833 1.3949478000207316 0.9370793477742273 0.33446721695650694 0.3078798412054313 0.3954556982922155 0.2012659360824603 -0.04176782154660991 -0.2280171301492973 -0.47919492636968464 0.39443741554112705 0.4081450363714296 0.8574015756472887 0.2122110033664769 0.20014854776795063 0.13163282068184032 0.039490846627604964 0.22366172270961512 0.04127571169112835 -0.040179423806500476 -0.052316627132351405 
-3.4837686333193965 1.7967881261912986 1.7283573336670037 0.30413692896323696 -0.8527064737906084 -0.2444534199215994 0.31812596276525695 -0.189959390631677 0.7077800223126721 0.15699931173214965 -0.22444821428916933 0.1015511545815323 -4.166171235858784 -1.6142200094364891 0.27257312370805925 1.082391615996191 0.536233375100288 0.555203943538014 0.3102677481913563 -0.036695456514722447 0.2617768890173466 0.15805745828821063 0.04788164256358033 0.1648902868135632 
5.219572965626799 2.165738253918324 0.5052598688228145 -1.821767153408555 0.0945910302345242 -0.6005582397795208 -0.2877437286198484 0.16658700062184195 -0.8487259501461183 -0.415874362407883 0.013323193442743186 0.08748047507252774 -4.794635751823004 -1.9645409628336947 0.2954754829236586 0.7247997158520577 0.41921932047369087 0.18711244731126916 0.28381502091380745 0.08630050405282241 0.33864280286064186 0.21001311693480304 -0.04526929005309028 0.07615468131070396 
6.181377810066419 1.124532371369403 -1.4809271186252162 -0.7599124740967511 0.06346964109821301 -0.2691219202518788 -0.4222979582705919 0.04013181438698887 -0.2945443806140631 -0.2089207212873972 -0.005819664873991992 -0.3668073651952303 -1.6344003561330531 0.8939092181521427 1.0313033469637822 -0.05549308636157516 -0.23694239662651206 -0.3758284159559438 0.14741417423954684 -0.1091384292906813 0.14880844772012178 -0.019787638405585766 -0.05809445437817647 0.10514136326077063 
3.577931847972689 0.7681033106904334 -1.1158251195645974 -0.43355096135429605 -0.32079821884475157 0.3880762560055595 -0.14676588526699094 -0.06606727346236885 -0.11931050882634242 -0.24581339821217532 -0.015274226094927734 -0.22230191419302792 2.0260806908786058 0.8924727095234886 0.1324591083791449 -0.7100895321435248 -0.04607687735692609 -0.18088410486559814 -0.3272490557616576 -0.010897543342430907 -0.2577957565802815 -0.28894847152701086 0.09579375673882018 -0.05953552212681665 
2.240252993906818 -0.1861220566511843 -0.5550102130306367 -0.22349190797916707 0.06581534062856564 0.38871458005369186 -0.19460548162981228 0.2537830342824723 -0.10335304150758118 0.13133174485105312 -0.03586614138580446 -0.05898174056800176 2.521654241614469 0.25095805141606675 -0.5661903118325979 -0.31614318712191397 0.013789641337696723 -0.016638305812086602 -0.37529711907769364 -0.03658492568493349 0.03514792962488315 -0.06205052705902816 -0.10399550734731229 -0.1394404931871834 
1.1118933010707828 0.14364733935815188 -0.35507590911191 0.04029115996322741 0.23164881254012615 -0.3868241753355117 0.5801572003447346 0.09245402070139297 -0.17093434995851475 0.28084481910392445 -0.2590348385178111 0.11217422913936342 1.4601376226163307 0.18842014065237697 -0.457221752955288 -0.23232561208801936 0.2143680744120112 0.08185911782575121 -0.2917294606422399 0.031049820462481743 0.176028158587473 -0.0816354297943795 -0.16810525072134808 0.07330584138066172 
-0.15056564132603611 0.6838862027873436 -0.1627307883537661 -0.04840397338977098 -0.254122798607316 0.1682432128549166 0.3401318561566262 0.07062594435990843 -0.37417624892262635 -0.2860982487683626 0.42804716337938664 -0.11572395729987572 0.7815185961059612 0.06069610395110914 -0.34577567732330605 -0.07304240360112302 0.3221180432095997 -0.02576667338673973 -0.03124947131756946 0.15682582009199533 0.0048087111777078695 0.004996208892385806 -0.0026806790005323433 0.009479273761490048 
0.3929282977401236 -0.23216124098596147 0.0597004269628314 0.17588190761506395 -0.8039333724628444 0.2527345861276935 0.4610538277665095 -0.06763818988853215 -0.5119833808812388 0.20780788798067107 0.2570848736865209 -0.4138483299690761 0.1568096980258963 0.3784902435736062 -0.3089680560245855 0.015279805626764675 0.1818819817476803 -0.10151602133011305 0.2625315648454924 0.22709109129492436 -0.19362940306899135 -0.07097813014081551 0.17489057960276297 -0.04702086811486591 
0.2551797072542641 -0.18030607833245504 0.27492865090191065 -0.07216007100171629 -0.3827476964987482 0.14623521948230844 -0.041305381387991336 -0.13664832069855115 0.05274534042065726 0.1528615837355224 -0.28588396048637343 0.17559171770174786 0.18844095243478343 0.2669372107049662 -0.35766686242996054 0.01586244430598634 -0.011084048528994325 0.22532632253138282 0.20119192592814114 -0.004058802914289071 -0.12432492939204483 -0.07372986273244464 0.04379133848894758 -0.04554075180900077 
0.4385915327029437 -0.5597272508027675 0.35299853933400804 0.006329791888906033 -0.24968468375719866 -0.07127211465886851 -0.016718875419433843 -0.48518212065415034 0.19649306457681748 0.2742992932744285 -0.4267410153932199 0.10757899598314935 0.20771642963930206 0.037026074340317607 -0.23854135344343286 0.030129976130510272 -0.19310746143772697 0.15571749030989868 0.3115855391121299 -0.06527023996797644 -0.3336927305349378 0.1937697201629943 0.018549025422741578 -0.26966486249731314 
-0.7387201161117964 0.04685757558084802 0.7636207427505273 -0.01121524844465105 -0.4979949973731559 -0.34573240434595087 -0.024557570034825504 0.29157431848558474 -0.35543968347552 -0.09815436321790738 0.6385860924524143 -0.23981536484898613 0.12679955632105808 -0.06504656945369665 0.06231584336463181 0.015587450687927959 -0.37970450376977344 0.08202048678844659 0.16628486114508398 0.08959473095299125 -0.259498529702287 -0.036445535556163144 0.04589174576458125 0.02659423088742145 
0.26672892050524766 -0.45682129096356583 0.5309784413688217 0.055019567945000514 -0.16698733771245955 0.031565927112127135 -0.48207669524646307 -0.08593878957667078 0.6931873226716632 -0.24799329903159684 -0.2607972290510977 0.6028497987982303 0.3562718702879228 -0.2814116416329959 -0.008230723529378517 0.03665293938421695 -0.04318499077234287 -0.28637411042960553 0.06625436307181612 -0.025697438896815677 -0.07368055505823641 -0.004649712582911396 0.03804873904436092 -0.0116791780459497 
-0.03928765561006209 -0.036619349890965935 -0.0010088302093915757 -0.1432673110935474 0.7150171417882025 -0.15124526176852915 -0.3074810549097286 -0.6050541790962647 0.5828938004800953 0.5233444865570245 -0.5065310909511782 -0.15182637636805696 0.0074793865173106155 -0.26337216307567307 0.22037981821172567 -0.0294670038530573 0.05108542457929244 -0.22762966316875452 0.02445940539564472 0.1001892377060813 -0.1303345626218094 -0.04290098524902832 0.19267253536892137 0.04376583362419045 
-0.9799403084116918 0.3262461368321272 0.760005496402103 -0.03760299493929664 -0.7266357810208492 0.6906066453412372 -0.07402022219743065 0.04022444482722137 -0.05163201222628093 -0.022500993864303265 0.031671359175493574 0.09862203588053386 0.36225098876448875 -0.0805216373816456 -0.3507332993184347 -0.14171730543514546 0.1089472441985176 -0.02155848926872676 -0.3311760957331316 -0.08836368110950972 0.43051772958774465 0.20258352492320877 -0.053116802995531655 0.09321855606187905 
-0.13782366120525857 0.44544035091002065 -0.01203223940129039 0.12349704455666943 -0.37142704945683835 0.007636226045757644 -0.3019640227462759 -0.0720750118346053 0.4079736718388802 -0.08219756005446921 -0.08566580776764543 -0.11899898426270927 0.9723668236377158 0.6830270545280106 -0.17771016382061142 -0.6493205267276553 -0.3814114128245159 -0.03513936762880373 -0.3146491492481562 -0.39967796063690475 0.10306012811364879 0.04977742335772498 -0.36346889349065586 -0.21497521972501618 
-0.7707560429906204 -0.4562862292191223 1.5886900439200753 0.34678930642532846 0.049393025314508066 0.016800651011164014 0.5086930758712054 -0.08733732987897133 -0.5109058017709631 -0.5529728504954763 -0.3118794616562691 0.3067804345599193 0.7061312797384929 0.4422471213908185 0.5135813850403665 -0.03698590065910098 -0.5561420967796804 0.09298279197494945 -0.16614953236338817 -0.2319209720853581 -0.16094730471333935 -0.20325829398561468 -0.10491150039332074 -0.12000862330502234 
-3.060980259233745 -1.694434330449373 0.11777938749345651 1.6124981184071059 1.4712369770940716 0.2910758382829186 0.3451097438004218 0.6577605901675457 0.5033503109114901 0.639248144799436 0.7556509999366707 0.38902008346729877 0.3728197736358087 0.059776181477676125 0.35362525926958366 -0.013904502514255087 -0.2513840452842521 0.02627798975381875 -0.057156962324725745 0.09449007568385488 0.19158521157982822 0.04128778792609424 8.279011816770543E-4 -0.012020237858620516 
-1.6367558486129274 0.06944211333936856 -0.8456444721663701 -0.6711458298872119 0.020458496042736973 0.26993846329780835 0.10089149161938504 0.37106956008222014 0.38352158237743217 0.2265510356655881 -0.0742525434967023 0.20463837193059686 -0.6263497627475032 -0.7795586596928478 0.8051951715909299 0.789221727640927 0.37252825938999007 0.21398963613795155 0.18930754644634798 0.23560203065956242 0.14623653314170226 0.1303039142647453 0.043017748044459736 0.25076451300855657 
-0.8232830793015311 0.0032476351977468454 0.1442592408331813 0.6741781202557049 0.3971923510318036 -0.19776664935902077 0.07340765635381152 -0.5847486838667657 -0.613995654974802 -0.5958228669132841 -0.20696297039246 -0.031867239372186495 -0.8133488541330746 -0.5382864464196254 0.11109274656792449 0.3807994436962971 0.5748475022603233 0.43388156887481216 0.1995987092259356 0.3215503186154889 0.13110740589677974 0.18739559694308464 0.3238456992394674 0.3276635405060077 
-0.010555344714217707 1.0335487670358612 -0.8401353975225767 -1.5517158774217523 -0.5311694398243281 -0.3807470135817209 0.07662148025546656 -0.17288878484050282 -0.39094241825292386 -0.3263490874333521 0.040374279374917055 -0.23506944304600785 -0.014424477569709179 0.4287927065917214 -0.047970752696681385 -0.18788125359572316 -0.17620717496184482 -0.05445348035097314 -0.17568649593527028 -0.15124533542231536 -0.09804725811545618 -0.04023627989631484 -0.141880834917393 -0.0038578486325015113 
-1.4340339487838758 -0.5616283180387431 -0.21825338953221363 0.9103848110854849 0.022508438246634288 -0.6852261299017532 -0.24155137819542571 -0.03491119321755942 0.4972600935363289 0.35351141551965226 -0.2731995092175411 -0.37411663056242206 0.224351835015977 0.4728004969317688 0.32749715549546793 0.335839735299097 0.07895389774841009 -0.17681254272424343 -0.09845229229498842 -0.430782608653385 -0.3210628466483417 -0.17629572663192442 -0.12412323992203071 -0.030847575221408473 
-1.2881069811626276 -0.9344980298175507 -0.5204758988936284 -0.22560541451493243 0.7364219773208561 0.677028644622094 0.7854304966998145 0.5498868210245631 0.12203548246823531 -0.12740726586193557 0.38450823066801726 0.3873366134232192 0.38249473414064444 0.6524985740619479 -0.06688285199299748 -0.32798592660280373 -0.15427910677552073 -0.095849212628015 0.18942621045864494 -0.06736907829156129 -0.06208136571140005 -0.02956439444680738 -0.01141771719857603 -0.022519855410457923 
-0.8575627661252572 -0.43113045717085363 -0.9980619749676966 -0.9963963170949961 -0.47346505078601875 -0.19621685028819796 0.014360025016602829 0.3462113391608564 0.0927039346096436 -0.16640659780321906 -0.006660226272917971 -0.2505275419425746 -0.18749707755971454 -0.005391017613291267 -0.11443096602966456 0.060818700238092806 -0.004314403811329766 -0.04113952045637367 0.2640253554125396 0.16146087678181922 0.20596374800677367 0.07995951773083282 -0.039926606914076214 -0.011521814788008936 
-1.4462751384654604 -0.9891958855839273 -0.24958254882584285 0.3856324664768993 0.17965462501856067 -0.3377040155044535 -0.6196128527264826 -0.16134281615502688 -0.0024202416553810724 0.02230310256850569 -0.058642210501666424 -0.2293044211245578 -0.34723445913047096 -0.2632645939831506 -0.38285569068963227 -0.4268882533166802 0.02860415239677368 0.20933114918794746 0.39635973410153874 0.3198394944426493 0.09900728515340451 -0.05549301968991055 0.1295930160838571 0.10600944200323931 
-0.7924586374533158 -0.518106337315681 -0.010407166477112761 0.42230976987529056 0.3138353258317713 -0.05444123846935843 -0.3311057697198959 -0.1636790049732222 -0.058403288422183924 0.03877767811193319 0.06815553210952939 -0.031230668924506773 -0.42697529287449126 -0.2576763470813239 -0.3880566475022362 -0.35002257340791343 -0.19430027926879054 -0.10821051678320683 -0.015413178318484063 0.14787180865423857 0.0661690164741839 -0.03354600910473227 -0.0021397152925170192 -0.11171278056711147 
-0.2789556681071854 -0.10121630779568525 0.1342637689299764 0.3457063019499649 0.25695933182164005 -0.021852608851168076 -0.23091580823655233 -0.15468649023634545 -0.0994327614760645 -0.06352034474978004 -0.041678696774777674 -0.04034014909553267 -0.5442788694757744 -0.3660153848399566 -0.07531359949886533 0.16757501005557743 0.08286064288974646 -0.11925049219613226 -0.22963822971935066 -0.06094831629575615 -0.0020308524758563726 0.012161957581719118 -0.015101125495662402 -0.08502949188617982 
-0.16029662268092082 -0.10209120482100292 -0.02581519133889776 0.07363448539221136 0.07078343361881317 -0.029511003265220187 -0.1337489622729101 -0.10073224976120004 -0.057296854902566405 -0.022856846829879394 -0.008722837258811289 -0.009871336255752742 -0.2566878264681985 -0.14251405357402103 0.03507663120046887 0.18719192369581414 0.13629879838431255 -0.021068594947045615 -0.14132008188237455 -0.08025961418039723 -0.037618219107901196 -3.871036902759288E-4 0.014657602734143816 -0.011666390140808017 
-0.12951953742433453 -0.09915729731139644 -0.01593773789835437 0.057245078551706546 0.05259864245580037 0.007582343481874185 -0.029376567291923478 -0.009971244873769491 0.0031190990123792853 0.01663449229425462 0.025100350669491123 0.015104388199604687 -0.06438792279118033 0.006012783122575999 0.07174510943040859 0.14287977975728106 0.11352057068808907 0.00515116393320901 -0.08621637285052365 -0.06354455518221432 -0.042780088059675564 -0.030246466707149505 -0.019502734438916727 -0.011051303097767374 
-0.09711322339014572 -0.0915936818357623 -0.04053630666435397 0.004964610486977314 0.007119275361753552 -0.005952929794742719 -0.007915144545086725 0.004742214886681528 0.003175438657297778 -1.384293392563546E-4 -0.009206799815036457 -0.023953767149651403 -0.039220653242127014 -0.012665039700958622 0.012644280846141576 0.05063681241341205 0.046490624042349084 2.6756517506778865E-4 -0.04632813863237384 -0.0357277159789613 -0.019393682206687246 -0.01034764302827601 -0.007710754920935442 -0.007717517857964416 
-0.11738359937903198 -0.12450341865603354 -0.07361100169852125 -0.04859809986926128 -0.05177030111409736 -0.049085137386033845 -0.03518359854889307 -0.016790057013643278 -0.0013286440769699048 0.015859846626356956 0.017071487820085086 -1.4502435528122165E-4 -0.05521089685334039 -0.05014258038303062 -0.021563708107699763 0.0077146233353126035 0.003450422652454451 -0.018526281283409884 -0.032530749110547603 -0.020590501039349684 -0.011402196447862225 -0.0077330276853939004 -0.007998337342305315 -0.010563795070360094 
