0.0 0.0 0.0 0.0 0.0 0.0 0.0 0.0 0.0 0.0 0.0 0.0 0.0 0.0 0.0 0.0 0.0 0.0 0.0 0.0 0.0 0.0 0.0 0.0 
0.0 0.0 0.0 0.0 0.0 0.0 0.0 0.0 0.0 0.0 0.0 0.0 0.05318446622064599 0.07422933963970692 0.07086265128922814 0.06502374874926121 0.057591178336763936 0.04993150123219795 0.04153343575034794 0.032711951089029516 0.02534596232542491 0.01863701426991418 0.012976324389236599 0.008465542188917504 
0.0 0.0 0.0 0.0 0.0 0.0 0.0 0.0 0.0 0.0 0.0 0.0 -0.09331519171343967 -0.1300238827442044 -0.12397159067638726 -0.11361470013185544 -0.09910327302936373 -0.08470871149551684 -0.07086007701962141 -0.05636810252231583 -0.04476301269611883 -0.03428660600933224 -0.024225016428321863 -0.015769088142586252 
-0.15955339866193796 -0.22268801891912077 -0.21258795386768442 -0.19507124624778366 -0.1727735350102918 -0.14979450369659386 -0.12460030725104382 -0.09813585326708854 -0.07603788697627473 -0.055911042809742545 -0.038928973167709796 -0.02539662656675251 -0.01931519408688942 -0.029337746037774837 -0.028970890494798496 -0.02450170686089832 -0.02088073821606093 -0.01752806290124338 -0.014262218547092744 -0.01039705986649063 -0.006133878286629933 -0.006050718513096127 -0.007932871790068796 -0.00654641988460361 
0.359722274471288 0.5014156576921736 0.478208748963004 0.4383797235194582 0.3836965865932371 0.32902338633484746 0.27488038468438614 0.21817223420049175 0.17230798157649385 0.130815339432868 0.09213953586882048 0.060005577711135016 2.017378358949958 0.24961049771090016 -0.09019691450268212 -0.6646249037681725 -0.5271169543865327 0.04463484126859146 0.025470212842335832 -0.19412982701194706 -0.04756055312366677 0.06933203659592707 0.039117829223551656 0.12036168040027857 
-0.12191555497497575 -0.16269459073276227 -0.15219170299710652 -0.14568474117703414 -0.12920607864843575 -0.1119275044636936 -0.09465353670091484 -0.07789493750077399 -0.06775235592835713 -0.047255514177145616 -0.022271152564203853 -0.010363529201756677 -1.3425064571353598 0.0384097504491574 -0.05168158140730508 0.45769900566892835 0.46817434456579116 -0.09798778606499896 -0.07597644341183575 0.14401145081969038 0.07239676748395264 -0.01108943536136226 0.05053838054421153 0.025347632654512942 
-6.070953998693355 -0.7788282072258798 0.2403926180727574 1.9691814587691427 1.5595671349786702 -0.15283802342222452 -0.09138402380207199 0.5722690231526839 0.1385388938470415 -0.21232387410407969 -0.12568239797240793 -0.36860158988333364 -2.58832349622802 -0.3683559321716036 0.30909241965135265 1.0287728593864733 1.0038181125269332 0.1753862910999191 0.36842294380680557 0.4734496758921223 0.09384099227233812 -0.1525406193259148 -0.04149838384449995 -0.3141277095343226 
7.083304109326463 0.3022046621924337 0.061364855799354134 -2.333569130879411 -2.165231842900382 0.38509955937693896 0.2864612272276925 -0.7072186002022558 -0.2763436455634065 0.14892687004281807 -0.0816331478797302 0.11286405926694298 -1.5205855842115492 -0.44435626462369776 0.3589469913235095 0.5063461966417052 0.15869248649598602 0.07688151345465637 -0.15782544433727083 -0.054197040922987806 -0.06572530664819269 -0.03060518107430828 -0.11217829379331272 -0.05559281790827484 
4.52208293100463 1.3740338277443862 -0.5558467893892841 -1.5539966597887735 -1.6097448688615894 -0.4456490188852261 -1.0209458287003341 -0.8875149621251341 -0.0049193504229958634 0.4903460053006306 0.2463156850600835 0.940774912079753 -0.22905271096083624 -0.2602168378829813 0.29700793212268456 0.23823786406924108 -0.19966473136074891 -0.275309311061165 -0.2945048776895451 -0.016278405060987766 0.07404238068069341 0.06832921988613196 -0.13664111334577114 0.031158182015235975 
-0.8566772671893204 0.09394318565319815 -0.8309129732366143 0.09686572817680861 0.979372463783736 -0.19616654709616188 0.8436036987600287 0.8145881779070985 0.20115268615123963 -0.3067749106565759 0.1282646872994886 -0.49827332645847544 4.245447854877891 0.5307742040386046 -0.1935384352643694 -1.0724586751123444 -1.0816866124597786 0.03108105792897133 -0.056897274005593225 -0.22364913574502124 0.04294370774897608 0.19124782637068463 0.0076639844195788565 0.25117416000273685 
-1.4138051775529545 0.10595304469268185 -0.20449226377731194 0.03925043703330977 0.5862591757188582 0.963722962997821 0.5135593735003952 -0.13979915071902993 -0.3223364140523618 -0.18946064341277857 0.17929202447529613 -0.15650744306633235 3.8288076723584292 2.7939825727564194 -0.44117486804261 -1.2318167501869444 -0.9163836896678502 0.023969216944735233 -0.13107526613843823 -0.43271895981604525 -0.22019714989048658 0.0656103834470127 0.3219720823734726 0.09038037729811758 
-2.6850954010284154 -0.656077558397528 0.4663028987864761 0.08718334604658051 -0.018174027811269422 -0.4128296053514986 -0.31009955185589244 -0.41012909867024416 -0.2464662369956518 -0.08491328471253123 -0.07111327084607308 -0.0920172431682249 -0.8209658435060891 -0.19443882978621752 -0.9078322407739888 -0.23666034873536027 0.10096244914127654 0.41723758498752117 0.39493581968714037 0.059734201362795426 -0.19931482425432132 -0.0984389360024625 0.036259746373752955 -0.3373495450686863 
-6.0501310191511095 -6.632903518499509 0.11906987872700081 2.146294781837174 1.6381794459394643 -0.4092251405917635 -0.0508684049770588 1.0230005556116728 0.8794815608219096 0.1825840419875702 -0.6199115829875533 0.466505738540275 -3.5481734208383635 -2.0890364120425007 -0.1247424922843769 0.48227847883627706 0.3270888974730433 0.25681514579415093 0.2228581955434956 -0.11471378212935356 -0.030021484849049568 0.1060029454042312 0.08426660598813496 -0.002483614085897562 
3.9243831841280246 4.046687956607946 1.7308026778331957 -0.2466753980190426 0.15052498124960328 -0.7614052502639332 -0.05898987106266548 0.053985720653360825 0.19818817147706785 -0.19748044534936282 0.41908725190965446 0.20226871794427964 -4.839233153565988 -2.3186559530039044 0.40619727572577863 0.6957739739954286 0.5451474569273178 -0.4026285506307235 -0.04722149705972103 -0.05395147732823957 0.27105013323869304 -0.03470710599080206 -0.13651527291273968 0.1725134039192533 
5.925975792383914 4.021679523317447 -0.4625146764475411 -1.24065562744271 -0.479357021230708 0.3675653480715856 -0.28057005352670505 -0.02771521399277177 -0.45459916374157294 -0.4511858993070563 -0.3186080548669725 -0.29619958136489194 -3.214114753710834 -2.098507584345533 0.7403907094015635 0.6145112775559668 0.8051199338577165 -0.4380715079269219 -0.10549541929513179 0.43788415514229206 0.3900677202883139 -0.06962208287681229 -0.22268556075842916 0.2640009578418227 
5.844550653902035 0.9725987797057076 -0.4614966508035889 -0.3066633712997633 -0.5948481650081369 0.40666080220899753 -0.05358423640190624 0.27708321811669684 -0.39257627442998977 0.3360930039071882 0.18778078383185554 -0.22820479497340135 1.5003254988133168 1.5342598309445117 0.8542514241048608 -0.27506164942015904 0.028810171379330025 -0.2719956523707722 -0.1371706215721177 0.12381626502401967 0.030527206750355123 -0.23173631728674118 0.170553229255298 0.050777581940793244 
2.632129507094387 1.1996638229882084 -1.0059525851592974 0.332754935809634 -0.4044937825048156 0.3209563569525369 0.2629150355779569 -0.4022006585468714 0.004660622910496848 0.12466356598973152 0.16379833332663357 -0.11026037852635272 2.893199123078014 1.0603013175578333 -0.005326092416721624 -0.29812313139103924 -0.45939089606538275 0.29708533175261725 -0.17133294189108206 0.07061390428271025 -0.1262454616209948 -0.04737964948014254 -0.13392443174533927 -0.09459202523258185 
1.0703298303328381 0.8549163139390306 -0.5602326401255087 -0.20819573138473757 0.026662847748667007 0.07788620240790786 0.0807794491013567 -0.13022035214164834 -0.1230233421000324 0.20980377386246685 -0.3337756299530426 -0.0430336292973697 2.358187922366385 0.29142831942383474 -0.18868154732951303 -0.03458932519730851 -0.32145909661534905 0.26246031980040513 -0.02866170223382164 -0.09738073963687349 0.11209456423364317 0.11336577086755645 -0.044381764120385726 -0.10024105481050875 
-0.3665111650655284 0.8996168035272856 -0.39716840453641633 -0.39552005322710526 0.5880601605870381 -0.35930334728572144 0.1662469293949096 -0.035905141711729927 -0.21063924504356724 -0.24590233584426802 0.3439434472614944 -0.10500908850516219 0.856394366552203 0.746201987587917 -0.6594945610167664 -0.0987620059817691 0.30354829190189375 0.06960230328749928 -0.08952788573739663 -0.09643788501582506 0.11184764187660512 0.06650318821970624 -0.016774856649948256 0.05063601769673328 
0.26930722288283704 0.24833733116466483 -0.19984409912649034 0.16124209881053186 -0.12674784670801653 -0.04059030507308875 0.08073492339108235 0.3860776786097466 -0.6212100331538872 0.18127864222151863 0.23085351922558234 0.06989272444752961 0.3007390415464369 0.6630777743630688 -0.8063806970023591 -0.09661708454896278 0.6141911640003678 -0.24681101155292443 0.020361752826976092 -0.02980124896648807 0.011677353595079524 -0.04551027242415134 0.09965145887724626 -0.13046498980370377 
0.46345771116277845 -0.7356526483883599 0.7923368273914927 0.4443220386573066 -1.2384333109821553 0.17138770083053734 0.531520955645284 -0.37103601887509374 -0.0817889571923911 -0.0605834328489131 -0.06819167131283413 -0.3186316084890022 -0.036320589213078236 0.4405606974843363 -0.3200009087769303 -0.2981880598761417 0.3413205788156624 -0.058918748994761454 0.09573510187890251 0.09902453035471172 -0.20465713792664653 -0.1763173808249233 0.25151013863106014 -0.05528658242440928 
-0.246871732420626 -0.31668228319235325 1.2641568349176142 -0.33826552368005514 -0.9026639084678396 0.5529737130085518 -0.16294282250475878 0.12674883333949777 -0.22248054681085905 0.2536751396372434 -0.42666244729761715 0.45517260010566163 0.4272359001449768 -0.0314178124161133 -0.3130517547694639 0.4715043875454423 -0.40007780629327444 0.01934149394828823 0.31837967606648065 0.15562830478788856 -0.41460249864742754 0.05680964195487431 -0.03113146357750879 0.12387447023400933 
5.400802254378334E-4 -0.13955548174721422 -0.1691661452276776 0.7487979376466134 -0.04794354498003761 -0.47932910934225736 8.804967061226132E-4 -0.20331431014074067 0.20396742556485825 0.24685155792263946 -0.0818289853700862 -0.13178927906100038 0.26689067938989935 -0.18119595108781952 0.24427678864388258 0.12401262019297647 -0.41316952420527525 0.04682751979965266 0.2995624463834951 -0.17036117888351232 -0.22855356741304012 0.028501790735343424 -0.02162924684400098 -0.11270364179319552 
-0.7809416620834231 0.04454218509243191 1.2200626514914865 -1.4055090133204486 0.478240689170748 0.2267436181684439 -0.609083875338779 -0.16466809012109557 0.4797192714097708 -0.1428677790288806 0.33106656698673476 -0.3951518509684993 -0.032677199779132415 -0.05067730687694638 0.3238758822024463 -0.07907134618885332 -0.28100677367510407 0.1250964048035129 -0.0251992983084191 -0.1679221669010751 -0.029995780847191972 0.18178155999700263 -0.04813603550630868 -0.0038437901659647924 
-0.07017936217552112 -0.37267702926729385 0.0815535531729088 0.6059059228985739 -0.6893770371856234 0.1940201888516333 -0.14409585708819117 0.2857559795057399 0.2527718359364144 0.052182654278118634 -0.38216843792300714 0.4446415424276648 -0.26142071475771483 0.10297118427139888 -0.16390956583991811 0.25487355382646343 0.23982763573149532 -0.26378929023415726 -0.09444781497009715 0.0025570284657313778 0.154010584729012 0.13704987242785593 0.07700987668105673 -0.13379879432089772 
-0.11348041188274927 -0.04808958880147429 0.16716933910998222 -0.029605477739475416 0.2610731586602655 -0.15899015049893217 -0.014856750682344586 0.3859801892194828 -0.1568954094550612 -0.19433508853150405 -0.13208461450223064 0.17848855985922346 0.2882518181022477 -0.13106562452207715 0.04852584137251137 -0.8763873385481592 0.21043055690913395 0.3200314649877749 0.044095477229029366 0.37430502138562255 -0.019731659870447782 -0.10934878822556303 0.23317614077745388 0.07578368481015553 
0.4510715993982455 -0.40215314761445775 0.8490092084828289 -0.7037744916232636 -0.6588426869192823 0.5049056456939025 -0.012889620711803135 -0.48630953520822395 0.06024301181023829 -0.1385644046096166 -0.08128302466877368 -0.017213101512168538 0.8472098576405851 -0.20157650242942834 -0.16221439262785756 -0.24643343170867146 -0.48436047400060245 -0.1669488047081841 0.05614225254446631 0.06036469558954502 0.14309828844529368 -0.14518629118383108 -0.2592017618523698 0.2075891879620777 
-1.9063225971770494 0.4524771178322453 0.6907572997189924 1.8784932095849476 -0.16831815668982442 -0.8887935052160154 -0.806973425214061 -0.9015503969209812 0.6351786630842021 0.2805521150916761 -0.5189045619727436 -0.3915755834290492 1.1365606384513118 0.24490178188628522 0.1750565354692998 -0.3618353138919958 -0.5046843924681208 -0.3080620232374426 -0.3570909923654437 -0.48946622578028604 -0.2823903350067187 -0.3690277800182041 -0.3433648472558281 -0.12334966672221953 
-1.7153878424501263 -0.018230875295868643 0.3064027507519764 0.39115687436237667 0.9784000424912289 1.0597682803347273 0.08353572254426811 0.7484271858073368 -0.5725600656690983 0.2502979260180218 0.5888468213693587 0.10690605018556798 0.7210945972811613 0.15962906313576508 0.5943564583099946 0.18828981554158894 -0.5479876030159386 -0.04012082686615026 -0.5077693384233483 -0.5344767766775992 0.046223642657806485 0.01397748323972344 -0.23176445712436142 -0.28512651676420964 
-2.4399326063124986 -0.9747560706196245 -0.08669703843249099 0.5084347809436918 0.9565049713593722 0.4877646018929833 1.008203554785951 1.2370105060525605 1.0066771343047631 0.7183170862092889 0.5629450042461873 0.4864779841770137 -0.29456199979298026 0.5476504095225501 0.8353444121732453 0.92009532263732 0.3486839739076066 0.1728368830105874 -0.28879708937727283 -0.015700315470630517 0.016304750777505594 0.12371401831673452 -0.029331631624774812 -0.06265305771612663 
-1.4454071878775139 -0.16742374279581806 -0.5453329973714132 -0.5836147239274023 0.4227085581039354 -0.06301092726214608 0.6028299045582357 0.04784034333780274 -0.2641771517734617 -0.39937933988759333 0.07308556359484514 0.3991396649774288 -0.3804773383220838 0.3068170388790384 0.4345714997378923 0.38713218642524244 0.5737481204442046 0.6794521063936112 0.19675472148491932 0.6290028399936533 -0.12102976718019692 0.2875749303204386 0.38164006060766537 0.11417403029446538 
-1.157626925084415 -1.1158776769854302 -1.3894080627390488 -0.3944069591821229 -0.9365243362189972 -0.8459145504493408 -0.20022924808922626 -0.5041560292743226 0.432072953803867 0.2342486930942801 -0.17302903821116233 -0.3497332176765997 -1.08754288788388 0.27382397880402093 0.07575418606447337 0.6251801812763443 0.48434497947356886 0.16253127824759586 0.18094868330938096 0.4425519819794001 0.4190122602459656 0.41376529819538277 0.3090916909597801 0.16371189660057497 
-1.2151086680979168 -0.868121188750081 -0.34595623630842165 -0.3188188148504434 0.20367033494779974 -0.31174846267494427 0.09748795952709877 -0.26799806651018127 0.07783132612194049 -0.3703926683857897 -0.18808633922496265 0.18248956022897855 -0.19900352006494337 0.1797536874610456 -0.3724678988049895 -0.291863668226431 -0.2753074074655979 -0.10965405646349256 0.21706214941155813 0.033445729552337634 0.09229244495763715 0.06902439351193275 -0.0017904155081682888 0.15958537711870102 
0.7075467974493428 -1.445879284054556 -0.41364797715740687 -1.4995037174238208 -0.38701085548326675 0.12453953485659486 0.7180284773733765 0.06727376503835214 -0.4213638853808347 -0.5374721441277612 -0.2337441172232491 0.10366734674951389 -0.06954402858181201 -0.5979076255660813 -0.5133986374597402 -0.4222505265440195 -0.4443083244393637 -0.17133161011962236 0.14267466753515168 -0.15230519511645627 0.12298180319128311 0.03773218533667503 -0.1407760415961663 0.055088701187426516 
-1.7809834889495626 -0.541684001644392 0.08419065625273436 0.8445246598727396 0.9738740401328638 -0.21927580052463624 -0.5074854064077401 -0.3382117424755475 -0.11433606705402222 -0.22059210181237093 0.10881434962539338 -0.3063167485917311 0.1369580275082165 -0.582427099937822 -0.06548085480665472 -0.4758654391266411 -0.03772766447431771 0.0014614683175905492 0.3296465405170061 -0.046080503090737614 -0.020414038806172003 -0.18786235700352663 -0.11593060940463602 0.16868933540254136 
