0.0 0.0 0.0 0.0 0.0 0.0 0.0 0.0 0.0 0.0 0.0 0.0 0.0 0.0 0.0 0.0 0.0 0.0 0.0 0.0 0.0 0.0 0.0 0.0 
0.0 0.0 0.0 0.0 0.0 0.0 0.0 0.0 0.0 0.0 0.0 0.0 -0.003976695941433424 -0.005236085131584763 -0.0030891926542779093 -0.00123912320821488 0.0010306348679607706 0.004721614742256482 0.006972096563655865 0.008076283800336426 0.008582648862146916 0.008700636290069433 0.008590162233565882 0.007670051683720286 
0.0 0.0 0.0 0.0 0.0 0.0 0.0 0.0 0.0 0.0 0.0 0.0 0.025780256268275775 0.03148546872853466 0.020003543479675995 0.007399779888126938 -0.0033366549847569003 -0.0072358726995630325 -0.006138452281566842 -0.0017799331218003773 0.0038209319678698117 0.0031569363022655728 -0.0014709341605406063 -0.005970627703792063 
0.011930087824300273 0.01570825539475429 0.009267577962833728 0.0037173696246446397 -0.0030919046038823117 -0.014164844226769446 -0.020916289690967593 -0.024228851401009277 -0.02574794658644075 -0.0261019088702083 -0.025770486700697648 -0.023010155051160858 0.03184989038546101 0.03525665637228817 0.02998587746440684 0.028334200216566907 0.019634744091682126 0.008805859558792548 9.013288822460516E-4 -0.008554328314699766 -0.01266863595715432 -0.01174184406420653 -0.011369005028574528 -0.0075815134195350116 
-0.08330581271697746 -0.10231053388298111 -0.06464441942044485 -0.024058024476703133 0.011555917256211856 0.02879004021207382 0.028873501690184322 0.01745422506590577 0.0014111773896109403 0.0035801455283074324 0.017298045831970643 0.02941696063695662 2.024555253273666 0.46541933215548087 0.7326455351698181 0.1105538230212626 -0.122525766424395 -0.13922557615871411 0.29291859975032647 0.22792904064119615 0.034922115027714466 -0.007668199269548782 0.08310485198708735 -0.024668850933883064 
-0.05389676479789429 -0.05461470217537395 -0.057635422682998094 -0.07297358841134916 -0.0646821909031523 -0.040812598782414555 -0.017140737491830316 0.016935872411146413 0.03730031917665749 0.033435459428465875 0.025457992169738264 0.008036059940126725 -0.6672079721834846 0.03646485677699362 -0.16214244595116287 0.1622431103059285 0.2725304917500294 -0.31870781034649565 -0.25082816515612577 -0.18763873358416047 -0.1995454730702723 -0.21429561389332888 0.045161940274535205 -0.08728106817607295 
-6.0407523335099 -1.3610965176813785 -2.1644851051865386 -0.2933159900457909 0.39837244242282 0.4310006057539649 -0.880643575350548 -0.7043694838296664 -0.1362904779646925 -0.006764086340690742 -0.27492879539648 0.058483445306005404 -2.088316778600818 -0.7370713565076116 -1.0362756274762528 -0.24698201031209713 -0.021331339561515412 0.5590760334486797 -0.3019320178051004 -0.3546793089967288 -0.03747900042559687 0.06460581008764014 -0.0936226332338309 0.05679671592503193 
4.992277264771215 0.5357066769629721 1.5456152586993692 -0.348382978508597 -1.0140916424372746 0.740853304041772 1.186326744297776 0.8995992037992582 0.6417393003015279 0.6219570487442774 -0.015142886910077924 0.22429980714253367 -2.7290928795728626 -0.7695488881396728 -0.6882055199136605 -0.5307011993603244 -0.07877843520852722 0.27580570755000444 -0.12314473544610292 -0.05535982676317173 0.1947374419555683 0.20607961848790893 -0.3355290408480072 0.19528402567396694 
3.6585575083009205 1.8137428460706806 2.2425571223171294 0.8545927015082122 0.5502546617078192 -2.0392710115460586 0.3329358142106824 0.6401604863620363 -0.18837131189603368 -0.48449807939251877 0.31846638507337144 -0.24910506073934263 -2.150086192187683 -0.8300681194172067 -0.8473358056914586 -0.5170577062764085 -0.13488390206605597 0.5529640507669424 -0.22591647268752849 -0.0843296767837597 0.3664107253897237 0.2581699232078107 -0.14509158246490297 0.021539544493038475 
3.283726953015284 0.6666122803676151 -0.1965399766938507 0.9451756638926225 0.09571200507992972 0.3669060872175838 -0.2544962259341368 -0.4892496323951897 -0.5208715897243767 -0.34593639950934696 0.7353475244788342 -0.4240217640591001 2.698324538039388 -0.03245477117093968 0.31136122717980586 0.02593804004079296 -0.6741654809105935 0.019203980623800982 0.6053064221017092 0.5451416111897981 -0.06684147302703791 0.27030897097916085 0.08826262747685824 0.10038458501295044 
1.2637813989311155 1.0636550388679202 1.2485999295844472 0.6110778075828247 0.24812232486238583 -1.0409179381347684 0.5175173278279939 0.2430439646188367 -0.6542172091209111 -0.29732713183731063 -0.2148992536962272 0.31802559742770686 1.1864523517464451 1.1300117980617495 0.5850824156704766 1.2227814251161782 0.03903265758270397 -1.074797404434663 -0.04159957874543874 0.26805216156785816 -0.34489322265362526 -0.045513004135252166 0.07423247064724962 -0.049433803055448124 
-1.9053082946620465 1.0081148940771714 1.1085101735262928 -0.30443965166828213 1.1594709687172227 0.1840648254647239 -0.721883278816007 -0.5372673688985364 1.0751866679950803 -0.28255533797080923 -0.013247949955853322 -0.36041927697984244 0.7390591989593212 0.3274274892070599 0.07987633588261082 0.09924134844463821 0.5598707876448779 -0.15648940795724775 0.026532531481456807 -0.2709242620846073 -0.057230666550822984 -0.3803205056632854 0.3994779500215035 -0.04007905369707845 
2.6937180769002502 -1.7470438549693457 -0.16521519980437205 -2.18894391605987 -0.09872279285893915 1.2765418326343603 0.6914280768879337 -0.1399871300898648 0.04827922720511357 -0.37964959775603113 0.47006671034896635 -0.13260489511262707 -0.6146298613572507 0.19528353473863827 0.6548900570156936 -0.3697689417018373 0.725419987124854 -0.22419645064886348 0.16903308945082962 -0.09796748885748456 0.04749238986558598 -0.40846729281007343 0.23681087753543195 -0.06259543741781164 
0.35158101715275336 1.0896792596650684 0.27073858035272647 2.047462480380055 -1.4104777989940414 -0.3223555742952373 -0.42104919490847714 0.5150387012129829 -0.7004278082349201 0.8361863504398696 -0.805569307608273 -0.07846935669769776 -0.7233266940822078 0.14192022201958818 0.42809506092780714 -0.34965296418362146 0.5399426156107087 -0.06924888556562299 -0.22841386651264142 -0.08835130669228734 0.5221349745696887 -0.29421025740324436 0.004126474049414713 -0.3576377878431227 
1.9792263270954678 0.4370222518580569 -0.2971844448758505 0.5444335666641678 -0.6431632526565441 -0.11511838630819737 -0.13999898247825993 0.010793396135530764 0.09111285939733116 0.3687039023875704 -0.5291712074763132 0.36483694954006946 0.8282006682658997 -0.293972120870509 -0.16943396306832423 -0.3611553412568076 -0.2764931780869281 0.29648692197564636 0.12384104655652735 0.1486054431028377 -0.1029077247629596 0.012580544054382284 -0.021423159800653808 -0.1896486300604734 
0.6219176624869682 -0.5096788253952944 -0.10979038672138941 -0.6221695004794365 -0.1881366482161011 1.0876415916328717 0.3790718504050141 -0.34760371193437223 -0.5126350718100947 0.22589868416712316 0.4739915868085423 0.4637731642231774 0.5446492009660405 0.3505291540072535 -0.18238085489032363 0.776872595315074 -0.7066924525868581 0.21886450112508568 -0.2941404307366048 0.26726396424705157 -0.2856221931861099 0.3184262762609093 -0.26365006862434465 -0.03692262271173676 
0.07394774943544391 -0.06544844982763731 0.5333511729376585 0.22933809814029882 0.11958616601287497 -0.3179175162566332 -0.08015558543839396 -0.15448225282470035 0.26310603328157967 -0.11224739678280482 -0.10544425745747987 0.1652197346083556 1.1252404252233073 -0.0955968218107337 -0.35283040787704706 0.24677037285441372 -0.4128521502402349 0.4852392627034224 -0.02235320921559662 0.02280399019235842 -0.19344452786025465 0.07752063621227674 0.06922528688250318 0.18607165960711805 
-0.3297272969153564 0.28932714848615504 0.40261333611694283 -0.1256075713032323 0.3282248494318234 -0.8775495126962762 0.43145039878140423 -0.20411536704805633 0.07044218438128519 0.12138317124232934 -0.22648257674465566 0.13210711890336946 0.22952859969951747 -0.11684991792668376 -0.1585050023679274 -0.21843097476581322 0.06114946267168775 0.49025003937653633 0.16361708287560459 -0.21326328611651868 -0.22989984440497646 0.097031759031877 0.1923409065902603 0.19230334822647052 
-0.9206724688732919 0.32430973034953325 0.5051049173361246 -0.4441585164871755 0.33721244924019844 -0.5882406222538905 -0.09912862901966513 -0.12936274688470245 0.3799078148824051 0.1883997502131371 -0.38660998634722377 -0.02754500662138082 -0.8211167755895662 0.188258495560749 0.15519127587971285 0.08198056121882165 0.15136394784110194 -0.26739958623034077 0.23729121503010417 -0.1469330317483453 0.0562164404607522 -0.07790626629478896 -0.05123046262358014 0.12063099132690834 
0.4306419725427837 -0.35400816170382843 0.3798477481831597 0.3698717311317403 -0.4803981778448261 -0.2479469734981088 -0.10229287643116403 0.2796263934451848 0.1186635706044219 -0.21552016642647875 0.037551731482633355 -0.016754509841365978 -0.803224530623243 -0.4281463098937503 0.33019227285515296 -0.852166321630908 0.4895323777155267 -0.41059305001429225 0.13017160914910444 -0.09537114409080653 0.20504648355648536 0.08051638742502976 -0.2729679463967695 0.21140964106621987 
2.1571134414750723 -0.30855628141489255 0.07916013926541154 -0.26434323673365245 0.06980583612789393 0.16947997283530536 -0.5251575929224224 0.04444596217371492 0.0703460187877547 0.2899230709359661 -0.08377002370038394 -0.12224242500000171 0.7226844889722964 0.210023648169535 0.5629632748020766 -0.05727867708106745 0.1319117581509062 -0.4126347475962892 0.01024803117220772 -0.03454915702957661 0.11811591745121856 -0.00397848839080157 -0.3159698011735694 0.11085208986584479 
0.5410533397801904 1.8901990840496188 -0.3749910934131595 2.34098375371273 -1.0066689771586046 -0.024630660197997443 0.2539500532854695 -0.004906289304845456 -0.3899163682408456 -0.17092765139417443 0.441001281122233 -0.4547730951059798 1.9857805802748594 0.416533450321062 0.48939738840095454 0.2837042567320711 -0.540339435804138 -0.6352178258529061 -0.1589971624217642 0.1709021978679867 0.06420433188645075 0.17648370121962387 -0.06799810598640085 0.0496221641917416 
-3.1439316194088844 -1.4278648370357954 -0.8063654862719458 -1.257878496534468 0.20461257444436914 0.5380054638849213 -0.30799418739460505 0.1165510655790425 0.27985003195138314 0.17803895786938964 0.35957464235368464 -0.14109198358660824 1.761692215081168 0.33842576686388554 0.1824745797962287 0.49831410000563187 -0.4226020078100177 -0.3308522522902419 -0.2851167744273459 -0.08407667989355339 -0.11582982743898318 0.1935931804280314 0.20295010055711668 0.023809495981939332 
-2.8761772378398165 -1.043954234856563 -0.6455816042510252 0.015526590835934773 1.0732167604093503 1.4734437585358016 0.2661169080702199 -0.26913275186143903 -0.17870143163674457 -0.6890292135520621 0.019873716414801623 -0.15619622312328751 0.2300002270098592 0.7617078049193312 -0.11938094229480267 0.2505336081331331 -0.6260536326447758 0.24989317200885933 0.13453735262448843 -0.025015977300097813 0.036982199041661536 0.04284030676086662 0.22774175184370357 -0.1667815458823005 
-1.4193479149584283 0.14324307744654163 -0.33296834470434167 -0.5965569553121504 0.2976689907739697 0.4129995203391317 0.32410930296724016 0.42878923313267187 0.31222803280265377 -0.031805689269184256 -0.48205654301801837 -0.34295934893716584 -0.9705089317599059 -0.42562809648849464 -0.3585289697433078 -0.649963693683054 0.16908306102749995 0.6745462537816667 -0.061080734698927365 0.1078620429390223 0.15492666370574198 -0.0055508382094970705 0.07994387966448481 -0.3996749369982724 
-1.0112391934746152 -1.1804782879495437 -0.25354683731255356 1.258722158702172 0.8249637126109223 -0.7118072044516806 -0.46571374976891844 -0.08597744118136671 -0.5170519657914655 -0.19452624810748737 0.17859161827697378 0.14650522521620052 -1.6642874554604765 -0.34973115432630514 -0.2744154231570451 0.14429278241911855 0.30752393738602035 0.3105270848139498 0.2741766893846464 -0.037149429141196975 0.10120935590653259 -0.191298129916365 -0.13226264786874187 -0.25065941612138015 
-1.164873846311767 -0.08271852102382105 0.07320403948874166 0.07041480058157523 -0.17851008473891666 -0.3930078159663376 0.24116334562174624 -0.29861271857806054 -0.015754692088482347 -0.05256001022440654 0.04038405242914411 0.906582103238465 -1.666851134332355 0.7397894008829496 0.3949650211335362 0.6386409993973851 0.605785354999227 -0.30134078032237127 -0.16775442737277366 0.10873826011896043 -0.11830243676389625 -0.4001019251209544 -0.2511784848737873 0.13081697836602432 
1.9894480942182824 0.11822002735753401 -0.02542152687643151 -0.7508376343682837 0.3887344860077325 0.9448661722466868 -0.5149401814109722 0.2060165114175181 -0.3183381369107743 -0.10475766332535602 0.15544136229744598 -0.028988700846962548 0.7757031576072116 0.202208090481751 0.44939488882817424 0.503707379338833 0.5906523222204126 -0.11072511705298033 -0.4988624951875564 -0.05451326206264351 -0.2375559292558278 -0.09441743159077325 0.09664429080769066 0.10881748800578339 
2.080861844192188 -2.7254742828558465 -1.6319260633230113 -1.5077000569690777 -1.3015724609221166 0.4886851729570617 0.8519858009065879 -0.043422523523651835 0.567778428653997 1.1236157937026134 0.2830540395931074 -0.6476633210036573 -0.22852508389518622 -1.1391977596392284 -0.18165260971145977 -0.1684660033721809 -0.2462575517900647 0.4373321222698984 0.2970428954245998 -0.37378220604687323 0.11805491091583147 0.20425875896974519 0.017821089274244955 0.1741723625744347 
-4.961216511548227 -0.46572467847878407 -0.7491664523911998 0.5366574494609992 -0.3854620659587158 -0.8204783477544393 0.7254625081513296 -0.050032752520640544 -0.09615073839522181 -0.4993618552986776 -0.23267624772807982 0.5971754733199115 -0.6010073123863463 -1.6366584649667166 -0.5555602797249676 -0.4080371971906768 -0.11923360025597518 0.49942900622460334 0.4440045400040611 -0.048827191468623576 0.04662723585021742 0.28956541164408905 0.22815806989217924 -0.1113027856342661 
2.9960337082570465 3.6268471108120233 0.9800343313805051 -0.06793473121652349 0.9473608466145015 -0.82233192277547 -1.270166685433204 0.9507585315316385 -0.48101312409375296 -0.4680341911469813 0.18097958961917215 0.07098292843172382 -1.4473889446294737 -1.551327378074749 -0.8997817429944567 -0.40736424204315247 -0.05209554245756287 -0.021324554625480663 0.7747185963724604 -0.0014456553090440583 0.1987664004919973 0.19502042976623657 0.1940472733667334 -0.008706618014926892 
3.334884099344892 1.8520347254237493 0.3352791149467129 -0.24660870567253035 -0.37803136699265094 0.10208770143914248 -0.7858775582532593 -0.14459244170425634 0.06617593191244842 -0.17762890583282576 -0.4779956223921241 -0.05440346866185482 -2.2694591493499776 0.34555404724592814 -0.08530119161770984 0.17236165417377183 0.2652546965242833 -0.29313957927497675 0.2774478907008087 0.15962252956484657 -0.18987064878600943 -0.31508751414484876 -0.11309900816996014 0.2425956173715241 
2.274978372634049 0.7696281494171338 0.5251963819914023 0.10602574672714438 -1.1490011830324605 0.09137581223671287 -0.7164999550084992 0.008194286995288236 -0.10968410797583006 0.37768802967097775 -0.17642809317507074 -0.29575399596799345 0.6815452838707742 1.475333123547052 0.6609332019683166 0.0223141727440897 0.2150625621724098 -0.15576979335186733 -0.3692746007602115 0.27250851562458245 -0.22282508491768183 -0.20337856941256646 -0.12256224092974215 -0.05189767595797098 
2.207688604313205 -0.07377733951912369 -0.2658439028435189 -0.06740775203215021 -0.13304514070808482 -0.39791347743560046 -0.38371452916344895 -0.05761821894700514 0.28779669990384504 0.023039576726889055 0.285324618178922 0.05275708340519791 0.9709169744344663 0.686981184038515 0.5021253432417251 0.025394385761570104 -0.23455573054823428 0.009052218776743596 -0.34040190181259744 -0.032875263639578635 -0.05803870634964701 -0.02748553275161897 -0.21379289531137144 -0.13000335480372088 
1.5149956041605677 0.16375377264230373 -0.7022037656293288 -0.22447772626898266 0.17968004695498907 -0.10502195328249653 -0.3634243976974747 0.08974587327926553 0.0766517466635942 0.04176727581086065 0.16700619212287549 0.1730956802721104 0.86120155929102 0.1184807686126869 0.239529331963423 0.04732696991921861 -0.38101383006276107 -0.09293571413543451 -0.3237158463017169 0.011196764040932802 -0.0207873787374948 0.13904890204482026 0.03572748510977928 -0.0534436750837749 
0.8021245602782336 0.09402836169561901 -0.5573968409680968 -0.15754012645917714 -0.3387047903416729 0.1731299278685164 0.05879036852902075 -0.08674244392750907 0.14712412364167732 0.0727880693520897 -0.008334079106982965 0.10118175762925594 1.0636906274071993 -0.023421507200255338 -0.12932536006248177 -0.04496616028050088 0.01753078036385018 -0.20300997069940874 -0.28775434181239185 0.036967426371677124 0.047382807497042566 0.07035503510940508 0.13915820693032613 0.13089473999766882 
0.3941557167784744 0.3302829929717017 -0.047615144836577694 0.009111024183002026 0.09687013197261685 0.08466125199095798 0.03339513505041669 -0.010833892637258202 0.023014316367738208 -0.06433292277608338 -0.1367811998614561 -0.15963530782869775 0.7323748720362543 0.08344049831145058 -0.09467760784406586 -0.0050514693767304 -0.0884089402772928 0.03564396453998955 -0.12951730391374014 -0.07797203066737908 -7.414846407875856E-4 0.02128914336971326 0.022133871779441035 0.0608927269968552 
-0.42296333421734644 -0.08677742808305666 -0.20516213305244918 -0.049303646416639924 -0.14423252430844924 0.1162748320258985 0.28113872989978095 -0.11823061510377464 0.17246699256064535 -0.13497542930785417 0.019743693380109367 -0.17356164253740444 0.2093168984696311 0.2148120498852606 -0.16823473196686264 -0.080594377956391 -0.026777297269677442 -0.03799055232780909 0.02760489628010891 -0.0662819153512646 0.04388011198801214 0.029522576431686782 0.008704540218614158 0.02726415015880161 
-0.06958506470040504 0.0038351725972898265 -0.5942882960549551 -0.2634415581600601 0.3476707347702557 -0.18352629898115624 -0.0860466666416344 0.33940605086953557 0.06620476612647294 0.0817815950316928 0.08656569054100621 0.12778919936487498 -0.03820823068317836 0.09096528648501678 0.03838898692465253 -0.13804502081618505 0.07714013810310154 -0.013338370535297165 0.016856254589775393 0.01769648143535078 -0.0341987678651953 -0.005290611927360346 -0.08763381172734182 -0.015939982972779102 
0.40604425560878 -0.3871838777729568 0.2206439305416798 0.2205192985815269 -0.38377319993146 0.42119536033800076 0.03569658053471958 -0.06301666962711217 -0.006111437201726466 -0.08883691884685874 -0.1461211449640566 -0.12432294644393527 -0.21870494573271002 -0.1721043951304857 0.04017082800386131 -0.03791174480717543 -0.2143921455307735 0.19583698378279527 0.06492117753696847 0.04597229105396113 0.01937768473244655 -0.05677048070237434 0.07386848589736901 -0.06986876077382834 
0.09427661391494624 0.20759035836160145 -0.3756851374075998 0.28833461413247374 -0.014779944525182387 -0.027783900559201657 0.1055474459636212 -0.09153030968164177 0.21489983484451003 -0.07153034222450005 0.20905265449265234 -0.13643470695709503 0.11428220748437627 -0.13775471527226024 -0.26121522708155914 0.21671880615022895 -0.04800351708348046 0.05557848878416668 -0.01381051090786293 0.20719110316667125 -0.07615002956652404 -0.012949733006865444 -0.05793905996128268 -0.009035236459004522 
0.15122066367310794 0.3276581644262446 -0.43497619638771085 -0.21145649814138057 0.6801692519315903 -0.5491073185334646 -0.009421859013752254 -0.04067930799006936 0.03998640400428716 0.11199198142736527 -0.2631052462878207 0.16815659294506557 0.22574774377922857 -0.3762244030969339 -0.1252058134473288 0.24352545518958793 0.08709333912435487 0.018256175400603297 0.034090362339297596 -0.14547686251397274 0.21297121638542513 -0.021073176583389308 -0.12920117228579941 -0.1566649055607136 
-0.2850198911856978 0.05967829731446983 0.5171674486544175 -0.6976100782492932 -0.040289939910828076 0.1348895741020764 -0.022055914143809696 -0.2933359394489996 0.27160593422303825 0.020216343915177126 0.3188749210867363 0.008655139047388113 0.6190752542559578 -0.3018452525633529 -0.2675774042909911 0.411962122258174 -0.022347597778499373 -0.13695505840082042 -0.2815933078643992 -0.2461631585198829 -0.023649195566406617 -0.15387655050413804 0.13475602024610708 0.11817735109424497 
-0.0815507231785837 0.8154453620414106 0.1498350778526576 -0.01708472079635337 -0.6322982196117017 0.28509009680555186 -0.002772826429457753 0.47431673279848496 -0.6733781360472659 -0.0714907321665294 0.18657123859629968 0.273126847235964 0.99666162642482 0.5136710994200747 -0.44500626964652157 -0.27444134487737204 0.06791718499391332 -0.22598291132433324 -0.010177234478963163 -0.29257940406347877 -0.051766340617865704 -0.017561747979550724 0.05783691907088671 0.04678657018417134 
-1.6465634554270814 0.8692325172440771 0.13464143834518927 -1.044737641314562 0.7084965845819617 -0.034017433026248656 0.9470028532646715 0.3894611454837298 0.6425296915695065 0.48184066608486137 -0.42005364868772904 -0.5434518873852792 0.8046139426078267 0.4643260729983556 0.20045274898883939 -0.33332888621206685 -0.18033092764234238 0.0749464902376288 0.174505485416208 0.19074593835960543 0.1591305233834418 0.16442488418172443 0.08512181940844483 0.020048441242722956 
-2.1579924334806604 -1.618132243798783 1.091305617706468 0.7854313180233699 0.1020244347034554 0.21329491900369768 -0.46341953928110335 0.4956603617340023 0.009823547184650172 -0.06613493571882467 -0.06715171861324817 0.3038503956088852 0.8120648933508888 0.45531120142567455 0.19389268963439085 -0.23839302414155716 -0.3532214656122165 0.11147655607473639 -0.021717754880353584 0.49866531866155556 0.027576218836769417 0.1671042446168339 0.021684224062779155 -0.007444246440659237 
-1.6606408638581396 -0.11651111876050013 -0.5549260682390058 -0.09888143902295421 0.13354151585862045 -0.054052307709882896 -0.31524901396661087 -0.8762455689955746 -0.5473864775432452 -0.47573620685384865 0.19037094146617572 -0.06685195886724138 0.3864887502158895 0.3580671609734221 0.17220451086526847 -0.4788252404649305 0.34349547382701817 0.016108037416997307 0.07963558220268818 0.3788401707776696 0.17966679005655062 0.21679349284762336 -0.08872658568914886 -0.0642473745567832 
-2.510706699015721 -0.05761642423332436 -0.0870592377584174 0.22516625048251426 0.7148437115866184 -0.039322134076840154 0.6935063718272442 -0.38882586594652957 -0.1611487080011983 -0.09401502954767604 -0.18369372866899017 0.057159622298922796 -0.36610376270503003 -0.0748942162510186 -0.11006138267655959 -0.06795625010174829 -0.001393789272781822 -0.04682604012994177 -0.2109399302358067 0.08594955572405356 -0.08359953170002184 -0.04061880544925689 0.07558748775806991 0.22110684931128202 
-2.6296725733072193 -0.9852268754589186 0.2072103334818265 0.6718706138506576 -0.6283994753406743 0.04396698126302834 0.12963315110243323 -0.30481625300901327 0.18901544899277883 -0.154599765543583 -0.0956028865924115 -0.22736437705994839 0.2787402987293328 0.4136706687283529 -1.1376524481131183 -0.48886322478987104 0.05053230803569362 -0.15109760296060215 0.0815732029730184 -0.3771841722166247 -0.16851215679324197 -0.23000322692885458 0.07296476260432082 -3.2993487307344155E-4 
-0.5751652906410305 -0.959091716696518 1.0404215648757305 0.6039240418918088 0.48717629812144825 0.3047633949070674 -0.05304083110820529 -0.04790296343143907 -0.10757882098329632 -0.10484674002618682 -0.15092726785816427 -0.2792139432286074 1.1775812406410748 -0.2135017924774151 -0.37872959495804764 0.1304527292895196 -0.09831232718932188 -0.30488759138552296 0.026671784846184415 -0.2507158434026253 0.029033947305498797 -0.3473622768197018 -0.31644170289440904 -0.26492089024991267 
-3.464632464233483 -0.906785478713962 2.2942908747832753 1.1783293396420118 0.09577829848412467 0.2271977366799698 -0.18669502141794136 0.0848454963967542 -0.06863495067247022 0.21968932917197054 -0.04490657675219967 0.10232462851574403 -4.743587935729072 0.24472941046901728 2.1196573608026594 1.0344811601049535 -0.11237980549837867 0.21707698791412353 -0.6712929797100619 -0.11463665396679429 -0.2800531552367338 -0.2118424534004041 -0.17816819424829422 -0.05569158168537728 
-5.625970475475814 0.5436682548264427 0.005589276465001181 -0.41942130028172164 0.6476918062421846 0.7837252623712581 0.7716551035488783 0.16849078955846264 -0.11942535008507016 0.7609272535536524 0.7402832250941311 0.6870777902608145 -3.6468074359229363 -0.6464007787112573 2.41834196342864 0.6849635756024379 -0.1845151644091033 0.1645234716141345 0.11717171480798805 -0.04195178882942718 -0.3214996009432522 0.33028302500091233 0.17955899339590362 -0.04130815395511936 
14.126493826297388 -2.470795092627451 -5.634345604720787 -1.919900195377437 -0.37151781290590646 -0.8467449162114375 1.731164122904077 -0.06910316760358126 1.0350981792538672 0.0480405978677097 -0.006703550323676505 -0.5434354987485275 -0.7724416718459021 -0.29169669666033987 0.5847745712480216 0.26503154847502514 0.10954987163319115 0.1966489447444099 0.3583233163379398 0.10100679467516338 -0.02686341911124986 0.18359408754787535 0.1627517297036137 0.113832242576213 
1.569693871862345 1.7621154263939984 -2.250286085658158 0.09814808259421964 1.2743698470437737 0.34816430651036756 -1.3634855476931786 0.1549267350570102 0.3050534168832916 -1.0098714493767933 -0.7087057612601366 0.16759058226888646 2.216634828157025 -0.021867863313064156 -1.580809502575315 -0.5134078407092182 0.42416681018811025 0.30050577819466334 0.6684670933840962 0.1668081714751489 0.329383590785943 0.19879478428274625 0.24187218830121085 0.1721111409435454 
-4.7451396223648565 -0.6409189745167203 1.66790484210079 0.12445000277896567 -0.5462103368162433 -0.1449686196228146 -0.19409464481073235 -0.21139286037800975 -0.2002840768229015 0.5543064179935674 0.19133272731409312 0.020571504783069072 5.907010374898635 -0.4700829139820047 -2.684161846355233 -0.7228777859856995 0.178722200619689 -0.19658913533526304 0.2906620815625501 -0.050179772285159775 0.4394309681552109 -0.2318365547518438 -0.19739505690561665 -0.21319340452655977 
-2.8400582356157678 -0.3056662142897302 1.0968925607801585 0.09862712276773167 -0.5374623623669778 -0.4686802205070435 -0.2711167927460054 -0.2607888784797698 -0.4898849944045147 -0.0885900093575152 -0.08435147862838624 -0.11125913433561997 0.20567040965426356 0.4978843694560601 -0.7304469956833307 -0.06537352002677509 0.2994645004914004 0.04205824824287122 -0.5551449799139518 -0.021141003640495332 0.08591355673456526 -0.291393094277689 -0.24470312989904183 0.034092164511454054 
-1.3896612446594592 -0.026655530339572575 0.7445506111257535 0.2484936424929054 -0.0017683100595976553 0.15144475330305718 0.31299350074284027 0.28929395602028807 0.11427448043213773 0.2829095421136021 0.27330447907729827 0.23556957313340499 -1.7974859535221668 -0.22146802776929544 0.661052993062785 0.07118814237986104 -0.20748246086090283 -0.07304139881466802 -0.07614199728287735 -0.0782562357253613 -0.09689140237179512 0.17535116223807878 0.04529521752655591 -0.016276262921297153 
-0.7250565459531444 -0.03866940406275565 0.40273201687935245 0.23224682281757503 0.10375533219124966 0.073782875318818 0.04840531927189062 -0.0319936622206527 -0.10996653194792383 6.27139625632156E-6 -0.015582247444613763 -0.04218494544064366 -0.9515086679333491 0.04130840540886743 0.553221103262198 0.16782848651606366 -0.06252159157686042 -0.03207900010432522 0.03229493833564403 0.019453297672943404 -0.09347940713938822 0.03357823203443817 0.021102329035166956 1.9198215913772873E-4 
-0.4101826066296681 -0.11001329632232115 0.03182613486283803 -0.15592427438553913 -0.24437180151264853 -0.1970759710917413 -0.12542970897104833 -0.09102176133148437 -0.09956910093581159 -0.01604520909755469 0.02106245914253915 0.034863199099472386 -0.5139191937157074 -0.004662744006104225 0.2847202770388621 0.10886110452554167 0.018250493276099473 0.06056128233598265 0.1097760141535754 0.10126871294615118 0.04909668920118245 0.12326063897724633 0.11501952255757726 0.0907501212038504 
-0.475271550830616 -0.3879125475249582 -0.2064085108749778 -0.20264937834123709 -0.22859584190987103 -0.19818285799666863 -0.1487900028959932 -0.12899091282271374 -0.10252498230237539 -0.03984732985525129 -0.02153745576650755 -0.011481893796066858 -0.2629900863345342 -0.009418162485119341 0.13990145143395902 0.05482065040443993 -0.002037279212334884 -0.004200813320656795 -0.006326932361425915 -0.04117387656318027 -0.07600000998480083 -0.030906107725705064 -0.028877675699291866 -0.03365851980648992 
