0.0 0.0 0.0 0.0 0.0 0.0 0.0 0.0 0.0 0.0 0.0 0.0 0.0 0.0 0.0 0.0 0.0 0.0 0.0 0.0 0.0 0.0 0.0 0.0 
0.0 0.0 0.0 0.0 0.0 0.0 0.0 0.0 0.0 0.0 0.0 0.0 0.5535235420935919 0.5821775271274884 0.27117456634307485 -0.11736799851567555 -0.27879162839518795 -0.2993824033884163 -0.15795304253585493 -0.07154475054256933 -0.012421505154430051 -0.03554965469650973 -0.045651631300116485 -0.043191963676554805 
0.0 0.0 0.0 0.0 0.0 0.0 0.0 0.0 0.0 0.0 0.0 0.0 -0.4696042660251467 -0.4540359650101939 -0.1653771701298023 0.22246036031824745 0.34837360891644625 0.34185872895137853 0.15185629248821497 0.0436968677817392 -0.027944833889207696 0.006399096489637569 0.020334396035499965 0.014645336999279127 
-1.6605706262807756 -1.746532581382465 -0.8135236990292246 0.35210399554702665 0.8363748851855638 0.8981472101652489 0.47385912760756477 0.214634251627708 0.037264515463290154 0.1066489640895292 0.13695489390034946 0.1295758910296644 -0.7642686053910545 -0.8608582578848701 -0.4598768856865895 0.011082173989340008 0.25631906179931 0.3199827706303546 0.21803588833933654 0.14576521962929775 0.09187875596660189 0.10202680889246601 0.10642662399352787 0.10626218869204167 
2.239098111215828 2.235374185721814 0.9028933599040192 -0.8434330787282557 -1.4633082693421207 -1.47464979193676 -0.6924984412684273 -0.2384077291590716 0.06520224393597801 -0.07252177151367731 -0.12948063505667462 -0.10872395651266958 0.6819141561643315 0.8858631840745615 0.7400467488953731 0.47588874547010795 0.26019872577096753 0.05336694270972111 -0.02091217832809718 -0.057736512439840924 -0.01424630649272759 0.00784998710225373 0.037454311324570985 0.020412619461631174 
1.1732567605652493 1.4648876807937032 0.9281839771077589 0.3884700173961078 -0.037303050726869735 -0.2226234159226836 -0.307858444383796 -0.31809179430835743 -0.30823738986779464 -0.2698195409205594 -0.2545395544522463 -0.2644245878197902 0.022119840271580166 -0.17125727824820025 -0.18271664216381825 -0.3824934658831884 -0.2337252118399247 -0.1761000027097657 0.0596378983241983 0.06629271847709126 0.08898128443454635 -0.03551759600967986 -0.05509621595998701 -0.08276916367115726 
-3.462656161916007 -4.263299683311769 -3.090994084754611 -1.4458492473348645 -0.34375720935668586 0.4002844849148029 0.45359532097997196 0.4395725602875555 0.21548987214372517 0.1646842911982831 0.08338429020258492 0.1357623810398338 0.06855789792448119 -0.31034478722767656 -0.49261915194608213 -0.8596876588691872 -0.7268632401922202 -0.5378959292433981 -0.22606071142886974 -0.09443081849853348 -0.06515710302189583 -0.11248195047453687 -0.11384172155531198 -0.06205862831293959 
1.1239469894704013 2.0165761878789272 1.7315699497915453 1.8007924774998962 0.9777749907126204 0.48898007986876457 -0.2781014484892298 -0.3232340485268793 -0.3048231519442225 0.0945987207625886 0.19581107915068072 0.25564021326688446 -0.983463507029192 -1.0240478508654707 -0.7555687902832732 -0.22929686915042855 -0.19603915985976683 0.05013457681662409 -0.13784451713273146 -0.024205451264904598 -0.1148615116248906 -0.03481673523609353 -0.10947328380469294 -0.08194786511065737 
2.058079302989808 2.890564293862232 1.9790578294003724 1.0294686678274116 0.20974243051479458 -0.21676375210228963 -0.029194804929101148 0.04745585344578975 0.25896643403987946 0.08271494906835936 -0.01313078719220219 -0.18258047211718817 -0.39987055836023533 -1.1344134077448291 -1.2298672306166363 -0.2771755883596976 -0.520180647949802 0.3240991170184378 0.014846944118684998 0.03935478168489346 -0.21846257205641872 0.1944232760428326 0.02623265381479858 0.10486706567520139 
1.3632795491999183 0.9600992448031143 0.6598643908800863 -0.16129833273374472 0.2740646089166905 -0.06450302786400963 0.34707016996893497 -0.049417087092760784 0.01460886405880002 -0.12438466414731691 0.12213783565922605 0.14059043409069283 -0.12550633096463928 0.9708009458550148 1.2653226287868786 1.2252461507243328 0.5641591299083546 0.09209598999422375 -0.4200465723135167 -0.14577189045747554 -0.12910668988786309 0.012934571564802313 0.05385224509114492 0.19107689326782962 
-2.3827107667000593 -0.33182098853937525 1.1344603865510274 0.3667229228610487 1.568639925390685 -0.2952713122741234 0.09646867939483461 0.18459973451581582 0.7111615803114701 -0.30909384447526206 0.04152295050391652 -0.12131392639767458 0.18199384889625114 0.7889069654333528 0.6683303412877345 0.41919017780003615 0.4421206186588507 -0.13471859273572814 0.14744821832228086 -0.04429922513245695 0.25413807554978246 0.04480445101501502 0.0911118960725269 0.0465956423993611 
3.720861017209253 0.7153659915146866 -1.6420992151444178 -1.5435731021899208 -1.3941511464503886 0.25194588997201023 0.9192065262893526 0.045509682310534316 -0.14360065541642858 0.25169940283999237 0.006927475029186614 -0.3482237393963612 -0.6549189450121622 0.42326302146840006 -0.01582377787370426 -0.21220523942587258 0.6321876377241878 -0.21084184209562185 0.3314835012160791 0.028822781125880822 0.337090173088682 -0.1335042149423625 0.11658756463162807 0.029115176338886467 
0.3333070222963874 0.6462100242063871 1.1250486085494211 0.4630355191553912 -0.2825115477782181 0.029167567186884846 -0.7576076380561525 0.13289014414151307 -0.4243430328718537 -0.23974043747034035 -0.22886129509476316 -0.07796031257174446 -0.6015711245760388 0.22210725860138 -0.30525710329210654 -0.4168123555426529 0.6248053115992025 -0.23420544530918005 0.2869513274447493 -0.1042481547119271 0.35780594434463336 -0.15418723189078196 0.13651458391760238 -0.12598966369827644 
1.9700274897381815 -0.798705325974967 0.7120416135020022 0.4271610873967018 -0.6969225676714217 0.4058030586923518 -0.22034217495380887 -0.11003063528325185 -0.42890934861558416 0.2414512771773098 -0.09243273543631836 0.03156809816106837 1.1211555026466884 0.5390005032875117 -0.5757155155983701 -0.7253052592048225 -0.3213755468902348 0.10832301771579066 0.08370968366788852 0.0619644713094556 -0.08411503086786393 -0.11069148423735047 0.07822048023758077 -0.14177890199847865 
0.2974193707635928 -0.24110710559868842 0.873161282104137 0.6317928946956961 -0.6543902987964059 0.33041643929324593 -0.1946109523178327 0.5751143574484902 -0.2196019061228523 0.1585919140284251 -0.3183406960161381 0.0667591459184399 0.09529823353311755 0.14038886304457968 0.8405554173542233 0.23114214073047346 -0.44447560626413507 0.05260117859957325 -0.45911924614279376 0.17857981567615264 -0.29795245961488964 -0.08919075191892085 -0.0524300769462955 -0.20299639284317697 
0.3753383350355852 -0.45797695344531064 0.21099099487333461 0.547963987654394 -0.2440851302705903 -0.22364759922854227 0.3865791324165272 -0.36149583827132103 0.006373873812662495 0.384607679802661 -0.1829942652228682 0.004753237353982587 0.5834922305307688 -0.2902264018740636 0.4169359786484887 0.35403372276786443 -0.46722667206882057 0.10850307918647047 -0.1566672724094241 0.10969042818110449 -0.2754947256493217 0.12973011836363404 -0.06365617516584472 -0.14299919443782969 
0.844756899048333 0.054679248807819825 -1.146092334198915 -0.2907923531648753 0.8244965523137715 0.18608936034861212 0.3162894466870608 -0.2771167013929102 0.25187273475869193 -0.04374638302625333 -0.026290299362601743 0.5444362963613294 0.026401483405152398 0.05614131923987298 -0.08489263067655213 0.3799950319974967 -0.16274433037562155 0.09713890665809553 0.19578111928061218 0.05353625409200008 -0.16310426465155123 0.044317934935694726 -0.10287245070869333 0.02102947140216346 
-0.05411796599649499 -0.07591929755603033 0.47086048570806227 -0.17364745697660577 -0.0346859770200485 0.15245736060525727 -0.005790557227983384 -0.012986390405865134 0.16183750789160894 -0.04656992938625315 -0.04748940826555237 0.22172710625311262 0.21598561795674595 -0.13979443238182535 -0.4044711370635528 0.41612474428782403 -0.1513776147634254 0.17477666239129172 0.3053614836054627 -0.2250996502132161 -0.00800273640829774 0.10191219996612379 -0.09113563078078046 0.162127479373508 
0.43294307106417573 -0.6005598912629475 0.9979044287164296 -0.14738647898129398 -0.27085688429481214 -0.14905276059794043 -0.5857694653374139 0.24025087123976197 0.19197907079232815 0.24122691381579797 -0.07747577236871606 -0.1048162027376155 0.21656270685652915 -0.2632468763992975 -0.681305227614633 0.24072065527481157 0.18020983375316688 0.26955202357060043 0.12607391822605787 -0.18616533966265347 0.14434212629476062 0.0924101545992908 -0.10818891451657354 0.2859614004726446 
-0.06671160484257399 0.2890259137355491 0.35240602460632076 -0.7721131823008687 0.7577244323239777 -0.5804065259291411 -0.07847586238762372 0.05511932605199121 0.06032891502073759 -0.06361556851673605 0.11600536362253033 -0.15700295121706892 -0.5554270932183435 -0.475790487418667 0.09357079856825982 -0.12772073940670983 0.22834305128664814 -0.1746125149801154 0.18601540840576283 -0.11953266269767604 0.12408775997109354 0.12587390254490513 -0.05020808065327439 0.1308096569081876 
0.201365597901785 0.6619472723599227 0.9570505791958546 -0.7137214563271785 -0.11233815361774213 -0.2561347670959899 -0.025589655411292656 0.24732645936612196 -0.13039934769015427 -0.31245402725888427 0.21652905824307755 -0.12408287632151371 0.7313013267856835 -0.44373697072027324 0.6053727719318299 -0.9943642531249877 -0.26167094867465324 -0.32880039297314134 -0.14030857745972494 0.3464197056839882 0.11063107379243238 0.13720314550929147 -0.08210978389729566 0.09402786534547243 
1.7279520502397308 0.7201985828885356 0.21057501476357032 0.49268224991646603 -0.798974496218528 0.7298359087946282 -0.8439266874083325 0.342073803623983 -0.049236562780430454 -0.14735116648362742 -0.043867581611626016 -0.16106852767950108 0.7015579459621976 0.02556550009063674 0.5764253146440841 -0.5035503779729504 0.19030847818829957 -0.212096914736982 -0.13666932673207519 0.10792899589312253 0.007287320817345007 -0.11915809701689216 -0.11232544303533766 -0.049105990732923537 
-2.658292736834027 0.515064686321379 -0.7472983821576848 2.2033085642850017 1.2925054260004003 0.18222720095959888 0.2178816795521153 -0.9424854845981986 -0.08513141168438496 -0.12851472372863076 0.2487900519402491 -0.3848670105428167 0.7860408703285375 0.8215522935567892 0.9127061686896961 0.13520852375168543 0.24737482569298708 -0.04365527895130563 -0.3670974259738063 0.04536585940234276 -0.09245197398608385 -0.2539108603855352 0.08461807040833658 -0.15181507364528107 
-0.7415562753612606 0.2857707064829107 -0.5246954386491618 -0.7199770586881074 -0.5156227920499923 -0.1632967657459895 0.2097964503268978 0.3262383103547839 0.015832984565817915 0.20188907076881368 0.4368511958799576 0.12070708809235317 0.6987750942949719 0.9069015748928472 0.25732982546510225 0.7689455696198553 0.05185828093863635 0.5275360326830273 -0.38526021586996145 -0.14531755779957142 -0.08644092563717758 -0.0868890704609921 0.2790326031932297 -0.06779480513146714 
-0.922002850283332 -1.5854956701076324 -1.4134327001668678 -0.5130173732799481 -0.9961384827809712 0.3213974070282358 0.548841053642511 0.11914662779369323 0.11442180059497312 0.27465843527150074 -0.27768454172772394 0.19047453672840237 -0.6826973809552167 0.8711776252762161 0.07634186458557994 0.6429864443236405 0.3365176587561404 0.100921988722402 0.15403800529209455 -0.2283372717198731 -0.12507843943116626 0.03227729045390496 0.08585557741135358 -0.09372807126274614 
-1.2365181759205324 -0.9502259635755004 -0.22834730262714498 -0.4559914901606248 0.18977261535624868 -0.922357292288772 0.14637427315635385 0.24721042082675138 0.11030960799142325 -0.08827053460071688 -0.6177280943573286 -0.2453548859207092 -1.1215701385746104 -0.09330361496415762 0.08170664695527845 -0.2546984201476449 -0.5280402846776423 -0.16416039678804828 0.04897936218943483 -0.02154145851161471 0.27596223296462974 0.10431546182816409 -0.18716245811601692 -0.26379709700714044 
-0.3627196436887412 -1.480469854478064 -1.124498043925433 0.14235644705033912 -0.0697452539711414 0.2589914980637841 -0.2125212477388964 -0.21795972467456304 0.2428655948963112 -0.08026679240558038 0.5185129648248314 0.07934819025195294 -0.7772796287617716 -0.35966546573299124 -0.10577218713681698 -0.19417750718635288 -0.06322857225042755 0.35959259568839497 0.29460067823652364 -0.08401399166211254 0.1769191541682266 0.12374381327274175 -0.12044548813465215 -0.10666863575353212 
2.3435125370652754 0.5131686435605993 -0.9142827076357145 -0.28356870841031634 0.6053014475780198 0.3603873791003812 0.44353951444929707 0.5594158621237562 -0.8762756114787403 0.06640529912286194 0.6002398169517307 0.9676615523519994 -0.30696238153078736 -0.6295864150127836 -0.22006937420590536 0.25641896321671226 0.23729973339565794 -0.33714348359298946 0.12031731777508238 0.30235482383848206 0.029312404157844436 -0.05926710325833384 -0.12116878446546415 -0.11387701727196721 
-0.38017932049092096 -1.2381965764767084 -0.7531484362521321 -0.016696242596043687 -1.014217182140574 -1.3987527157315256 -0.4835436017135315 0.21508588213152846 0.0769569478253751 -0.1739109214085139 -0.5253320329782971 -0.0960277751473555 0.05295044381890671 -0.832858188207196 -0.7990984438916038 -0.15729435720779658 0.04797596545408337 0.09039870794583967 -0.08031367570670757 0.17939640912389987 -0.009638447073740527 0.016258770036846153 0.31452481667883925 0.40708163709124195 
-0.3069011929270804 0.8173966424621728 0.24618601615392066 -1.1457220349875703 -0.04989062074600881 0.9179452653878514 -0.07906650318157576 -0.8763768540917405 0.105326719053358 0.1363528396757514 0.2677007579406282 0.18396414859484667 0.13324572252563435 -0.035509645704348 -0.3120960254934921 -0.0409616925209039 0.008690313843454867 0.06414340263101188 0.05650457620818742 0.046964046034784435 -0.3215082172661033 0.15363811099437938 0.18633312587950282 0.4414718544324101 
0.8036358898507165 0.8659907106927376 0.6925629258545607 1.0453161819623558 0.11392288382862281 -0.29098356891747 0.2897227881966627 -0.03825259393851432 -0.21902022914851638 -0.16401687279256355 -0.258791955706135 -0.7500480191431965 0.39242408233370857 0.3976390622798697 0.11913894472113944 0.08847613897824097 -0.46644981516297407 -0.6034049759474228 -0.07438304379557777 -0.1653153201294708 0.3987534584432833 -0.08997570085151951 -0.2067140426408395 -0.15223047035816653 
1.3518677643175536 -0.4323960629110797 -0.7008503122085847 -0.6916898431268044 0.01516047306305679 -0.38592740219968225 -0.11260740913036227 0.5451929620544242 0.23623762880651533 -0.39945605816825136 -0.0920295993228589 -0.029743888947310393 0.24528581884039338 -0.29947189062432883 -0.08907121594181285 -0.35293827820495016 -0.05821285941119999 0.05296575266094997 0.10953695843611432 -0.3351186204524594 0.10617311353557128 0.15351999696996596 0.034969671782111474 -0.11219554757032395 
-2.3868360461143636 -1.8062174106296913 -0.6370471062342977 -0.5091407554611496 0.35260671644381514 1.0633985459045097 -0.2436240173524049 2.469344468585266E-4 -1.1847588823810535 0.36392063006804604 0.27467527357596494 0.4675176546982226 0.2751707597491467 -1.0097220009978873 -0.35203913314272284 0.005483214950955828 0.1759573064536498 -0.0859514033726429 -0.009027585227038726 0.29181085040068916 -0.29298675206218877 -0.044320991974722744 -0.14586884226438324 -0.1596076545861683 
0.5524773185342795 3.051916374996374 1.1782046800237884 0.6903212683390328 0.0054060411799949915 0.08185694999401161 -0.14100397571538492 0.10972924307295129 0.26967670506291275 -0.5881759026644512 -0.1039418720467562 -0.08823204561489101 -0.5697257829144301 -0.8996015187234444 -0.47687157129333685 -0.39077765241122076 -0.10672878247669863 0.552291528171569 0.09601716562221019 0.12125885008506476 -0.22260352276413928 -0.10149009423188238 0.07230775498059584 0.0614074578867758 
0.3778188334949135 2.153000494732673 0.8091528291665426 0.33786098137656956 -0.40907181959079564 -0.26702153489638825 0.3310038271702902 -0.6959532856498454 0.6432204889098513 0.06330602537970459 0.18477070744896337 -0.24198097705090135 -1.336202821951504 -0.3156600071842117 0.05275189099952978 0.16303664061007628 -0.04386364439103204 0.4804008288727926 -0.02018599405174652 0.00501725576388549 -0.30748565850310733 -0.17777260658086105 0.04048213155368887 0.13425256847089076 
1.6787176732562052 0.28679954057807144 0.006664433971005579 0.05714224568799833 0.7161860885104581 -1.3775919463139403 -0.6879728282583404 0.5295165218475819 -0.009941488546519217 0.05532152687156652 -0.26400058120114567 0.14078305326692417 -0.2695645447497152 1.438580375492112 0.6195685192429224 0.4450526535660873 -0.06550867969777448 -0.16073517411504182 0.11048060615366961 -0.09012598861945857 0.1790306901370625 -0.22571955364228513 -0.05661545596495058 -0.054372490309333665 
1.0586522423791855 0.523321028132095 -0.20953265620649564 -0.6816611659658611 0.12880762595167972 0.3519205074401077 0.09041839107431238 -0.22469847223211326 -0.12249281006701551 0.5754897350426202 0.23325823349209307 -0.04974760015535723 0.2454302258180432 0.7918187093072673 0.24072577553922056 0.09699744944359374 -0.0024448460166517174 -0.3417693176059471 -0.011134832229688326 -0.289005841773648 0.14294400994819081 0.19835603222988504 0.04386634904399139 -0.09203072181930222 
1.020754248341289 -0.4489850181796733 -0.17115813501845967 -0.13507561868801377 -0.06700764249791924 0.2545914511708891 -0.35215307612840485 0.14447980222246093 0.11544128414015864 -0.16710909656905365 0.04166073282653068 -0.02123126313466206 0.7277058229477342 0.25346489264611155 0.05870039339653591 -0.1358305139805925 0.30352290856402125 -0.42914291963250806 -0.05307902390839051 -0.12089153440001754 -0.033948463463407096 0.13724096643086903 -0.10226695526620559 0.06601012367511834 
-0.029490131501757944 0.1454366461897436 0.1758867870436136 0.14297756523379435 -0.010140416036651834 -0.0578052808209617 0.1964984477943874 0.36358259948365923 0.15169707272193989 -0.42054675958964044 -0.09965899669684897 0.1151183466077984 0.5145842137866374 0.006393583481082506 -0.02826217841730479 -0.14271203372794383 -0.1108830807922725 0.24638022760012268 -0.08728921918934625 -0.05693918396977171 -0.03711353755291145 0.07426968007958401 0.11552744472200455 0.03133796125189924 
0.039671391353474306 -0.28465294638908745 -0.3621464678436568 0.05231442202994807 -0.12490861618743987 0.11469970671411844 -0.5817757848932064 0.5980505891897483 -0.045191039550775636 0.14161687489508978 0.20925889969194209 -0.13968029114000868 0.28691894100397936 -0.2311559802546368 -0.03481674203212718 0.11793107268781045 -0.06869804121054687 0.07585410815424898 -0.1187621841324008 0.12007009336916119 -1.713337626907859E-4 -0.08235798783997438 -0.019948869609843073 -0.011636954780592257 
0.005441029513180595 0.4219742417935546 -0.029251954541982705 -0.34722008514101055 0.49040735517325756 -0.317274303131875 0.4670974030247519 -0.2806663138064418 0.06916396443718598 0.19831770907179647 -0.19712318410662627 -0.08453696990838164 -0.13477095419250448 0.06322901773466594 -0.07621642245402065 0.12080954463037503 -0.02617038008119456 -0.01760483165832205 0.0979561414918985 0.20038513549175088 -0.005231123783878022 -0.06803379705157596 0.06917263690253539 0.03679841159612258 
0.14253184482188175 0.10621412478233161 0.035861461870720035 -0.24377001156404265 -0.11118740447123332 0.15676363786359881 -0.13116600134638468 0.10639397876002787 0.15722183957060795 -0.22946736737984896 0.15023943536094855 0.11350725946520474 -0.12873104651974435 0.0992715055680297 -0.021889001438627192 -0.11725533482653307 0.1277502369923886 -0.05937846178196473 -0.18679475844216428 0.25444717891981156 -0.00555473262009433 0.030324970066040624 0.04544922343973199 0.01312098380634045 
0.32339250434155176 -0.23968394259996373 0.20553208954848712 -0.07140885186033541 0.06151011834882858 -0.026022751420735735 -0.32267486845471893 0.008255498223266766 0.06618400451288217 -0.030903247297443204 -0.27766717523895834 -0.12187066348317604 0.17489940588901978 0.2142889745281226 -0.07158808109853232 -0.20371441537117327 0.21956890857523734 -0.1943926417459305 0.15320834382165502 -0.022827812151625288 0.01888089135797469 -0.011279503910450359 -0.0023351798025913104 -0.014696265841456247 
0.2668887934985218 -0.2516383708964174 -0.4138714855730101 0.2661748098692097 -0.29371070875239114 0.147209316204443 0.37349462617302187 -0.3097518535845407 -0.027036861728340744 0.16525244288158775 0.11318322493891214 -0.16037639577163285 0.12297152275602397 -0.11270898419485113 0.21937723098628892 -0.18935366675765905 -0.03266544184290787 0.14795598543904268 -0.1744340363656658 0.09673261062042886 -0.050834239685325494 -0.02349080013334325 0.02410001608864071 0.044324626673376825 
-0.5814356624921988 -0.04196643395143873 0.41037876247547933 0.008950750255882989 -0.07703771841187546 0.27068078293549436 -0.2448579421999164 -0.00410996117928164 0.10465064101273626 0.03479631567242919 -0.17158953948783415 0.0964936552344059 -0.046445021197711135 -0.1605530360492923 0.21910604507231332 -0.10256848680875957 -0.09902666952576517 0.03212037748982136 -0.026447478574070222 -0.03335927760206788 -0.008604650252559723 -0.05516225080239679 -0.04097820339590293 -0.05699493552330728 
0.22603135997068513 0.3454823230426225 -0.7246935675516428 0.2841111876508253 0.05608283943784231 -0.4354560856316443 0.35322764462321143 -0.17762112339998448 0.2904912403766574 -0.1918447484647554 0.02490056921946432 -0.1286487799137167 -0.31269168760750493 -0.07818520776969577 -0.2574011979781256 0.44014113477910843 -0.07194605089323393 0.051720781772681135 0.1141709177858063 0.0450871937444548 0.011106404290270834 0.04829386391391918 -0.006411461044523485 -0.04144064985277334 
0.4831562846986035 -0.056585181421606734 -0.29637500467913647 0.2273284196751355 0.18369335283100735 0.1689488170278438 -0.23319894195760305 0.04226796593719229 -0.06676609578193773 0.31313210078291875 -0.11059123719152564 0.03325033515778773 -0.3583294023626064 -0.0844901426070989 -0.1772529798675455 0.11178299375378382 -0.05654364220556044 0.04652033986224045 -0.022947647800789395 -0.22362653895581827 0.16925740537116676 0.045468595638531416 -0.0996630526293541 -0.026760862242472556 
0.6726678827256354 -0.009773373852246081 0.7117089919386745 -1.1634374291777418 -0.20823809169413077 0.042912953840224866 0.025152372694446257 -0.4682023983761421 0.025352293798183753 -0.11879704141541458 0.10191845692432834 -0.004432786175003756 0.5054696115654793 0.04906648370301377 -0.28444063278402715 0.04702282426617036 -0.2134278856129318 -0.27071578085001136 -0.07722961388788659 -0.3414310261132432 0.07484980209830634 0.10649572108008583 -0.009001395980835103 -0.13265485280835962 
0.27023428321814524 0.38913184231729225 0.22393642233295719 0.3973760774088151 0.22475367377079242 -0.10806475638716156 -0.011977362833165639 0.812060293176252 -0.2705521018115272 -0.13813332476783546 0.08889067454779614 0.11466824509246709 0.9055177237257056 0.0037847974406911198 -0.009570152236655805 -0.09675483246805472 0.01285076248217624 -0.367503810510585 -0.32906169984094885 -0.11726966295000267 0.11087118269852665 0.1546581212847941 0.01088105234375932 0.040559703117048915 
-1.1839164739855237 -0.02457563993586831 -0.13152738270560826 0.058018885985474444 0.6758363358067452 0.5151980436258925 0.4743056967246525 0.4617757913202154 0.16783483709653313 -0.2856991989296358 -0.04783619870769126 0.22860682354402245 1.4848847335340125 0.6098742326335463 0.6958815127853457 -0.3613835881821295 0.039121678103496205 0.17376103293892417 0.04820857350780359 0.2176540297422799 0.04555189936435646 0.040424779148490575 0.0758803484671204 -0.0029001836679377613 
-1.3051047081229337 -0.06053844070186898 0.15395363935297235 -0.09313524050230848 -0.29689614836595934 1.035317703666765 0.5294094955501404 -0.07091214006097846 -0.47062091552669244 -0.06739118431435287 -0.0683570664067938 -0.20494857905287212 1.022907476809025 0.599501512181718 0.3706263242612777 0.2907013703150217 0.5254413569767594 0.43682984652285217 0.060212193430697426 0.4616477885484405 -0.2896919693959144 -0.21237090486122312 0.03385293591269108 0.06115730834881982 
-2.994316822205863 -1.6145609302433046 -1.3409441549273702 0.16596899432420853 -0.06477821493624347 -1.0500613750035108 -0.39016677702061753 -0.6796782709843667 -0.01126899743730303 -0.2754424490876276 -0.04709871799973789 0.16407617690147913 0.03797602964861165 0.09405353000368939 -0.19312168799455368 -0.10315293163845925 0.30866120067824765 0.4577460405861611 0.18401913186322308 0.2289480860003227 -0.23320967272355755 -0.3595092881012034 -0.10695528580954299 0.05766024589755378 
-1.8932879730987602 -0.6143800490741436 -0.28323416433999493 -0.5287030877056171 -0.9812631217879915 -0.6359245866410164 0.2396222937473771 -0.0021560413167786008 0.6880757236431341 0.4938510148948298 -0.013036873544253785 -0.0365383566327207 -0.39931356551218294 -0.05900660891171302 -0.31158322770841257 -0.2268777853957964 -0.18470202374932096 0.20652953960977802 0.21813864257478932 0.13689602983310642 -0.08765160370716409 -0.1508695665441051 -0.10383590724285209 -0.056921961049098656 
-1.0037529304434454 -0.029815425760799208 0.6664315831245364 0.5852616045025065 0.0920362204830183 -0.022418932978700123 0.06714190203636483 -0.25944651605285274 0.28811553568229253 0.512207565769383 0.2453695622896677 -0.028579025358714594 -0.9528920716116044 -0.414027343147818 -0.496425545772709 -0.10427762022238213 -0.16246481951223798 -0.3194063778076235 0.14134912457417312 0.10540876017292862 0.3032594156395831 0.04048357587625375 -0.02649774388651176 0.028323848687539094 
