0.0 0.0 0.0 0.0 0.0 0.0 0.0 0.0 0.0 0.0 0.0 0.0 0.0 0.0 0.0 0.0 0.0 0.0 0.0 0.0 0.0 0.0 0.0 0.0 
0.0 0.0 0.0 0.0 0.0 0.0 0.0 0.0 0.0 0.0 0.0 0.0 0.10761105661828611 0.10542005488294019 0.01745726905349117 -0.03668672939196035 -0.017132170855517975 0.0495384000232551 0.11315041802428728 0.13268547416396548 0.09990928430958472 0.03477771089614975 -0.04801370108607581 -0.10111387335410103 
0.0 0.0 0.0 0.0 0.0 0.0 0.0 0.0 0.0 0.0 0.0 0.0 -0.11807619859280323 -0.13230158330214467 -0.06292886282939758 -0.015413502961861706 -0.02218255076895743 -0.0539554933116096 -0.0820941768868264 -0.09034671272908455 -0.06851306779194855 -0.030360454851140972 0.034076230733207806 0.08165172582687445 
-0.3228331698548583 -0.31626016464882056 -0.052371807160473516 0.11006018817588104 0.05139651256655392 -0.1486152000697653 -0.33945125407286186 -0.39805642249189643 -0.29972785292875415 -0.10433313268844924 0.14404110325822744 0.3033416200623031 0.09149286974977382 0.06627573220914451 -0.05374552668522944 -0.07264520818891178 0.015646469049736284 0.04362650016910361 -0.06441540931210021 -0.1848290802103425 -0.1978251003089343 -0.0832934679864998 0.07074639327908748 0.16332126554029594 
0.5156451807058389 0.5550348322308443 0.2149724920684295 -0.008789585202355399 0.04084939602359533 0.23617407996971146 0.41600815769691013 0.47006834943320186 0.3554031298402227 0.14324793089764754 -0.17424924382873713 -0.3966259875117749 -0.19333580595244815 -0.16138288087034272 0.06136714709879213 0.16383882877319597 0.06380352909891414 -0.05745377674058431 -0.059353201562253995 0.007067693455666897 0.05326560999904847 0.02662021729624292 -0.03439085447241256 -0.04795776472569236 
-0.5323011996022409 -0.47634461274285567 0.053750334021473556 0.22233041716791302 -0.06736410516100652 -0.24896654049216657 -0.014757850912154424 0.31945306591442657 0.41577373600669154 0.1782564385106756 -0.1251145579228939 -0.2916508028650004 -0.02420181724874393 0.04029174233249814 0.16409183049928844 0.17059838808177677 0.024515784252027256 -0.15484645509098696 -0.19356680561853704 -0.09909015401870162 -0.03826507187596473 -0.05144937473707791 -0.04515546138239059 -0.02964122803833748 
0.6847414327310357 0.5641908666580457 -0.23716251188734994 -0.5476516008156039 -0.13203027843296217 0.22253700043295355 0.01571290310640827 -0.3799578245701622 -0.5175476244648682 -0.22115543748829117 0.23775039400779835 0.4413695056407288 -0.07426996467526248 0.009027016750876507 0.19798142741127356 0.24043771055675 0.13858338533374456 0.02433804979595146 0.017417124959209662 0.10661076695888361 0.20029015663965466 0.21434287798033388 0.08936429753393925 -0.07483538242856257 
-0.33477584412122496 -0.4417134088599157 -0.3185797966804491 -0.13230396826282503 0.0642889970387509 0.32274270497157453 0.44139679007800015 0.3242271265658905 0.2515427398516855 0.23221667571575383 0.07350766848713147 -0.02673244239893635 -0.1920724941757966 -0.14481923384562068 0.06764144304351911 0.10909544767910889 0.033119942044647056 0.016418685023123835 0.04218619514447785 0.010892199700015648 -0.024056812718076453 0.01826137438346073 0.07622946269124621 0.050538060940494345 
0.6396923969911184 0.5106381800367448 -0.19280672481442984 -0.5527855241572364 -0.4407273110775171 -0.1226946921500135 0.13567946232420386 0.14784901823081908 -0.1633518420012383 -0.5267608216458932 -0.5416532496355675 -0.3045790204591192 0.3553890341816281 0.22225611487849983 -0.29989710553064347 -0.4815151342227397 -0.20687901554121854 0.13009563543799532 0.18013926359750534 0.03540484631023649 -0.06139311219993445 -0.022974416966674006 0.06204050551573828 0.1190653066802287 
0.06644080079510761 -0.015110567895343152 -0.17135188864554385 -0.10238896419859744 -0.012375414972670223 -0.12560674927005452 -0.20129971595448576 0.02287304541388896 0.31084628292910593 0.27627500743909444 0.03589887582505036 -0.07029072263655939 -0.016436351500932183 -0.20866342180363193 -0.5029802828102048 -0.5333510308288888 -0.2666518745084243 0.11667557122182791 0.3379432430519538 0.2887524890328283 0.12308023843168762 -0.030274072262496527 -0.12673928716569952 -0.10943322605519153 
-0.5820339922720148 -0.31587889845974004 0.5889148506871278 0.8819362998205014 0.526938974196404 0.05642482123978214 -0.20335663466986487 -0.3354953229248709 -0.3630200594037751 -0.17426135244993946 0.07043327379162406 0.10595272571885422 -0.11793049893144225 -0.19979795386948096 -0.21111019006683293 -0.15982849969853924 -0.11352635777272806 -0.08182167153686505 -0.004450334990689688 0.07509908462158953 0.030747757040327544 -0.12094660399532342 -0.18945223990470836 -0.1387243655482168 
0.32539640501313816 0.5975353957992224 0.7995002639993865 0.7503882122349725 0.3804114779270633 -0.116843765388807 -0.40291489058082686 -0.3003581699547494 -0.017863866742108936 0.14678915790526653 0.1476822682706342 0.09630136267765149 0.046708957759021764 0.006851081168244437 -0.07127648622641798 -0.016267672674582605 0.08132106523416248 0.046553475842684426 -0.030746692173275608 0.0019092709511280375 0.0727390022138718 0.031566143247157945 -0.04452751639690499 -0.03767265765638991 
0.8640060916764298 0.8037090597979049 -0.044902230936396226 -0.49968861327840364 -0.29654168420919974 0.11838883051995792 0.24983805460944347 0.08416737205036967 -0.09124003828661353 -0.099178084893009 -0.029188226144234414 0.028298033528425748 0.0917427962206454 0.33310162027160767 0.6696236595875419 0.7052019026349221 0.4058993982325547 0.011271899646752523 -0.21724243424393697 -0.23410725308593372 -0.1340726527964172 0.0035323650229417878 0.07929758015072623 0.05340871004308841 
-0.79670611445618 -0.5954577905288989 0.3593861108454721 0.6372265103746029 0.1554017185276442 -0.2962491814381957 -0.3356569840743131 -0.19268611492711543 -0.043260734271090256 0.1440349439191554 0.21929217498369458 0.08155459642782459 0.20295317912448407 0.3580090639042754 0.4287449973777035 0.3136193382248305 0.08479640367568168 -0.06115673947343638 -0.08186422937584693 -0.07723405591184786 -0.09169192448938851 -0.039925862896861695 0.05408784632979694 0.08417689709516595 
-0.29621112119929194 -0.7186871661105023 -1.1998990514985408 -1.1770885571540801 -0.5782543408015507 0.1123118303242189 0.41474171480868915 0.3129904088191133 0.05189633274996712 -0.18348134052570925 -0.2032644200170848 -0.046900021285497556 -0.0934384035139814 -0.12442095640181024 -0.14235738784581123 -0.20166079379966004 -0.1881616394332688 -0.02386732131185706 0.1170838220751434 0.11854742120069739 0.08753397298249928 0.06849481057728755 0.004913876388766387 -0.0677649845020461 
0.2966454740775468 0.2847063170405999 0.09076368214734831 0.14823016949831924 0.2668785951961937 0.06966495312937165 -0.2397740325529089 -0.18306752060357762 0.18564372120776626 0.30871837441220173 0.07245682621766855 -0.11863030120088466 -0.3312792353562411 -0.4546870300228121 -0.2447692548602518 -0.06966037490326864 -0.1233133796185093 -0.22834247305969993 -0.2008255064324831 -0.15494045783204224 -0.12871410789088603 -0.018764059154041206 0.08138465061035767 0.07471083969722665 
0.5976455079515106 0.7368898752185862 0.5164811469500994 0.34979193855871826 0.21220479575633192 0.007033727171745441 -0.14935488737668878 -0.27628418871349136 -0.46829418497353964 -0.3870042318713948 0.029487819072479438 0.3316854358489187 1.7293105993843338 0.05607407031442113 -0.22729593032264372 -0.3597475786516076 -0.06896525095735782 0.07004279827700699 -0.024653700613329572 0.07498368216145683 0.002394063898953802 0.053911734108308594 -0.04634782780702535 0.018808913110480455 
-0.24979672296285793 0.040814778874993074 0.23550377620190743 0.08276738722800953 0.13011228910423078 0.44141728931714086 0.5488678363158251 0.5667725573353136 0.6029768482633212 0.3020885670541218 -0.14123789639216058 -0.3318706512310635 -2.289856789209378 0.1498966750841834 0.4456345690818048 0.428812883509643 0.16251282232760164 0.08186452749285877 -0.012683133062611263 -0.15601213945393272 0.07952245356789288 -0.01489873015052573 -8.12720274402832E-4 -0.03092405036035677 
-5.210921820832091 -0.7649636079709623 -0.5903813075578892 -0.06511443006410239 -0.30297543488349576 -0.28369273260068667 0.09438188221431087 -0.28688067663470285 -0.16395242247467176 -0.34190163917159505 0.04262642470890582 0.003293414398150507 -1.4572443387240597 -0.35377696621699145 0.1966870747745977 0.3518757710052361 0.120749993337954 0.07598904547177705 0.18645325877670693 0.0746062399017438 0.12330536176997699 -0.010934457440737066 0.048646191651107805 0.06262734026198025 
10.070499506097482 0.5859430333828239 -0.6927087978440718 -0.9307552967191994 0.036930243533302626 -0.030565399462988613 -0.32359301816057495 0.2902671417188263 -0.20509452074534631 0.33086326851387904 0.06832568422266386 0.13833786060556974 0.2626832630501294 0.17768426225550504 -0.013516376416230047 -0.0640758073952419 0.18271648419749043 0.24374523187456323 0.2917240571321787 0.17258012106706302 -0.009636961283674972 -0.12294016881665133 -0.13441831023312767 -0.1635860168746486 
-0.19076959040647945 1.5256566466156452 0.39052620964929585 -0.1990740324833855 -0.10345416147206599 0.01505793514647899 -0.2724842364686096 -0.36185020061047907 -0.4341745857791368 -0.36858821027906224 -0.22123254618825616 -0.09130084085533868 0.9689547616816547 0.5478732430810277 -0.2018292470795505 -0.4238533172360602 -0.25783273558516767 -0.03142076917517287 -0.011268801691444286 -0.03781211589809147 -0.21344405167584493 -0.10065608528798416 -0.02165703933371654 0.024944672191383067 
-3.547922627326052 -1.6375481351848258 -0.21440085315299495 0.3419746106233768 -0.5177978001939554 -0.43919374018013174 -0.14287127573925074 0.08651695612201263 0.7669988137665786 0.6842523590578095 0.3939465197558034 0.20618452701962686 4.836443332578296 1.0466257089054547 -0.17568609159298662 -0.49326776166816894 -0.21192176751460148 -0.1850072492704861 -0.41199505584688983 -0.3376780771210963 0.05572045711790285 0.21798616283273597 0.04078971303385067 0.04841790993874301 
-1.3085750391652877 -1.2968377529302206 -0.22404753866477622 0.57008056797279 0.7478867937356362 0.014883745283403527 0.037827416077981624 -0.0715692361420216 -0.0096669347030994 -0.2166279285796078 -0.05521287505651434 -0.10546393538302726 0.12970434805326572 0.34424099710101136 -0.09074067031268347 0.027555658560793856 -0.13346231041398418 -0.4684793385758201 -0.10043152754351094 0.08157197512208315 -0.030580182646653336 -0.08720694852061071 0.012491985474777293 -0.048487746308918056 
-3.8799277672579997 -1.1426868935606072 0.14163635109192407 0.16447068805721965 0.24702506847325606 0.5245434432800075 0.7572363231067989 1.1581608908478866 -0.5845097176370736 -0.39907536083405615 -0.13705329044475906 1.6567805318501438E-4 -5.251879782522328 -1.4726477024754463 0.009421245849237739 0.47882164509836 0.1867644720694388 -0.02177118199500135 -0.11692403991941484 0.38583761119059456 0.12231096260139342 0.10789463045536918 0.3029689559053643 -0.0043098634124625335 
-0.4138800646003027 0.24550303450050182 0.4847296184648867 -0.19298904688268848 -0.08547866456371916 0.9386273591438696 -0.4212434532611016 -1.1423880933396655 0.3333202278626493 0.4346964952287027 0.006791402487693166 0.1571718225546364 -4.342336741142053 -0.38002837592722494 0.5112778238708987 0.8853885642512487 0.1318729396971818 0.4121255581513947 0.40005473962221233 0.2573320658213339 0.15473301140105744 0.22186125739637164 0.031613656690808595 -0.006160581153512877 
11.760369232958439 2.009224578526153 -0.5970531692655396 -0.7129555172439639 -0.6614084872525943 -0.8357520011253607 0.4374362786885354 -0.535586448850949 0.22857234467952398 0.03490625578754669 -0.5459624867323933 0.08779623828818262 -0.1816783422830821 -0.04241132040280907 0.09177171378822159 -0.02271219481461295 0.03863607020374418 0.396386777147685 0.2968073705507133 0.09460739549675816 -0.02242197982355047 0.051700887821544396 -0.09387408773643892 -0.06846508461476289 
3.8982866841526507 -1.7327083611919258 -1.3885362500987404 -1.647372022130364 0.8064847525070159 -0.5413452069680963 -1.0024367805795236 0.003308236243394491 -0.8804070000645705 -1.099202509079524 0.05440075301487701 -0.13079747203998743 3.584302714054728 0.187692199492041 -0.28365402024436487 -0.7236457596985858 -0.19180240479117625 0.05484101242206755 -0.22733782228218657 -0.6487173687797982 -0.023522482947956763 6.027951457995099E-4 -0.16642188348375975 0.05879921899549767 
-5.49097611478523 -0.0263472345059661 0.8029541440090728 0.9597987601248963 -0.314864850673344 0.07536939489293548 0.15741087511386997 0.3014905395660822 0.08961983579718769 0.2127714778554241 0.12076429750096579 0.34954557919478557 5.314787499918388 -0.1735967041800436 -0.7968135651314169 -0.890315878865246 -0.22637337328395893 -0.6040427004003845 -0.29627487448671447 -0.38111386271397985 -0.2542578605700761 -0.3814599379139785 -0.38060417016750997 0.019205515770775783 
-2.541115532892653 0.7002123425404383 0.6356880225606751 1.1415710935286385 0.3166567315201845 0.31854362386851887 0.40078271537279087 0.3852255187912138 0.47336393114768777 0.3439554987573655 0.17269366082229287 -0.15010050488515808 2.117515360876213 -0.6456476233074446 -0.7125092465375035 -0.9093703465821821 0.1286355213817857 -0.2967432744839706 -0.4974782159009669 -0.07961670170218159 -0.4225815692788175 -0.4873563363686359 -0.18700723659956595 -0.0051404473735828515 
-0.9642921582740743 1.3135543392001017 0.7812753897990032 0.5635205615222725 0.2626256430926983 0.5464316846574853 0.6246511541725217 0.41679649801708096 0.31446046078362316 0.45770706561103724 0.5367035698664286 0.03983120739844059 -2.1570414937788276 0.8498442397793519 0.07233485241031364 0.11538184815984742 -0.3137146066013818 0.13158740026685076 0.15304998462615427 0.22426544148361272 0.14666587475048662 0.08811417824529404 0.14373866886185052 0.07532474830550982 
-4.717601376731565 -0.46571627812262584 0.7598308666188047 1.278878116917494 0.13183294147863767 0.11335347160154052 0.2563777275940513 0.18450536212443985 0.2749173952786643 0.24039870614857684 0.40745282663084337 0.039481055978933616 -2.251717220698041 -0.3519114102322267 0.0966343914842942 0.9429764028589539 0.6573830656265617 0.41499036045975995 0.3323838482988344 0.3713701193880306 0.34194035728738514 0.22806268923859419 0.1838432309378225 0.10000944086973428 
2.0683912884707096 -1.9929156435124895 0.5238781647490671 0.5449997039509262 0.7186908641515747 -0.2167977297741276 -0.22953658487522305 -0.27094570655136896 -0.2511545205197604 2.0733942393635907E-4 -0.42783129198886105 0.02878055384621027 -2.3022683166250237 -0.9932166539055375 0.6371459240909393 1.2639796629030293 0.5941165002725988 0.24040976576991913 0.3648124775951422 0.3950397766754062 0.1937843235606267 0.16487278624601287 0.2324192612394728 0.13950389520487824 
2.697694405829078 3.409181564593414 0.4744834606327606 -1.67809768626255 -1.8835250758889388 -0.5448127502949544 -0.16927495999983988 -0.38501373708865316 -0.26964965006277597 -0.11148270586486658 0.10343139893647019 -0.4446035007182457 -2.1701510656867096 -1.3835473198502868 1.3117452450236737 0.9862633141943196 0.2724986567816469 -0.07357265677622436 0.1662413491193083 0.026881531498966865 0.01859661474567555 0.17033455243429363 0.11474128683409583 -0.043094075582644414 
2.234864900320675 2.355755379558694 -0.9874886794807924 -1.7499305255967936 -0.5120448490413096 0.15428549829597538 -0.25695993481595925 -0.48356328240259117 0.005391012772463233 0.13902941287972032 -0.00854350000480314 -0.13663819986760442 0.5128107298115556 -0.2197511336080895 0.502356753558694 0.5351066766529652 -0.29053308541608763 -0.24372238882387956 0.11650322348203744 -0.158606735803554 -0.15716698510322144 0.010519414782854905 0.03493755590351225 -0.10865156265493507 
1.70961501440358 1.5105901698926427 -2.4197214463372863 -0.5324467108916044 -0.07029517226986082 0.14852982789516211 -0.22863464479350548 0.21016955555315037 0.09085478439552586 -0.340015987882196 -0.14641492986347304 0.2514726595837742 0.5821373768257155 1.425114164408564 0.4270148730355297 -0.5251407485716738 -1.0626867065346508 -0.1442583565011216 0.2019699676594385 -0.1793108800019673 -0.10772187990286915 -0.18697420971012577 0.2316181105985232 -0.12200245031040048 
1.0239987947487919 -0.3843665453378353 0.46391035755800836 -1.6331458136934422 0.6836751685902986 0.16769814760245294 -0.5493664129245026 -0.0927171454616087 0.04009421756075299 0.08291573608403635 -0.4077207952994262 0.006697161660005502 0.45203732018913784 0.9445545201755952 -0.3060399486803341 -0.3871216669931024 -0.5330248628775359 0.038294774699234035 0.24132611141698243 -0.34621978840145257 -0.04886613944073506 0.1261320192013951 0.09609530751071645 -0.1282197310810649 
1.556715328137873 0.5039000338159862 -1.532260676993229 -0.16106779649920444 0.7066750348992091 -0.11874400544482833 -0.6289816239238837 -0.042504165553242546 0.036164387251686636 0.47749676166335275 -0.39183428521178776 -0.15026383055084924 0.04384358081245073 0.6584906163366622 -0.5209507245741187 -0.20290109024426353 -0.1436330272708647 0.1695440630585355 -0.2508855822064285 -0.1793381950426598 0.15094201510827832 0.14009205874412878 -0.19323640226789104 0.014921627398274304 
0.9552027828861149 0.025436887070236835 -0.5130992181118188 -0.7742549818136863 0.6985446360067631 0.1730380908682685 -0.7807647795017174 0.681432943354963 0.17933462966658803 -0.6481230194972394 -0.17411974486279513 0.44888923844290207 0.20177897255875976 0.3375728694485029 -0.24509193992583297 -0.5033217899850215 0.7397503894566823 -0.07237153898022937 -0.5042810187320896 0.011522453889539949 -0.1030980165124039 0.1521394256976862 -0.26374642578402474 0.08764501359418753 
1.6124822778975663 -0.6697833953213799 -0.3683644847800165 -0.3531888560986918 0.353169175834501 -0.36277233291335215 0.6397212851143874 0.3611090962728438 -0.43159146698222656 -0.3947727863239445 0.3164937517218845 -0.014388261002497016 0.746134154674125 0.1339505477806903 -0.5795405233944808 -0.4948152874871896 0.9390604467947959 0.1501415482515721 -0.6439738327080756 -0.022588781867579382 -0.01535130029235999 0.08458750475833765 -0.16696197985350347 0.020572481453436615 
0.3907784021926659 -0.8102434391146609 0.6172380812289009 -0.027119913938634 -1.3588230702473942 0.5068269282774029 0.3291251887526307 -0.3290911380432717 0.5832661942149212 0.06263223298462636 0.029354463585811896 -0.3241756638967332 0.6585323862906606 -0.05747550656374548 -0.7141224377079413 -0.6391533980435515 1.0059881872485301 -0.041676023170718245 -0.44846361571600185 0.14314044112211108 0.3155110545408802 -0.3886733005350069 -0.20303985150027448 0.10710597989075527 
-0.3994749455377775 0.5198885535663642 -0.3588077564801464 0.9498105320248382 -1.0818224523581002 -0.7360630689041119 0.747994890073169 0.5305242207486129 -0.11974749414539998 -0.13164337885259306 0.007314550124419117 0.17455117625865854 1.0658024976003562 -0.48210819282811546 -0.5853209242662633 -0.5710869964562478 -0.021436488249026997 0.33431603922401676 0.16123102667554937 0.4149310831072843 0.017155963749827346 -0.338699355440146 -0.0010855833880188404 0.2212859726365888 
-0.01441576426819502 -0.39697256768239875 1.62448973086207 0.49170551825520326 -1.6019241116425271 0.4847115283758031 0.5104892651668973 0.16730405775074514 -0.9231205203744659 0.38633217837210554 0.5895894104367609 0.033101580140058484 0.3031245316116351 -0.14870709190587839 -0.32495604541887513 -0.2098872750307593 -0.7758666370536752 0.32589459311444646 0.34988023555584863 0.39142108581533236 0.289252499588545 -0.10025254206093788 -0.0016445041821992305 -0.04372524101859706 
-1.3823281316730718 0.5699057474468354 0.8839724632021886 1.1006594171731332 0.5390291612791485 -1.3546627506346025 0.06534616688060596 -1.1318817509460175 0.27013399906298496 0.45947530730275365 0.03963302846046653 -0.8568848009306593 0.07872831481141478 0.24802864505943312 -0.3188101406205741 0.24199345879176973 -0.6309736844201885 -0.2572706247887819 0.5488445401084059 0.19443219566060466 0.02602409584363748 -0.0301049475532298 0.2640106463478888 -0.18315992131555145 
-0.027168599574592278 -0.38913076033726135 0.9707161076443587 0.5271174685794964 0.15835103409500695 -0.16155701020069113 -0.37919115631863365 -0.6721514096419536 -0.47943205115490617 0.06783051608976665 0.018128736964385883 0.32271804775371693 0.18112286399036157 0.22925205900568665 0.29170148758963377 0.17322755983031457 -0.5376154622915761 -0.20677007526999017 0.26879468385565575 -0.14868668243741004 -0.3124628855237383 0.27075770510975344 0.17608466770964656 -0.23839619308147586 
-0.6292834723188232 -0.22811828528450384 0.9245094769904316 0.20612418048738246 -0.0690389719663016 0.35888307475048076 -0.4536985195092833 0.3669553674631484 -0.4196640162860923 0.11792229494826578 -0.49898705218305955 0.5792227063984837 -0.25121455660834524 0.4170397150057781 0.14390238003348635 0.16754481139941993 0.12470424327594147 -0.5050584131218826 0.06634511436794309 -0.5171798232584307 -0.12450712768989292 0.1651086002055409 0.00264415768691501 -0.16871985824410474 
-0.934306685916404 -0.685716728333789 0.7291167611990472 0.419290457107135 0.31495634185492616 0.24824884149323212 -0.03637244320512534 -0.13605445414160766 0.35916714387128756 -0.2551644307799109 0.33064544762958437 0.03023640571991451 0.24529966111548607 -0.5043134555007986 0.15998921789199816 0.21729944942029455 -0.07963051849017792 -0.014861834853801584 -0.2648128136970491 -0.09055578619914863 -0.2845419466959996 0.2069357470447841 0.10573439419233192 0.2888431958664489 
-0.1751154186771302 -0.532920413572235 0.5730649963243852 0.6519384887110541 0.08661377757136446 -0.0443904371159165 -0.30509853277997745 0.15160924107910145 0.22435578461956684 0.1256469801209697 -0.12455779993287774 -0.2044844051814439 -0.8300683402767959 -0.034584968746688816 0.536449187395946 -0.05211182966472198 -0.2644067740448296 0.17232031989868501 -0.06862465383988237 0.12351195021751121 -0.07238780580257535 0.12032814474376863 -0.14542058118937107 0.21191716015158915 
-0.990151609741897 1.2762106703090002 0.6664706943013874 -0.3476880337932231 0.3194162147967077 0.08466525029391225 0.34094729140786084 -0.2928109878524843 0.05218388848026301 -0.5568390676309375 -0.4862890717377008 -0.15195798405566605 -0.6676709160840414 -0.31426432445885766 0.5269667357230259 0.1915852278604673 0.2634486460569366 -0.051533161856258336 -0.21688391347243532 -0.04740914188780023 0.19426945922231217 0.07938394197859373 0.09335378065663301 -0.15189663943200893 
1.888844010424311 -1.105327078365832 -0.6535150517485766 0.7459489149317274 0.7219514136972964 -0.07628608934591435 -0.4364844252961293 0.07479778366605305 -0.049008971182853966 -0.09222482085752681 0.3457419510686962 0.03456842083150646 0.10113455175129553 -0.14010434467004154 0.2050204626601757 0.1144020222053178 0.26900512396916004 -0.05311111312333753 -0.043723767062265516 -0.0816382456808027 -0.06830406250769933 -0.16352926660383332 -0.17141775416995106 -0.08304188659943064 
0.036726347784999724 0.5432795774395824 -0.2384934219335495 -0.20247043958460365 -0.7930584143788495 0.418796153177006 0.6799722434702566 0.044578700228317225 -0.08695885589443852 -0.3843803562264439 -0.18456576984110162 0.36639991100946606 0.978041069645716 0.393368197900594 0.1215346697251074 0.018635964806582417 0.26263417423618735 0.0861933691755627 0.08238262595043927 -0.22963836185430198 -0.24274849285399358 -0.3278336366945332 -0.15399149875542575 0.04921057126353687 
-0.9919580526944651 0.25385816687259855 0.41048566646132656 0.23612362499079098 -0.16416427974833714 -0.052122549187450795 -0.3434397076243788 0.22782913408110883 0.4988393443300156 0.5300054242302228 0.23883381162867579 -0.21453769291571803 1.4924251802741313 0.27453527617177126 0.25131242445870433 0.23305953502020818 0.12545951511603107 -0.040738718404934725 -0.32314959857174724 -0.04016425055444328 0.13449654410000042 0.020730851686981733 0.08079298868785272 0.1298078248242689 
-2.483873787119657 -0.5834865460119971 -0.2301336739788864 -0.14868328324250213 -0.025428461189037632 -0.1859966273120076 0.04727705472066779 0.31958842250289377 0.5065052092858089 0.1155467199087874 0.02913949424858664 -0.17503664097266441 0.540947563043548 0.4163756558889434 0.14446932480678942 -0.19380186087742687 -0.4949119178464055 0.219084407025762 0.2181434489148859 0.1293420947716654 0.15978917030200332 0.039433840597101366 0.006218019007219383 0.04565245770961934 
-1.328131462945755 -1.365549845155356 -1.411632199102021 0.019876731700052108 -0.03824210824570273 0.34832645611339663 0.8493119647939069 0.05778567419209463 -0.7492306360729789 -0.40438091398608766 -0.0034896470397060564 -0.084136777650235 -0.1793799495114964 0.06019985207782671 0.09377801650707503 -0.08603396886007225 -0.3447447453365102 -0.022883257952940394 0.013117610790822095 0.2581959804926 0.3470710029297816 0.2764397545736674 0.15154994265042013 -0.06992976227661726 
-1.4180296362199993 0.10385661578672956 0.23915753642775606 0.4870585896930464 0.6287162534090499 -0.4386815705507037 -0.570833939483544 -0.25842585414217184 0.057708623401048764 -0.03548870890959277 -0.08205809752856885 0.16424208024786652 -0.8589090868871286 -0.5181726106944741 -0.3784884431762167 -0.08596883278036445 -0.07026303951963983 0.09193740292599967 0.24670757990055422 0.14459622613991255 -0.016973521200191983 -0.12852237686986911 -0.06402402623201851 -0.09920760508579173 
-0.9867402796098048 -0.2704129702602449 -0.10549398826321976 0.17635459510323348 0.5429975989621496 0.14286969629071844 -0.0737370428947392 -0.2577516690741585 -0.31797537151694916 -0.2237961250815893 -0.16021722043400682 -0.1743877666961317 -0.23762730502539922 -0.03162508671320641 -0.07946874933699595 0.32114652336807453 0.0980704379730211 -0.06638443757466957 0.03324696103146755 -0.1255708524531705 -0.3160198533585146 -0.2124394154932958 -0.07549914446731669 -0.04712882048604533 
-0.07784211812624653 0.4234628486238696 0.25226255013036303 0.030984283397000545 -0.10525919623404431 -0.3590804561786675 -0.23132118113667183 0.043568415716282616 0.34179814060837 0.41082145606614556 0.29957535964179255 0.16771166880765911 -0.26350179561775183 0.3565106116735028 0.28351302465186307 0.21023433499717573 0.12988525177827245 -0.28546634169106055 -0.29561334433182035 -0.19470746696924804 -0.08020567481490726 -0.036950754789550976 -0.0018294052275488286 0.11375109594879214 
-1.2853433069164337 -1.4304777014343069 -1.1797784579423367 -0.7155256852561487 0.03453430265678109 0.5076792116513873 0.5798147025260681 0.283501096622379 0.05678416539890438 0.00978225000593061 0.032191057777063325 0.05551488952800468 0.210824383688586 0.5317027285903108 0.18319953961186888 -0.015387773841026686 0.08467873886282662 -0.002556843939400847 -0.08643274015295617 -0.1812266157088254 -0.19891490428783545 -0.13199532784795964 -0.07113283543419836 -0.08727351182353904 
-0.47822273571342944 -0.3856428536467478 -0.07423930268827461 0.30229572488121026 0.4932921462269168 0.23531269684214356 -0.010769779198486734 0.055070163917303516 0.11094587938784378 -0.04142563208469979 -0.17277402095145744 -0.2919625357105781 0.16642962740432887 0.3556820785930795 0.17726175453178394 0.01678018391223135 -0.02781146815842835 -0.023785063640737143 0.11271085985536494 0.20837579562623146 0.23092592545582757 0.14255234102687533 0.04714046903840535 0.03038768481955011 
-1.4190231218819713 -1.4609683048958684 -0.4918416806895076 0.08686219588420868 -0.010314288856810794 -0.14665634840148456 0.07528547659503675 0.2801773039518073 0.39419547195682036 0.39831340253771236 0.28935597616521325 0.31726987103360405 -0.8610824513881233 -0.8664634759675461 -0.42996357774533145 -0.08572590015965831 0.1266529154465085 0.12150771984711284 0.061304353735279205 0.01963598205037913 0.0597888806296516 0.135806092132102 0.13599884661649272 0.07182730399358946 
-0.5102910928564643 -0.6283380854245881 -0.6234911020914033 -0.42055020890987216 5.995039980366823E-4 0.03944251476997984 -0.31718914773725093 -0.5798970748271259 -0.5196852890380708 -0.21110114328037133 0.02957149333250153 -0.0543288764037909 -0.5197415210609172 -0.5471492163070566 -0.2856862390926334 -0.031474772482113354 0.11313162407150061 0.08730829964855684 0.1048056144854892 0.2075699994573447 0.21722015842297523 0.10373025333943259 -0.022984293606379547 -0.11201526113860148 
1.3139382258194536 1.2902603423572518 0.3847381749952219 -0.09692501788163255 -0.0990781225683044 0.24109114314613067 0.5491113255896126 0.5420767698434563 0.19273310772290686 -0.31279827079253963 -0.4769782392143943 -0.2787838521061573 -0.8032462082432281 -0.8189715493055804 -0.252662160918021 0.1470532860116196 0.2082329645885527 0.08274275657740275 0.003060885918631661 -0.017690636024132827 0.011583152467599 0.005175390715611313 -0.02459807899662318 -0.025328780694534 
-0.2854788463813902 -0.1198095283521381 0.3445294867472608 0.48861364921047096 0.1982791908681618 -0.22048594787733458 -0.5620995471522423 -0.6985895674005551 -0.43998341376412514 0.0029394445621284404 0.279345967557485 0.342110109275107 -0.1081423184531507 -0.21706548083997493 -0.35229260075774055 -0.3125256661690744 -0.14636246137140896 -0.07197614538625419 -0.13209772661292193 -0.17847100717665668 -0.1479737081586615 -0.07673038875429593 -0.007425504777887615 -0.009038623269676152 
0.878309379610176 0.7416820644846478 -0.2178654923547767 -0.8088795912108216 -0.7338530260575316 -0.2649203868100356 0.18855801854663745 0.39259545831092035 0.3195950769170506 0.2757669364696285 0.23826297604259103 0.1950367202777571 0.24395663918491017 0.18933269295697444 -0.02592545933801042 -0.07084846039454226 -0.010823978271508314 0.13232845666902612 0.22326003621287138 0.14771183492738846 -0.022432717183543432 -0.15304573840141308 -0.12643777103486922 0.020734417499455 
0.03195028560762658 0.2971474960316387 0.7346885338568176 0.8730040762619456 0.7570743398568771 0.5083767159068255 0.2593806856230024 0.030256602469112104 -0.13919514915915812 -0.2751925806485676 -0.3057725999623283 -0.26412329278671964 0.3005073505378892 0.37547923444970266 0.19551975533540325 0.01082681573306273 -0.04579719787142375 -0.03863696141678377 -0.0691486127878863 -0.17269438908599158 -0.20876880680871412 -0.07343904262533651 0.09502304597793139 0.20472353022513404 
0.4233537422702147 0.5137837512944401 0.2674350294544747 -0.07657485022374311 -0.3460037622481371 -0.5203255587530278 -0.531408899436624 -0.2654818198735427 0.10963712697105366 0.2854049570170476 0.19489435765012003 -0.037870403573609004 0.33604282485187625 0.295162148275477 -0.03556653370941687 -0.2744795493496662 -0.3033434630289382 -0.1923234360758612 -0.051079804833220964 0.06813079566249607 0.10589807120760604 0.07701273156391326 0.0034930666085138673 -0.06604851043823035 
-0.9595230793250771 -1.1322980751061422 -0.4846800401635747 0.0899808315177435 0.14174615257773582 0.02312752234451282 0.005329750203047295 0.1485322389496512 0.29130198163501575 0.21843756216442844 0.01596113881992629 -0.15560691947461208 0.25423061742766623 0.3579689871563803 0.4528377295488402 0.4085342529008689 0.2632774950101118 0.15001892502340194 0.0032679678412805002 -0.01668094738985676 0.05555363328577015 0.029212561760866007 0.004344316441728872 -0.03356077109272581 
0.3659175875208991 0.5709184052271072 0.4985183957836701 0.40607067921027795 0.48384145666885375 0.5546745181987043 0.4688229007562779 0.12906525308316263 -0.21334770210285448 -0.20208632962860928 0.06691690682592213 0.3389240649363944 0.7709126388014585 0.16195807856375724 0.28459020100395127 0.1932847663138386 -0.28228810259525877 -0.32301833816863085 -0.17038995078943275 -0.19392283240409083 0.05696573700935995 0.10308376364792986 0.1257844713296107 -0.05106294346882003 
-0.7020234893007142 -0.8053267924038359 -0.7393663379543007 -0.5939214471576718 -0.44768075463195367 -0.4791800976392463 -0.25053911799729 -0.11697409183967028 -0.1443636344795145 -0.11908462260833717 -0.254816823875416 -0.3518382137635439 -0.8559647850396761 0.008905080649793673 -0.1474683357184691 -0.025186436019564867 0.3352560939610534 0.1385977193855474 -0.05676125166689363 0.045019103500180215 -0.08121054348896577 -0.007290815523991172 -0.11405710710672345 -0.02057520234843667 
-2.0181339691463425 -0.13557612574798483 -0.45899242466201606 -0.31447800982755125 0.7955739991424838 0.6998832657447442 0.107695387031843 0.4490398427333905 0.15657272400023892 0.14491475845964083 -0.04707007499104096 0.21343407397731698 -0.47224148724735926 0.19574019997855494 0.10821753838535386 0.10189084994075616 0.4572567171624779 0.3346638989088882 0.17902819720368213 0.07331687555596025 -0.19255750305352773 -0.09126189335379076 -0.08827998240611486 0.04049967059954789 
2.800397054127572 -0.8057660515679772 0.4364803772146757 0.5258144840953527 -1.0198884005422395 -0.46527000958514936 0.35617726206594563 -0.14651236637600337 0.3499733990503663 0.06680946469227692 0.4151259510485782 -0.031136316949763376 -0.44554744147891895 -0.34076573200753185 -0.3354817488674327 -0.3758309841009447 -0.11897391537558327 -0.11116556083753563 -0.15120397169928404 0.01671109599045681 -0.002309155980351261 -0.048767228292482014 -0.06795663095103388 -0.07379887816233109 
0.03143177754883375 -0.01608256512648687 -0.4140575769568797 -0.4594698362385028 -0.6018248718634371 -0.4562722225550088 -0.3716198808863863 -0.07611623631655157 0.11715629029278835 -0.021247693217544078 -0.003214533417730439 0.05707410473086044 -0.07724375729374773 -0.29274817051392366 -0.12931630272715047 -0.08008384815175225 -0.08486962985119333 0.07869255147007019 0.046724320228521764 0.08438496549727519 0.16251710778712508 0.1028136307216756 0.16447720028060223 0.17715101287486615 
-0.39016403821154544 0.15722362330801065 0.24461148479542927 0.606067418350638 0.6079404269977566 0.43239432902323716 0.44273043105967674 0.09547065971393032 -0.11772794968473543 0.11029828810770134 -0.07287470180896963 -0.05226159465332236 1.1179032234524116 -0.2200644610732921 0.11137334722512476 0.11624355158130628 -0.4827559005506217 -0.2277052265856505 0.18413137676753055 0.07286650584915985 0.2292465238618112 0.07274207843808642 0.16790983520549776 -0.049375703686009347 
-0.19112215109554054 0.2611735483557922 0.024890929729058597 -0.11435293249993717 0.23626847492606562 0.014973442030340428 -0.07575415815058784 0.07489343319659807 -0.09712792499358547 -0.18527054541309823 -0.2965013494040738 -0.307456325795502 0.034705661827323965 0.08656375575314534 0.04991811005096617 0.11858458968249674 -0.055736535883136984 -0.13293077940413658 -0.10706894281950718 -0.08864204136650768 -0.054016443425837314 -0.050658675100797496 -0.06058618869801844 -0.0027335846183732526 
-0.4420356519074753 -0.28420072508924044 -0.11711391780366776 0.004525377482151038 0.009332627714874253 -0.017777162120872436 -0.34414972960454526 -0.4406167186800577 -0.23062406489188048 -0.06940534452420527 0.05803985342525654 0.29925600937144586 -0.06163409623826984 0.19891663249964084 0.31011758310357845 0.5025941603042577 0.47935365914265843 0.2790107332505918 0.1658717803798729 0.01499541875349001 -0.08794264998175581 -0.04073120714610551 -0.09662740276391528 -0.049649949612121436 
