0.0 0.0 0.0 0.0 0.0 0.0 0.0 0.0 0.0 0.0 0.0 0.0 0.0 0.0 0.0 0.0 0.0 0.0 0.0 0.0 0.0 0.0 0.0 0.0 
0.0 0.0 0.0 0.0 0.0 0.0 0.0 0.0 0.0 0.0 0.0 0.0 -0.08326141191994878 -0.1471839508883682 -0.18879975834763418 -0.18741363004024625 -0.16232201807397142 -0.11999043178574577 -0.07318490681996186 -0.040339128793195456 -0.02689096969778147 -0.037746251187629705 -0.03361567485621524 0.009219730225054984 
0.0 0.0 0.0 0.0 0.0 0.0 0.0 0.0 0.0 0.0 0.0 0.0 -0.02282671687260403 -0.0026229463788564797 0.05384680347913081 0.1059698818032833 0.13624759425994556 0.10280687966341773 0.030063996687213157 -0.01901253125455371 -0.01919607504087138 0.020127807032052605 0.03690034017291521 -0.0026243555785150224 
0.24978423575984632 0.44155185266510455 0.5663992750429026 0.5622408901207387 0.4869660542219143 0.3599712953572373 0.21955472045988556 0.12101738637958637 0.0806729090933444 0.11323875356288912 0.10084702456864572 -0.027659190675164952 0.24305951689573155 0.33127855977325077 0.27557630345804746 0.15967439240564396 0.0507764477607874 0.00518716110597862 0.019366602091052575 0.03501709481843795 0.03241515906188562 0.040659468283029764 0.02758470171187953 -0.02001253681885445 
-0.05641196726211106 -0.21290708719598284 -0.4447400479588437 -0.5990300904702193 -0.6522258098907938 -0.48840628666887187 -0.19996935029158225 -0.0034710994261320516 0.017251770575941933 -0.11700279787760237 -0.1611245328030685 0.021702662073127543 0.04691673673120341 0.11102076870770873 0.19209182014251755 0.20932351704396093 0.1853480917461295 0.1698694005866357 0.15019926028383176 0.12757695433332936 0.09590629422992906 0.04494773029695182 -0.008780450950276736 -0.0405664790314051 
-0.7009725670561391 -0.887382135721761 -0.6043588863947206 -0.17950813198182228 0.1737835616630347 0.22864166001650008 0.0418848688726334 -0.10331573474224781 -0.10587136247362783 -0.06347700591028811 -0.0021918387341043483 0.049186279419999576 0.09665756235441784 0.1817493449703008 0.2424060058485913 0.255686353331296 0.24436266841705648 0.20954095859361987 0.16688603513995 0.134421434370105 0.09673974832731229 0.06378312401658734 0.05181881403080393 0.04412529856169716 
0.3346281912143825 0.33140468807030654 0.009103620291258885 -0.25709604008060233 -0.3994530289589487 -0.44394338408953843 -0.3617628550578692 -0.270564302439071 -0.19444674690630107 -0.04648531115426686 0.07786078450220524 0.08327670204663304 -0.24112267427214876 -0.3520637054878861 -0.3638396002092736 -0.34232559532843326 -0.3097042228144546 -0.2231787231252275 -0.09844014614851532 -0.018253551654831734 -0.018351772918788336 -0.08886658593400258 -0.07908924783503721 0.04915079526280302 
-0.23570853054165397 -0.3758520698789425 -0.3877405766279226 -0.3757851950679578 -0.37250834149517775 -0.290883031713289 -0.20020663257682103 -0.1487003152242592 -0.10369707714747092 -0.11336936184854066 -0.17410207617640291 -0.1908221063470092 -0.2083533430808672 -0.2956709252452417 -0.252805553885987 -0.12127073656075717 0.0011822292626439874 -0.017681108242352667 -0.13868075036507035 -0.23476783582639862 -0.23098074588268047 -0.12980773004445853 -0.00926713551583197 0.042252539325276915 
0.4343240372970927 0.5875189963462664 0.5384695977855781 0.5260852270581483 0.5500328101316763 0.44089222857170524 0.21639683887869093 0.07398184577936884 0.07121994666922848 0.17454313789353165 0.1620983294231924 -0.005745530831777132 0.054421955073722085 0.01819148639162253 -0.07663530090425863 -0.13345316187651202 -0.17293678005805227 -0.19270047514104385 -0.177440379933009 -0.15356681025455218 -0.10523875646743036 -0.02655789295783567 -0.013408870797248068 -0.06426520820880963 
-0.12576046085489256 -0.12842651412401573 -0.11062521348391907 -0.20728655586892608 -0.3045060456702097 -0.16073282158706373 0.16884727299956442 0.42871469862772826 0.45423752838664877 0.2154319596991882 -0.016509204647102024 -0.03306022211662609 0.08333769234687145 0.06083243696444033 -0.037649562229067214 -0.11240525595514728 -0.12303723377016225 -0.06975845206739 -0.04884769169077022 -0.03735483262608086 0.010350274736113644 0.03727686538599383 -9.322994164050561E-4 -0.06178482077228906 
0.11638829114983551 0.15311745101797558 0.100451841432033 0.05901412594941785 0.08535616330272416 0.06908293627048051 -0.013968668047034893 -0.09857137860140819 -0.15769778027106984 -0.13121229305462428 0.039290961129298994 0.19719138455787039 0.4775891891150952 0.3528230820618486 0.013662387819049363 -0.1777433955308361 -0.16928919814191423 -0.018812824370538512 0.09955080194138873 0.17823510991107824 0.22970009084633033 0.17329919293639065 0.05663304714752516 0.024095545704051893 
-0.32675373450863976 -0.3411486081081181 -0.0557830117639484 0.19496612335184926 0.22894168322978503 0.10429697063949334 0.061519195958352535 0.049640794844371894 -0.020289037885662692 -0.07232224253244418 -0.10990149378024103 -0.10693610172496575 2.5162758659244475 -0.3384256310822506 -0.3513594002619576 0.07106410318655017 0.21161282272029655 0.0364697186436638 0.36308219247157697 0.06439414672068049 0.04844990402020555 0.06492189701409717 -0.052895120572138965 0.040626433864685195 
-0.8979468932213193 -0.3645892028472284 0.4700613334684447 0.8581890740402691 0.7911765401074216 0.36481580557004223 -0.02859152842486931 -0.2711865320621876 -0.3806170427336068 -0.2014773397998241 0.038895332547186426 -0.04109422813976298 -3.055281703468449 -0.1601980841560604 0.4576997108491165 0.4800583581299676 0.20687654294765098 0.22551052937726856 -0.2661692367082853 0.022108240475548213 -0.026229315295061503 -0.021556214003350147 0.023150117568608974 -0.03675874132081056 
-7.167420466442657 1.145703706055338 0.7586482412837481 -0.8200663394740022 -1.292254702233448 -0.41800841216783596 -0.9130878742262493 0.3218398351960765 0.4203474475573006 0.055798792029496586 0.14237397136037117 -0.03579671736186499 -2.5323873187304096 -0.5041555959131078 0.2590502481624863 -0.06390900694005426 -0.04542293473314818 0.1332198330126681 -0.21577844361948437 0.12462007546089708 0.07394537741817019 -0.21202599905766628 -0.019434993558794265 -0.10981864578541001 
12.702566767522192 -0.10971445359557119 -1.6798629176391646 -0.8736447170275594 0.2253247271913877 -0.34629596045766053 1.2718425771701218 -0.30099562020390513 -0.299328077107367 -0.13060416832554422 -0.15629712414683403 0.2718979163387517 -1.5628360456227461 0.6073715542356015 0.31058825827386716 0.12785275950725816 0.08891587482206753 -0.03982961600487419 -0.172658453024784 -0.011850586761580887 -0.1699084917815048 -0.07393090523203587 0.07845740702925834 -0.04195649299126882 
0.4701513913108317 1.0438808050053765 0.24202836930239743 1.2526100397059263 0.6481363938872465 0.06019335461534042 0.058637474019310076 -0.3093148874674606 -0.28276965295329315 0.5283191689034148 0.045999715243151995 0.06602376339200693 0.06609336064731508 0.58107098511161 -0.039289484795508756 -0.5338070356999663 -0.38818144885679756 -0.4754637231593048 0.03271311100259248 0.10640383136889492 -0.11662308495999403 -0.08580854510234111 0.0714878336493082 0.11793541179696214 
-0.028224685229825575 -2.1357924150290524 -0.20339350536248146 -0.5617073940714696 -0.4457666324191283 0.2452037701930766 0.0035211565267029843 0.0799425895543236 0.4806669828662045 -0.2159448125406756 -0.148289760481979 0.03386501045710752 3.899856957547241 0.1286935715012526 -0.6944912946833414 -0.16047919846671183 0.2090972100438636 -0.1254436611269161 0.5518639786431365 -0.25000812493186636 0.07694657716219444 0.055578654832308116 -0.09165989006697188 0.24180829203649704 
-1.0003048220085926 0.41552973143724836 0.13828198953193277 0.625386106147852 0.20783532414220263 0.7126328919847098 -0.3770664969123174 -0.18784076378972261 0.38021917245049697 0.3558947494440856 -0.07609321141998093 -0.27058649981192934 -2.0529981839334557 -0.44036255375805644 0.15585990778127987 0.6482381881678552 0.37867046931838405 0.3448275295659537 -0.11172312554267731 0.06638636546193004 0.07954429460040413 0.131392480900448 -0.032545513590451186 0.0912518690159868 
1.738224001540182 -0.18161963131526493 0.4554841562960915 -0.07859515484838675 -0.1818163680676812 -0.29618474576159687 -0.16589737329347398 0.3882916927528248 -0.8616622212958454 -0.21112792309280398 0.17972900938564806 -0.2852218281687713 -1.0846932276624504 -0.7624557847333341 0.2768013256268867 0.5577893919572025 0.3307090248223709 0.41094630774872815 0.2938304687673425 -0.1214003109033147 0.38465459156169163 0.13410332591686477 0.250529176659869 -0.017523635517179625 
5.745921599726196 1.3878820744226523 -0.5549901848707286 -0.9336606444091807 -0.6198501462436293 -0.7035949761051838 0.47851611555743045 -0.6626485354525014 0.14976206532651942 0.13173328147813496 -0.02037312891930798 -0.048188424343014014 1.8323212012911503 0.3428115309080923 0.14127615543179983 0.16937647345702497 -0.09226974352020008 0.04132592128897369 -0.1772171837353286 -0.23747824456571787 -0.15472310323297955 0.07716608439908103 -0.03514946411615536 -0.19240258801667146 
-0.14725821310986853 -0.3346012323217522 -0.6871613950418107 -1.4555521946645604 -1.024050971693325 -0.2795212190081609 -1.3057615560101985 0.6815474080956571 -0.5580682382568816 -0.5061740563082946 -0.9277373317119225 -0.024763120725811272 3.396777105746003 0.16263126239760636 -0.4190859123509081 -0.858962275556515 -0.6519047570841265 -0.38375543880279034 -0.10594972079408277 0.057238422455730485 -0.3361839865262653 -0.010587743281495246 -0.0327391745899611 -0.10676026397670897 
-5.554527318557018 -0.5364140607837848 0.2857762989054844 0.8057352056848639 0.9057618565156248 0.5803233647410707 0.7245171456520306 0.37796611223601484 0.6925914906299537 0.27191956285458785 0.5830883514772705 0.17639191051660497 4.080714335193484 1.3100232015475666 -0.5688217675258231 -1.316931852752221 -0.8100130772369596 -0.53678053449215 -0.49604809973319813 -0.3661732517553949 -0.14919854547417483 -0.12215167145934053 -0.32489290401596677 -0.15768125099710134 
-2.8018828565562193 0.2926346490951346 1.292358651460709 1.628593746774136 1.0110919018050715 0.21312240022364692 0.02895127404147424 -0.3037308984586247 -0.12452497436876664 -0.2494578339365447 -0.023784207042757882 -0.07723120366845383 -0.5185121395554069 -0.8081953932774915 -0.41697078654923675 -0.3909238031765791 -0.2635695797628618 0.004670409255083163 -0.5410270630497249 0.4075200010337534 -0.09712828972079257 -0.1882353819185557 -0.19380652709687352 -0.0535101251399653 
-5.168909084131082 -2.855805470928491 0.16171509445548082 1.4750619431281333 0.7926176487180514 0.6604248177553622 1.2993039997311886 0.9285103730908243 0.3805860698049864 0.36983018467028156 0.5023290207940099 0.45108937011961125 -4.069796205988343 -1.3834477338846078 -0.06962031273283993 0.6566316230174066 0.6932230318848491 0.31586012463401303 0.9185395855741042 0.31895390244033744 0.20184936751999516 0.12787970774873444 0.16455900607127455 0.17621479216581917 
1.2154690883433839 3.2496806525830753 0.6257815668309012 -0.617444153856458 -0.1767701285059528 -0.33358317328055614 0.029926206099397334 -0.8162847254330078 -0.1106806586820202 0.009576778539525682 -0.3059380850796717 -0.0015814751074185174 -3.4166611598548973 -1.5542689412311184 0.5188768656870283 1.3252078703383574 0.8083064799379104 0.3127734465514505 0.5114453116820799 0.20450690752078401 0.030174153683365446 0.017588961986167478 -0.061920974466283966 0.09252803894462498 
4.646185326958211 2.1354061391260686 0.8279257794189081 -0.04114071305205913 -0.5799762239834105 -0.09390422240886681 -2.0315890770992437 -0.32261868159780593 0.08012123022659501 -0.2412368666296506 0.23048827228190372 -0.39007733026137026 -2.831903529605798 -1.0476421749931373 0.5969320729836841 1.3311841485174138 0.20993093569283036 0.124348771079575 0.4927419666077622 0.012962062652777218 0.03142543526794341 0.26713232852409025 0.11184770540298834 0.023387648827180956 
2.5405534174638262 2.45983566776121 -0.5973772880820896 -1.5889285361508398 -0.7275306016579286 -0.34803341934859006 0.16006187741045086 -0.2916870936766615 -0.0648150156296673 0.0033088057549189587 0.2978990906121471 0.06576802968816195 0.31212406038454343 1.2746548923896635 0.5685040602336207 0.025812503950506344 -0.051304828494898945 -0.024519521105950886 -0.4378570910810297 -0.44174603183466415 -0.15855378763366876 -0.08133386864248911 0.04762450043052565 0.005356566207944706 
2.6642593401260903 0.6820435464618537 -1.017501697039076 -2.032748311276917 0.4382050782155482 0.29460362755065417 -0.24398973574762495 0.6273253692543195 0.26337694247497967 -0.4284328145096858 -0.13513268326086456 0.3472516712402781 1.8516176785486758 0.9971072869379732 -0.0038183320315560896 -0.006205954904637971 -0.1041640106719508 -0.12487128911115591 -0.7045476761411557 -0.24648510424390954 0.1465089484369843 -0.22792684828071383 0.13613463090796965 0.0014014263737508286 
1.2700599006058138 0.15239727174619233 -0.15701687564096867 0.30092213340445184 -0.5319462941207354 -0.45427853494246395 0.4496978086666769 0.03398134464492175 0.27335284809479377 0.34717635840701055 -0.2660011085998645 -0.3863156744820768 1.1564732392184645 1.0471448126723588 -0.3474521405803057 -0.703202647372177 -0.06857154824187839 0.019073037637850582 -0.2144522917652438 0.13399942160485606 0.06565156619754113 0.00749896883577722 0.016669017906188893 0.03241962765295428 
-0.2734209502588101 0.29780347631965753 0.6192005692930159 -0.9674481831157911 -0.36527634573615475 0.3338322027215379 -0.06276401430389 0.25400241197313106 -0.5284895469465885 0.27060990188644507 0.10403447916400058 -0.16823975729750335 0.7246455548870433 0.5002244315782972 -0.3104063718354016 -0.6143856117339479 -0.0495059043483399 -0.02172794038822427 0.12894382328932644 0.22343319715852583 0.08313532824901541 -0.2159967802606002 0.048522092680900825 0.14422176217689078 
0.5399738450008833 -0.48947873518476825 -0.37337199950721833 -0.011970658114871746 -0.12007524495644195 -0.4248668198475837 0.7128058919843148 -0.5070238798506355 0.1341635304884934 -0.36870945895047813 0.12830845568114785 0.22625486099818984 -0.06383260415159746 -0.23067780871876783 0.6284422550994849 -0.22241328744861466 -0.5729062058184993 -0.0988286797124036 0.3075619127039626 -0.02366360695497134 -0.10169872628696726 0.23066934449616153 0.046559799229613674 -0.31210629731731976 
0.8553657032674256 -0.4976917448075575 0.021894980400253727 -0.03314508031541141 0.38078726667842117 0.34508159116788684 -0.7623752472744232 0.2275283900265206 0.08356561653108363 0.5775004349508591 -0.4778537434440732 -0.3916988830305276 0.009826442857829853 -0.20418004141507287 0.7222027352780601 -0.37279209649663675 -0.2986035447565382 0.027209607314451878 0.20946595666984957 -0.14765428533969321 -0.13188591818224535 0.21947342681280593 0.08670235370639291 -0.22588861883594435 
0.8971643862974883 1.2421783084661033 -1.7436908464930427 0.501010444350106 0.8137405171274746 -0.16341719002842764 -0.1231823129599443 0.118209176483141 0.2724214452168595 -0.4982769416136811 -0.11473639498466864 0.6617327803363946 0.4293317725954588 -0.12818853151225737 -0.1445783421069801 0.018110875123510173 0.27330670798783696 -0.14904929910198209 0.0416632635926372 -0.18276008166152213 0.027436716653867488 0.10521848244250276 -0.10488416892957043 -0.06001807578298584 
-0.48149554948060214 0.044515078739440384 -0.8622482130482525 -0.10556244485836963 0.06362640749150161 0.12147856586860428 -0.2731677818413092 0.38434873982532247 -0.20196074976403544 -0.3230266372203714 -0.03455015662226993 0.2916871395412273 0.448778222053285 0.276679127295262 -0.34018705211519684 -0.08771614367514324 0.4010871519930044 0.19289397677438133 -0.293587908177626 0.009168669728075174 0.12153692959245856 0.10883847752568228 -0.351595897363507 0.049970469682720085 
-0.07959084641147918 -0.3760165524214951 0.5024346235379751 -0.030094601213923156 -0.7814149393264931 0.13408259010800383 0.34321236848984615 -0.03715380976547 0.19461656367445046 -0.2341013701923711 0.22130916905895748 0.0646160770612699 0.36697671237641166 0.5067480990785217 -0.7923639318157147 0.15869704144034472 0.29979622825553226 0.3111845989063114 -0.27248893501434196 0.20727479144529246 -0.013356647326629667 -0.22859932082999834 -0.16248743060597765 0.3349320626051407 
-0.0025913465379456824 -0.5186316962495443 -0.08060659826966458 0.4955558734920329 -0.02489646107360821 -0.38235022922347284 -0.11480886346644048 0.27770387396660057 -0.24214273147508752 0.11889721666315728 0.40891116662463467 -0.2430519404411255 -0.20637898929341633 0.10712555873778928 -0.32577894388090217 -0.3054054427588077 0.10215617622015398 0.399328933359486 -0.04039800497365894 0.02512917515816937 -0.03535515568463959 -0.20448620798362419 -0.005739690442742057 0.36724710419745615 
-0.443217852303075 0.003507398725030697 0.24258014156480745 -0.27563983914612944 -0.041386733356567174 -0.8450565892013233 0.6151050328956473 -0.45029276492337544 0.3325823780522746 -0.03344090606545044 0.150995235209812 -0.07569386748785112 -0.14108416561065518 0.07762450641935843 -0.20053217195267692 -0.30729257144155714 0.1494382737460367 0.1288097750898022 -0.057055764799674225 -0.013006395796702597 0.22932103898853914 -0.20817471055300754 0.35151696835862184 0.16160362513602355 
0.31945492134544473 -0.4666235730471904 0.2450158595810379 0.9334265023841567 -0.6128562241539233 -0.5869386445551901 -0.28792009912323296 0.5155306919297671 -0.16487818989902875 0.19010175466704082 0.017825881630528978 -0.7398992007765808 0.3665633165035329 -0.15602877551102612 -0.37959232854162156 -0.20962348593377067 -0.038163872506470874 -0.16144096128533056 0.1369851211185642 0.28089809323600934 0.07286537699110113 -0.0511555074528209 0.18319179092903706 -0.17445530080586166 
0.18263851647879115 -0.6348941332807474 0.9412199104706547 0.6728477986646865 -0.9357498790244456 -0.1500525274955442 0.600935280717265 -0.11704803135694546 -0.5319788240791963 0.3548204924647098 -0.6376990935198552 -0.17177116817907312 0.24268298147475895 0.007720187895224957 -0.40451737111499314 -0.22914686225931913 -0.209787651327471 -0.3923223926594024 0.2990710621441222 0.18776920822600607 0.18481212678643444 -0.1706386943386865 -0.06705829995452874 -0.2074064517807035 
-1.4152094804394775 0.2686553962864231 0.7088505029022762 0.650182512387937 0.5367767292797436 -0.24552937622037074 -0.5186793507329419 -0.7316127725246424 -0.028458261382655503 0.07823303975653983 0.25368295820235703 0.3283526123220705 0.1317345473075342 -0.1924677475470918 0.02564681451026285 0.3207191773654486 -0.48771134778724906 -0.30915210377755925 0.02571735998147079 0.12870358130967183 -0.1708961619211363 0.12084700836451225 -0.019019986491998087 -0.2266493219199078 
-0.3039345958348907 -0.3872926496274509 1.2242149332491676 0.5534227426299378 0.013159743909012311 0.16120595460947418 -0.16672852773186486 -0.39002865737418885 -0.2900639665652154 0.5344095344058596 0.23424159678748424 0.012399581304933682 0.3082332069721104 -0.16738664483042096 0.18671377664748778 0.2269312896098229 -0.39263772227835675 -0.39953496800922644 0.29041825220305045 -0.10079270339866205 -0.11999633389947238 0.27007988914090336 -0.10973921137545227 -0.01824500419765704 
0.16753783557968305 -0.013021072232563213 0.026577904660992857 0.030981498305185262 0.3758230077410951 0.18488842572497854 0.018759725156919593 0.2659102610093733 0.22685286710738972 -0.2622337913970708 -0.3610845040471465 -0.1520366097588608 -0.25441649775072744 0.11029811800893856 0.08508336606879026 -0.004996736548376217 0.27394064890197617 -0.34239651508103436 -0.06103129893865659 -0.2608798562391417 0.07594160493202755 0.1474926407988884 0.14268443398511407 0.018204631050421954 
-1.5334347624471203 0.008104035470008597 0.722214879648833 0.30165443687659366 0.3226401485799488 0.8333434755594606 -0.5390390138368171 -0.3134314379279672 -0.29964538662580176 -0.28518575938119495 -0.001097728268746656 0.12315845545436366 0.05304281120924914 -0.29307270758253284 0.21536595009804774 0.12267753133657895 -0.05645228088266524 0.14348998937601576 -0.10457119830302618 -0.060238768180701875 -0.08141661839518617 0.13313593149106398 -5.112077204647939E-5 -0.04469564248837865 
-0.037209903881180395 -0.2599373002891223 0.7046004314960728 0.7910568749097378 -0.4397854197616532 0.4455914085477391 -0.14943021086449604 0.012728186469671998 -0.25149236614844495 0.04555276425340188 -0.056700681224869764 0.2183592820960897 -0.09894706024920086 -0.11649215237796273 -0.28747503963348037 -0.17466449900482242 0.025529773898521752 0.28019406712908657 -0.09409496536969882 0.24093206807454184 0.11523806132647228 -0.1462072750140664 -0.06666112382656875 -0.10848468004580107 
-0.3606891597322064 0.6153835871484272 0.23910581953748444 -0.19464753968207527 0.5903208003083822 -0.39961550492995335 0.23108003518792147 -0.08272131556223256 0.19335850524826048 -0.0188915378925687 0.08220304769248532 -0.038711437157405604 0.14558989645239437 0.5396397039819595 0.7968936593471674 0.542455642710351 0.003690771615275016 0.17180692982928425 -0.4823518854952029 -0.37237824729297975 -0.32978691182844383 -0.16940010633319 -0.018680693075305482 0.07923254475010526 
-0.12199378503017133 0.03281560906211567 1.1305575536171082 0.803125983598987 0.16539336018131318 -0.0392142854175741 -0.08401490324635319 -0.5722410043971196 -0.36536326280905823 0.04324092290081527 -0.20275152054805623 0.25435237668442706 1.0869259845470725 0.9931261444060958 1.0338114422833873 0.4061457025891912 -0.17570929729415918 -0.1889009234869393 -0.37201166420449394 -0.21023842174652455 -0.1773128361755326 -0.058569873901990754 -0.10410570548504783 0.0016483798271755095 
-1.927812511229808 -1.7571915311514887 -1.8814446594531868 -1.3317470455990836 0.008978443762640564 0.5603255330542645 0.8753089888397203 1.096187899384368 0.7466507971898364 0.22417048029466835 0.12796977061876302 -0.13253572609012076 0.4818804397117269 0.4974053495213371 0.4982560434240168 -0.043069298693387714 0.10723383097604373 -0.17854569173021395 -0.007391783122987106 -0.13759369052606024 -0.10821262258374091 -0.03754252961999744 0.02515623856843795 0.09859057415291393 
-2.5144261817735973 -2.053028174357452 -1.3365586558587537 0.1411695201006684 0.37801365039369517 0.5323236600164479 0.6444903049230862 0.05398884423594541 0.0037999964073648085 0.09973137686575562 0.23273307376713487 0.26032628708092076 -0.10223628548136339 -0.3837002633548905 0.12759827590970044 0.17467731290372493 0.1480510691702788 0.23687754530607577 0.21161145597138273 -7.239086211731453E-4 0.012393291452263958 0.19215803017016383 0.04039480604712773 0.13468485747126857 
-0.6101142804956741 0.16608943029419976 -0.022104205996634985 0.2655385881472472 0.16230916227405995 -0.1497474024563225 -0.1109972195278369 0.016944831699415658 0.3334147433912717 0.06549082398495346 -0.21100796517042408 -0.3374701148143942 -0.8364162295942675 -0.9387326832563101 -0.7660498293266612 -0.25303543441606485 0.13576072853534896 0.3874015577954639 0.5701363288301983 0.5314747733794776 0.4378997928522604 0.307109847903492 0.13684342924594176 0.021748677638188524 
-0.47413404395314807 0.2222759184039429 -0.18190750084026908 -0.5195487719853532 -0.3554252065852329 -0.3948104535805079 -0.22569616697672273 -0.030447744691124046 -0.19592511026656773 -0.4538933394548188 -0.15444707079484588 -0.04723500136724196 -0.6341056537251704 -0.5286976279644471 -0.43312673615692227 0.07163756878013398 0.05624229154959227 0.1461823817392094 0.2542259926122748 0.037085841348999025 0.05369421806346251 0.07753672117671745 0.00980500117054873 -0.02945437698883106 
-0.43870989135723004 -0.07864552776325562 -0.1606207489824456 -0.24228159630787827 -0.031584313353942295 -0.1383120835336494 -0.40000676170097016 -0.45601812629053007 -0.46718602802997866 -0.42034670525552037 -0.08897044483807187 -0.04400111478060498 -0.14221256475034613 0.15598796510826043 0.037591968303474665 0.07961133792884326 -0.03993544371428146 -0.19653899984546755 -0.1468609089936244 -0.07648664545511245 -0.016582106538114445 -0.1202584749270214 -0.1634931145244384 -0.12280795353289715 
-0.6978114151673083 -0.34456781143538295 0.0320798241049185 0.1801669059878292 0.3062335135589195 0.08805885533748324 0.0263170981728285 0.1792127991839212 0.24301772792760246 0.1100399779558402 0.14229931008931257 0.20195491803051932 0.014504397130504701 0.3369419052889697 0.16262524351311733 -0.05636069245412789 -0.09774204886821412 -0.14816657994411422 -0.10101107667935937 -0.007612138978914181 -0.09228007589292701 -0.22785506677642967 -0.1354952769829786 -0.09328887441281204 
-0.0716379006375556 -0.01845260011091865 -0.24187377337965277 -0.3231532646258738 -0.04871386665517184 0.19843494262108452 0.20357887487826068 0.1415744961272304 0.1636896439085299 0.14429959006068815 0.1310981879608119 -0.09364121391458335 -0.006511610429007793 0.16391130510531118 0.02713934587337567 -0.1287311358005783 -0.11677911114755186 -0.1532235626828415 -0.1916415503720037 -0.13876256619043356 -0.09855413953247412 -0.08655482840940702 0.0088188698330642 0.016833128129502176 
-0.7011832307044994 -0.8186462612891348 -0.6291567191810175 -0.31003086046397177 -0.053634283329975774 -0.11868422682553226 -0.22445575522826006 -0.30640763896326173 -0.23452271855704096 -0.05265128678363401 0.1420044437546481 0.25745167143818337 -0.2200817087489093 -0.12363295732484536 -0.0383514700663092 0.0359297183571708 0.14387022793417545 0.11746236775734446 0.0730696836646718 0.06287942168711202 0.05780554016958068 0.025671812545676517 0.07134777382415255 0.1106076316867823 
-0.4174891523016111 -0.3333402181523133 0.08857948504039537 0.38901069431975716 0.49868691853316094 0.4247301455963829 0.3003043161155852 0.2030797913543621 0.06724661380976543 -0.07933658765756221 -0.11527962116993223 -0.12224887587294353 -0.3041172123124518 -0.35282989230347866 -0.3087929306647533 -0.20730132140188337 -0.05725866112544886 0.012553051906119208 0.011416724181022677 0.005879636412429223 0.02213509086781606 0.011726881899183314 0.00494761402155557 -0.06801083505621915 
0.13535933691144741 0.18377486955985045 -0.018092394906177978 -0.2837042285564987 -0.39907756283777324 -0.3774758494221993 -0.24125467343984913 -0.040178113490980744 0.11782262246824265 0.14484262917793583 0.051444893182226975 -0.11556414605064748 -0.11976208849365995 -0.0849723634703324 -0.024675451582744274 0.011490477352098924 0.041612288744456126 0.001214158621369583 -0.05162109622742092 -0.11371693563620704 -0.13965263426384641 -0.09380598287227278 0.010214282975968006 0.07753141754219303 
0.42244245249182644 0.5388265113750248 0.37897285647718726 0.28558738362603975 0.2957837564750735 0.2901715982010604 0.1777281614409872 -0.009179175846197776 -0.07888829920756008 0.010371986382353288 0.16153512118235577 0.2968991999984895 -0.0712910062577885 -0.019828550613395907 0.09289216558611141 0.17797255168503323 0.25021740430660494 0.25096984766938385 0.1701348691659285 0.07916399867179269 0.01618540851675461 -0.01012047755040374 1.8376346974797084E-4 -0.02610558549961614 
-0.7618627676202383 -0.9998125356418066 -0.7003270501511806 -0.2927906371734098 -0.0770195685343004 -0.05504742899197977 -0.008304389208698276 0.14087265154563927 0.257502640743161 0.1839123748132266 -0.02704577634939992 -0.18471661912411225 0.11281721388306565 0.1417375170260391 0.04532686582326917 -0.06613783405014444 -0.14084581410384997 -0.16516693987421688 -0.11620318849082974 -0.011675153148318788 0.06534839551860842 0.0361692100230942 -0.03448394873897073 -0.05588070588099836 
0.24499491873759727 0.31793913628870296 0.15102031590456244 -0.14036375642688698 -0.41299429153839023 -0.4893936076268784 -0.32657543349777574 -0.12493758717932599 -0.05114962087795756 -0.06851002782399637 -0.0765855768133627 -0.009355882837362717 -0.0834693676295825 -0.12185923353055146 -0.10170648343814315 -0.04982869990955959 -0.021110174573768497 -0.0060976519547463566 0.007274525076504945 0.009266869087113426 0.02531079835596563 0.033901107596480344 0.011954837967158988 -0.01978809206339932 
-0.11436853786063494 -0.13099399397510592 -0.040096722089673076 0.127684843620398 0.3778489034805085 0.5078075731144207 0.3595066895020216 0.05272655162053973 -0.0920919032523839 0.07577600621182806 0.2739570883969984 0.2052055130102737 -0.15452353145055606 -0.23118087640523913 -0.20938948707526983 -0.10514858736937364 -0.00921395632699335 0.015409675834920417 0.013302570788640333 0.021097770738392405 0.03734379988484696 0.0451737619833398 0.021965326437778664 -0.011458646079191745 
