0.0 0.0 0.0 0.0 0.0 0.0 0.0 0.0 0.0 0.0 0.0 0.0 0.0 0.0 0.0 0.0 0.0 0.0 0.0 0.0 0.0 0.0 0.0 0.0 
0.0 0.0 0.0 0.0 0.0 0.0 0.0 0.0 0.0 0.0 0.0 0.0 -0.0801490124316852 -0.10441443938156685 -0.050189129346171334 -0.013200671866783253 -0.010049330688139254 0.015647640570739734 0.04166096504333089 0.030818592075025075 -0.013628370941718556 -0.055608132807712235 -0.0672574812767188 -0.05318939587306252 
0.0 0.0 0.0 0.0 0.0 0.0 0.0 0.0 0.0 0.0 0.0 0.0 0.1572169638627748 0.20929294884499938 0.14715362803674986 0.10688297835388987 0.09658848417771897 0.05977043293760153 0.03049298622569856 0.02395072894813735 0.04359675461526379 0.07269079540598604 0.059454069273815226 -9.751201981753888E-4 
0.24044703729505557 0.3132433181447005 0.150567388038514 0.03960201560034976 0.03014799206441776 -0.0469429217122192 -0.12498289512999267 -0.09245577622507523 0.04088511282515567 0.1668243984231367 0.20177244383015638 0.15956818761918756 -7.478447706786481E-4 0.008341235829720942 -0.021698251320901935 -0.06956020167308663 -0.08555843427224596 -0.0941881926225695 -0.09878207917546418 -0.06729314884982536 -9.459390635883821E-4 0.04671487765222294 0.07036504145914979 0.09504438984412678 
-0.5918744102358522 -0.7845005056073484 -0.5167445781295066 -0.3404499428618445 -0.30483944856536577 -0.15583983795669498 -0.02898751111209935 -0.02562429873187444 -0.1512328202583692 -0.30148458542952644 -0.27924842973652386 -0.07685873321506762 -0.06115465885695448 -0.07849648984069461 -0.07510906116266215 -0.05793118434314062 -0.03538482943164604 -0.05401966669219067 -0.08728168832125711 -0.069857305725167 -0.04016786281746351 -0.03785995657315017 -0.007330777611637876 0.06674113625242072 
0.29818073942996204 0.3672265453145114 0.3234670430274591 0.37890557645018214 0.4090950270994208 0.360484496846056 0.31083999308244226 0.21469159591541329 0.07845422731994975 0.010597659758094402 -0.07147090950918744 -0.2467038029248465 -0.05976063714504883 -0.11962749336880478 -0.17066311514457796 -0.18102615072743578 -0.15940401568121043 -0.11051015168609268 -0.07293063300243295 -0.05678619070367593 -0.022636855479690188 0.020879740610203663 0.027001538424863688 -0.005393061503496055 
0.1545971255034102 0.2084978559371784 0.13887735599351392 0.004141772604505656 -0.0833190292225634 -0.04165470920256559 0.04393362085755387 0.05599823110525676 0.1017190312049935 0.19169323905197166 0.15861400950458554 0.0029125865147549 0.017281599349548166 -0.010000438280320934 -0.003225570074388432 0.009372673721491864 0.003009644666741936 0.024545409306938732 0.04647261082023244 0.03355367908220397 -0.0378287464008409 -0.07792808461185191 -0.053643434859444755 -0.01680850062605731 
0.04649318086057086 0.17562661747885144 0.3347457664107376 0.41038461004948196 0.3975998294366479 0.22749496896899415 0.057348437892479565 0.03709153096738696 -0.017680246467455113 -0.14240373564822334 -0.09816339106498938 0.13586171226476448 0.03513255678505193 0.07730800649002034 0.1620535041080384 0.2663429166979558 0.3155999231435763 0.2620724844040014 0.15352813899727435 0.054129293085906686 0.013005671596495306 0.028510559673756358 0.020847315321843845 -0.0476378806896178 
-0.5178754289998011 -0.6586992268485556 -0.5127072295979805 -0.38430748082597 -0.30812078373420515 -0.16298130193898025 -0.04165956597781534 -0.03748530350447317 0.010320655837855922 0.008800366109188149 -0.10497188438028862 -0.2177159889317012 0.0012609521194417717 0.03771581428587393 0.08159099928960704 0.07014713856505762 0.041954244201984826 0.06950035827595036 0.13855453303419016 0.1633101796047878 0.11704160345086373 0.050977668974151034 0.009072721183464258 -0.004515147902746726 
0.5290193463264119 0.5689010672373174 0.1630988234990911 -0.2258985469284474 -0.42530386507548734 -0.36506965999774077 -0.10694783049169618 0.09904548396255819 0.08513640021403263 0.016512417208217084 -0.0022199085322819057 0.006524126867234935 -0.12144737995308248 -0.10068731060850604 0.006587840406833782 0.05744923995642365 0.035269344204786 -0.031302004198655226 -0.06508358676962078 -0.04139989063791005 -0.016332445656505146 -0.04266551878922215 -0.045440130927824535 0.02039401857927332 
-0.09044881358783563 -0.10128681179967636 -0.020072170419483948 0.11184193539829745 0.20227008542754973 0.04612653045295079 -0.28958184405292875 -0.4649092842066923 -0.30081410248834156 -0.04069784429870166 0.08342410468783902 0.08112682292175985 0.10216004117881268 0.0770412009377569 -0.05832921966301017 -0.14387276585919936 -0.17869890320563617 -0.1537530926104694 -0.09889006749158162 -0.07133486939866175 -0.03204234020403281 -0.012933752843975854 -0.045929951003797743 -0.08296856933394071 
0.19712201301383558 0.1989823417799299 0.06866471560098797 -0.01003781793192271 0.03659636224141244 0.2168470653689943 0.37656033723889865 0.3750031932322267 0.18688446966515906 0.010341925923388035 -0.05604099281557959 -0.07474174939978599 0.296122588979133 0.3395180934230441 0.1618643060953885 -0.017566717244829833 -0.10608253261752033 -0.10768497092276752 -0.06000299198458083 -0.011905694659358626 -0.0022915410442001516 0.013423369944474732 0.05383653486161293 0.076927677108414 
-0.658406885879951 -0.7048634669331326 -0.29050251665989846 -0.06061954774663425 -0.0029741877757465396 0.007319613209060383 0.013256552631632085 0.03854045005667786 0.055573641724391123 0.050686870283530236 0.05972851077275346 0.07182265720363143 0.5841038339908126 0.7352662322159569 0.5278670526864242 0.3152795662154653 0.18379360920496865 0.10056257708820747 0.013078595155141351 -0.02950688255744116 0.004519959616597661 0.059139138275586055 0.06999280780712552 0.04725409252317891 
-0.07536938446492947 -0.1478648854650868 -0.1872789216668671 -0.08696765362149206 -0.004434130621278176 -0.02261128860749298 -0.07835805288023412 -0.11696229919105101 -0.08618284875973325 -0.06945004991632306 -0.1518817161595779 -0.21960682159894282 0.2707234782568467 0.03683348928097622 -0.5645998108803246 -0.7471427827761978 -0.3579299163880098 0.16966349558845537 0.390709052058073 0.24921045164240185 0.020763845847987166 -0.08323642435438232 -0.06915030113458683 -0.06822268842476815 
-1.7065146168208907 -2.133661894825039 -1.475701509844829 -0.7955318454033138 -0.3285954957560109 -0.13583202382342796 -0.10135843445878642 -0.13040589032272995 -0.17784032212568837 -0.17821927120560427 -0.07863395706153842 0.011797081451801555 -1.318365461252016 -1.3457336506040738 -0.3918996960979915 0.1276999989350692 -3.144931549228421E-4 -0.3036742573287459 -0.3715146369911093 -0.1844447315581228 0.0015050794881491757 0.02557390198723174 -0.05832149493569242 -0.07982224987016119 
-0.09099455628623465 0.8028810878829544 2.355063644834427 2.598846679225011 1.273196765395574 -0.22056760288012756 -0.7382593253901111 -0.288154991505275 0.2412999140462373 0.37450426973110224 0.2205911445053268 0.1599391037504334 -1.0634151240315146 -1.1807096479518493 -0.4973265559385019 -0.023691567017929183 0.007620132451184379 -0.1829631551884775 -0.31876209740920697 -0.28792154133737796 -0.17738600972561758 -0.1197787279036101 -0.10905890408462432 -0.10482925504512446 
3.3045020837867494 2.856964498205068 -0.38597471161657104 -1.7866267109750933 -0.6408461563194041 1.0173205423316154 1.4577510998598986 0.6774709908881582 -0.11268297814304168 -0.24801199550187764 0.048456565247378375 0.12151644413942689 -1.0176464844438555 -1.318047714797243 -0.6373799846640411 0.05260472754112914 0.32008260647490694 0.21287663773440724 0.018615614082255844 -0.11372607183444206 -0.20504208504963775 -0.1866725335389429 -0.036129960518821704 0.12616291010543054 
0.6093676373257941 0.8989508618754076 0.7598373470345097 0.47965448021818524 0.1288308023068653 -0.05029810611958213 0.09837347218804426 0.34286388421563885 0.4133965084257961 0.32478249594264397 0.11174973493983664 0.04002126219261787 0.14788331335817242 0.1295027856777473 0.29450139002250114 0.43910035475358206 0.417664354388205 0.23021552373805473 0.03972378292776605 0.019227515147016816 0.1848335730849391 0.3210906145139314 0.24766768973522735 0.0419226629234451 
0.9962437397046613 1.772446362570463 1.234051593047253 0.10625007147671162 -0.7166603336363773 -0.8595966854069224 -0.5755216754946316 -0.10473711267986074 0.35123763583344547 0.40665921630545365 0.08417662927767178 -0.3067327280855823 1.1883168286089079 0.5791203726801492 -0.2664331911284387 -0.5371555507780358 -0.16756150740328354 0.2746399554465058 0.40325537449245913 0.3372466698940972 0.27099445448423215 0.2411344224325879 0.10294272127013382 -0.10880490600609675 
0.6194846756802921 0.956631798667015 0.6615463224350115 0.3351072237383623 0.05811079088944582 0.027244439774977147 0.15920571350385582 0.04526651483768401 -0.5451611121968236 -0.9161031797143575 -0.540271956715502 0.24829570109260268 -0.5559696908157808 0.6026483972121124 0.40214316143143786 0.11015505583905945 -0.1419636529832398 -0.3121524351331648 -0.12279386878731652 0.2910458591886067 0.49774338750133174 0.2050451314566295 -0.11434491162822223 -0.053494079239087965 
-0.26550692121722275 1.0907629117688167 0.4624703740684941 -0.10288643040107437 -0.10280162840084373 0.15462940304481831 0.2175688557246156 -0.1854703341051558 -0.4463875312844281 -0.35097242497114056 0.06563924726464623 0.3437939427077247 -0.22151241241027586 0.528650366972161 0.6540189799015108 0.1690245030773764 -0.5284147192065287 -0.7630065126130722 -0.22495387806022157 0.13245332017555309 0.19481678326904314 -0.11447905952724742 -0.10203533238520267 0.17136972515930174 
2.9081520402340786 -0.5681526043601064 -0.06080152777042436 0.2537575636398999 0.2477924086388179 0.37904615505404204 0.07020981294037021 -0.4899070826375337 -0.6810210705192622 0.08846292221105262 0.4640531608310161 -0.12475983548677172 -0.6506165168239965 -0.07016181098624763 0.7042545364348096 0.13821023907915542 -0.3177779130808902 -0.15423920995888052 0.14947641968948966 0.163351434014194 -0.5565906097255969 -0.48698076557299025 0.04122963352787179 0.28409309706875724 
0.5164472946585956 0.9488874631675408 -0.3668314215545614 -0.3601486077061864 0.773743015108523 1.2535219947927612 0.14383790896777587 -0.23451027446891115 -0.1652827348124647 0.2478133439244909 -0.11187993233997928 -0.6343141352738003 -0.8129220244920905 -0.13190598517556693 0.8744930681986641 -0.13857106065790234 -0.045367569787926255 0.27558560697413076 0.7770615412082406 -0.18492409325912518 -0.44881058898936804 -0.10851210137778838 0.3188057864550263 -0.19548330606749664 
2.1803571182143724 1.2380549559263958 -1.0365663890578896 0.04910759515345209 0.5731722083774331 -0.05948422622235272 -0.2523580721861933 -0.4202678170230203 0.9840583187439855 0.2454462325567975 -0.5752012674968046 -0.11492955112290643 1.1831995200918206 0.5632480144422756 -0.23634430913963608 0.08025812150036171 0.22904110170239086 0.6179812805604504 0.00738574436026961 -0.21148848005730503 -0.3783117431982295 0.08616451760428927 0.1160407768630332 -0.0896620221594965 
2.537156613268902 0.5833770871522663 -1.6731263998837655 0.4151517358158565 -0.12938881890637255 -0.45286222723937664 -1.9523318253368243 0.334482312864963 0.06750454105205217 -0.10392777601064784 -0.37115089793652223 0.9253287187282819 1.5745550069087255 0.9985313089003892 -0.8772945203971595 -0.3005095986626198 0.045213825893427595 0.6956267493716969 -0.17897094034366132 0.12409551307313434 0.13744953982800923 0.21023037338886544 -0.456038520042507 0.07365702459582164 
-1.6518011793465366 -2.075141459679296 1.301378888813086 -0.3746669726222067 0.012235020539093089 -0.6217055756112404 1.0961374470118614 -0.13993793613255567 0.3375205211431679 0.005839929365754171 0.24556631304018803 -0.6355951960093233 1.8218031313324852 1.055858285684138 -1.0670736936243814 -0.046249708966678384 0.07491717790070303 0.16932467731997355 -0.5083145866074887 -0.23718601029228256 0.36629036536453197 0.22750396007858742 -0.1994871044801448 0.07667724763708357 
-2.2911385772871267 -0.3901082557307811 1.0960795007014292 0.7532674721695023 0.9185701313474102 -0.5522475786278854 0.006502970399732355 -0.7469617541335465 -0.2543624554960835 -0.2630746246465837 0.8458518375190455 -0.5949523866180568 0.9173148631913287 0.36590031150096625 -0.20081228874254423 0.10162274131252591 0.09227636786362388 -0.1274246966997525 -0.6895850462852474 -0.026178281742535708 0.11584040435247046 0.034991796363938545 -0.10639337250481518 0.17807240773096414 
-0.8709046805050686 -1.442777229684495 0.7800517415226569 0.018798853876664356 -0.17555880045156735 -0.517765582488019 0.2931682897679946 0.8320122473530821 0.046120720924457376 -0.3574922233609968 -0.585241321784154 0.4151792586390122 -0.6024986426554145 -0.07993376114118389 1.0140775805337274 0.05906780612218639 0.44716625600662757 -0.4132516132976966 -0.03328511775872656 -0.28641001385202774 0.07107614756559229 -0.32452030643858387 0.3302114996584024 -0.324427746321047 
-0.6052362257258181 -0.8305059623480329 -0.8100259600109183 -0.08644940137115675 -0.312321012001914 -0.12255813370172985 0.5179078921408518 -0.07295793365024875 -0.134316771896004 -0.027237088739088006 0.3634330369900943 -0.13427573178877827 -0.9664729901586506 0.1382668608159586 1.0080511866530655 0.721892760452528 0.5048751982985196 -0.31633587704464644 0.05402434675774359 -0.19232063740959218 0.040186976995833366 -0.2312468453537487 0.18161861769111357 -0.14781145804140094 
-0.6872564271609474 -1.6151413229471183 -0.787801122431923 -0.13201195421843637 -0.7138181758061275 0.4032045418187717 0.9402903394174813 0.38229019518187873 0.06426923664635126 0.8614820807277579 -0.5038587856705435 0.10734971553917833 -0.2996400072005085 -0.6463832934909681 0.5098913287963099 0.16641205591259225 -0.03081159780976857 -0.3247604392365622 0.22368353838856314 0.09188772573103605 -0.0188216622334115 -0.12060430984681413 -0.10042138390567064 0.18385770243299793 
0.5164562665167648 -0.7187267915473452 -1.1441476272804771 -1.3370054051405318 -0.3269257758708686 -0.0637250096473415 -0.4791310946982418 0.054861184180831746 -0.38399764434453054 -0.17882124062971494 0.2603047163888995 0.002396759056062958 0.19538455291212373 -0.49881405607684076 -0.5720215964592005 -0.15146490256245884 -0.25349090565687665 0.10169486659217535 0.467493514807557 0.058933717170822485 -0.11361931454646988 0.06190871045191185 -0.024944375131522107 -0.13993865428233357 
-0.5328309050248348 0.4404830653880656 -0.5825614112314934 0.14484068802357508 -0.07582162508778434 0.42709917319447355 0.12063716802185198 0.49243951124443364 0.22742614384895515 0.08011278212475906 -0.2324130097665447 -0.20473009408240211 1.2781591070401213 -0.26976226902673345 -0.4601465327696544 -0.4214263964174702 -0.44049615384156465 -0.14961918022203152 0.4258696527271076 0.2949661301210548 0.06554671594433743 0.3982407050169605 -0.194643624558715 -0.12854393430676114 
-1.2686026455302457 -0.3618759882851026 0.8034189737664683 0.22951898519521408 0.12915342960954446 -0.43959004916610683 -0.47474606658400464 -0.30483374319399364 0.12496271814210369 0.17772142920667586 0.3025432744326612 0.4415801358690127 2.5218577963554183 1.2250042245876707 -0.25376482604910433 0.016215403415956803 0.07777381663792497 -0.1499974709912042 -0.24298088309891153 0.19349385694650198 -0.10920872786542979 -0.24930095676364336 0.0841237511697663 0.08791160598809807 
-3.629204292257806 -0.9842799174980392 -0.3811448246464324 0.34900503986610115 0.37963068297836006 1.039994602244249 -0.3395111328209601 -0.3227607314938731 -0.38685109242997817 -0.5115113692413191 0.05895280898372067 0.2733898300529869 -0.6846263566613455 -0.39786173763575183 0.11564199769861143 0.054502881708622254 -0.01705479055193689 0.17475523465137566 -0.12448389173261117 0.13420833129384377 0.1498271100560566 0.09494227339898269 -0.028217261831363787 0.06567213893413232 
-5.500930428933004 -3.681357973867305 -0.48356144242569465 -1.4877337913096653 -0.7879733798177156 0.07981968880138335 0.47988570501989886 -0.11802026528952084 0.25076715739122546 0.8648937053442542 -0.13774944649553206 -0.5003980209759258 -3.814909266889685 -1.9058772086586984 -0.006844823714861244 -0.2223330941573987 0.09879612113921347 0.2682512665608485 0.02640137120617451 -0.22635705072167314 -0.06790903182493109 0.1972057927326729 0.11003170995345551 0.17295905103656325 
3.637212056660581 3.293809271086422 -0.2859971962312462 0.839958431150148 0.4339061512816564 -0.35687139974339854 0.01677295741773377 -0.003592221589334116 -0.2849574059437755 -0.5483001761409781 0.0723851361916433 0.06924256753767016 -4.3490023861442 -1.9311018067552237 -0.6960932743319169 -0.31305107501109214 0.19081269148547453 0.7593310428261238 0.3677856694149179 -0.31255508920201064 -0.2341674854054255 0.07880785625486637 0.01903172474517173 -0.11148571824382496 
6.542916980679616 3.216711043398762 0.776379630703459 0.6510415720253868 -0.1943726679597441 -0.5459108478548287 -0.7320922253218751 0.21465315401875634 0.27774297037379564 -0.39550154554151334 -0.034268019031666624 0.02477661401698128 -2.9038649507670833 -0.9755037218921087 -0.3892996700074493 -0.3674164969653928 -0.0674295077987536 0.23352607856939647 0.5251796501274965 -0.2586404392558573 0.13069506988139182 0.12181942703690722 -0.04445350739312378 -0.2737031922824719 
3.395879161368482 1.3599909941345985 1.0771644617847416 0.2187705832318514 -0.48960774740704927 -0.9251332579060167 -0.8368791758948269 0.4485678264580202 0.30216345729501315 -0.11773731256303449 -0.049883078983727236 0.3452596672880082 1.5055044627497522 1.1538562771593464 0.3911517634882522 0.4262817222692899 0.12687957632790678 -0.08303667377228592 -0.04145167803279041 0.11990667007523452 0.01818393397960716 -0.3047209116827845 -0.07105725263817034 0.0019150011051498512 
3.331330871014295 0.21206233028493315 0.0027567385886593243 -0.07489037645433849 -0.12392790707710205 -0.336627617825497 -0.6688271787063105 0.4318210284543739 -0.43487848387234435 0.28415399244456074 0.05674518327152456 0.182703005996321 2.691585275772386 0.6707669556313839 0.8767216564666187 0.25762331046751175 -0.15495548832182324 -0.25319736764104744 -0.5191474568965576 0.3626673191074128 0.11941282291448037 -0.2020291032666824 -0.1337113711553474 0.11450149036608503 
0.7264917232439849 1.3345647961652976 -1.0726410406386029 -0.07592076141785897 0.01804504185661504 -0.2124029934412066 0.10949546820832268 -0.4718961690328465 0.016801519240473003 0.026034789914338302 0.2400502929545587 -0.01546563176744925 1.6686801079292894 0.20489842395273192 0.5707310462780215 0.08922060137988719 -0.13716934210368828 -0.3918148039597042 -0.5417298370192568 0.37286843151758325 0.0032239689461385965 -0.11744030312030192 -0.04988560394844712 0.19338927384390917 
-0.19714512757529334 1.2171232754892607 -0.7788825874847252 0.02551731294770676 0.016667402373893414 -0.14268387716409148 0.35216282331622306 -0.41311680555804875 0.062185470657624586 0.13869971301984751 0.2218994084652326 -0.1383652075535451 0.8452561424894031 0.25616862195456047 0.0989723896839891 0.039550008853406066 0.023295708366853074 -0.25250981270526895 -0.31229288029330055 0.08703335397198876 -0.23467541583114557 0.0822977604555949 0.0672588624565957 0.0349258010132751 
0.15407683687540796 0.24276524967423896 -0.24420901401263073 -0.0990950656088328 -0.14839737582148216 0.15333928364239302 0.2778153341516769 -0.24756855108851816 0.04395957319161292 0.3073107365102279 0.0171966202647601 -0.07437404746878623 -0.7301374224312435 0.7025213735364148 -0.14707821379217875 0.10663073252262674 -0.016000354832990227 -0.15225565228117555 0.035250500145558916 -0.22256309890350745 -0.17278625434197295 0.09548072182895002 0.14785263810408178 -0.09356595234869286 
1.081769886730374 -0.010543762333218964 -0.708376443776294 -0.18195325091906978 -0.11059382333861267 0.23803068174851005 0.18389152920191398 0.05855715756624347 0.2555687366455224 -0.10337726222016876 -0.03360456775336321 0.10737981080716419 -1.1719675602599295 0.033682600194151334 0.05276579886789223 0.11652928467880182 -0.03595123073941009 -0.3689356920972405 0.1001789933969352 -0.0940030920449979 -0.31752738256102314 0.241183709820839 0.3479150401279185 -0.07178280489218701 
2.2774464833848818 -0.15916580553270698 -0.6666594711162821 -0.29207767705235094 0.12967671921183876 0.05400668394601926 0.08787961482880047 -0.04004385388447029 0.438468649272443 -0.13936888795250368 -0.07575563324838874 0.1423597160982747 1.3093821586746868 0.08796716343053419 -0.3299187266702008 0.270677479508151 0.1028732197027984 -0.19082306534120505 -0.06542527121242309 -0.03711429685356005 0.05898025714583022 -0.0371536910903739 -0.0514318448853632 -0.021128461395958493 
2.2570727299497584 1.3170410025102797 -0.7259547555365762 -0.22757923536693958 -0.014515952924536779 1.013789498975817 0.14659370278685568 -0.23486987802507897 0.8175130803002788 -0.3615116042113037 -0.7753695851619484 -0.031383674660514504 2.7095647780994425 0.45292801091994733 -0.8683291908473176 9.07670963639908E-4 0.004229070451805224 0.24509467517262862 0.18568736163075505 -0.16227089471681055 0.37718265593264605 0.05607848899873091 0.05039909794460718 0.14023440956290564 
-4.361721060758344 -0.684928623039113 0.7543363218781126 -0.888314511909351 -0.5050559701369153 0.3379290710523547 0.4927400609964754 0.010487857267823197 -0.41395337007325594 0.5478389807769171 0.5423746636251423 0.0583930794529286 2.422692357385585 0.7732941681623743 -0.807557662108961 -0.49239137419211 -0.14090166323882858 0.37601930236867 0.4242393228002963 0.09197208757704244 0.4314694257795604 -0.16440489521826718 -0.13793303928816322 0.05558103176502641 
-3.72734067549634 -1.106446386339858 1.1861132322684613 0.11344215361851051 0.19408530998034867 -0.6392145373225435 -0.5756007787741886 0.5201039861405283 -0.44976822147956613 -0.6152166635810719 -0.4938670100239503 -0.2713400995588797 0.8282398745162737 0.9563883134652245 -0.15320079529800626 -0.4542974811520013 -0.25756655953385704 0.40657546481327006 0.3211226349645816 0.06711168060292828 0.223945125488347 -0.00306763582144165 -0.3410741569076978 -0.13047787013985032 
-1.9984238860488244 -1.2673046155947612 0.7999795213080818 1.014585751031254 0.4480810774758818 -0.24754920501081035 -0.8237411127915664 -0.6934470486984012 -0.2222989771763156 0.48069832738718193 0.19729219704710188 0.09559483325237805 -0.8018281385379025 0.3671983335925722 0.38885413016934245 -0.2633407180814358 0.08541807231879117 0.07219899760185045 -0.1875999709472597 0.033435692267026584 -0.14356450960875647 -0.15467413630440152 0.15000120176878778 0.04842754771617475 
-1.4092954809538227 -1.2609359416075696 -0.289173969357542 0.18386307661876178 0.2816152018706358 0.08680224256758917 -0.15853361521286824 -0.08423746685075162 0.04985050738676762 -0.31873837005211114 0.4203941188501652 0.3414490588593117 -1.6591158434608417 -0.2502332555351465 0.275405117961319 0.27258000890763745 -0.15552948116888954 -0.6568268155318967 -0.6198628178680055 -0.13825460748395205 0.04758886783737613 0.015835058368952493 -0.1418088495584891 -0.018387254355174427 
-3.1152592424158954 -1.7092788461829738 0.325417532183087 -0.1335028191651692 -0.8050751330384323 -0.24167631169826298 0.8470063920575942 0.21235150696238342 -0.23306920568015335 0.8636222429256413 -0.3647595061182788 -0.3932841429046914 -0.5744601515834091 -0.1066531577239876 0.5280423439211497 0.6546226236747177 0.38851922072504363 0.027141446281883936 -0.3537438482146531 -0.3718486817087428 -0.2413291301122181 0.030843871994077326 0.09540383697252734 0.12525927956564878 
1.8084245330697208 -0.13475950444031204 0.5971788729470018 -0.13025358800619025 1.2872518587441744 1.3283294626168731 0.44861392240524745 0.4819685307619922 -0.5871497107397756 -0.854183796457159 0.21258539023420736 0.028261151585178265 -0.6784892381054665 -0.37960549123793363 0.10355409465702907 -0.15729667751126405 -0.023871941978357403 0.19692869030745286 0.21702233173798713 0.06726054023491634 -0.19377319193730358 -0.08290343461643868 0.1045328754877911 0.12120242667176508 
-1.8839034383103688 -1.510433361006427 -1.2273239316076392 -0.7922237876804232 -1.2202949131360186 -0.9497371538811041 -0.06608333695666496 0.13899599762145531 0.8201885222236103 0.6558894246074739 0.01498505043749877 -0.1235890518075016 -0.6316070556860879 -0.4917890850827606 0.29474789646537225 -0.21083426432149474 -0.15592140572006952 0.014482030392300652 0.17385518192185487 0.19399501607758785 0.014571593908436977 0.27021019689957637 -0.11719161320426119 -0.16049675804050614 
0.010494331309813365 -0.22154221048204192 0.17653447856673393 0.9851135934101809 0.5608409178545012 -0.14995340726334883 -0.35305574591970007 -0.24934133288503657 0.10454121924679655 0.03383834295628854 -0.08307678589109685 -0.15700576670457841 0.5558047313948201 -0.1574415509025107 -0.16437908169275298 -0.07349862576007304 0.2992746422239008 0.19072535274243485 -0.10293004056411177 0.012248259841464696 -0.03745168587001676 -0.2048384238800122 0.04096860085334271 -0.15044752387835345 
-0.32147297447767786 -0.1905202379138271 -0.34850396002289585 -0.058683616908870584 0.02589455456661291 0.45401903206494604 0.7262756804545034 -0.00397860944686565 -0.6226294523987503 -0.3910194174798116 0.13464642155715686 0.18083959036170538 -0.4241960779405363 -0.2874743808642272 -0.22617437051493774 0.007241003596510587 -0.20626062401918563 -0.24827601730959106 0.011176440192831991 -0.11238807192864947 0.295425421794593 0.46045114985895735 0.20141153558687977 -0.03566156706415547 
-0.6402048930310849 -0.32239141327907994 0.6509061322328892 -0.27652779611174744 -0.23366680177884377 0.054275311416543515 0.3612245353919986 0.5167110547717586 0.24661433418145495 0.2837858962265203 0.02984890211435018 0.32738940213563517 0.5216253592108603 -0.0013190283170962935 -0.3022316319253598 0.11583086189973235 0.09351894859892318 0.1407727622712286 0.1751515419216115 0.1466053132316519 -0.031683333121110734 -0.279599927986317 -0.0560147134105148 0.03773534521158059 
-0.28596559231831065 -0.5975856170152265 -0.7859866468959036 -0.1831261037089908 -0.20425918126178927 -0.3070234612922771 -0.4567527981910103 0.09313401957900613 -0.13712430062749803 -0.8504378016045139 -0.6457124003258641 -0.258801935035142 -0.18331052048818397 -0.3391060451058447 -0.15580917860792162 0.03529327684035689 -0.026365849719988052 0.024342326319867602 0.14733076547195925 0.06580357858306408 -0.026732879599020782 -0.06719062504282274 -0.01500462121118811 0.19191131442143736 
