0.0 0.0 0.0 0.0 0.0 0.0 0.0 0.0 0.0 0.0 0.0 0.0 0.0 0.0 0.0 0.0 0.0 0.0 0.0 0.0 0.0 0.0 0.0 0.0 
0.0 0.0 0.0 0.0 0.0 0.0 0.0 0.0 0.0 0.0 0.0 0.0 -0.00948228653404648 -0.012506869554894532 -0.009965830310127988 -0.006730622343436021 -0.0038282513870824633 -9.280081893573618E-4 0.001182126566446599 0.00179216768857271 0.0030525720854898872 0.003675896225371659 0.0024785216065190963 0.002043729994942891 
0.0 0.0 0.0 0.0 0.0 0.0 0.0 0.0 0.0 0.0 0.0 0.0 0.01865899423519668 0.026796235774419946 0.02473694670405337 0.017108087086077566 0.009735932253151539 0.007208920739190411 0.0052384299968420795 1.2550352713737908E-4 -0.0055467941164201355 -0.005708457923482781 -0.0023681845732084713 -0.0036332565570370984 
0.02844685960213944 0.0375206086646836 0.029897490930383963 0.020191867030308064 0.01148475416124739 0.0027840245680720854 -0.0035463796993397967 -0.00537650306571813 -0.009157716256469661 -0.011027688676114977 -0.007435564819557289 -0.006131189984828672 -0.011979697536609693 -0.015236012406868607 -0.012141619379973776 -0.009101332320193731 -0.006864703213127886 -0.005659969060410673 -0.0028665446528619485 0.0011764781898026728 0.00438171043565555 0.006169662551657185 0.005821033994885955 0.004271822782505495 
-0.07020041250665976 -0.09914901165560164 -0.0891595855773521 -0.06142019477338673 -0.034950173840078314 -0.023018774501607275 -0.01394210014085634 0.002311740951446928 0.021219240477495238 0.022639218108505832 0.010822336129404059 0.013965364663525631 0.01352006840813195 0.013749566266540164 0.005661270417376463 0.0063183904394279 0.009249848171081551 0.003734461925947031 -0.0025757467336714654 -3.997037811550956E-4 7.988234023138437E-4 -0.004967620852932582 -0.0083546830605217 -0.00383474433527801 
0.07103929886315896 0.09528254304840664 0.08100465092859738 0.05801409434727456 0.03806919655942281 0.028489294432035656 0.015570684029014015 -0.004685305045131483 -0.02375475154571427 -0.02982859670922447 -0.022874270049359893 -0.0197981506792793 0.04968862648641122 0.06304077719312899 0.05285737556105486 0.04657366483783784 0.03922621189577983 0.026787849919317902 0.014284147474648942 0.008619494858059873 0.0026465133275908326 -0.004872209674647299 -0.009396556721524065 -0.007723606165797664 
-0.06185642485490561 -0.07012966599148202 -0.042537391251236095 -0.037866284976766945 -0.04104176571233237 -0.02405602070982288 -0.0018312916631625098 8.53512333171963E-4 0.004902047437680773 0.024303316575352493 0.0327834017964664 0.018337713353059344 0.8716986096180165 0.4002866611758682 -0.00998664213314751 -0.41821128021295756 -0.4679637553819726 -0.13640953971205694 -0.16927273244220378 0.2405110574683628 0.003092373150167154 -5.890527650874734E-4 0.04966933080759576 0.013669053924072715 
-0.1247910136829713 -0.1661113957467632 -0.1519857329158386 -0.13130608238151537 -0.10314808558996508 -0.07706090208577382 -0.05245422636213354 -0.03050587333076027 -0.008938659719334927 0.002756891114403588 0.009773572511483735 0.014853454167797462 1.5185260582933922 0.7196849363904109 0.035643963647838804 0.15383509120770092 0.2040900513575333 0.09983564708617876 -0.1344113907370576 -0.006253878818005362 -0.1144779103723303 -0.04043670121189593 -0.05398707910085974 0.042718000031962355 
-2.587381085087644 -1.1693120257856213 0.05729553274430843 1.2878737342298807 1.4395497333805332 0.4389849428934683 0.5278885523813287 -0.706311147310827 0.0045340751138041036 0.008113632491954223 -0.15450957757380504 -0.04436759953223089 -1.3710933613991247 -0.9225658195351149 -0.39668942279402364 0.2281061030237219 0.4925807758919018 -0.03377205886636791 0.15045843454682759 -0.30494228855436883 0.004784941260591047 0.06569331969525603 -0.07042367173072107 -0.04360631253964414 
-3.2217765459006484 -1.514181086225756 -0.0758437020126913 -1.066361188879152 -1.3144967070596099 -0.5025381286281462 0.1539449342179412 0.3676586612308841 0.31986296573321493 0.09957634896816245 0.232733456938355 -0.11659949433252123 -3.444502109154072 -1.6047554444941243 0.2573220570836123 0.316073616077076 0.24940191535782566 0.17742331713806755 0.3557561662966418 -0.3739246701629592 0.0770011026786284 0.01646965354498454 0.0050235837754807645 0.022051828464157194 
5.5999164254513065 3.371602637853359 1.1094598616792612 -0.2546570407991142 -0.9131097826532151 0.289998769160467 -0.5564061755936827 0.7165981107154564 -0.1738535890703673 -0.22118637143729503 0.132574474775194 0.21488312522215114 -3.673270621218945 -1.1916839208376582 0.10059929335125074 0.5485280598060455 0.2216763409846609 -0.07874448713423433 0.4817574645095224 -0.4713123653900963 0.13695817720640122 0.01681584945875733 0.07931391534443658 -0.0840660742240469 
6.115066558509769 2.3776976059161194 -1.450034068634152 -0.3082615430982458 0.324975926353432 -0.5348377666334758 -0.5775753612645533 0.3798135081449754 -0.15074813566313444 0.0679979324440746 -0.14883920498945807 -0.18092739360186513 -1.1394252509076628 -0.16744388387548556 0.13245446469876987 -0.15369072153967644 -0.47200050421074624 -0.2569564541313782 0.10683918985235037 -0.03908789369299914 0.16925065169604084 -0.04885690541963288 0.093089390534056 -0.07183765813722383 
3.7640092263639833 0.4598003906564152 0.4425928360012865 -0.7367602680787086 -0.045215606279970455 0.6913682232988361 -0.551623693405991 0.7015485254024161 -0.1710349058072248 -0.026544707622273844 -0.20166499264320825 0.23999457277458175 2.4653165756477065 0.9162766602746074 0.04843741100233804 0.16993726391913078 0.0184020182765167 0.1792702704040848 -0.24606773681313357 0.279817712696851 0.006815911334776686 -0.18017415705046927 -0.031418930150246265 -0.031467550679115365 
1.1144528063660015 0.44405168899917236 -0.13977358327001355 -0.36423741062032544 -0.33244228261399345 0.06764650669680394 -0.16896387643295574 0.4924471349664017 -0.18929833098647886 0.1488262333195505 0.12058501904538811 0.08635775630293496 3.602725631411763 0.6390837858210823 -0.7991651642062473 -0.6107967654265992 -0.07508202654950391 0.08795344974469248 -0.4153988180985723 0.5102388586689323 -0.20826658077021523 0.04719134807697329 -0.058890143269548 0.003341050988959371 
0.7042735745800712 1.58959561548801 0.3090173859901779 -0.7364808987954667 -0.6396067329990525 -0.5490541787169272 -0.02250870757008072 -0.17917184078580983 -0.17502622541302515 0.2789219492763748 0.09211915320850969 0.17564320230709718 2.5154892078478754 0.23515672800584633 -0.4084197797790164 -0.8827355887905339 -0.3871596282869742 0.151948734023057 -0.4034522962601235 0.6104395379742789 -0.08400701062567249 0.1376153319163411 2.712033539628382E-4 0.15697770882962916 
-3.1632425098335633 -0.10445136396292476 1.0142491489901442 1.5239890685399309 0.8474175693614847 -0.17848691485967164 0.4040636001132083 -0.7105428847677087 0.4760472664504114 -0.2263094402361696 -0.11906084810667303 -0.15877486133500096 0.6747922416879787 -9.3633210622072E-4 -0.3625428727439546 -0.33208216815253455 -0.15459837343303756 -0.11541760207908358 -0.32507042938589864 0.18013728732615777 -0.11810331083060506 0.1421226038895733 0.03374469141332967 0.056493664914174624 
-1.6436107390798607 0.028581733119924735 1.0908408092082569 0.967333258712765 0.5263333525932129 0.3585887320079028 0.3722194571012975 -0.5282750786533654 -0.25168667264865247 -0.2518228665934371 -0.08265566912906619 -0.10837224489533784 0.6857792243989705 0.36453312344046446 -0.1560257380502327 -0.410831540378896 -0.44322895636810394 -0.005706429996503763 0.2901003442749168 -0.011045890085065957 -0.032366320914044476 0.12085075288218854 0.020943934635519273 0.09181352469045582 
0.26401823813203107 1.2273676265018771 0.5569433233528107 -0.21989798491683765 -0.45161720511101344 -0.03992214242836034 0.6088833293890511 0.12658689192170614 0.20334182512315002 -0.012169170414263408 0.10673835597418704 0.058884485161628614 0.07502280955046221 0.4704300587629362 0.5965475237992282 0.48807814812083916 0.21782127429119616 -0.34229356575695785 -0.16852085933042046 -0.23288286722391652 -0.014286251279969816 -0.2579609814119548 -0.03445908085963548 0.045252836071937697 
-3.0666944725996372 -0.16991325006578428 1.0057475129595428 1.3679572490696055 1.3395975233415083 -0.6012172749430716 -0.9952196050327526 -0.5645990588753194 0.05842545799273896 -0.1907004442811439 -0.08361225273847817 -0.20862704501258506 -2.438594628050972 0.6739544955957283 1.000144231964857 1.0738161491456826 1.2290402522623904 0.5022516811424871 0.17493769791359 -0.04755955263234183 0.2836774196334344 -0.024874230309208146 6.97262333276813E-4 -0.13074240312508476 
-2.6767690717250616 -1.4164940486588788 -0.7328467742831832 -0.14055737100100685 -0.21267833888625143 1.328296785886689 1.5933457091714947 0.006267707015017887 0.3638499549696252 0.5170122928435481 -0.01520531372306061 -0.2444059694921904 -0.7640118887513464 0.8119187572293756 0.6897643191190728 0.2421379487850308 0.4036230820123618 0.07251842767040756 0.19100586261277883 0.10584908547038581 0.09458349212889543 0.0802233561039646 0.05179019739273812 -0.04361117963727972 
7.142566800001601 -0.6713509160868822 -1.2646968378683177 -2.293785495682198 -3.2802568373063394 -1.832275775577083 -0.6448248265306943 -0.3254368283029958 -1.1829729964721931 -0.4417909072947184 -0.023775621280272802 0.4355001918068259 0.7795537742899596 1.332481343344007 1.128228676392286 0.5844665407896384 -0.0015251541236106874 -0.5437762459905976 -0.2605998374494028 -0.21676975437677978 -0.05933449785040989 -0.05741205535694471 -0.14950018122796316 -0.15570414497671017 
-2.548576731914549 -0.9576698121757008 -0.3771274585904776 0.8845595411039717 0.6474407291758251 0.3580518248774227 -0.13933164770031453 -0.3105414797756131 0.5402905759689298 -0.12729400721937 -0.07855055193312999 -0.13234559433623772 0.7658795066788434 0.059653510352750384 0.07024741629866386 -0.4163599049050643 -1.6131697811857961 0.4498662289234094 0.6335813788820042 -0.525491125911821 -0.24966504421216476 0.006604723432916515 0.16753123164179415 -0.08884307937039741 
-5.469451965374772 -4.396769398339394 -2.556798174063668 -0.8980008293517993 0.914113451681302 1.5152339435333546 0.6529185857513604 0.2441147976503355 0.1482086410443163 0.3036888718211493 0.396560910050446 0.20245520233956915 1.2667342080510209 -1.4821409642722514 -0.9656392099487824 -0.784796449605826 -1.3475817895461037 -0.36384887523775583 0.0625613191871102 -0.4948746062635518 -0.3456496222898761 0.007614965989168869 0.06900654538210502 0.044627178047156046 
1.3316017909265954 0.267254661409126 -0.2975383550814996 0.4106300105489866 2.5296458601773173 -1.6950567604387579 -0.9562701336155452 1.297965271773815 0.4472542688478648 0.12445823298686476 -0.7279672743138025 0.13864576335263024 -2.7682502812988434 -2.020543678335062 -1.267659482127881 -0.12573728976186213 0.8102395207246932 0.15231830517767517 0.16779921500724745 0.007241800089844282 0.3200283586132752 0.08072955028791991 -0.07596264621827921 0.01366784678665936 
1.4022749144279665 3.1626097399374586 1.5924262402235407 0.2975686184127724 -0.17861403416877408 0.28582514279427484 -0.42403954113440956 0.3549336147129454 -0.09950597604203226 -0.5905119253653424 0.0939131037637484 0.1661229788209238 -3.0724178497977515 -1.7992440934157787 -1.093744165218302 -0.6127351384927991 1.2532534341339197 0.18680219877007975 0.09943696928525352 0.27339081703818546 0.27152249296304926 0.13625465385835892 -0.14626300769765377 0.14439336384626797 
2.320310672080611 1.3242716536910581 1.3512387806495614 0.6639866865072723 -1.236914090073216 0.5158013097139371 -0.10425022927917182 -0.38767628857645087 -0.29593719132772156 0.07761774051011605 0.30066128986505647 -0.15518302293689312 -0.5917948697899181 0.5765701087971723 -0.0064824081723227804 0.08002987938702107 1.199825734091193 -0.48920476773629984 -0.41178067826770165 0.4856272742505368 0.2529946484739733 -0.05926359928699302 -0.35585241162953624 0.135114305307355 
3.2534471434414733 0.4724543857669756 -0.09995424627429284 0.8135262481474554 -0.9623668755951904 -0.15060168785323214 -0.07140227427258683 0.26676312671091207 -0.2947631077570383 -0.08165484351555308 0.3210356510539778 -0.08381049605447305 -0.11348163828127895 1.3914576221850854 0.585425602083304 0.25562513751281973 0.058645297197336056 0.12894151803360596 -0.20608139415464907 0.10796397266951996 0.03612615367129849 -0.21869219169070844 -0.03782799364508745 0.09595588306344638 
2.1814002857895964 -0.11737798789714926 0.5680991126843855 -0.08743844247941812 -0.677954921383054 -0.00922904190610474 0.10275326775664828 -0.11483130697677879 -0.21410111071655202 0.04782048992294918 0.22602868692969147 -0.14173041513173631 0.4941690025053737 0.7431085925978539 0.37363807094345763 0.3782277199319896 -0.5581259341365241 0.2106470662633353 -0.12188330510309586 -0.06174651078749823 -0.08721854899981862 -0.07044406428878286 0.18332630696948524 -0.019499338891588863 
1.8121750224173105 -0.29093830582369407 0.22771926795621678 -0.09359422963234154 -0.6340295101058633 0.16151576450347793 0.09070289281162758 -0.10538079409545054 -0.2488024773615125 0.08046327500036637 0.24471338616669325 -0.12847097427199372 1.0762051901918828 0.1557913067416418 0.03566135895848769 0.22521035559325306 -0.4463518860950619 -0.035232583367277005 -0.0730973271205561 0.16692372666696134 -0.12753187939383392 -0.13790314879636353 0.20467383443974577 0.022461483020003798 
1.5584397250765711 -0.5233577783071688 0.06648781070393373 -0.017136234398797967 0.2732950295916927 -0.2721986152544238 0.18034710248800856 -0.01636479581077488 -0.05726185952602858 0.2078908741185049 -0.21115649859975694 -0.0743547671533662 0.6603256001192896 0.06933665793305484 0.1957528316386612 -0.07843020555005253 -0.39555333390641384 0.09493367296413273 0.014344147582232273 0.06932977463591694 -0.11165533053336263 -0.05936693066941257 0.1674496993215048 -0.03420287675148769 
0.3363118532223375 0.20807036074705998 0.04386732784046998 0.10274407732738622 -0.0989361927973782 0.08658084892275841 0.1090927897234013 -0.28324130887297394 0.009412904829201763 0.2520194107757596 -0.07439325950053532 -0.18488276910366952 0.6680298292033792 -0.16714898082926588 0.1730280934406244 -0.21362636804000731 -0.07904651336378891 0.04763303287366886 0.04923772813863251 0.004841445584248501 -0.08077194800165406 -7.214619663428687E-4 0.06030832604300455 0.032535480874406386 
0.938355070029214 -0.5748922949816908 0.07276658782627532 0.0496830206908756 0.2411584216819449 -0.25656260300814315 0.0505258765540646 -0.2338903734957679 -0.008242810211821272 0.14014321404349028 -0.11676708820120862 -0.010915887461435347 0.7873037818626466 -0.4234780403713548 0.1807835856732413 -0.06386295863085967 0.07966666996336051 -0.04226857858875214 0.11497744754751671 -0.06045084142598715 0.0418286015767495 0.08819682791050143 -0.13101371389399288 -0.01249628836328819 
0.11812786233085149 0.2362758950013646 -0.29450440092682717 0.5138752469428436 -0.38082166605962264 0.01079865975933103 0.007900321362702023 -0.011142342005699524 -0.030996158013653963 0.11650149093690229 0.016593702838405444 -0.2577968567411783 0.3208838265999698 -0.1846318535228253 -0.023619285614107977 0.19185020426069854 0.033059869966213906 0.007055740308963276 0.009382727889263717 -0.09349806031318163 -0.007904615752975186 0.15271586789915367 -0.1262051284973331 -0.10023579798112096 
-0.6943796250656256 0.7329735756797433 -0.3066770819321416 -0.03111294331394765 0.17523775633273342 -0.10750178490645368 -0.11398900597419193 0.02893824503354936 -0.16254313283484922 0.011059350306429294 0.13639116191275136 -4.088582447472344E-4 0.2199205179041813 -0.17533022674840026 0.0033088075192425994 0.24934294652006797 -0.016367514034188197 -0.050722767696564364 0.04117274394391557 -0.09889807002910793 -0.07480815926099642 0.1388040442032644 -0.0928525748150234 -0.1072555131671215 
0.190027720969848 0.10803298598481881 0.3044470195620024 -0.4324085534522978 -0.16515547002141417 -0.009116781054976153 0.16320204731973842 -0.1341614371980877 0.1102769133996413 -0.14158626105317085 0.17764300093448393 0.1105711102313493 -0.392814569108765 0.21939012199118726 0.14649520744058697 0.2563370754371319 -0.09882977121148954 -0.11144483171147457 0.18838542559538776 -0.12554168265768106 -0.14211328866082332 0.16938924024436172 0.03264779268341248 -0.17417249517005376 
0.24264358699717192 0.015219839771782873 -0.23663554497586725 -0.2252039186717577 0.18242786576540526 -0.09443657951129647 -0.1506432182562003 0.12431338418774995 0.14554513186452034 -0.14722504257126634 0.08126598719582234 0.12666666855366532 -0.4793883662301142 0.2838092548308788 0.1492468891846054 0.05583070450523068 -0.05538797287116326 -0.03135830284118305 0.12964131116575364 -0.1972882925889657 -0.09568250977448574 0.10771098727250816 0.14643025910840118 -0.09916987079481239 
0.8280599636257477 -0.06301760301821702 -0.7690107917267253 -0.15809049168964717 -0.08792740714148994 0.33860055219617613 -0.5389288492824571 0.31779513639024337 0.24129957561913118 -0.31252403335733503 -0.0537870878533675 0.2011828653697768 -0.238056219339794 0.16359713973918044 0.2696795528301921 -0.08632005650116885 -0.12505600294422328 0.04820535691873634 0.05413577084844038 -0.11103184585926673 -0.03283994261012083 0.002419874418676619 0.21945833537359846 -0.1336653383292952 
0.42476935229676727 -0.032928894311375245 -0.21768884384159404 -0.335764087710965 0.3027876435062611 -0.18728554300848066 -0.15184749117035512 0.39482483600628093 0.05899306537886306 -0.2266047253590131 -0.18718457101852648 0.25179487657047617 0.18258028509185684 -0.22475816953104566 -0.22157364270869287 0.2512853516285292 -0.040199071473518165 -0.025867167953142495 -0.16157405181448384 0.19335701415855625 -0.012958606341293385 -0.200677653671237 0.0381636453735354 0.08836285988675308 
0.8131334963394323 -0.35868406619114346 -0.5140649894957106 -0.1181682994291876 0.1498326499408278 -0.10730837006259308 0.0013968712314946785 0.063678374470447 0.25207277447283244 -0.10915604291532732 -0.34650672607913696 0.4490030212108294 0.7495974629649288 -0.7209595499002258 -0.18080320382668305 0.23953210805147382 -0.08451786257325151 -0.013905902015526586 -0.05528639337045963 0.1517836927671764 0.06971735580133016 -0.2397702562115526 -0.13888001971433014 0.24172165702143844 
-0.29763403463524085 0.8373275799513831 0.30061248203470403 -0.9990210696875752 0.18414505164480088 0.20611938547751563 0.06391607693027535 -0.3286992773280206 0.17903435146154983 0.3531239232214407 0.11313487018810087 -0.2623319890271202 0.5775430157933377 -0.49582021107035007 -0.1664137122308976 -0.30407267108621344 0.09080861089272751 -0.2705484968955593 0.18099975138590887 0.006984893360041451 0.1177853797566037 0.06080297960998815 -0.24701001336130124 0.14840571163314423 
-1.0595307318030347 1.6647328095510812 -0.4857518431848251 -0.5450583248557636 0.22494747650899471 0.18361579399975775 -0.48095145322139343 0.22420611475586494 -0.027873134826202683 0.11692241098709588 0.2126932506863093 -0.26691867289574034 1.3799844086562338 -0.6168043595621944 -0.315243228251228 -0.2603530995835501 -0.045275308534898695 -0.021778683338551857 -0.04734071924431641 -0.007913669679059118 -0.03596437255701892 0.15401138305215345 -0.08674942968723957 0.05615661067549168 
-0.3715275810120122 0.4428233010285627 0.267395719695656 0.7898989382609632 -0.007195602456004924 0.47889786564702197 -0.4536725831016377 0.2936062857834476 -0.15439011924143053 -0.5220528911401892 0.2742454806826541 0.16453858872432836 1.1830876871642497 1.1759677541072215 -0.19723388314277437 -0.6875821704165398 -0.16795874048039341 0.18537730771361038 -0.4896461317672452 -0.0015185430596517484 0.1438805944769008 0.08265279011023974 0.22374633883140882 -0.12900990693975686 
-3.2898729564408837 1.6889811519568498 0.4482730764274976 -0.2315690046528066 0.3813289025959268 -0.1783615601316907 0.40221335898040045 -0.22373339804810977 0.5266781274953793 -0.13360178489097274 -0.16681374226469486 0.06709790030863011 0.5438251831102394 1.6081974064435922 -0.30513483215658876 -0.35232061632220074 0.0017764239524846737 0.2821108506102319 -0.4175149734932792 0.2603536109368319 0.23365194878082818 -0.11707681242203638 0.1309118176562842 -0.03833622918555448 
-2.731725983809066 -2.702699853573166 0.42530167165686583 0.9069807814605657 0.6098305600425151 -0.16902386059759134 1.091272066131114 -0.10017389174707803 -0.5298830631299436 0.2304276508297558 -0.36835064983062354 -0.04231055481003487 -0.3437835082884331 0.779704254925182 -0.11428615774486306 0.0723787560450468 -0.04533781746256105 0.1683190424316512 0.09897385362659676 0.37087947000055843 0.19701580469970933 0.0023711841854727003 0.18005990401699645 0.15569187885390803 
-1.510907079735226 -1.5870978324788316 0.35069967730433627 0.4533626025110373 -0.08889487659771933 -0.3387558947086313 -8.78857357931695E-4 -0.3599646292893679 -0.5410825092244307 0.09191257726823254 0.14125586297409548 -0.048485413571895286 -1.441288135548677 0.4067225340431168 0.4500903735187945 0.047111108155823166 0.5075656868082774 -0.2440134938706192 0.1514376090510457 0.024015110960987518 -0.027233821663858643 0.14202681309901735 0.016275735381583806 -0.051253217177405545 
-0.22965999449954166 -0.25824997152914264 0.6590408924918258 0.2302968665439009 0.3639297395285013 0.054137905640538664 -0.5490480358122619 -0.7509165085975986 -0.2115572149806535 -0.6419236247762099 -0.4199690339877305 -0.24474539089713304 -0.8096847263668279 -0.7629896825686525 0.5391786209661383 0.6971188828804141 0.46933482128936016 0.3603175054494367 0.39302120805159296 -0.21368670874591897 -0.4253558170497896 -0.1531944040206306 -0.25082531161490645 -0.07866868144822976 
-0.21704154444961476 -0.7534113911945122 -1.018867654546366 -0.03456037166194373 -1.0184177475718985 0.44209803836110195 0.7680605827989513 0.029592577494187977 0.4492166684123102 -0.12350658638504203 -0.1898317563308928 0.3220749698843958 -0.11628396305481707 -0.08154067566688321 0.3538976076184058 0.3237938679674941 0.43175192750449676 0.033448912058248514 0.09188188498726574 -0.3491251651089826 -0.24645343324593602 -0.30208545142344173 -0.15208167728789698 0.18439540768014026 
-0.9496045723513883 -0.8305740265093681 -0.507450525316198 -0.9404143800941857 -0.3334124683384756 -1.640403343480768 -0.4722612781021065 0.34610763109890086 0.2510347992010548 0.7977204447182848 0.5496690946665901 0.008415297806508848 0.46311332789847365 0.3203027534486232 -0.09722302275461354 -0.025079799081250225 -0.1337877868344358 -0.26855341889582457 -0.40243556015135984 -0.22452840775520866 -0.17540222479512166 -0.5095643940026271 -0.12541080579081773 -0.026558802999983876 
-0.8020829016448514 -1.0563137779880694 -0.12774743664686916 0.06733662192759834 -1.0354795551777212 0.4081679936772765 -0.3149178911748067 0.1388987961893302 -0.033018216577476805 0.2783468967913104 0.11268183051062618 -0.728251980964137 0.20541320145711137 -0.20223827369116684 -0.481474278097747 -0.08384972061684233 -0.5494233189415595 -0.201912181394556 -0.0862737069300316 0.035137303843094 -0.11765293521112552 -0.02468122457429846 0.0987989128897346 0.15554822379289457 
-1.3264792995973445 -1.0677070384782337 0.5051498518059181 0.25458776699288055 0.7738240038347199 0.8767631846699251 1.1997478816286966 -0.13198439467954376 0.555766901899605 0.685842815643495 -0.19499341003603682 0.360094493527085 -0.5803246191247187 -0.6909547011513374 -0.27146078394862827 -0.3477816217107 -0.13621205015659318 -0.37884487459719596 -0.05260525649677724 0.16695352461775834 0.15948202876370293 0.5398212826697537 0.2565787708214425 -0.2077285456718465 
-0.6448437851979709 -0.028130064136578925 -0.080745008814183 -0.38051228335494985 0.07623397316618208 -0.2107486815305767 0.1908771237236444 0.16322667885412828 0.6498094226964117 0.006475901875248269 -0.11389724264878318 -0.32040929935457596 -0.8894750097061032 -0.32205851425434934 0.17413274107609245 -0.08910666918415655 -0.2664967039082713 0.26053525871897376 0.07593155783688356 0.36083583297018196 0.5388890341245969 0.3124377841703605 0.12305083106280668 -0.17874838117665315 
0.7127497267993274 0.7281982200188988 0.2834306126133437 0.3268549376791884 -0.4806330820406477 -0.19441038208525363 -0.5673430160610003 -0.1669168840867731 -0.5688251067269983 -0.6858079058329452 -0.10677768121803273 0.42767959401726785 -0.23453664982384148 -0.1763356171142436 0.18051809899429647 0.23818346635027843 -0.062222114283560025 0.09469883580478518 0.5976177805172531 -0.08024174564898044 0.4559179283365899 0.3262965824019268 -0.179437320642471 0.04182744550127283 
0.846727614275122 -0.9880908644735875 -0.5392860402788593 0.2985230441369141 0.39123909948477653 0.16214900089794465 0.3408328841593911 -0.926142458017601 -1.0873893146379658 0.02685890501844901 -0.3005785270867959 -0.225799387679269 0.3344565222830092 0.3600179839897191 0.11242024828043067 -0.14098431872938066 -0.22221058139643898 -0.1834279210217397 0.0786067446030166 -0.05155208998414259 0.02151341970171587 -0.07527853236248534 -0.18509092759225865 -0.07960827667125892 
-1.3686550498623664 -0.058719786966998644 0.19286607055536686 -0.7994802958038867 0.8029877835261028 0.4062178360413089 -0.6680833401409362 0.6534254107032622 0.05661248555702414 -0.30323843313388577 0.43665919411038256 0.18730720118561303 0.45212787976094315 0.1375238695735297 0.18903436148724595 0.08577890568452527 -0.045634314063139225 -0.05413807384099595 -0.4170480574844438 -0.37376353763833386 -0.47395369395253645 -0.3189951852726116 -0.07503086134319496 0.1696317026053873 
-0.6075109637161518 -0.7147250126127878 -0.3727234826264866 0.6056082895747297 0.10105528457212376 0.03922097247136107 0.005427051954562501 -0.0922881985884616 0.27255036744925293 0.0410267626131746 0.16965710246378504 0.038601727075028194 0.1796924291217127 -0.1064573076912579 -0.2292172864960923 0.0408540626978419 0.28910925436041335 -0.11612627687394407 0.09692198582960003 -0.17706371779235083 -0.3920159400682184 -0.08355863314853744 -0.07989733348779819 -0.08575160283029686 
0.08348537651213483 0.17894368536790983 -0.3669537506745806 -0.0840244020932952 -0.19863823239490364 0.029467853651026 0.8515040724947454 0.5374465991136587 0.17306613408700167 0.26409372118752683 -0.1168029119637383 -0.21341607117604267 -0.375962420593668 0.07002468035886615 -0.06082193922271978 -0.352163528019312 0.07105997444975387 0.09394397437270852 -0.25656585283414435 0.3442012928935738 0.15674961718260305 -0.13265506180116868 0.2596379241110703 0.03762049785621479 
-0.4184198862772668 -0.787550677567268 0.4282757298243913 -0.18176709081190734 0.024724344364039696 0.6989028227149183 -0.7097267796472497 -0.33696189884574673 0.030431681301700486 -0.006131272696644985 0.21584452641365912 0.2318170569924494 -0.47121978112724183 -0.4223595059736562 -0.11516512108724326 0.36707210597689377 0.334704126682855 0.3346060891101183 -0.15618801565053905 -0.10895026075503302 -0.04572726615457392 -0.1266924254216441 0.17648693334981244 0.14701197525111473 
-0.33531332680080483 -0.23238099556635694 -0.025167718001912753 0.6506979784473679 0.6279733302808832 -0.20545501219859524 0.459191134162403 -0.2568416178488166 -0.2925770229170088 0.11830576992453001 -0.36534829019776527 -0.022161957341741922 0.36065820370676 -0.24957201860104558 0.13358011289593277 -0.005133970398519798 -0.04867620394224063 0.21833540821724307 0.1348169321471519 0.22035157066214453 -0.1258724437365919 0.15671260791540734 -0.0750460424513392 0.01000315482336811 
1.0155477313220436 0.7580158457753141 -0.1981211357010907 -0.8629692186262833 -1.3163628768143347 -0.8471358619341831 0.6701475680723508 0.6317066921578751 0.6425537444149799 0.4939980145096053 -0.23553100846863878 -0.4980612555954663 -0.12297139069777423 -0.3713134562843233 -0.01594095958117851 0.035731881934260655 0.0023834422318845805 0.09272021777875412 -0.03506362718066606 -0.1723717685282178 -0.013707427721271481 -0.033957958870371764 0.032313766242786646 0.01693175825218014 
-1.7154730434078003 0.15487647949975547 -0.45449565659963787 0.27197857300945216 0.6179339900210055 0.1474809713238475 -0.2428838978065106 -0.6079424083745859 0.2446224337401377 -0.4561087461618203 0.33402298283142823 0.12151362064781085 -0.0781672940866532 0.20245140167953835 -0.26871334441010214 -0.0027434619511378746 -0.01908751562859956 -0.4239837181228287 0.4306303765675583 0.021387951311504155 0.09003773302686273 0.17651353504847941 -0.16604126802528166 -0.12922723437568928 
0.6405741441195536 0.13276095375264574 0.6907625778667894 -0.09960303389573147 0.022593687798324824 0.24427417761743453 -0.25349838212079473 0.35570380200179136 -0.19704576386305833 0.38294986195764547 -0.23078240882929757 0.1091839932411326 0.270269037010096 0.2759086922903259 -0.16244734419901327 -0.21750179419562 -0.46798674771096055 -0.3390307656727502 0.24584355397882474 0.06677729332753775 0.3095234861002145 0.11581165380185293 -0.02946340696969903 -0.1622805554193423 
0.08667534906039975 -0.5271077545936378 0.3365304584444535 0.2772452719355056 0.01575759486035211 0.5207911223940821 -0.3708770204436993 -0.18300402670528715 -0.14289046785857784 -0.3557107589449283 0.1304012140584091 0.061897121367026464 -0.021667025192985356 -0.19241675054508559 0.1180766173063877 0.09820631943538753 0.020873889680276186 0.13937302919256656 -0.16493245688007602 -0.11961283737130309 0.03895654267640711 -0.08194886240956208 0.05829371157361638 0.028096399119677387 
