0.0 0.0 0.0 0.0 0.0 0.0 0.0 0.0 0.0 0.0 0.0 0.0 0.0 0.0 0.0 0.0 0.0 0.0 0.0 0.0 0.0 0.0 0.0 0.0 
0.0 0.0 0.0 0.0 0.0 0.0 0.0 0.0 0.0 0.0 0.0 0.0 -0.0075547153975126236 0.019372366638604404 0.020196686578787797 -0.011745335609447016 0.01816410455245593 0.03479618144757377 0.007490029178282657 0.005099076877006226 -0.0037981091758234795 -0.03535600497960434 -0.031785973741962376 -0.0012952395904525515 
0.0 0.0 0.0 0.0 0.0 0.0 0.0 0.0 0.0 0.0 0.0 0.0 0.06746942147539918 0.04268991209986329 -0.04901342444091288 -0.0998700960766653 -0.11221509094580244 -0.06499218474606651 0.013854861557597584 0.047057489709187966 0.04594698797306639 0.035705141809452313 0.014519446877972486 -0.011166234473045938 
0.02266414619253787 -0.05811709991581321 -0.06059005973636339 0.03523600682834105 -0.054492313657367786 -0.10438854434272132 -0.02247008753484797 -0.015297230631018677 0.011394327527470438 0.10606801493881302 0.09535792122588713 0.0038857187713576546 -0.1259987863076232 -0.1370660691355044 0.0069101448733569675 0.13805704560279744 0.11140660790630426 0.02172393484645535 -0.04352862619404107 -0.08717716302471011 -0.06196137097784127 0.009971306306666252 0.036067525401727404 0.02125315186751786 
-0.21374033752246646 -0.09901118634168327 0.17733530319092033 0.2819922848158254 0.36389142966609117 0.24717082640956017 -0.030329540905368768 -0.13352385381205456 -0.1435381276829344 -0.16014943289776346 -0.09123730124686102 0.031555844033458985 -0.032324740318963784 -0.05075241791905071 0.01889931581321137 0.108653626603197 0.0767071979660823 0.007751956003198344 -0.023272028713417315 -0.045599001611007745 -0.02903098596412639 0.027563776560572916 0.04086991040199703 0.016078533875505563 
0.4848665276841029 0.4607038005773548 -0.10939808621553107 -0.555167279216305 -0.5161655385519583 -0.18875721774414614 0.14575064903480758 0.3282934159801576 0.257653176774991 0.05016079752888297 -0.0625839255817517 -0.07953737761928308 0.06364990988477359 0.044056183534823434 0.01966214669418233 0.030403426150762598 -0.0022176794666717383 -0.015639834683146028 0.0095274263413647 0.012131037123151686 0.004810772579010285 0.021627617961512868 0.01585438901642001 -0.007807999730880422 
-0.13412696978889116 -0.10715319648943189 -0.032293934200050264 -0.03075923678726794 7.15018549048374E-4 0.018928468691117376 -0.014294282144575829 -0.034998318472564904 -0.03603646673138111 -0.05473772097675372 -0.04363880780217167 -0.006524053431196324 2.243849438442322 1.3925632865425535 0.2514081565617822 -0.27104886038977405 -0.3703923946838636 -0.10704751588265587 -0.1321425998688704 0.4034595902375953 -0.08689316636675892 -0.10575162821462554 -0.04352915223004062 0.013173853035909297 
-0.20809226732857056 -0.1862146454464092 -0.01476188112342508 0.10040148917759992 0.13374893030116883 0.056652138565938155 -0.05906999593933854 -0.10095310967021856 -0.056788820685337055 -0.01152069490623045 0.023995507454282413 0.04634966669632658 -0.0348335883659634 -0.45453558122299526 -0.2860794074757787 -0.1376389893036626 0.0176616496151073 -0.022316564778243935 -0.0826530085980456 0.2133594623294872 0.18002660789608108 0.04794391639654353 -0.07975378750627521 0.04851500017804703 
-6.598809255343096 -3.953241822957462 -0.6242072690404793 0.7673544817881951 1.1501113792911184 0.44560869590248564 0.4685085811883155 -1.1292793616996524 0.2743623701475064 0.1879461979636699 -0.003939561074756211 -0.07090923723207374 -1.9036664546875137 -1.0580091079742795 -0.20408586116167338 0.3355003536799961 0.4117184098916396 0.23934093870450376 0.3621928830869983 -0.6693364550632231 0.05121242728023645 0.11505302777234722 -0.008889928566664542 -0.11602034477982265 
3.8217084355590956 3.7473548574803557 1.0447968036320197 -0.5413071705930487 -1.1438486677683153 -0.3351476370150985 0.1523082431624987 0.23535555060523983 -0.43762606535269605 -0.21501291113095944 0.15682781357336623 -0.19288978625298547 -3.104317519942592 -1.5378797345647846 -0.19234407949107238 0.3054274346590065 0.3494830394653521 0.07540315702630757 0.22339426122747374 -0.5571805641318073 0.014007413380031225 0.04400106182549143 0.058426656464755554 -0.06810913602920736 
3.561972042829817 1.1000893759700245 0.05018430690724751 -0.7164059679419319 -0.5956414120911286 -0.5031944596318755 -1.2065620509564894 1.8048567165793754 7.448737615890488E-4 -0.29815069618143086 -0.08338517516171995 0.46115670738292763 -4.1839468690191195 -1.1928249494753558 0.5011601363290201 -0.08453672814225432 0.26216569822158836 0.0935988476668466 0.22046170794125805 -0.4124839907513698 0.09248670850497138 -0.03368817919400271 0.04061308277280051 -0.05347999590965821 
4.024469643412749 1.900758958784202 0.22507456937592857 -0.0740005899343561 -0.04182379240376388 0.304844245254196 0.10828253645064256 0.1035205435856894 0.037997687367527955 0.09952456668984563 -0.11156165489650238 -0.015355897523552042 0.32865733740713754 0.9844241249769102 0.7240160517581211 0.04300289322590415 -0.7473041866095667 -0.1403144290135311 0.2496181273451041 0.27871802062328044 -0.21460532857261572 -0.16164618371597175 0.08106096998064172 -0.025212057305247382 
5.851650747787435 0.548530974816682 -1.717826560899494 0.7873113758856118 -0.18739815305592233 -0.1551837882327014 -0.17086368927953055 0.17409011406423236 -0.24090963172751978 0.13174199663527547 0.008415924841776556 7.63806132184186E-4 1.0289549641576246 0.49451734023666677 -0.4229088667989795 0.03887941459470734 0.155829721193902 0.019894413263684945 -0.09236212738126974 0.20790190763539584 0.1838394818798984 -0.23754970497078168 0.06338292319269902 0.050171312585543304 
1.690897070858874 1.0698616831262964 -0.2432459177389732 -1.422174522184533 0.8939422625427818 -0.08820968567409215 -1.114395319711293 0.21458478999297004 0.3270171731097056 0.05497929360860271 -0.13225564637030718 0.1129428362881284 3.066190671149938 0.3964803849924188 -0.7652971544607429 -0.08837887994553584 0.009961942483195449 -0.041096616218541625 -0.2675563685969667 0.2644517169479768 0.13734746902410563 0.14884477121129722 -0.10776873590894258 -0.04488028737694999 
1.6418934366338807 0.03198599308897698 1.5530711508616366 -0.15895724560096547 -1.5310136031461075 -0.36635073395878626 -0.3181367407317124 1.1256188704695476 -0.695283314749195 0.4367710552715357 -0.2631869490029146 0.2464934027204575 3.5418653992396254 -0.03843792859029893 -1.0951659649714849 -0.2712900344725999 -0.13004256336538766 -0.27710512517737035 -0.7354891763196248 0.4599820820447434 -0.07251830920691864 0.21701215841746477 -0.08730714654119508 0.03580470273852015 
-3.069223714460288 0.9695902946707982 0.8855171768775918 0.6642703606455401 0.6000981051917423 0.5337175667728633 0.9845881679676335 -1.1655989854608986 -0.14685787819395135 -0.4995242762621761 0.3475459897526709 -0.0035798336868387293 2.3806736406702425 -0.41927400328188585 -0.269821332016884 -0.6521269167674332 -0.2780325652666777 0.022626437749976597 -0.5697905010107643 0.536702640708621 -0.16442704341495876 0.19893108015269675 -0.06411519194022834 0.18487098435720575 
-2.3938850572718597 0.7139804548153279 1.0032897867066781 0.5579590378883751 0.3496516157157603 0.36516796107593186 0.9861120958398804 -0.5157642443430634 0.21358282154506458 -0.24204269368172937 0.030436546403872722 -0.04838896709589269 1.337673329493355 0.7424624831367117 0.5698362525094329 -0.385652585487275 -0.42591353116558067 -0.06811449289805482 -0.05674830013421215 0.2277011273060736 -0.3448430135649665 0.014123093196719486 -0.021222082538508658 0.1857440539750009 
-3.4332346041989834 1.9866864621087785 0.841108760389158 0.17574808637309625 0.7877073489118809 -0.521848346441381 -0.05714823496479632 -0.5748315747265874 0.36586523520745207 -0.20240707237285505 -0.08672181825301584 -0.29422893187531385 -3.221309637566595 1.5627344233251736 0.6563296723173692 0.46888189050641166 0.8839449801840816 0.21170424114251354 0.5337963170637493 -0.15422641794192984 0.12600329749246444 -0.3546742483219862 0.04495106373122602 0.024875081415535016 
-2.1891211069768364 -2.7039495400401483 -0.1342333984224453 1.2422616479970816 -0.3470776315094346 0.36577570134250037 0.37297636113713895 0.14713178318417125 0.08288416924500275 0.24584317373671674 0.017613202615454737 -0.16541421011030763 -1.1057743684295922 1.0555392419582754 0.25174024365450237 0.25778339465601735 0.5137164492044813 -0.0803665144716601 0.4908019739316554 -0.1530453925395328 0.13517955809315227 -0.2738466318020623 0.02861945224822938 0.06531228550099333 
6.492323223091986 -2.009647977876984 -0.5147102475099539 -1.0845266159280482 -1.7033722117479053 -0.10169902678796161 -0.31023291587224366 -1.0343677453987263 -0.45951844452131374 0.32055553499455935 0.21910447045320186 -0.019692456426236307 -0.0866027369515181 0.03854596693451088 0.8045503056447307 0.3682956786745508 -0.34535932790630647 0.03048951900674172 -0.08340061796682123 -0.12778349598282868 -0.07024828660177722 0.16526970188189694 0.1032061548222713 -0.17969578865826788 
-4.039340865628567 -0.4544700510666173 0.925978559692727 0.4147462050708952 0.05404204843220928 0.39619284466420246 -0.3597514855013624 0.17314001861160444 0.22073598712999068 0.3180158980407504 -0.20833495469392427 -0.38159406132341145 0.7888249174862615 -0.09586758087144383 0.6333352757935425 0.42353593420265884 -1.0859597695674483 0.012424387860441866 0.05914689113333377 -0.393332123503318 -0.10529880648236611 0.24527501865374168 0.16791064039379022 -0.3154141559875134 
-2.248316514018564 0.7463088168184804 -2.1026481356026205 -0.515381228187463 1.6232254926599783 -0.6285254751224572 0.559417542254918 -0.20448520449181795 0.5076841860702898 -0.7343025401705626 -0.28336620406514024 0.35294835970604177 1.376746214108546 -0.3384833630069308 -0.10492029187829315 -0.4247182685200896 -1.1794432193815794 0.3548150401199286 0.11444084201367526 -0.7044375782530805 -0.07815646842713732 -0.019677116312466308 -0.007487302616229485 0.004377839282727461 
-0.18527599088034563 -3.794325194773549 -1.24027028175674 -0.31291884848118756 1.2475028249889688 0.5919157619284225 -0.2392895413264432 0.912186883240671 -0.08482072660370066 0.03744715535805271 -0.2348833813067449 0.5945078497860934 -2.390848659143322 -0.8658595615902889 -0.2892161514116545 -0.2529136861829055 0.5775703838655414 0.16286456220708567 4.560807930022448E-4 -0.1133719127588031 0.245057935228616 0.09417168513143755 -0.2198490039803683 0.08232967869141405 
0.4350521433922365 0.6757296829972743 0.883175048849659 0.5534607164082619 1.238227058118453 -1.2640056057798574 -0.7137864140007291 0.7094215570459821 -0.07227068237305612 0.5198712552733071 0.25484059160830064 -0.5208769298291711 -1.8724854017875394 -0.915724433035329 -1.2039090486713098 -0.5047940655206862 1.4755745164240495 -0.1423990070712586 0.13952493564507373 0.02164199710982902 0.33678632326198876 -0.10880494857741625 -0.2318475481782755 0.2161325585079413 
1.7915207830959972 2.1783982006148523 0.30071542170155086 0.6390662913217491 -1.486169885893652 0.22533922337164558 0.27548225024745443 0.056302376119113706 -0.22446038433418436 -0.5915860550754971 0.18210865941046017 -0.19167045263004726 -0.93125035164313 -1.3921982582945915 -0.43550150392604864 -0.2507047218523819 1.232510289018732 -0.07364482522494702 -0.19272459744141313 0.404309351012715 0.15464972620094672 0.03614127077405813 -0.11821107713072117 0.013371547279481569 
2.380741304355883 0.5071204182302669 0.7385861586821632 0.5230083984731273 -1.4366617011708605 -0.018040184630292888 -0.116543160467252 0.15853105773947362 -0.43285495485043457 -0.09337108922153892 0.20368042011108367 0.09763983539028825 -0.46942198648985506 0.6130940460066592 0.30603561636064236 0.21407955062161185 0.4543212987436811 -0.37302799545072235 -0.23688693298598565 0.25633261299380145 0.060686565577650474 -0.007781837966024607 0.015720506486818202 -0.2827195070270797 
1.6356304835672208 0.4665742124937289 0.138528675105154 0.45442147604352545 -1.112583662422571 0.1898675270284813 0.04026262423105764 -0.025295920144219775 -0.36847776896785156 0.23564451528330133 0.1453299358340271 0.24513482533791897 0.23903168964306273 1.0046003052444819 0.15137202634619573 0.24085229081108808 -0.5822415267324728 0.1266848303947552 -0.02103172149065387 0.11544320370905488 -0.11726873546059517 -0.2669741542171864 0.006701384853140739 0.026721645328103144 
1.92126325262619 -0.3076404609621415 0.046161573065930384 0.003544472182538172 -0.311529949848131 -0.1271857712561082 0.1144841979654263 -0.018777133803755452 -0.18232168678917393 0.1296014839919817 0.22606843393606257 0.10887895226808492 0.5648469012483917 0.40088512703428086 0.13806146600144112 0.31695376522220564 -0.5486759526207546 -0.058182437816285036 -0.036600718450870186 0.18759493411770115 -0.29696136220484004 -0.0031824388532218084 0.10463934734006825 0.16104935005991197 
1.3041647400316556 -0.42802227552238925 0.19281163547108005 0.17624138203377937 -0.3020111813575985 -0.10014247449971236 0.2230637355030769 -0.2013731392364364 0.0020791880169708232 0.09785012096930185 0.1508104979385485 -0.277454947053255 0.6035785104921908 0.03491785269227643 0.04327011671672872 0.2593322156814815 -0.41628915197889665 0.01255024882473658 -0.011271975242973964 0.12773664114613595 -0.21757772949038157 0.12966399484621408 0.1277479633282901 0.15341315506277384 
0.8519334723784908 -0.2482367188645167 0.29726028049487674 -0.2887628501886166 -0.19592008384108262 0.30151212958265905 -0.09814156075065106 -0.3162151350675215 0.27275065327167436 -0.014926575504873751 -0.11297790296138177 -0.12421332859386064 0.6351482274858036 -0.2574547542003584 0.11721308237378263 0.10542170806765776 -0.20005149880431997 -0.10614440111925683 0.12188534381850395 -0.04150355656669439 0.002306088892709187 0.08011191413468646 0.07306218525020995 0.01801689422972898 
0.3595598422144981 0.3321187833680872 -0.11683102875950535 -0.17742150981534177 0.07847886051059483 -0.06213216986511205 0.18039142931801821 -0.2597868429507446 0.05671924947286899 -0.0810834395069132 -0.06839078570212109 -0.09855849941942973 0.38353441755931844 -0.2677199343717729 0.17169449108254944 0.1329537465132353 -0.2685782042986924 0.10128250378804804 -0.02122471447217994 -0.08735514537631428 0.05337590804035667 -0.030943677675692654 -0.014629920467983984 -0.0581053095443925 
0.48812101907735794 0.08465327219369545 -0.15065634194012478 -0.13588920609587452 0.09837952563073227 0.17224227978436213 -0.2298356803975562 0.13494038775348183 -0.21655998419525058 -0.02126747817397015 0.11648252000576753 -0.03461995423801467 0.2599773625051416 -0.14341602832377479 0.18194904649559085 -0.10239121213460871 -0.1269766812564507 0.14638117038759058 -0.03913433776977682 -0.08806599891692585 0.0395642202196009 -0.1101839537180246 -0.07120381142041339 0.014988092336415959 
0.3354677140042668 0.20869253206382332 -0.09831352655906755 -0.29905667955229753 0.3565736268025712 -0.339355060964708 0.3525849387430693 -0.16488546451799524 0.08660678262936328 0.19385160533092802 0.07997004785892581 -0.1479357055980005 0.12397409689636281 0.030616008888919872 -0.026797204475266456 0.03433294356769142 0.007596866222804162 -0.0228654956475222 0.07650047536056727 -0.017226164057480564 -0.08518276216929839 -0.012217197991890083 -0.04952161704760046 -0.027655933592204324 
0.08404744896818173 0.24372449175893962 -0.2578456100921147 0.07922837108368741 0.04596257678228133 9.800639696853075E-4 -0.06683530215384614 -0.09946782753311867 0.13911422603462453 0.17815776323027943 0.026453114519334964 -0.14448900251382313 0.1982287798782766 -0.04024932810401053 -0.06943104038271386 0.07006361964393294 0.02457084172511026 0.01123824369868968 0.05730822878107119 -0.05875390704225971 -0.06716705755727821 0.09079438322289742 0.04173612522430947 -0.09600341641944461 
0.18967433657999777 0.1607351469187055 0.01715521874228898 -0.387979129108197 0.08189673626640781 0.09209542498479295 -0.13061018588553863 -0.09090424313500267 0.13443043086582662 -0.14414446623336774 0.12518876818389657 0.03934382549508747 -0.12548918453298974 0.13472156965121643 0.03228558611324946 0.07104354904141615 -4.5882166495495963E-4 -0.15437602421550586 0.3168107216123616 -0.23487141930674718 0.011039788407258999 0.20716761988717758 0.05038343349028107 -0.19476720796944172 
-0.033668631845337416 0.22937994907828596 -9.759344266146996E-5 -0.30161884024972363 0.1620054457234832 -0.0771976942864574 -0.1601628044264658 0.27421149818876467 -0.0389706356416476 -0.12465259206051449 -0.03133521582964627 0.15975052947377522 -0.12293726964354157 -0.004155489167311011 0.21050310394596802 0.024647462554513316 -0.0915162487181042 0.09316779045389571 0.004206599752570354 -0.08363273511002829 -0.025889440008689663 0.1418682315987064 0.04194882532433144 -0.14911385488505957 
0.7707933080099956 -0.18829990554949916 -0.32404429322354256 -0.3217637210098405 0.29992865732683516 0.1628618908098809 -0.5511834749577058 0.35288913054130466 0.14252984824572235 -0.27624607668520773 -0.04228608743742679 0.2842461523165255 0.025485950782288807 0.03872882398761431 0.16081400841275864 -0.11993339399074171 0.12705108072107718 -0.036737274636958195 -0.011808522710755795 -0.014568655000149144 -0.08404975559427237 0.0512644423758317 0.0453854968710497 -0.005824480624351526 
0.16229977218380753 0.430708485494975 -0.718755165947103 -0.027821720629030766 0.21149536240638023 -0.3139065403045458 0.13083154312452638 -0.07046630904118745 0.21273283737074566 -0.18139612633991975 -0.015655933642997666 0.1804013987306366 0.07703829300827891 0.07636696990489611 -0.11737934479702679 0.059313233852967495 0.14433599054513238 -0.14120463447343767 -0.03335255526015727 0.0386907206833654 -0.011770880507309326 -0.0655692063704131 0.03525900246036614 0.034489742427236535 
0.015232282218558879 -0.05611559325248194 -0.10595802024376622 -0.1650775069463183 -0.32400146423827225 0.32066167190471173 -0.24068179152876734 0.12514062548042082 0.2607279611424471 -0.2695660262211602 -0.018807363522576837 0.04649183273971136 0.09356561295206589 -0.1294776440063273 -0.06919617376375031 -0.06866414585473883 0.12092799640476781 0.010669994167161337 -0.23084113077477011 0.1981926343661454 0.048834956631911196 -0.17462540581082084 0.0014135349249062568 0.10907848512741947 
0.11299700202554419 -0.06581311678491097 0.24299730445853074 -0.5579016488403872 0.04096253487063972 0.2675163185864402 -0.21535598036046322 0.2720135886691104 -0.062757050568082 0.06871500181870105 -0.14885158516816965 0.1751584619804727 0.38966577370077954 -0.6695046788687211 -0.04323845796440192 0.06096211085377886 -0.17298278737770004 0.06488299608797359 -0.14436376634781856 0.28494493772559565 0.1460511255776681 -0.3099900663451665 0.06201745813096134 0.04834768722681191 
0.5147478542329296 0.4483938276094257 -0.5973320071351085 0.14926868066005416 0.022411081880401973 -0.15985952113709612 0.31443367910909936 -0.41292872141228043 0.1337699223194026 0.12257457666794436 0.020071133550440434 -0.04036783469065092 0.1131962517273785 -0.5389586751113526 -0.3016026531635272 -0.23726927265351502 -0.106951043504751 -0.17014422606048704 0.3098962930075027 -0.025105900737741216 0.018042335926443054 -0.06496466533142449 0.02001409432423314 0.13216649337121797 
-1.2564553349257164 2.1869678116701845 -0.3433527986082261 -0.36788114699355356 0.5572374514801433 -0.2682949320475626 0.2863651068490487 -0.6562664487716237 -0.16194151995073647 0.5525037712510277 -0.22114755657239032 0.078788170765382 1.4351483569685166 0.11818554454503882 -0.15955878452398878 -0.15679804521799756 -0.14797762381396887 0.03855804850085994 -0.18873315416071612 -0.19914389349493242 0.008957521763637954 0.2596299453963454 0.09111736568795202 0.1887494792718826 
0.36036969551205367 0.43436996785402826 1.0920249907801938 0.45172006009080995 -0.261285792028771 1.0989999754031743 -1.4212312141560315 0.6645983464140115 0.2561931880544452 -0.31656641494305005 -0.04270166079316594 -0.3018225017663972 1.2845350500662243 0.9468184550872071 -0.41404405751890866 -0.18830798097834614 -0.16279948012254994 0.161887410448031 0.2993480111684399 -0.14915495775516727 0.08311658587448721 0.12202227007643836 -0.08673818589759914 -0.07696841882722073 
-4.1152589895195675 -0.4133578205423287 -0.12300484092715402 -0.23873320290177236 0.6267438432671328 -0.4775875751862748 1.2186759287542506 0.3306817352407616 -0.15084124872651716 -0.490604338564838 -0.3908172850602225 -0.260362642297302 0.13135051813978396 1.308409876534501 -0.22871259700860302 -0.10438338504349616 0.2577298129857894 0.3349287184549632 -0.3337995201594221 -0.1346313059846809 0.07775325741440693 0.002531679303693357 -0.16282187482844246 -0.029009543438327335 
-1.9094554686688179 -1.091898721545939 0.5346261865810815 0.6496186515492021 0.47605632635455697 -0.5408754309118331 -1.0497657653488213 -0.4589379401529713 -0.12112997091616867 0.2780618213465621 0.365120555487154 0.3601128283223533 -0.11491741708108953 0.3583630348309878 0.3807354319384202 0.025987690739209424 0.42259711077806134 0.22710735615256705 -0.5140423447817847 0.43918692866651504 -0.09236267140278277 -0.14355755035466414 0.022806191693696822 -0.17720802166536662 
-0.5155943072546325 -0.9751274732333348 0.6214843945171391 -0.15368028759226116 -0.5846230466688889 -0.4531433842549486 1.1020309429237098 0.3093956124659104 -0.20653971270865035 0.2475946151951416 0.06340695977277708 -0.16515086396401124 -1.2515482313577735 0.18874475706068936 0.33710156161214905 0.01468526340327525 0.24052614572075726 -0.5142149685176866 -0.11661067594958396 0.02811286149870527 -0.18502657662494534 -0.16891831290499768 -0.05428938356095773 -0.17479016749750384 
-1.0947103943771452 -0.35983431029343205 -0.42242592275721336 0.3312305302184261 -0.9233936793949442 0.40545581147981 0.17921831310459269 -0.642319378198108 0.5611304342538601 -0.2549932407590474 -0.3382323582907562 0.18219567406305726 -0.33673430078456207 0.03330578176721347 0.2480422970904137 0.06728948431576177 -0.047846233917330595 0.006744724894566752 0.015447338195622828 0.02653504381519171 0.02901391192103146 -0.09672129408765458 0.0696439758933438 0.0664295925091846 
-0.7679868325920833 -1.3456242973506503 -0.6557834710944537 -0.12359493244621012 0.6048904089796117 0.5918917091709632 0.9540159173762957 0.33803386976721417 0.06310827856330448 0.2826781312029597 0.12372732251160579 0.35296643732485755 -0.24320557318552924 -0.016534416963667125 -0.07248806606826348 -0.1343740746984443 -0.233288194422033 -0.04372241174970676 0.6729605654092033 0.08422730556857988 0.18344351365664183 0.26317730573029435 0.0675148853617315 0.18634145664906518 
-0.7730563036464062 -1.0065676547889217 0.4291332281156368 0.4327075210288912 0.024838300282298498 -1.0836271523084893 -1.0221002671619828 -0.5528622002491983 -0.34299570231524046 0.5506839456056167 0.12602844643770827 -0.09823459984963492 -0.602072618034559 -0.8270579817877355 -0.3564944784988877 0.16672040155985893 -0.09158628178089707 0.3190746077370346 0.018961470427827105 -0.0670265807693242 0.26825471162375497 0.10331918550420216 -0.04982716916185379 0.15729762067932498 
0.053195366936585664 -0.6021575500945886 0.4131690172855045 0.19870344109783922 -0.3588744532414112 0.4225653328883213 -0.3161914631706124 0.011985106785715904 -0.3048071853940255 -0.9447758951780736 -0.37126809867664967 -0.5839600969548606 -0.1563991408324699 -0.4652177907367092 -0.09689193052247158 0.22414856949990883 0.18892599106153227 -0.4491254849066517 -0.14356797121255527 0.05825414432454228 -0.04388556237357497 0.21526659384093463 0.11702046180081994 -0.02351816910333926 
0.30091635996219734 1.7496062614417438 0.1125812685494707 -0.3300798612331754 -0.16675240294174154 -0.46710482358997274 0.7574375920945654 -0.27821525439938627 -0.05967596863873981 0.04877621591886272 0.058746859788932904 0.17876607916494136 -0.06949317006504996 -0.2860835477931983 0.15072289034362027 0.34290085240747487 -0.12360942701582456 -0.44446820618276917 -0.43151808174280654 -0.19046549994630102 -0.01291189618830598 -0.06902519115539629 0.10724555866967371 0.014063756803569555 
-0.8357757418989754 -1.3280578832558554 -0.20683169974395588 -0.41464694981490324 0.1339077874070349 1.63100699953166 0.4949509013856873 0.025947963868681312 0.053105098845779075 -0.11216778547646722 -0.19369326956646638 0.2850206051275872 0.20673258098290995 0.08836001051348623 0.22570056411758163 4.057841475035018E-4 0.047828972397789014 0.23316256911676655 0.10072448305596948 -0.10585792408727607 -0.358644222745731 -0.3101312523784275 -0.18213376456317287 -0.010622033494612845 
-0.1200912390334758 0.21463315517130654 0.2869649155995062 -0.2893198407371623 0.14927546100554911 -0.3544433670818511 -0.13311720421171302 0.011552871048222058 -0.4832161558702248 0.34145546422100237 -0.2844956441264045 -0.5749162213015675 0.39223977836022406 0.521154757170634 0.2416785794391593 -0.11937289519811661 -0.23665181093353513 0.15930173748900037 0.38470044905591944 -0.005445855944724964 0.08303401275949686 0.0701199385215102 -0.08205190037455351 0.1062719919444624 
-0.3564985765143076 -0.09975102849982864 -0.35112449859225814 0.17710607840732218 -0.6603753024084236 -0.33325310271603925 -0.1730875141853816 0.18467481632373994 0.9828955764589099 -0.16072176219386103 0.3467544469705377 -0.1752528462377677 -0.1891230021101861 -0.2716993072686252 -0.10552405287147855 -0.19626487844235876 0.0989041184968072 0.7477139936963374 0.4673114841606624 0.245332572907932 0.0774399295798206 -0.09963418529011075 -0.16104877266221887 -0.05164558597260904 
-1.1154415578108088 -0.4280114374481714 -0.5403080703438561 -0.26783768974993827 0.940344574766593 0.03712001506687579 -0.06264454728765845 -0.3412411127927407 -0.7736732457237958 -0.13730661128697097 0.0346787026440914 0.09008682901423165 0.25713334540279004 0.40586151711755397 -0.02691779936443391 -0.16140906106162556 -0.10781089879948536 -0.23301351271771695 0.062418384416134655 0.05019154825846811 -0.1018336347429331 0.03921550121342383 -0.08669588686536739 -0.252345611131175 
0.22926842382024937 -0.19163766514024083 0.5233769518421609 0.1634066100185611 -0.5583391249639087 -0.8079166726317155 -0.9422198795583273 -0.5336527629346334 -0.033986144966897225 0.4261158081478517 0.1298658750349423 0.10745583788751473 0.22341685358009608 0.1739348581999888 0.04439935063795578 0.0014140050918294844 -0.25646004622108326 -0.30144576345549245 -0.25962760643904903 -0.08001922058513776 0.09351849607680056 -0.10362817801721437 0.035376114533864494 -0.16060473576303239 
-1.1843747754091245 -0.9570080778611493 -0.0695324115244016 0.20175707664209486 0.42169006868174774 0.5819289560291379 0.06419382522635586 0.22014201590200438 0.330725609071478 -0.06960982459012549 0.08403630243749537 0.04076627002931629 -0.09334746914026863 -0.11102257356991307 0.033241157417649804 0.10104206217095894 0.07669477328484238 -0.11030660698627881 -0.33348822995709737 -0.31446967128136666 -0.29581844607116214 -0.029205714746214206 0.11914033239053347 0.0076844153168528955 
-0.992282528455438 -0.3570572828933061 -0.7197103799158527 -0.06193332006418284 0.3683320892972488 0.2986797171693071 0.5423761188747583 0.14404091373178068 0.1501406608308713 0.11631437850935936 0.21594730347224225 0.3312216405437871 0.16108474587512042 -0.21973945669546413 0.28943660486717304 0.12355352178125327 -0.19190241036159997 -0.17520324625401437 -0.3675270623048941 -0.19984956196740186 0.006000173224193893 0.11415074789329464 0.08499659220678984 0.06597789292026225 
