0.0 0.0 0.0 0.0 0.0 0.0 0.0 0.0 0.0 0.0 0.0 0.0 0.0 0.0 0.0 0.0 0.0 0.0 0.0 0.0 0.0 0.0 0.0 0.0 
0.0 0.0 0.0 0.0 0.0 0.0 0.0 0.0 0.0 0.0 0.0 0.0 -0.1496361082332299 -0.1713564670045614 -0.06589840008273724 0.03676541617707091 0.059870556786303285 0.017262133853325107 -0.010568875205203101 0.0025261062173841387 0.006404311114097098 -0.01613047485654226 -0.01969968949207691 0.013451283279686477 
0.0 0.0 0.0 0.0 0.0 0.0 0.0 0.0 0.0 0.0 0.0 0.0 -0.06826929368879305 -0.01590909128375591 0.08865106486195835 0.07429875113803953 0.029668339329694992 0.06109471706332543 0.10356520300521521 0.06279190444600176 -0.005644746662555128 -0.0068550902684653735 0.027699065200994424 0.026009554645206334 
0.44890832469968966 0.5140694010136841 0.19769520024821174 -0.11029624853121273 -0.17961167035890985 -0.051786401559975326 0.0317066256156093 -0.007578318652152416 -0.019212933342291294 0.04839142456962678 0.059099068476230726 -0.04035384983905943 0.0720046660963541 0.038140174235556046 -0.09352784463696062 -0.18203003713736363 -0.17608593633219283 -0.11403665186470387 -0.0562131242208207 -0.020447215198197432 0.010125710099994792 0.024571175801843096 0.0044929211902044325 -0.03318829196012927 
-0.019646281283465683 -0.20930742665557434 -0.36480079470998095 -0.16774812914851223 8.008171903699512E-4 -0.15739095040998863 -0.3265489218234503 -0.18458655401192908 0.02654070665881103 -0.003630441479417268 -0.11264672984109864 -0.05785173901608928 0.40781802741251916 0.4170856927823247 0.1135657731338487 -0.05890079247113353 -0.06704791178012427 -0.05433900722459966 -0.08555377317878754 -0.08856493924688807 -0.030546454526264737 0.01523736395827221 -0.003100855724439029 -0.0467206366636333 
-0.20619085764732947 -0.00976680937888097 0.46298393126587234 0.629964175986347 0.5278574004013935 0.42080543079910593 0.33191383357418724 0.15363492260055683 -0.04364748362938989 -0.07189830666582066 0.04284460134993602 0.12849074538843244 0.29333486894210914 0.27067521695755153 0.0158382433974202 -0.09749091943730524 -0.07055722124242458 -0.05476221817151026 -0.08625172319474639 -0.06980813428071474 0.01018057595224618 0.05864844933676444 0.03097760588740724 -0.021019417733295534 
-0.8959044910640479 -0.9893389731506916 -0.4733416849103764 -0.1934278348453793 -0.15259080003977887 -0.07327889450574165 0.10655771555707369 0.18508819711430957 0.1038566387223435 0.014432773742907086 0.01742980073646444 0.05573961237715397 0.07746660952304192 0.049470238370141605 -0.003756184693545217 0.05985049477007617 0.11092371910090919 0.04201555163815159 -0.04924317448833093 -0.04361803057475755 0.0025751636501711076 -0.005434538968367472 -0.029597415512540054 -0.006927211238346974 
0.007032822763653357 0.09205952338858814 0.20445091515614888 0.19501636262913652 0.10875580198343832 0.07044422500243197 0.07390847650958648 0.017008708626872482 -0.08841262723079607 -0.13658553105182872 -0.09887201447477253 -0.034091272335794454 -0.09610760089080372 -0.023942359101796356 0.16542075417345273 0.2369422120426882 0.19792698258240227 0.15315134022221133 0.12310188920430977 0.06056800103254684 -0.01687100640840095 -0.04143775652960306 -0.009979283895548483 0.02456732863773436 
-0.3586579500580829 -0.4086313081497337 -0.22426573257448357 -0.1298257067801355 -0.12241954090337998 -0.10825700242610642 -0.049816719826157124 0.01458064469918574 0.0411977875090008 0.04501678761868918 0.04700382460887581 0.04422090356106509 -0.20120268435351227 -0.18942989188556944 -0.023362032554395284 0.03988626773652937 0.014131427029813274 0.014128939404627144 0.06191552183480765 0.07134022588353874 0.026831655078349687 -0.012006678384374718 -0.012369043704722976 0.004103998644783345 
-0.18649132547790082 -0.22829356457397088 -0.1578163074224323 -0.11266352417433945 -0.08100917691401271 -0.02115953590734565 0.040795383652873315 0.05718469571047824 0.03829496120248431 0.037122955985097475 0.057995441100375786 0.0605481138832738 0.3736145855492836 0.4332094888737635 0.38854319882918625 0.31379862626674343 0.21173756115338893 0.1737805743227486 0.1253999416935414 0.09011166225075694 0.02636391231521636 -0.015034110406890825 -0.00514384245685869 -5.562918174587909E-6 
-0.19553436388273404 -0.26087275351270384 -0.22212197595789995 -0.15924669465322944 -0.10010259168049318 -0.06986383226473428 -0.06263230351899268 -0.04902047407810953 -0.03999212072934575 -0.03640143462243186 -0.023896795936940794 -0.003892076666730193 0.41384433732442744 0.3270969575861343 0.42485065181705917 0.39768284176475505 -0.1139518778862146 -0.018600594467367875 -0.10950429641244985 -0.18264294860305252 0.034262107454604 0.011452105437571214 0.020351586801009347 0.07013456203521005 
-1.195372726971872 -1.2814482205512172 -0.9622505596397017 -0.7316690222345468 -0.5376153560881719 -0.4700940830464999 -0.29588355672461997 -0.2215257187367507 -0.12690941005727185 -0.050774088710595716 -0.04799017683128816 -0.010018093467373049 -0.17341089812055296 -0.6603537004339385 -0.7799228742549089 -0.5867337930645714 -0.2901061011202713 -0.10763187764787585 0.009297418600691484 0.0142901219502437 -0.04013778498651983 -0.10936739062511229 -0.10436229549508487 -0.04022117669161796 
-1.0957502612843797 -0.8633448529195134 -1.0966005619170263 -1.0133714830442968 0.44773918234234344 0.17201205454557433 0.4470356395999391 0.7018646977319578 0.021013650775066894 0.05460899365382213 0.03894187317167974 -0.13089967886924164 -1.210610345412001 -1.028842358581657 -0.9427373364489658 -0.9093814026442225 -0.38165369596099236 -0.19887239397734105 -0.04117526073562189 0.03959951180500589 -0.07427870825088148 0.03739669106786026 0.06591776671752327 -0.024837431290698552 
0.7838493175845809 2.054003586431249 2.6191916083218576 2.0746002492149085 0.515388239435383 0.1807981536311276 -0.24193084370866702 -0.36112825604528653 0.12820543040983745 0.31971991372230735 0.33966299303132014 0.24471544505938342 -1.6155706396334357 -1.1877568971944241 -0.9490781150973753 -0.7872497595350448 0.12813709656458513 -0.18854263373943206 -0.08870356159570135 0.09472504580779871 -0.19655454250238003 0.09842637389513798 0.1163742569724752 -0.05925316947261822 
2.4466856500750427 1.157928418741034 0.8153689494082181 1.1657628775547102 0.5183566984407064 0.20130723132847517 0.03391712217989651 -0.09801774083885928 0.05528658378974405 -0.3338385090424642 -0.41547668102081475 -0.05674655205801277 -1.046227663789831 -0.39637909025309054 -0.1051975601976111 -0.07069169928173007 0.5333662028558953 -0.3101681363241846 0.07232882631656468 0.32694180092168507 -0.02239136582201066 -0.019694886730265027 -0.06290219509362772 0.004730181113399706 
1.880121236248724 1.2711858352017815 0.9289990299898019 0.5405130760710843 -0.9573354038311088 0.08088622978034588 0.17678638677250536 -0.10575963687473833 0.44561775094252964 -0.1518294590478665 -0.16990367065246653 0.13066485154486718 0.15592899013833925 0.9633450164648057 1.273735065340474 0.9953731177380635 0.12118081832797999 -0.15140295384474178 -0.11715016628435339 -0.16808749097696715 0.0024784074363899586 -0.20436461407440562 -0.22047973914977784 -0.049186060906909 
1.494796770753041 0.717201293454492 0.0640884078418349 -0.03425279862719455 -0.4159976045920969 1.152472425443519 0.020690545409658867 -0.4066450146183715 -0.07051841202524722 0.34946834022970413 0.4824317902944562 -0.08806492545218264 1.2085015134847945 0.0018282735932338607 0.22356177217785542 0.6737103261619466 0.25179497769379916 0.07427729156583118 -0.1708679495532638 -0.1344611401028042 0.05334397633139929 -0.08913569971520308 -0.07983938259855397 -0.028132015951974787 
0.792006786830564 -0.615667900319897 -0.8263733169163725 -0.31151126590832945 0.6190229359678447 0.15942441810783103 0.11613294352951198 0.297447853775371 0.1836727060081632 0.59116033130944 0.5521479748230184 0.4079328144771953 0.31209575060536104 -0.01561573354963682 0.24258576397104367 0.15861314122515213 -0.5731766250114282 0.10230198127736172 0.036644494589078834 -0.06252877935902142 0.3990856851672812 0.3098185282718798 0.21126900839286442 0.13232081312109714 
-0.6347616656702613 2.0958704657221716 1.022369806327739 -0.4293559299414227 -1.0252074045401678 -0.06079373753276096 0.5768476924611846 0.10376193414449864 0.026227177262729384 -0.4379263050755082 -0.5369843559628953 -0.11098448566825247 0.2476764653328861 -0.12306095383427203 -0.40395643737967263 -0.1817687372969381 -0.18032640671628108 0.6551441675714601 0.0040008709884554365 -0.018428208103864068 0.17326906944800788 0.4149479437220622 0.3605025823415285 0.08034787184388524 
2.008613202644292 0.6286984497168522 -0.2778989611662812 0.262225218052742 1.0667993711772112 0.38061336743640073 -0.211225670520494 -0.17337677317910916 -0.8000120992033022 -0.6875877212108995 -0.2940026227023841 -0.25483780771038933 -0.6309113170926922 0.3112472904424172 -0.09700874510745609 -0.1000675375713816 0.10643810963413831 0.28703454429115255 0.16407479626528787 0.17318813361219373 0.06223474066957046 0.09063909015668885 0.09595414467274631 0.16543953068260994 
0.14346416684751873 0.4642009799389335 1.001720542105807 0.22418517128308402 -0.09890660204793694 -0.9235545519351462 0.17236723946929555 -0.11594807682953923 -0.09848321776353813 -0.25600146467631246 -0.17600065796742803 0.002276770109953974 -0.0351453097636365 0.7646683225144303 0.3036081980960031 -0.3834203689046343 0.030496137370585208 0.2711306566286924 0.27815563763618456 0.03854998486254776 -0.21343560100085393 -0.2901408611628002 -0.24293717762955905 -0.1312862950795792 
2.2956278218497506 -0.7335750287555296 -0.5250224494830382 -0.33807920380643797 -0.16344179418068566 -0.270298807564434 -0.1738512187704071 -0.11226154157419121 0.0593236815125856 0.2282806406397756 0.08379369180704582 -0.14501640545973776 0.35919351562301066 0.41764915308677014 0.03332489231538164 0.16565848648784462 0.2618758227997896 0.04743851626736051 0.1356160147407711 -0.03408316710122711 -0.43074378303642297 -0.2920233792862922 -0.14293626625335953 -0.10041214837131118 
-0.672833045982081 0.48300223741507153 0.23510695619810829 1.0210573877020703 -0.5015752339729749 -0.5487296199184208 -0.2763064463224125 -0.0424456362456036 0.23686608990734737 -0.025437902512445154 0.002929019671066957 0.22796369844515935 0.2754123015287891 -0.0957164225465134 0.5167680429022679 -0.16624075669427762 -0.14787090975857128 -0.20720258216681856 0.2510220825782459 -0.05799845551988784 -0.14289587733323714 -0.0050574862476746585 -0.07323198847884357 -0.1711315388830683 
1.3391812621900598 -0.6336496382815273 0.00543315484142326 -0.633186349620285 0.48250621874036137 0.050885352625956504 -0.39373687184695316 -0.10787849216739565 0.324544596070524 0.07320063556604339 0.04534133723844702 -0.0664448267640585 0.6755175762917164 -0.19622953192420076 -0.132668371018966 0.026255628862175584 -0.36668982128616984 0.044140716691741445 -0.1913291862252193 -0.07558775353949897 0.11512923918195823 0.10700744799160877 0.11462263034690733 -0.12110946565068237 
-0.20454945790900325 0.7013875523414725 -0.8138113887632272 0.8704610142728404 0.021732120767253393 -0.46253888552988576 -0.47075618172716904 0.05585576502672651 0.19759395695720405 -0.16328900339642238 0.06292148475340209 0.47638559741131925 -0.20022803418204274 -0.2443070594564952 0.015327543084206438 0.33210905444899086 -0.12991907672415098 -0.13479708908606852 -0.35438802391939755 -0.060402936169520284 0.09488006333096455 0.05362006159426135 0.22573844674408272 0.17685224838475225 
0.03493329893806241 -0.25407909044612786 0.39744183605452754 -0.34154790367834975 0.6749739923077098 -0.44581632483392586 0.49736120760762903 0.06535101840814062 -0.26642796955821746 -0.023816152893062104 -0.2900704317748437 0.09410104200922934 -0.13399918963219548 -0.741000826484321 -0.014016545889294019 -0.001987532858676403 0.15037151225589585 -0.37214193868137446 -0.3785131286235745 0.09185169218779204 0.18219945872944163 -0.14661990267457606 0.23952880239092875 0.34466292518393443 
0.5799750381900459 1.0261381418668574 -0.006880013661063167 -0.12108899861586986 -0.20805189058419615 0.1040124860697259 0.34130858570848893 0.05214841697518913 0.24771218272882445 -0.13778969306567646 -0.5065804360545358 -0.3828659810957414 0.7301462195132045 0.2810481439862202 0.11809313643100132 0.650182558650454 -0.2881275442398674 -0.6089019716261745 0.23328721227519336 0.05404935598426134 -0.04409522381363962 -0.28109686463461053 -0.10452799765516356 0.3077347943016069 
1.3489165830371217 1.426977546408743 -0.3559828950417767 -0.13144874459990064 0.1462836876483986 0.884035482870274 0.3357701303059413 -0.3815798947050031 -0.24711289300361106 0.5003106884243986 -0.3884941095303702 -0.6708078130623315 2.247848434869743 0.2612399932563392 -0.3350509726923649 0.13371524595495532 0.12362738491052505 -0.13324976989921475 0.543646275041077 -0.19120815013408754 -0.2014112491786156 -0.15996248214225442 -0.32245948394350704 -0.03784516843274464 
-3.0519797584981463 -0.9822851980446234 -0.791378432508079 -1.1851362412177462 1.1504599058165113 0.699241125496538 -1.0898222799019053 0.11717315363051434 0.3202220901208197 0.41793816984867893 0.425717316596656 -0.064364357957721 0.9824535552407848 0.98390679506705 0.05109830623911268 -0.3007893382318412 -0.043899321934060535 0.3895030017867976 0.24724103932036523 -0.37792524546881956 0.1738504616979144 -0.062161122486053544 -0.3606636827305381 -0.20921508113537582 
-4.8926346073270714 -0.03358740025940499 1.79484396355513 -0.21067002024227754 -0.37516406062421903 -0.3436813348496877 -0.418012184710405 0.6064631004827407 0.3015508242816317 0.17820736207652343 0.21115914373008138 0.04838573573845306 -0.7942661919285127 0.5581336002588507 -0.25655646121902614 -0.7230018441465532 0.4523455368903922 0.7103466628849505 -0.7964086681516255 0.001104371838223021 0.0964422208159837 0.379839076940561 0.08930363378085815 -0.2317622714653934 
0.7533899676497882 -1.1952997700002186 -1.2355883616768546 0.8208896539008421 0.18436994935429427 -0.450638110430686 -0.023523374744433667 0.6919026557877759 -0.5481710610075401 0.20974533756642175 0.2755839855068528 -0.11481751209000624 -2.805119504445073 -0.30669027426100737 -0.29875910361131314 -0.8115966053465448 0.7778074068517458 0.16048721397616453 -0.933086695522641 0.38075851204249606 0.22088349975060564 0.40460851476744875 0.11602284172249518 0.07306265727333584 
1.8290302957486926 -0.14091596839001141 0.6357914531996895 1.034543840280465 -0.7277079447916697 -0.6720648878209657 2.191846682182082 -0.672257761298303 -0.10224297988738223 -0.5351101262561558 -0.5813383453280431 0.049705578399991346 -2.440818237459672 0.00146903550547961 0.4562584640924198 0.0030707856785516796 0.39594065464877953 -0.2062305992797928 -0.2287289109548972 0.4402048703622936 0.11338949754195511 0.1286151780708805 -0.040586266943377136 -0.12103360098750487 
2.002546303299191 -0.008550091196298126 0.6844251335035807 0.627046644560517 -1.006690372655001 0.3819712600536834 0.4045083732197745 -0.38574195160645197 -0.1405315070464903 -0.43922863028732767 0.4738975359582327 -0.2842122511084977 -0.2587283995175656 -0.4548619927987743 -0.007156206961911327 0.6192662841257205 0.2803224102644906 -0.5127062735834668 0.7258143335647874 0.3212776094260491 -0.03607525874588702 -0.049924398425614 -0.08517397127595543 -0.2794042912347347 
1.805241937227244 -0.631369346177804 -0.533938176312347 -0.12296087260777 -0.9674558635659101 -0.1412942222524941 0.05415867417218245 -0.17532920690702625 -0.24243744532475853 0.11684881179075662 0.23376116933452284 0.4961839082102134 0.3425490398466131 -0.1452685715301003 0.27535222075216365 0.41416845409767467 -0.27133747762445143 -0.038656586286415696 1.1369629294816639 -0.012716939034131403 -0.08592307362032174 -0.237202434642914 -0.2572403924005018 0.03182332220340552 
1.5414693454632094 0.41451289729000074 -0.6292549260351024 -0.45815684203220197 -0.5367233220520573 0.8220953775354785 -1.1321223714338458 -0.5203944496860098 -0.3698480520511909 0.033539063819807535 0.12355614200343612 0.500156196709087 0.34481496001309725 0.36720007423128137 -0.03361668977531318 0.2836760584649401 -0.5590058409453958 0.24922899503969906 0.3745735186765353 -0.33010863380851857 0.003089078153472591 -0.12219751551510742 0.09151024995075492 -0.009243764597297513 
1.031921655126844 0.08335825195714008 0.4665748207125402 0.33464022128380044 -0.14867903721978726 -0.7761571877026162 -0.45072673393609974 -0.5667806951561298 0.2701845134759333 -0.05988666938098153 0.36555352885086057 -0.43794861211901753 0.4695937005701805 0.1705386742027978 -0.09519206403538434 0.13609965866708737 -0.35636793432265107 0.08277333010126542 0.046312204028608805 -0.5113837367076292 -0.18056414891218486 0.053949381462962985 -0.054747341971968254 0.27245037792597115 
1.354761564310099 -1.4675141129576144 0.28501870431707665 -0.4527820777800886 0.2609387370081251 -0.04828424234035267 -0.4667694787556905 0.8003096939436556 -0.406109720907254 0.015731656843863684 0.13347060634779906 0.21058530284801036 0.26542915920202265 0.16939898324536942 0.19752278104748067 0.11977140059353568 -0.2000078504989752 0.5381671725412785 -0.536468192453034 -0.32606002206875256 -0.23543200865625047 -0.20123942394249672 0.0626056190446807 0.1649604600628113 
0.4898147260932575 -0.20197186366238995 -0.7054987993822834 -0.5339472307350888 -0.2971830901280481 0.0455755973816252 -0.41745438425272163 0.6984699314010285 0.3173858358398276 -0.0360956291101604 0.39304596307824613 -0.17638177863716178 0.2035364327622311 -0.312052040223155 0.45530520733046753 0.2566558828411159 0.16283586967349994 0.18094507311153685 -0.08068786803475637 -0.327431719448917 -0.3198075399104545 0.11758431806906156 0.2638541976918361 -0.30879912829418427 
1.0162353323739346 0.04898100536365746 -0.6357864591301325 -0.3831773178033644 0.13755225589899878 -1.203272532630478 0.46064603108356733 -0.17483969675833133 0.31284731273561334 0.6253618155118872 -0.07800693224429878 -0.12550860022027482 1.4833144566164045 -0.8072577637408495 -0.16077503441417088 -0.20467964354449633 -0.25370594319619993 -0.08885000419629831 -0.24950026969377756 0.2688544174650213 0.07270537008562473 0.28697983996901 0.15806804957961904 -0.1430144176575359 
0.5905754728082329 0.26126681346596925 -0.4389382195552578 -0.4701298072279094 -0.5754934056857239 -0.7414982618921643 -0.6723708847514596 0.9030891585416148 0.870128616385863 -0.717454702922178 -0.3202702949285988 0.6564957242976779 1.4680889678051712 -0.5279898601799898 -0.6794870248788691 -0.2477205109929733 -0.4021030716471963 -0.7322525552687459 -0.1349227750606119 0.42978253513914894 0.3918686102728657 0.06416863274615132 0.1358754320960405 0.01924648028136137 
-3.1455621788966024 0.7226398397007543 0.6340635176460765 0.12934814109981074 1.1612117243755629 0.611802699885437 0.4091895805750111 -0.1085631720217014 -0.9005972214371459 -0.5045283261571575 0.015924586612364455 0.22318980435319827 0.8367733324176921 -0.16783485071899573 -0.1859257119852896 -0.1759683282194846 -0.49853340052288764 -1.2874568908049233 -0.2858944566733661 0.24490705391255327 0.2788558876168901 -0.04812234567986495 0.048207006563817247 0.24250991435238212 
-1.8335534216869878 1.0451682997090312 0.6980372868662195 -0.04704842720775648 0.3972963905752587 1.3347956469299052 0.013042166183392156 -0.6240159363847334 -0.2514977278923898 0.33634354348590795 -0.061546092638206956 -0.40847042176798243 -0.4332582218183874 -0.29394499418446135 0.3368632092685823 -0.20323217534282492 0.2713060131320033 -0.403926979452003 -0.3425230292230536 0.6125084597890459 0.02949817162446396 -0.33540959867404924 -0.13363751760050815 0.28674667809375926 
-0.2820202176315316 0.16053481439911366 -0.6464970763850024 -0.06681302315498705 1.1467575593371704 1.6209511853732572 0.97562287563624 -0.14600831103281697 0.037092822024069355 0.24282972934743902 -0.35199005308094644 -0.3205552702445911 -0.5988148607680627 0.7017592508773719 0.3487172030210161 -0.06134862556556042 0.6242720173285218 0.32162653018266096 0.20539009073023937 -0.17226647115292715 -0.3232140961273308 -0.08027994084788086 -0.0496087043164802 0.007640397823799688 
0.45857915763085977 1.4241543086701736 -0.8092475503454652 0.23764730092796427 -1.3821843625625376 -0.034291566280065355 0.07198155538708684 -0.9157136513199651 0.3127890797818635 -0.08490493465232851 0.2645995777195811 0.06812822731529476 0.030164421922346325 0.976725171881899 -0.3258512432197698 0.13911683361105673 -0.16593235194519954 0.7163151514397489 0.20443846352872638 -0.5648606540075313 0.03887670436700904 -0.057266299164785296 0.09318813156628014 -0.26295330502102965 
-2.495183886251338 -1.5721309174119327 0.3415543271888706 0.17104615372863163 0.17813604895889545 0.33146671594243937 -0.23645038621755426 0.5540850989046959 -0.21309833689228017 -0.05306426454439672 0.0016778643829110096 -0.038030713659839406 -0.28119076057310216 0.7990929125313405 -0.250136807311432 0.122789284248718 0.5469031297715041 0.9056292396577671 0.47631480467711995 -0.28636556520093676 -0.08683106919988155 -0.005093784934230535 0.09212972493469836 0.10166997534279454 
-0.8174648531441235 -1.0186743500311426 1.1815653147385925 -0.583328516482736 1.3794042015999948 -0.1694075726739327 0.005763406524110115 0.7205193206691042 -0.24303226153524213 0.6560894379261817 -0.517944446068976 0.2391272150027307 -0.7492678018222444 0.8929240597731706 0.18871510369600034 -0.20139461038665693 -0.06477004073939067 0.5059689618511621 0.002475457672342816 -0.3727956738214679 0.13049423459806928 0.027530463960069012 0.04302308250347073 0.05183872541671952 
1.1995740694752666 -1.0153295938442497 -0.8914930869927353 -0.02469296719579095 -1.8747461120586082 -1.0283785304031106 -0.42021246396363165 -0.1050281014245412 0.5754967002822668 -0.11238610213912448 -0.237107215990763 -0.7110646901166926 -1.2031672071619797 -0.8448500258298149 0.3811293311811524 0.13195293661316732 0.7908637461656983 0.05464154397680985 -0.1966196651941238 0.40972277627505055 -0.16865012833847462 0.24765869196888476 -0.138488172857179 -0.24209759706944478 
0.8590035852342908 -1.5330185324331795 -0.7588691543426633 0.9397006925501463 -0.1614331598356138 -0.8722758286607766 0.15643622124309708 0.5322299703090572 -0.4729911425996179 -0.13783540773517167 0.2549228703960059 0.24912903929356278 0.13147080628109054 -0.39325999915354304 0.5521873388533337 -0.37191523061819426 0.01622158979549086 -0.30802324428828687 -0.15614356552184758 0.3716820945487827 -0.0030439979132638926 0.20830277996853488 -0.20235645515564227 -0.11576124418847367 
0.27608351604539383 1.2195912512785307 0.16838356818604128 -0.9863272606273115 -1.4240365088203952 0.5189762120054318 0.2780722020053237 -0.5809385547404322 0.40783148865533164 -0.39907791762037437 0.030708724721956945 0.6832611654030789 0.7294640629203673 -0.7315029887639802 -0.22252080307515906 0.02052778426710633 -0.7725270901947118 -0.28444497747379716 -0.21770567886603395 -0.0866016796456619 0.2119920879741737 -0.030978474187131882 -0.28459035461889465 -0.2140105887874761 
-0.7501319952724588 -0.9563547751319037 -1.0049350294107968 1.013234322087607 1.1053846305944157 -0.019015211013343247 0.1250517701051752 -0.15657173631929838 -0.15006766198198285 0.17452700576120195 -0.04478305095840929 -0.11075198019173405 0.3512370278312345 -0.3827647488007013 -0.19178286008180168 -0.029252920649478414 0.06797930425052257 0.09885636755687137 0.1352452982808003 0.2677818273658575 -0.10233924643021315 0.017537274007203302 0.10554642558793124 0.060589561107848224 
-0.1842503290324604 0.890847493797053 -0.10089774023319142 -0.12304313476584028 -0.19057373668948774 -0.6016739068054358 0.24859679820343117 0.4991777908266223 -0.22194130394907177 -0.17563188632591564 0.7665168085431285 0.11090758598838413 2.341607264225647 0.9159377948020424 -1.1270708823759292 -0.08989503972978859 0.2296609709390839 0.557819941208285 0.017798486134494196 -0.28334608508935927 0.23840311359625918 -0.12980327054451932 0.01281494223762085 0.06519322889463565 
0.03545942427951432 -0.22035240729033667 -0.04887991988764198 0.595817391567846 -0.9821024586526352 -0.608519871925957 -0.23456197169835757 -0.8111736845720425 0.1489129929932233 -0.30217024540401094 -0.4296204482783736 0.3535371456773655 -0.7689499077715322 -0.16903023967403352 0.9142127096260738 1.003362031656235 -0.14320870157922302 -0.5416253656114471 -0.15972356949141844 -0.10180868565283589 -0.19729829232360685 -0.05381100756522006 0.1791857877038865 0.17342965106512767 
-7.141533986407534 -1.89622331704838 3.071568660552251 -0.5079336761780652 -1.0692758770141215 -0.8597312811631167 0.4044836145036075 0.5964006746540177 -0.456868179621049 0.22868051959579005 0.18468259666907655 0.2555369157846222 -1.514607138603829 -0.4625963747275712 1.3180125929506328 0.7312371280593296 -1.2916143545601275 -0.9795788623768139 0.23869731391197058 0.11583832872946069 -0.24760687426899877 -0.24301551490177906 0.2878399622940207 0.3139004186215338 
5.0353595567296745 0.9442713493129133 -5.3338063586817395 -1.8044065021749858 1.9743618054944017 1.7348895729998386 0.5262790704293424 0.10024287872551157 0.5592906528248263 0.13380382549600925 -0.29142330813304274 -0.7033555982852361 -0.37687807369834236 -0.39632028299737515 0.08223071081446079 0.2780069840974176 -0.6632117913462595 -0.2551701216232782 0.323815639088503 -0.07912555561472538 0.06011858522710162 -0.06555568949869554 -0.10608553930462498 0.18019581112584568 
1.8596210205539467 1.6963247396781416 -1.4124722996880414 -1.1166425720724134 2.2060371949173763 1.1653579578621078 -0.8479156645963305 -0.3040454770105368 0.3156904889421232 0.3354276229294114 -0.16610164841159897 -0.30234729789491654 -0.3171796484693748 -0.14797958838801004 -0.6306119951873628 -0.6274516625860324 0.13859858753178012 0.29481548876428926 0.4096098970015704 0.19670660863507916 -0.042289923692603114 0.017151717556389834 -0.10628457294882133 -0.1092557615813625 
-3.334483858106199 -0.8276655866614719 1.946448427789122 0.0661508872227673 -0.6301236205796056 -0.8555541265687349 -0.5798092494138977 -0.12357394189558907 -0.41772209696966767 -0.158876728574735 0.06402829217583911 0.09189181913959782 2.6939315616657726 0.7815393887296267 -2.5869081990281733 -1.2072118360517536 0.7319499990924272 0.5922489249912547 -0.11460270793377732 -0.15918852261611385 0.22934840006292392 0.14577506862331638 -0.022615772550431484 -0.16480040869844642 
-2.0050733335814725 -0.5663160838971573 1.323277252878909 0.43914261688115547 -0.18282892657245814 -0.44895589767169786 -0.27130191657948355 0.11818925905933053 0.15850796635400732 0.32356564396199267 0.32581051536109973 0.1856804918162928 0.23013196022964047 0.28255152495705277 -0.5629694774808257 -0.5235174369514993 0.7153979663856319 0.5170584885601012 -0.09428226311959205 0.025179767543678584 0.05574506952569691 -0.016467592053052076 -0.1656209821950476 -0.15487153379206772 
-1.1140879511999335 -0.2690264050883173 1.0590434621193054 1.0393364115034907 0.9729448689620371 0.7652997257929774 0.5817803202222509 0.36669107853891947 -0.05016328606988759 -0.29759039089023054 -0.46953207236809763 -0.45296826704550147 -1.19554329291868 -0.1816417944197676 0.9829029605618388 0.3619496671397999 0.06950855450866696 -0.10539003629842425 -0.09136209268616159 0.027195927309536277 -0.104899859704271 -0.05394869703643054 -0.04028972542465007 -0.07763728817155102 
0.05902718641189253 0.5693505740204059 0.7201386155893439 -0.03268302335827705 -0.7416909490103409 -1.1962444339990517 -1.1458636600556287 -0.6247172898588268 -0.03532412508485756 0.4541872302463154 0.5975414804455121 0.4346973465738363 -0.3977668666861824 0.23230489900589388 0.8185942387856997 0.363023226988791 0.01968388367912033 -0.16737780831875773 -0.15923476942358056 -0.03260252257388733 0.003447724241936808 0.0770624321366014 0.06606212636514308 0.011509989811155594 
-0.779904239346842 -0.8505735323609507 -0.7006911352516119 -0.783785294076916 -0.559218272886665 -0.1657397495097852 0.1315579003826597 0.16629155063488077 -0.006106472137422221 -0.06234143060760475 0.04903198590758312 0.20029525627547914 0.03477234201261773 0.382312399860508 0.5534368465961027 0.2815753230346166 0.12904524669794984 0.008899227856268399 -0.0388896977388683 -0.014123541754284374 -0.026138000610013437 -0.003132385190371937 0.0030907977120825194 0.01754461057123737 
